0.0006994195282459259 0.0 0.014270007610321045
0.0039698220789432526 0.0022902190685272217 0.003862917423248291
0.0 0.003376603126525879 0.0
0.02844391018152237 0.010037600994110107 0.0
0.0 0.019868552684783936 0.0
0.0 0.013192921876907349 0.0
0.0 0.0031670331954956055 0.011135101318359375
0.0 0.02180454134941101 0.006115972995758057
0.0 0.00721094012260437 0.0
0.0 0.0016272962093353271 0.0032445788383483887
0.01772812381386757 0.0 0.02119201421737671
0.007067643105983734 0.0 0.008735716342926025
0.033152420073747635 0.0 0.025103509426116943
0.035000186413526535 0.0 0.020516276359558105
0.026517502963542938 0.006775468587875366 0.017932891845703125
0.025358229875564575 0.012199848890304565 0.012012839317321777
0.017899610102176666 0.013736814260482788 0.01589900255203247
0.019378744065761566 0.01741543412208557 0.013014554977416992
0.01124972477555275 0.0028075575828552246 0.00651860237121582
0.014473408460617065 0.006606549024581909 0.009421050548553467
0.019289404153823853 0.0 0.017162621021270752
0.00735841691493988 0.0 0.013664662837982178
0.013282380998134613 0.0 0.015150070190429688
0.006813321262598038 0.0 0.014506518840789795
0.013151668012142181 0.0 0.023979008197784424
0.02398529276251793 0.00023552775382995605 0.02128434181213379
0.007735941559076309 0.004740029573440552 0.016182780265808105
0.017963189631700516 0.015054821968078613 0.015366077423095703
0.006776612251996994 0.07286596298217773 0.0028961896896362305
0.02729041501879692 0.0 0.01774418354034424
0.0 0.02741861343383789 0.0
0.015163443982601166 0.00268709659576416 0.013688385486602783
0.015059433877468109 0.00257912278175354 0.01812821626663208
0.009951859712600708 0.00048282742500305176 0.015912771224975586
0.0068106502294540405 0.0 0.014580070972442627
0.00796598196029663 0.0 0.011109530925750732
0.009576760232448578 0.002825438976287842 0.0020459890365600586
0.01603415608406067 0.001322329044342041 0.0
0.011056769639253616 0.005500614643096924 0.0
0.013556640595197678 0.014700829982757568 0.0
0.026163674890995026 0.007828563451766968 0.010091125965118408
0.016614705324172974 0.013688206672668457 0.007732212543487549
0.010297715663909912 0.010367929935455322 0.009359776973724365
0.008348144590854645 0.00968751311302185 0.011461973190307617
0.0 0.0031740665435791016 0.006740987300872803
0.0 0.004438161849975586 0.006721854209899902
0.0 0.0 0.0
0.0 0.0 0.0
0.0 0.0031710565090179443 0.0
0.008554548025131226 0.0 0.004871070384979248
0.0 0.0 0.0
0.0 0.0 0.0
0.0 0.0017666220664978027 0.011783957481384277
0.0 0.0 0.005957841873168945
0.009263601154088974 0.0 0.017101705074310303
0.0043655019253492355 0.0 0.011263728141784668
0.0 0.013779163360595703 0.008052587509155273
0.010259583592414856 0.006171196699142456 0.027288377285003662
0.010470859706401825 0.0026873648166656494 0.03543764352798462
0.007457278668880463 0.002523094415664673 0.02731567621231079
0.005029694177210331 0.0016109347343444824 0.027409017086029053
0.004435873590409756 0.006115615367889404 0.03289186954498291
0.005685824900865555 0.0 0.029847919940948486
0.008356792852282524 0.0 0.021054983139038086
0.007416816428303719 0.0 0.02007955312728882
0.0008091460913419724 0.0 0.01180887222290039
0.0 0.0 0.004797518253326416
0.0 0.0 0.004391074180603027
0.0 0.0 0.0030773282051086426
0.0 0.0 0.005905747413635254
0.0 0.0 0.00722348690032959
0.0 0.0 0.011889874935150146
0.0 0.0 0.009893298149108887
0.0 0.0 0.011530756950378418
0.0 0.0 0.014908134937286377
0.0 0.0 0.010996103286743164
0.0 0.0 0.008633434772491455
0.0 0.0 0.00490039587020874
0.0 0.0 0.011144757270812988
0.0 0.0 0.009731054306030273
0.0 0.0 0.006705641746520996
0.0 0.0 0.0036528706550598145
0.0 0.0 0.001421213150024414
0.0 0.0 0.004820585250854492
0.0 0.0 0.005275726318359375
0.0 0.0 0.004106402397155762
0.0010085105895996094 0.00243985652923584 0.0060623884201049805
0.0036332029849290848 0.003896087408065796 0.009745955467224121
0.001585632562637329 0.0004654526710510254 0.010618150234222412
0.001157635822892189 0.005656421184539795 0.011309385299682617
0.0 0.001984894275665283 0.011731982231140137
0.0006403978914022446 0.0014700591564178467 0.014342904090881348
0.0011983159929513931 0.0016410350799560547 0.012409031391143799
0.0022883666679263115 0.001516103744506836 0.014189004898071289
0.0047851260751485825 0.0030997097492218018 0.014804959297180176
0.0011821519583463669 0.001824408769607544 0.012675166130065918
0.0 0.0014445185661315918 0.009466230869293213
0.0 0.0 0.008382260799407959
0.0 0.0 0.006998181343078613
0.00044427067041397095 0.0 0.006555914878845215
0.0 0.0 0.0
0.0 0.0 0.0
0.0 0.0 0.0
0.0 0.0 0.0
0.0 0.0 0.004337310791015625
0.0 0.0 0.002796173095703125
0.0 0.0 0.006354093551635742
0.0 0.0008323192596435547 0.006321072578430176
0.0 0.002939283847808838 0.0009565353393554688
0.002170257270336151 0.004716068506240845 0.0
0.005678921937942505 0.008534491062164307 0.0
0.008820600807666779 0.009984701871871948 0.004436373710632324
0.005742624402046204 0.008636057376861572 0.00826340913772583
0.005559638142585754 0.0016823112964630127 0.01172935962677002
0.003245363011956215 0.0003432631492614746 0.013749778270721436
0.0 0.0004975795745849609 0.014934778213500977
0.00017588213086128235 0.0028924643993377686 0.014744937419891357
0.0 0.0020830929279327393 0.00982511043548584
0.0 0.0 0.007489800453186035
0.0 0.0 0.006126761436462402
0.0 0.0 0.005764663219451904
0.0 0.0 0.0038106441497802734
0.0 0.0 0.006068825721740723
0.0 0.0 0.005816519260406494
0.0 0.001857161521911621 0.006737112998962402
0.0047512296587228775 0.0009789764881134033 0.008648455142974854
0.002742251381278038 0.0016655027866363525 0.0069852471351623535
0.0026295166462659836 0.005389392375946045 0.011170029640197754
0.0028920937329530716 0.008064746856689453 0.010931253433227539
0.004243386909365654 0.006086379289627075 0.013192534446716309
0.0034021232277154922 0.0046294331550598145 0.01083296537399292
0.0007837973535060883 0.0007854998111724854 0.006320655345916748
0.0 0.00024959444999694824 0.00485992431640625
0.0007516108453273773 0.0 0.0037575960159301758
0.0 0.0 0.004211604595184326
0.0 0.0 0.007859885692596436
0.0 0.0 0.01198434829711914
0.0 0.003081798553466797 0.013214707374572754
0.0 0.0013564229011535645 0.011572122573852539
0.00045013055205345154 0.004672974348068237 0.008834242820739746
0.0041128844022750854 0.0036542415618896484 0.009533882141113281
0.0039406754076480865 0.005247533321380615 0.005799531936645508
0.004899457097053528 0.006864696741104126 0.002955317497253418
0.0016303658485412598 0.0060386061668396 0.0
0.004153598099946976 0.005170196294784546 0.0
0.002355588600039482 0.007417917251586914 0.0
0.0029423795640468597 0.004208981990814209 0.0032166242599487305
0.0 0.0009571313858032227 0.006065487861633301
0.0013466235250234604 0.0 0.004904508590698242
0.004446374252438545 0.0014432072639465332 0.007164657115936279
0.0046227313578128815 0.00344279408454895 0.009105801582336426
0.0 0.0052449703216552734 0.0071871280670166016
0.0 0.0029498636722564697 0.00900733470916748
0.0 0.002338230609893799 0.00916588306427002
0.0 0.002502739429473877 0.008509635925292969
0.0 0.0023955106735229492 0.004952847957611084
0.0 0.0032495856285095215 0.0037467479705810547
0.0 0.0035281777381896973 0.0054975152015686035
0.0 0.0021047890186309814 0.004392266273498535
0.0 0.0 0.006856143474578857
0.0 0.0 0.011479735374450684
0.0 0.0 0.014069080352783203
0.0 0.0024327337741851807 0.013154923915863037
0.0 0.005532175302505493 0.013323664665222168
0.0 0.004537761211395264 0.013027548789978027
0.0 0.0013557076454162598 0.013852238655090332
0.0 0.0 0.010008811950683594
0.0 0.0 0.0074307918548583984
0.0 0.0 0.007480144500732422
0.0003884127363562584 0.0038695037364959717 0.004918456077575684
0.0018083099275827408 0.005951613187789917 0.0021131038665771484
0.0 0.0029144585132598877 0.0
0.0 0.0018795430660247803 0.0009504556655883789
0.0 0.00028255581855773926 0.009056806564331055
0.0 0.0010758042335510254 0.013493716716766357
0.0 0.002135753631591797 0.013690710067749023
0.00015117693692445755 0.004621952772140503 0.00894618034362793
0.0009578857570886612 0.003791123628616333 0.0045133233070373535
0.0 0.0037420690059661865 0.0027356743812561035
0.00043120142072439194 0.0029913783073425293 0.004472553730010986
0.0023119356483221054 0.0008488595485687256 0.00452733039855957
0.0 0.0014466643333435059 0.0015193819999694824
0.0 0.0003120899200439453 0.00163954496383667
0.0 0.0 0.003932952880859375
0.0 0.0 0.007632613182067871
0.0 0.0 0.006891906261444092
0.0 0.0 0.007805824279785156
0.0006719790399074554 0.0 0.008662402629852295
0.0 0.0 0.007033288478851318
0.0005985209718346596 0.00010272860527038574 0.007668733596801758
0.0037897517904639244 0.002562612295150757 0.01156926155090332
0.000576370395720005 0.005854755640029907 0.0115509033203125
0.0014429688453674316 0.004928320646286011 0.01099628210067749
0.0 0.006199270486831665 0.008127808570861816
0.0 0.008173525333404541 0.0060956478118896484
0.0 0.0055321455001831055 0.004018127918243408
0.00011303089559078217 0.0 0.004000663757324219
0.0 0.0 0.0020083189010620117
0.0 0.0013865828514099121 0.001835644245147705
0.0 0.00023487210273742676 0.002939581871032715
0.0 0.00013595819473266602 0.005218505859375
0.0 0.0 0.00515216588973999
0.0 0.0 0.0073473453521728516
0.0 0.0 0.009627997875213623
0.0008342526853084564 0.0011897683143615723 0.010944902896881104
0.0 0.0030300021171569824 0.009225845336914062
0.00048760510981082916 0.0035113394260406494 0.005298256874084473
0.001320800743997097 0.0038101673126220703 0.003862917423248291
0.000921398401260376 0.003815561532974243 0.0047460198402404785
0.0 0.002334415912628174 0.005750775337219238
0.0 0.0023938417434692383 0.008589029312133789
0.0 0.0 0.008172154426574707
0.0 0.002545863389968872 0.007031679153442383
0.0003666859120130539 0.003373444080352783 0.006249845027923584
0.0 0.0027658939361572266 0.005596816539764404
0.0 0.0013169050216674805 0.004576683044433594
0.0 0.002410292625427246 0.004169762134552002
0.0 0.002696216106414795 0.004804372787475586
0.0013822661712765694 0.003300577402114868 0.007029056549072266
0.0029650703072547913 0.0032439827919006348 0.013613343238830566
0.0018383953720331192 0.002487003803253174 0.019918441772460938
0.001962438225746155 0.00025200843811035156 0.020423054695129395
0.0012895138934254646 0.0 0.016418755054473877
0.0 0.0011041760444641113 0.00973975658416748
0.0 0.002484738826751709 0.004302620887756348
0.0 0.002009838819503784 0.002186000347137451
0.0 0.00087738037109375 0.0
0.0 0.0009885430335998535 0.0
0.0 0.0022828280925750732 0.0
0.0 0.0029030144214630127 0.0
0.0 0.0030635595321655273 0.0011979937553405762
0.0 0.00039950013160705566 0.002613961696624756
0.0 0.0 0.00277554988861084
0.0 0.0 0.0072844624519348145
0.0 0.0 0.011222004890441895
0.0 0.0 0.013419628143310547
0.0 0.0 0.013402938842773438
0.002971290610730648 0.002194046974182129 0.012417852878570557
0.0029018670320510864 0.0047251880168914795 0.01177060604095459
0.004803499206900597 0.006630539894104004 0.010885238647460938
0.006664934568107128 0.008536845445632935 0.008302807807922363
0.0072432877495884895 0.008600741624832153 0.003112614154815674
0.00246590469032526 0.005658864974975586 0.0
0.0015658745542168617 0.004519462585449219 0.0
0.0 0.003654956817626953 0.0
0.0 0.0014008879661560059 0.0
0.0 0.0 0.004073500633239746
0.0 0.0 0.007759213447570801
0.0 0.0 0.009074747562408447
0.0 0.0 0.011663317680358887
0.0 0.0 0.010607123374938965
0.0 0.0 0.010918676853179932
0.0 0.0 0.009673714637756348
0.0 0.0 0.007932722568511963
0.0 0.0 0.006405234336853027
0.0 0.0 0.009592771530151367
0.0 0.0 0.00963294506072998
0.0 0.0 0.004049479961395264
0.0 0.001326054334640503 0.0
0.0 0.0 0.0
0.0 0.0 0.0
0.0 0.0 0.004212677478790283
0.0 0.0 0.004915177822113037
0.0 0.003182023763656616 0.007168233394622803
0.002711874432861805 0.009190231561660767 0.0113258957862854
0.006881599314510822 0.014615297317504883 0.01168137788772583
0.0064748721197247505 0.013804018497467041 0.013347327709197998
0.006344006396830082 0.012880712747573853 0.012734293937683105
0.008434874005615711 0.010728120803833008 0.012171268463134766
0.009907021187245846 0.009382873773574829 0.010019540786743164
0.009240221232175827 0.008995860815048218 0.003735065460205078
0.0040121786296367645 0.00839167833328247 0.0026514530181884766
0.00302165187895298 0.007034629583358765 0.0055005550384521484
0.002480173483490944 0.0010616183280944824 0.00603330135345459
0.0 0.0 0.007110595703125
0.0 0.0 0.00793445110321045
0.0 0.0 0.006827354431152344
0.0 0.0 0.005832791328430176
0.0 0.0 0.002583742141723633
0.0 0.0 0.0010182857513427734
0.0 0.0 0.0
0.0 0.0 0.0
0.0 0.0 0.003953874111175537
0.0 0.0 0.01076054573059082
0.0 0.0 0.01193171739578247
0.0 0.0 0.00893932580947876
0.0 0.0008774399757385254 0.008514642715454102
0.0007360326126217842 0.003392040729522705 0.010291516780853271
0.00401177816092968 0.0028351545333862305 0.010049641132354736
0.0036792978644371033 0.006470143795013428 0.007615566253662109
0.005820895545184612 0.009378194808959961 0.009296774864196777
0.006666549481451511 0.006990700960159302 0.01165759563446045
0.0019573094323277473 0.003642439842224121 0.013740837574005127
0.0003464333713054657 0.004618197679519653 0.0137786865234375
0.0005118735134601593 0.004453331232070923 0.011039018630981445
0.0 0.002979964017868042 0.006661772727966309
0.0 0.0 0.006186306476593018
0.0 0.0008706450462341309 0.004291951656341553
0.0 0.0 0.005932807922363281
0.0 0.0032224655151367188 0.0027603507041931152
0.0 0.0 0.003756582736968994
0.0 0.0 0.009725868701934814
0.0 0.0 0.0015715956687927246
0.0 0.0 0.006216824054718018
0.0 0.005130976438522339 0.0075111985206604
0.0 0.0 0.0028768181800842285
0.0 0.0013457536697387695 0.00501781702041626
0.0 0.0 0.011115014553070068
0.0 0.0 0.0014314651489257812
0.00020344555377960205 0.009731024503707886 0.006002306938171387
0.0156741663813591 0.005077928304672241 0.00847560167312622
0.012245628982782364 0.012793242931365967 0.00501704216003418
0.010824795812368393 0.010857969522476196 0.002957940101623535
0.008271105587482452 0.00980830192565918 0.009346485137939453
0.008112479001283646 0.00820314884185791 0.009030342102050781
0.008603937923908234 0.00567173957824707 0.013200521469116211
0.0028592385351657867 0.005148172378540039 0.013845324516296387
0.001333523541688919 0.0014630258083343506 0.01682138442993164
0.0 0.0 0.01576828956604004
0.0 0.0 0.011684238910675049
0.0 0.0 0.007908225059509277
0.0008687637746334076 0.0 0.005432307720184326
0.0 0.0 0.0
0.0 0.0 0.0
0.0 0.0 0.0
0.0 0.0032031238079071045 0.0
0.0017348937690258026 0.004308640956878662 0.0004126429557800293
0.0 0.004594475030899048 0.0029488205909729004
0.0 0.0004883706569671631 0.006286740303039551
0.0 0.0 0.012071967124938965
0.0014037135988473892 0.0 0.013730347156524658
0.0004364512860774994 0.0012159943580627441 0.012591838836669922
0.00011829286813735962 0.0022978484630584717 0.009362578392028809
0.0 0.0022194385528564453 0.009033918380737305
0.0 0.0006721317768096924 0.011934340000152588
0.0 0.0 0.01234215497970581
0.0 0.0 0.015684127807617188
0.0 0.0 0.030636966228485107
0.016762344166636467 0.0 0.07609349489212036
0.04332462698221207 0.00046828389167785645 0.15024828910827637
0.030510500073432922 0.0 0.1151885986328125
0.037252962589263916 0.16329476237297058 0.0
0.2503594756126404 0.07874029874801636 0.0
0.26076623797416687 0.18193542957305908 0.0
0.2707667946815491 0.22601282596588135 0.0
0.14696621894836426 0.2469193935394287 0.0
0.1023489236831665 0.37516939640045166 0.0
0.1373361349105835 0.4635986089706421 0.0
0.010278761386871338 0.6295496225357056 0.0
0.0 0.5327166318893433 0.0
0.0 0.11078143119812012 0.0
0.0 0.0 0.0
0.0 0.0 0.0
0.0 0.0 0.4730868339538574
0.0 0.0 0.6773982048034668
0.0 0.0 0.5770515203475952
0.0 0.07996553182601929 0.3892042636871338
0.0 0.23732203245162964 0.2954978942871094
0.0 0.35465288162231445 0.21629345417022705
0.0 0.4405302405357361 0.1764603853225708
0.0 0.4675177037715912 0.15975236892700195
0.0 0.4691770076751709 0.21178185939788818
0.0 0.49348145723342896 0.2753162980079651
0.0 0.5022907257080078 0.3038414716720581
0.0 0.4795646667480469 0.32241225242614746
0.0 0.3648906946182251 0.33976131677627563
0.0 0.2967837452888489 0.34702861309051514
0.0 0.27798330783843994 0.3239504098892212
0.0 0.3138800859451294 0.27413874864578247
0.0 0.2973547577857971 0.24227827787399292
0.0 0.2614365816116333 0.24536657333374023
0.0 0.3151572346687317 0.23736006021499634
0.0 0.26107925176620483 0.2833825945854187
0.0 0.2631528377532959 0.30122244358062744
0.0 0.17590487003326416 0.3551627993583679
0.0 0.14114910364151 0.3371148109436035
0.0 0.16666316986083984 0.3450413942337036
0.0 0.21553224325180054 0.3745073080062866
0.0 0.2311648726463318 0.386227011680603
0.0 0.2443007230758667 0.3587120771408081
0.0 0.26469892263412476 0.30749332904815674
0.0 0.19585752487182617 0.28106939792633057
0.0 0.1617909073829651 0.275768518447876
0.0 0.19152289628982544 0.11895620822906494
0.0 0.2029438018798828 0.0
0.0 0.21031692624092102 0.0
0.044302523136138916 0.205995574593544 0.0
0.03507572412490845 0.2039121836423874 0.0
0.058150529861450195 0.19928792119026184 0.0
0.057980976998806 0.18762023746967316 0.0
0.051252979785203934 0.12743635475635529 0.0
0.0326528400182724 0.08583282679319382 0.0
0.0054894015192985535 0.054525427520275116 0.0
0.0 0.02926117181777954 0.0
0.0 0.030235782265663147 0.0
0.0 0.03309372067451477 0.0
0.0 0.029034115374088287 0.0
0.0 0.019570201635360718 0.012211620807647705
0.0 0.009397059679031372 0.0472111701965332
0.0016704238951206207 0.007278382778167725 0.04500323534011841
0.019602522253990173 0.00797659158706665 0.043960750102996826
0.028963305056095123 0.012385010719299316 0.037540972232818604
0.03389517217874527 0.015009984374046326 0.0423700213432312
0.027115870267152786 0.02161353826522827 0.039361774921417236
0.023848924785852432 0.02041168510913849 0.030032098293304443
0.024850891903042793 0.020243927836418152 0.022886574268341064
0.025884198024868965 0.015551984310150146 0.022167623043060303
0.013948321342468262 0.013838157057762146 0.01600438356399536
0.006560845300555229 0.010964855551719666 0.004595577716827393
0.0016235150396823883 0.006967812776565552 0.00033974647521972656
0.0 0.0 0.0
0.0 0.0 0.0
0.0 0.0 0.0
0.0 0.0 0.0
0.0 0.0 0.0
0.0 0.0 0.0
0.0 0.0 0.006370365619659424
0.0 0.0 0.005594909191131592
0.0 0.0 0.003068208694458008
0.0 0.0 0.001955687999725342
0.00130365788936615 0.0016223937273025513 0.0043166279792785645
0.0 0.0038806498050689697 0.0039520263671875
0.0033403094857931137 0.0038455426692962646 0.0063776373863220215
0.0038122087717056274 0.007087796926498413 0.00420302152633667
0.0021618064492940903 0.006379678845405579 0.003068208694458008
0.003046572208404541 0.007263928651809692 0.0047043561935424805
0.008206728845834732 0.004916638135910034 0.009259939193725586
0.004887070506811142 0.003015667200088501 0.012769818305969238
0.0 0.004614382982254028 0.009220600128173828
0.002337658777832985 0.010028630495071411 0.004806935787200928
0.0017910189926624298 0.009833887219429016 0.0
0.0 0.007080256938934326 0.0
0.0 0.0046912431716918945 0.0
0.0 0.0029900819063186646 0.0016933083534240723
0.0011231526732444763 0.0038055777549743652 0.009360849857330322
0.003608979284763336 0.005473896861076355 0.01704305410385132
0.00060325488448143 0.005400016903877258 0.01742410659790039
0.0017983987927436829 0.004039019346237183 0.021902740001678467
0.0 0.004343479871749878 0.018527984619140625
0.0 0.0021019428968429565 0.01576906442642212
0.0 0.004014953970909119 0.010529935359954834
0.0 0.00022877752780914307 0.0071294307708740234
0.0 0.0 0.006371617317199707
0.0018703285604715347 0.0 0.01065284013748169
0.005512069910764694 0.0 0.014004647731781006
0.0 0.0 0.010975480079650879
0.0 0.0 0.013575196266174316
0.0 0.0 0.014571785926818848
0.0 0.0 0.018769443035125732
0.0 0.0 0.017405033111572266
0.0 0.0 0.0177190899848938
0.0 0.0 0.01239466667175293
0.0 0.0023969709873199463 0.0064160823822021484
0.0 0.0055100321769714355 0.003386378288269043
0.003906305879354477 0.008971914649009705 0.0
0.005987135693430901 0.0075997114181518555 0.0
0.0024313796311616898 0.007410824298858643 0.0
0.005395286716520786 0.007716745138168335 0.0
0.008296732790768147 0.009337365627288818 0.0
0.003339827060699463 0.011246204376220703 0.0
0.0020194994285702705 0.009696796536445618 0.0
0.002734431065618992 0.008653372526168823 0.0
0.0026263371109962463 0.007120862603187561 0.00152665376663208
0.0013353610411286354 0.006843492388725281 0.005549907684326172
0.0 0.005279034376144409 0.0032438039779663086
0.0 0.004730582237243652 0.0031881332397460938
0.0 0.005796968936920166 0.008367180824279785
0.0004525766707956791 0.0033023804426193237 0.011316239833831787
0.0 0.00216616690158844 0.009987592697143555
0.0005215829005464911 0.004737839102745056 0.006601274013519287
0.005004031118005514 0.006121620535850525 0.00761336088180542
0.005863154772669077 0.0025261640548706055 0.013293206691741943
0.0020910645835101604 0.0037810057401657104 0.01837742328643799
0.002427610568702221 0.00591200590133667 0.018196463584899902
0.004267534241080284 0.005873635411262512 0.016496241092681885
0.005297595635056496 0.0040087103843688965 0.014220476150512695
0.0027203098870813847 0.0009292811155319214 0.012404024600982666
0.0 0.0 0.014162421226501465
0.0 0.0 0.014970362186431885
0.0 0.0 0.013662099838256836
0.0 0.0009797215461730957 0.012325167655944824
0.0 0.0016839057207107544 0.009934782981872559
0.0 0.0005864202976226807 0.0047144293785095215
0.0 0.0 0.0
0.0 0.0002441108226776123 0.0
0.0 0.0001614391803741455 0.00021648406982421875
0.0 0.0018195956945419312 0.0003247857093811035
0.0 0.0027194470167160034 0.0023386478424072266
0.0 0.0029238760471343994 0.005515098571777344
0.0 0.0037195980548858643 0.004912614822387695
0.00057641277089715 0.004789620637893677 0.007014334201812744
0.0029832073487341404 0.00320608913898468 0.006985962390899658
0.0017132270149886608 0.002884119749069214 0.00687098503112793
0.0 0.001807287335395813 0.006820559501647949
0.004444451536983252 0.0025053471326828003 0.008497655391693115
0.0011256318539381027 0.00025787949562072754 0.010517358779907227
0.0 0.0 0.012541055679321289
0.0 0.0027520358562469482 0.013828694820404053
0.0 0.004192858934402466 0.010563850402832031
0.0 0.0015074163675308228 0.005353808403015137
0.0 0.0009857118129730225 0.004195094108581543
0.0 0.0 0.006286561489105225
0.0 0.0 0.008192777633666992
0.0 0.0 0.011658847332000732
0.0 0.00035575032234191895 0.009431064128875732
0.0 0.003839164972305298 0.0087355375289917
0.0 0.0008106231689453125 0.009169578552246094
0.0 0.0 0.007104635238647461
0.0 0.0 0.006657540798187256
0.0 0.0008885413408279419 0.00896298885345459
0.0 0.0070689767599105835 0.013105273246765137
0.003584735095500946 0.0012270212173461914 0.014590561389923096
0.0044087134301662445 0.0052170902490615845 0.012196481227874756
0.015261368826031685 0.016776710748672485 0.01773977279663086
0.02515367791056633 0.03463281691074371 0.02112281322479248
0.03359050676226616 0.03999142348766327 0.010272622108459473
0.048239730298519135 0.04808796942234039 0.0006163120269775391
0.06203164905309677 0.043939024209976196 0.0
0.05135992169380188 0.03668662905693054 0.0
0.04511179029941559 0.03260064125061035 0.0
0.014875456690788269 0.030865013599395752 0.0
0.019019916653633118 0.03479611873626709 0.0
0.007349491119384766 0.02641117572784424 0.0
0.0 0.015567898750305176 0.0
0.0 0.006883829832077026 0.0
0.0 0.0 0.0
0.0 0.0 0.0
0.0 0.0 0.007314324378967285
0.0 0.0 0.025265932083129883
0.0 0.0 0.04700201749801636
0.0 0.0 0.05958247184753418
0.0 0.0 0.05937701463699341
0.0 0.0 0.04795634746551514
0.0 0.0 0.042132794857025146
0.0 0.0 0.03497588634490967
0.0 0.0 0.03230971097946167
0.0 0.0 0.030640780925750732
0.0 0.0 0.025352776050567627
0.0 0.0 0.01765739917755127
0.0 0.0 0.01284778118133545
0.0 0.015246778726577759 0.008101165294647217
0.010265983641147614 0.018108129501342773 0.006507515907287598
0.023808211088180542 0.029767483472824097 0.0
0.038507260382175446 0.03652718663215637 0.0
0.05289032310247421 0.0417841374874115 0.0
0.05329351872205734 0.04643771052360535 0.0
0.0548139289021492 0.05193248391151428 0.0
0.04256196320056915 0.05228060483932495 0.0
0.04089751094579697 0.048879146575927734 0.0
0.04658044874668121 0.03835377097129822 0.0
0.042203254997730255 0.03459295630455017 0.0
0.031053252518177032 0.03600141406059265 0.0
0.02544122189283371 0.029735088348388672 0.0017845630645751953
0.01914350688457489 0.025270819664001465 0.004225492477416992
0.01129063218832016 0.023478329181671143 0.00964343547821045
0.01841410994529724 0.02090245485305786 0.009311318397521973
0.009191781282424927 0.022716552019119263 0.003038763999938965
0.0 0.015723705291748047 0.0
0.0 0.0 0.0
0.0 0.0 0.0026044249534606934
0.0 0.0 0.019752085208892822
0.0 0.0 0.031825900077819824
0.0 0.0 0.032470524311065674
0.0 0.0 0.024553120136260986
0.0 0.0 0.024406850337982178
0.0 0.0 0.028426945209503174
0.0 0.0 0.029661118984222412
0.0 0.0 0.021226048469543457
0.0 0.0 0.013819277286529541
0.0 0.0 0.019407033920288086
0.0 0.0 0.022377073764801025
0.0 0.0 0.016762733459472656
0.0 0.0 0.02210444211959839
0.0 0.0 0.0229608416557312
0.0 0.0 0.016047000885009766
0.0 0.0011225640773773193 0.015388667583465576
0.002039581537246704 0.0057336390018463135 0.016063690185546875
0.020085230469703674 0.010104328393936157 0.020384013652801514
0.01755862683057785 0.016933828592300415 0.014460504055023193
0.02265399694442749 0.023199528455734253 0.0014709234237670898
0.03691274672746658 0.03245273232460022 0.0006838440895080566
0.04591033607721329 0.036544471979141235 0.0
0.055965133011341095 0.04206165671348572 0.0
0.057294391095638275 0.046929627656936646 0.0
0.05330166220664978 0.04372909665107727 0.0
0.046389855444431305 0.0382084846496582 0.0
0.037236057221889496 0.029927343130111694 0.0
0.029024600982666016 0.029022276401519775 0.0
0.021795883774757385 0.03401032090187073 0.0009275078773498535
0.029123298823833466 0.026722878217697144 0.0
0.011336356401443481 0.024403274059295654 0.0
0.0009679347276687622 0.015642523765563965 0.0
0.0 0.009389340877532959 0.0
0.0 0.0 0.006791234016418457
0.0 0.0 0.007996797561645508
0.0 0.0 0.01599198579788208
0.0 0.0 0.02517688274383545
0.0 0.0 0.029175102710723877
0.0 0.0 0.030367791652679443
0.0 0.0 0.027652621269226074
0.0 0.0 0.022468924522399902
0.0 0.0 0.01992964744567871
0.0 0.0 0.016907870769500732
0.0 0.0 0.008497118949890137
0.0 0.0 0.009163439273834229
0.0 0.0 0.008382141590118408
0.0 0.0 0.01204371452331543
0.0 0.0 0.01588749885559082
0.0 0.0 0.017110705375671387
0.0016314610838890076 0.0023840665817260742 0.016236424446105957
0.0 0.004701942205429077 0.01300901174545288
0.0 0.007487982511520386 0.0096510648727417
0.0 0.004899412393569946 0.011384069919586182
0.0012785792350769043 0.0027222037315368652 0.017282485961914062
0.010157361626625061 0.009341329336166382 0.01810276508331299
0.021338775753974915 0.0207882821559906 0.011820733547210693
0.018096737563610077 0.019201934337615967 0.002725660800933838
0.014860682189464569 0.019130617380142212 0.0013957023620605469
0.01913033425807953 0.02054417133331299 0.0
0.024385936558246613 0.020785242319107056 0.0
0.03552909195423126 0.025756537914276123 0.0
0.04008324444293976 0.030280113220214844 0.0
0.030600808560848236 0.02774849534034729 0.0
0.024749070405960083 0.0349249541759491 0.0
0.02298596501350403 0.02806374430656433 0.0
0.01883605867624283 0.021542876958847046 0.0
0.016062654554843903 0.019703775644302368 0.0
0.01711258292198181 0.015966981649398804 0.002834498882293701
0.008946157991886139 0.020286768674850464 0.0
0.010999061167240143 0.016702622175216675 0.0
0.007115378975868225 0.01667541265487671 0.0
0.0 0.00807461142539978 0.00391232967376709
0.0 0.0034304261207580566 0.012393653392791748
0.0 0.0 0.02077651023864746
0.0 0.002271324396133423 0.02132117748260498
0.0 0.002998173236846924 0.018212974071502686
0.0 0.0011296272277832031 0.015078544616699219
0.0 0.0 0.009503364562988281
0.0 0.0 0.01009136438369751
0.0 0.0 0.01332855224609375
0.0 0.0 0.01246023178100586
0.0 0.0 0.009386599063873291
0.0 0.0 0.006178736686706543
0.0 0.0 0.008562266826629639
0.0 0.0 0.013577163219451904
0.0 0.0 0.018886208534240723
0.0 0.0 0.01937490701675415
0.0 0.0 0.017425239086151123
0.0 0.0 0.014042258262634277
0.0 0.0 0.012273907661437988
0.0 0.0 0.013035714626312256
0.0 0.0 0.017493069171905518
0.0 0.0 0.018842101097106934
0.0 0.0 0.01687014102935791
0.0 0.0 0.021092534065246582
0.0 0.0 0.020712733268737793
0.0 0.006566107273101807 0.01673024892807007
0.0030053183436393738 0.005262970924377441 0.01296156644821167
0.007487334311008453 0.009909123182296753 0.010947048664093018
0.008386880159378052 0.006370991468429565 0.0067751407623291016
0.009631775319576263 0.00869441032409668 0.005033910274505615
0.00988740473985672 0.01260995864868164 0.0038772225379943848
0.01797938346862793 0.01626339554786682 0.0
0.022060170769691467 0.018216222524642944 0.0
0.02497493475675583 0.02490788698196411 0.0
0.03328539431095123 0.032822489738464355 0.0
0.03872805833816528 0.038596272468566895 0.0
0.036056630313396454 0.03384661674499512 0.0
0.0369517058134079 0.03358522057533264 0.0
0.031857699155807495 0.032064348459243774 0.0
0.02723378688097 0.029833585023880005 0.0
0.027356460690498352 0.0323469340801239 0.0
0.029115967452526093 0.03255563974380493 0.0
0.02943253517150879 0.03216180205345154 0.0
0.016326330602169037 0.020736724138259888 0.0
0.0006943047046661377 0.012796014547348022 0.0
0.0 0.005474120378494263 0.0009062290191650391
0.0 0.0 0.011102557182312012
0.0 0.0 0.019936680793762207
0.0 0.0006854534149169922 0.020521581172943115
0.0 0.0006575882434844971 0.01361316442489624
0.0 0.0 0.010196566581726074
0.0 0.0 0.014486968517303467
0.0 0.0 0.020873725414276123
0.0 0.0 0.025584042072296143
0.0 0.0 0.023511409759521484
0.0 0.0 0.016974568367004395
0.0 0.0 0.019825756549835205
0.0 0.0 0.022166132926940918
0.0 0.0 0.02189427614212036
0.0 0.0 0.01476144790649414
0.0 0.0 0.01063603162765503
0.0 0.0 0.009761035442352295
0.0 0.0 0.011007189750671387
0.0 0.0 0.017037391662597656
0.0 0.0 0.021967530250549316
0.0 0.0 0.02266448736190796
0.0 0.0 0.016934871673583984
0.0 0.0007911324501037598 0.01063394546508789
0.0 0.0 0.00917363166809082
0.0 0.0 0.01236337423324585
0.0 0.0021539926528930664 0.013934969902038574
0.0 0.002120494842529297 0.011366128921508789
0.0 0.0 0.014145493507385254
0.0 0.0 0.02006608247756958
0.005524091422557831 0.0062912702560424805 0.019524991512298584
0.004880368709564209 0.01232600212097168 0.010711252689361572
0.006783433258533478 0.00721973180770874 0.006324112415313721
0.0033817067742347717 0.013799309730529785 0.0019119977951049805
0.009900391101837158 0.010469496250152588 0.0
0.01880718767642975 0.01140335202217102 0.0
0.016521833837032318 0.01606607437133789 0.0
0.020330876111984253 0.024634957313537598 0.0
0.02136034518480301 0.024572819471359253 0.0
0.02383008599281311 0.02350100874900818 0.0
0.023957692086696625 0.02530542016029358 0.0
0.014295481145381927 0.01852843165397644 0.0
0.006582051515579224 0.015656590461730957 0.0
0.006638102233409882 0.012520045042037964 0.007767677307128906
0.0028824582695961 0.00577777624130249 0.01227647066116333
0.0 0.003260403871536255 0.016526341438293457
0.0 0.0013723373413085938 0.0220833420753479
0.0 0.0 0.025580108165740967
0.0 0.0 0.027572929859161377
0.0 0.0 0.02684265375137329
0.0 0.0 0.026205122470855713
0.0 0.0 0.019527792930603027
0.0 0.0 0.008779168128967285
0.0 0.0 0.002226591110229492
0.0 0.004700452089309692 0.0
0.0 0.0033012330532073975 0.0
0.002207130193710327 0.0025899410247802734 0.0
0.004344269633293152 0.004173845052719116 0.0013560652732849121
0.005019567906856537 0.006788581609725952 0.0
0.0 0.007331103086471558 0.0
0.0 0.004931777715682983 0.001972377300262451
0.0 0.0 0.005576431751251221
0.0 0.0 0.007991015911102295
0.0 0.0 0.014639437198638916
0.0 0.0 0.016822397708892822
0.0 0.0 0.019488394260406494
0.0 0.0 0.015452444553375244
0.0 0.0 0.013042569160461426
0.0 0.0 0.010894417762756348
0.0 0.000665813684463501 0.008709847927093506
0.0 0.0014324784278869629 0.005180180072784424
0.0 0.0024560391902923584 0.005004465579986572
0.0 0.0038754642009735107 0.0
0.0 0.002187579870223999 0.0024886131286621094
0.0005738809704780579 0.0012578368186950684 0.005397200584411621
0.0 0.00044485926628112793 0.0072629451751708984
0.0 0.0 0.005635321140289307
0.0 0.0 0.005854189395904541
0.0 0.0 0.005791068077087402
0.0 0.0013200342655181885 0.0071634650230407715
0.0 0.0 0.009082257747650146
0.0 0.000562131404876709 0.012799441814422607
0.0 0.0 0.012515366077423096
0.0 0.001975029706954956 0.011246323585510254
0.0 0.0022426247596740723 0.011744260787963867
0.0 0.0023707151412963867 0.009886443614959717
0.0 0.0 0.010666966438293457
0.0 0.002748548984527588 0.006850540637969971
0.0 0.004851788282394409 0.0038242340087890625
0.0 0.002157658338546753 0.000908970832824707
0.0 0.0 0.0031062960624694824
0.0 0.0013194680213928223 0.00647205114364624
0.0 0.00041553378105163574 0.009356558322906494
0.0 0.0 0.00778961181640625
0.0 0.0 0.012472748756408691
0.0 0.0 0.014343202114105225
0.0 0.0 0.011578202247619629
0.0 0.0025221407413482666 0.009752213954925537
0.0015507414937019348 0.005011320114135742 0.008862495422363281
0.0 0.0029172301292419434 0.005599260330200195
0.0 0.0030844807624816895 0.005416810512542725
0.0 0.0 0.004801332950592041
0.0 0.00037798285484313965 0.007497608661651611
0.0 0.0 0.0091477632522583
0.0 0.0 0.010380804538726807
0.0 0.0015239417552947998 0.007369697093963623
0.0 0.0014730095863342285 0.007179081439971924
0.0 0.0 0.008683085441589355
0.0 0.00044280290603637695 0.009873628616333008
0.0 0.0 0.01234734058380127
0.0 0.0007867813110351562 0.010652363300323486
0.0017675384879112244 0.0014684200286865234 0.0071659088134765625
0.0 0.0007767379283905029 0.00629878044128418
0.0 0.0016459524631500244 0.007338345050811768
0.001472190022468567 0.004294693470001221 0.005917787551879883
0.0010079145431518555 0.003067106008529663 0.005415797233581543
0.0006258487701416016 0.003096163272857666 0.0050983428955078125
0.0 0.0017894208431243896 0.008234858512878418
0.0 0.002303093671798706 0.007899224758148193
0.0 0.0027950406074523926 0.009532153606414795
0.0 0.0010933876037597656 0.012317121028900146
0.0 0.0 0.013784050941467285
0.0 0.0 0.009267091751098633
0.0 0.0 0.0037131309509277344
0.0 0.0 0.0053830742835998535
0.0 0.0 0.006578266620635986
0.0 0.0 0.010087728500366211
0.0 0.0 0.009074032306671143
0.0 0.0 0.0077509284019470215
0.0 0.0 0.013309359550476074
0.0 0.0 0.02694147825241089
0.0 0.0 0.025962889194488525
0.0 0.0 0.04959845542907715
0.0011028097942471504 0.0 0.05858933925628662
0.0 0.0 0.036779046058654785
0.0 0.0 0.03799128532409668
0.0 0.0 0.047629714012145996
0.010485285893082619 0.0 0.08829832077026367
0.054998353123664856 0.0 0.1421261429786682
0.053616538643836975 0.0 0.14747506380081177
0.0108870267868042 0.06955552101135254 0.061292409896850586
0.002762213349342346 0.11207300424575806 0.0
0.07901236414909363 0.085008904337883 0.01667344570159912
0.1339849829673767 0.06934845447540283 0.0
0.14032822847366333 0.10456150770187378 0.0
0.1550612449645996 0.14058974385261536 0.0
0.264340341091156 0.16022580862045288 0.0
0.11616569757461548 0.2651916742324829 0.0
0.0034027695655822754 0.3333521783351898 0.0
0.0 0.48290833830833435 0.0
0.0 0.4284559488296509 0.0
0.0 0.32455378770828247 0.0
0.0 0.14699366688728333 0.0
0.0 0.20024433732032776 0.0
0.0 0.2473459541797638 0.0
0.0 0.2992953658103943 0.0
0.0 0.11998271942138672 0.04130887985229492
0.0 0.0 0.6746078729629517
0.0 0.0 1.0412126779556274
0.0 0.04444819688796997 0.8920875191688538
0.0 0.36139729619026184 0.5332029461860657
0.0 0.5760875940322876 0.2591344714164734
0.0 0.5421572327613831 0.1600390076637268
0.0 0.39821088314056396 0.18993288278579712
0.0 0.29058951139450073 0.20201927423477173
0.0 0.30923306941986084 0.1864938735961914
0.0 0.40332090854644775 0.13564246892929077
0.0 0.4525884985923767 0.12080878019332886
0.041699111461639404 0.3356825113296509 0.20393729209899902
0.0181291401386261 0.15628063678741455 0.29450416564941406
0.0 0.11376160383224487 0.3011648654937744
0.0 0.12415480613708496 0.27479982376098633
0.0 0.15630513429641724 0.26777148246765137
0.0 0.16331708431243896 0.33294421434402466
0.0 0.21389275789260864 0.32498013973236084
0.0 0.27161210775375366 0.3012371063232422
0.0 0.21549832820892334 0.31118643283843994
0.0 0.17544442415237427 0.2768629193305969
0.0 0.18947237730026245 0.1917264461517334
0.016209676861763 0.14029669761657715 0.2067887783050537
0.0 0.10135948657989502 0.24704229831695557
0.0 0.10322928428649902 0.2228703498840332
0.0 0.10356080532073975 0.25412213802337646
0.0 0.07924586534500122 0.3134782910346985
0.0 0.1144142746925354 0.33054882287979126
0.0 0.12327763438224792 0.26619064807891846
0.0 0.21760666370391846 0.19124293327331543
0.0 0.2542983293533325 0.03990352153778076
0.007322303950786591 0.23444586992263794 0.0
0.030893966555595398 0.22539430856704712 0.0
0.05838960036635399 0.20071576535701752 0.0
0.03312380984425545 0.15507185459136963 0.0
0.012145042419433594 0.0945444330573082 0.0
0.0 0.08147181570529938 0.0
0.0 0.07130700349807739 0.0
0.0 0.06327556818723679 0.0
0.0 0.05711958929896355 0.0
0.0 0.047013845294713974 0.0
0.0 0.03597057983279228 0.0
0.0 0.021357029676437378 0.0
0.0 0.005328409373760223 0.004685342311859131
0.0 0.0 0.024980485439300537
0.0 0.0 0.02260226011276245
0.009210020303726196 0.002613157033920288 0.020047485828399658
0.016132302582263947 0.009315267205238342 0.022509396076202393
0.02032027393579483 0.017812080681324005 0.02265077829360962
0.016048140823841095 0.01901140809059143 0.02216792106628418
0.015534922480583191 0.020560212433338165 0.018529236316680908
0.016648612916469574 0.015849828720092773 0.01894158124923706
0.015821173787117004 0.009686999022960663 0.020686089992523193
0.007478602230548859 0.005957767367362976 0.014378905296325684
0.0016015172004699707 0.007855743169784546 0.010012626647949219
0.0 0.0 0.014853715896606445
0.0 0.0 0.01613706350326538
0.0 0.0 0.00923764705657959
0.0 0.0 0.007879674434661865
0.0 0.0 0.006350696086883545
0.0 0.0 0.00755155086517334
0.0 0.0 0.010729849338531494
0.0 0.0 0.012063920497894287
0.0 0.0 0.013017237186431885
0.0 0.0 0.011687159538269043
0.0 0.0 0.010432302951812744
0.0 0.0017008483409881592 0.011034369468688965
0.005044944584369659 0.0040924400091171265 0.014885544776916504
0.004515133798122406 0.0061608850955963135 0.012644350528717041
0.0031760409474372864 0.005504190921783447 0.007025539875030518
0.0004967078566551208 0.005674958229064941 0.0031870603561401367
0.0028163716197013855 0.004707247018814087 0.002699613571166992
0.0023394301533699036 0.010359644889831543 0.002459228038787842
0.0010769739747047424 0.005943164229393005 0.0044171810150146484
0.0 0.010939568281173706 0.004471957683563232
0.0 0.0109158456325531 0.006038188934326172
0.0 0.006361097097396851 0.00322800874710083
0.0 0.0012751072645187378 0.0025933384895324707
0.0 0.0 0.007850944995880127
0.0 0.0 0.00715029239654541
0.0 0.001659676432609558 0.0011164546012878418
0.0 0.002806931734085083 0.0008688569068908691
0.0015736520290374756 0.0015330761671066284 0.005395412445068359
0.0 0.0018108189105987549 0.008239150047302246
0.0 0.005104735493659973 0.00954282283782959
0.0 0.003813415765762329 0.008368134498596191
0.0 0.00024297833442687988 0.01661229133605957
0.0 0.0008306056261062622 0.017331421375274658
0.0 0.0014785081148147583 0.013891756534576416
0.0 0.006083846092224121 0.013952076435089111
0.0 0.007585242390632629 0.01446688175201416
0.0 0.024029508233070374 0.010373175144195557
0.00591731071472168 0.02004776895046234 0.004012167453765869
0.003190048038959503 0.004710137844085693 0.0
0.0 0.004884988069534302 0.0042763352394104
0.0 0.0 0.010230839252471924
0.007875658571720123 0.0 0.01880943775177002
0.004611380398273468 0.00885075330734253 0.01596301794052124
0.00353337824344635 0.0022218823432922363 0.011592984199523926
0.003163635730743408 0.006537765264511108 0.00105363130569458
0.0 0.0 0.0031167268753051758
0.006928622722625732 0.0077588558197021484 0.02361840009689331
0.008588232100009918 0.0 0.02180391550064087
0.0 0.0 0.01375424861907959
0.0 0.0 0.014485299587249756
0.0 0.004682660102844238 0.0108795166015625
0.00646461546421051 0.005286350846290588 0.011954784393310547
0.011907219886779785 0.0093955397605896 0.021091043949127197
0.005058549344539642 0.0 0.013034224510192871
0.0 0.005732834339141846 0.0017677545547485352
0.0 0.0 0.0
0.0 0.0004479438066482544 0.0033273696899414062
0.005147755146026611 0.0013467371463775635 0.013309121131896973
0.00022749602794647217 0.0 0.009600281715393066
0.0 0.0 0.0065607428550720215
0.0 0.0017720609903335571 0.006420552730560303
0.0 0.0 0.0040073394775390625
0.0 0.0013723373413085938 0.0050217509269714355
0.0 0.0 0.007534384727478027
0.0 0.0 0.008294939994812012
0.0 0.003597632050514221 0.004984796047210693
0.0012291520833969116 0.0022152215242385864 0.008046209812164307
0.0 0.010216131806373596 0.005246341228485107
0.0 0.004015594720840454 0.009874284267425537
0.0 0.001949399709701538 0.015153110027313232
0.0004704967141151428 0.006769686937332153 0.01175546646118164
0.0 0.0 0.010806500911712646
0.0 0.0008566975593566895 0.012894034385681152
0.0 0.0 0.01072162389755249
0.0 0.0 0.006792902946472168
0.0 0.0010357797145843506 0.0026082992553710938
0.0 0.0035297125577926636 0.0
0.0 0.002034112811088562 0.0018413066864013672
0.0 0.004820585250854492 0.0001404881477355957
0.0 0.004158720374107361 0.0
0.0 0.004141330718994141 0.0029749274253845215
0.0 0.0 0.0057236552238464355
0.0 0.0 0.01176983118057251
0.0 0.0 0.015606462955474854
0.0 0.0021376460790634155 0.011521220207214355
0.0 0.00028121471405029297 0.007551431655883789
0.0 0.0 0.006093442440032959
0.0 0.0 0.007953286170959473
0.0 0.0 0.010276257991790771
0.0010100752115249634 0.002499014139175415 0.016119837760925293
0.002507731318473816 0.0036132484674453735 0.01727890968322754
0.0004412159323692322 0.002325713634490967 0.013550937175750732
0.002609342336654663 0.0 0.014056026935577393
0.004755377769470215 0.003873854875564575 0.011684417724609375
0.0002613142132759094 0.005459204316139221 0.005160689353942871
0.0022063851356506348 0.00529143214225769 0.005433440208435059
0.0038252919912338257 0.009256526827812195 0.0028815269470214844
0.0 0.007594063878059387 0.0
0.0024514049291610718 0.004339396953582764 0.004761695861816406
0.0 0.0023795664310455322 0.006325900554656982
0.0 0.0019374936819076538 0.008251607418060303
0.0 0.005666300654411316 0.0065857768058776855
0.0 0.007196053862571716 0.0
0.0027620717883110046 0.012846201658248901 0.0
0.013988122344017029 0.012318432331085205 0.0
0.014897182583808899 0.014606758952140808 0.0
0.018926963210105896 0.02672901749610901 0.0
0.013249427080154419 0.031352609395980835 0.0
0.004023537039756775 0.03415180742740631 0.0
0.0 0.028273344039916992 0.0
0.0 0.018439650535583496 0.0
0.0 0.014487862586975098 0.009875655174255371
0.0 0.01190444827079773 0.025312840938568115
0.0 0.01523900032043457 0.027734220027923584
0.0 0.00462263822555542 0.03321200609207153
0.0 0.003886967897415161 0.03395414352416992
0.0 0.0 0.02551490068435669
0.0 0.0008223354816436768 0.012345314025878906
0.0 0.0 0.01060551404953003
0.0 0.0 0.03458297252655029
0.0 0.0 0.05066794157028198
0.0 0.0 0.0575222373008728
0.0 0.0 0.06565076112747192
0.0 0.0 0.07236051559448242
0.0 0.0 0.07551652193069458
0.0 0.0 0.0763121247291565
0.0 0.0 0.07629722356796265
0.0015023797750473022 0.0 0.07379680871963501
0.0 0.0 0.0637674331665039
0.0 0.0 0.05148237943649292
0.0 0.0 0.03704726696014404
0.0 0.0 0.03445321321487427
0.0021765753626823425 0.0 0.02639317512512207
0.0 0.0 0.010917246341705322
0.0 0.0 0.0
0.007393479347229004 0.003412216901779175 0.0
0.01162189245223999 0.01344636082649231 0.0
0.0183771550655365 0.011822909116744995 0.0
0.015036061406135559 0.011951178312301636 0.0
0.0022002458572387695 0.014267116785049438 0.0
0.0 0.009776249527931213 0.0
0.0009349584579467773 0.014170408248901367 0.0
0.0006838887929916382 0.01622869074344635 0.0
0.0 0.00909663736820221 0.0
0.0 0.003241404891014099 0.0
0.0 0.01294533908367157 0.0
0.0 0.017540723085403442 0.0
0.0 0.01628832519054413 0.0
0.0 0.014077901840209961 0.0
0.0 0.009650975465774536 0.0
0.0 0.01556694507598877 0.0
0.0 0.027165070176124573 0.0
0.01001441478729248 0.018541663885116577 0.0039604902267456055
0.0 0.009954720735549927 0.0
0.0 0.007327377796173096 0.0030578970909118652
0.0 0.011354327201843262 0.03035712242126465
0.0 0.00804966688156128 0.05489373207092285
0.0 0.006982892751693726 0.05942988395690918
0.007101729512214661 0.007853001356124878 0.06658792495727539
0.009829550981521606 0.0007004737854003906 0.06516742706298828
0.0 0.0 0.06235074996948242
0.0 0.0 0.06637656688690186
0.0031019896268844604 0.0 0.0705152153968811
0.003937184810638428 0.0 0.0712968111038208
0.005326583981513977 0.0 0.06847405433654785
0.0040206462144851685 0.0 0.06570005416870117
0.00017663836479187012 0.0 0.06498599052429199
0.0 0.0 0.06837087869644165
0.0006474703550338745 0.0 0.07472074031829834
0.00569983571767807 0.0 0.08040469884872437
0.0 0.0 0.059641897678375244
0.0008575841784477234 0.0 0.05006301403045654
0.004091382026672363 0.0 0.030072033405303955
0.0028862617909908295 0.0 0.0
0.0008095018565654755 0.002303972840309143 0.0
0.0 0.009862244129180908 0.0
0.0 0.015539288520812988 0.0
0.0 0.016860581934452057 0.0
0.0 0.019378259778022766 0.0
0.0 0.022019334137439728 0.0
0.0 0.021226875483989716 0.0
0.0 0.015609532594680786 0.0
0.0 0.018174245953559875 0.0
0.0020172595977783203 0.01898479461669922 0.0
0.006760403513908386 0.024809256196022034 0.0
0.0 0.029162630438804626 0.0
0.0 0.029581576585769653 0.0
0.0 0.026717782020568848 0.0
0.0 0.025181710720062256 0.0
0.0018981099128723145 0.023988276720046997 0.007095515727996826
0.003233693540096283 0.020486950874328613 0.012772560119628906
0.001434043049812317 0.02556753158569336 0.01609516143798828
0.008839726448059082 0.02063480019569397 0.019687891006469727
0.005394458770751953 0.01457563042640686 0.01894611120223999
0.0 0.014394909143447876 0.006758570671081543
0.0 0.015764474868774414 0.014064788818359375
0.0 0.011440068483352661 0.018265962600708008
0.0 0.01549580693244934 0.02934032678604126
0.00021594762802124023 0.0051167309284210205 0.04542595148086548
0.0 0.001613318920135498 0.054630815982818604
0.0 0.0028037726879119873 0.06546056270599365
0.0 0.0027791261672973633 0.07681006193161011
0.0 0.0 0.07994699478149414
0.0 0.0 0.09301179647445679
0.0030398815870285034 0.0 0.09727001190185547
0.002713121473789215 0.0 0.09772640466690063
0.0 0.0 0.08971047401428223
0.0 0.0 0.07582145929336548
0.0 0.0 0.06218451261520386
0.0 0.0 0.041076600551605225
0.0 0.0 0.02084791660308838
0.0 0.0 0.008871018886566162
0.0 0.0 0.008502542972564697
0.0 0.0 0.00028574466705322266
0.0 0.0 0.0
0.005319461226463318 0.00857873260974884 0.0
0.014047637581825256 0.0013864189386367798 0.0
0.0 0.011673718690872192 0.0
0.0 0.01855047047138214 0.0
0.0 0.018115878105163574 0.0
0.0015047118067741394 0.02214650809764862 0.0
0.003350459039211273 0.017034798860549927 0.0
0.005899280309677124 0.019410446286201477 0.0
0.0011138617992401123 0.020298153162002563 0.0
0.0 0.02454371750354767 0.0
0.0 0.02842700481414795 0.0
0.0 0.02363307774066925 0.0
0.004287645220756531 0.020185962319374084 0.0
0.0021868348121643066 0.02044999599456787 0.01107168197631836
0.0 0.0167999267578125 0.01987898349761963
0.0 0.013234585523605347 0.03099977970123291
0.004512205719947815 0.011511653661727905 0.040380895137786865
0.009422622621059418 0.01580822467803955 0.03400266170501709
0.015626393258571625 0.009327709674835205 0.02010488510131836
0.0060915276408195496 0.01049119234085083 0.005029857158660889
0.0016959607601165771 0.007300674915313721 0.0046160221099853516
0.0 0.009166687726974487 0.015491127967834473
0.0 0.0038018524646759033 0.023263216018676758
0.0 0.0 0.025537312030792236
0.0 0.0 0.029121220111846924
0.0 0.0 0.03515094518661499
0.0 0.0 0.040422797203063965
0.0 0.0 0.04147857427597046
0.0 0.0 0.04206287860870361
0.0 0.0 0.042684316635131836
0.0 0.0 0.04746413230895996
0.0 0.0 0.04743701219558716
0.0 0.0 0.0528414249420166
0.0 0.0 0.04858154058456421
0.0 0.0 0.04597252607345581
0.0 0.0 0.04822438955307007
0.006138548254966736 0.0 0.04347872734069824
0.00803375244140625 0.0 0.032453298568725586
0.006978146731853485 0.0 0.022363603115081787
0.002502918243408203 0.0 0.0120314359664917
0.006337195634841919 0.0 0.013241052627563477
0.009853370487689972 0.0030769258737564087 0.01854085922241211
0.012445971369743347 0.0006338208913803101 0.015507638454437256
0.0060928091406822205 0.006513267755508423 0.00880342721939087
0.0079149529337883 0.011109188199043274 0.0
0.0 0.0018999427556991577 0.0
0.0 0.0 0.0
0.0 0.005331754684448242 0.0
0.0 0.01018369197845459 0.0
0.0 0.015755340456962585 0.0
0.0 0.016632601618766785 0.0
0.0 0.01588265597820282 0.0
0.0 0.013627037405967712 0.0
0.0 0.013675585389137268 0.0
0.0 0.010706603527069092 0.0
0.0 0.0289706289768219 0.0
0.00239717960357666 0.027274340391159058 0.0
0.0 0.017117664217948914 0.0
0.0 0.012486845254898071 0.0
0.0 0.005704224109649658 0.006540477275848389
0.0 0.00768706202507019 0.03233736753463745
0.0 0.012141823768615723 0.05892544984817505
0.008649498224258423 0.00912332534790039 0.06613510847091675
0.005018018186092377 0.01678571105003357 0.0664067268371582
0.008462503552436829 0.005938589572906494 0.05917710065841675
0.0017494484782218933 0.0029889047145843506 0.05451762676239014
0.0014038383960723877 0.0 0.05752599239349365
0.0 0.0 0.06329452991485596
0.0 0.0 0.06254172325134277
0.0 0.0 0.05853378772735596
0.0 0.0 0.04858428239822388
0.0 0.0 0.037452101707458496
0.0 0.0 0.026637554168701172
0.0 0.0 0.01629483699798584
0.0 0.0 0.010240375995635986
0.0 0.0 0.00032198429107666016
0.0023431554436683655 0.002420574426651001 0.0
0.002275414764881134 0.007072389125823975 0.0
0.0 0.0011150538921356201 0.0
0.0 0.0 0.0
0.0 0.0 0.0
0.0 0.0 0.0
0.0 0.003787815570831299 0.0
0.0 0.005227327346801758 0.0
0.0 0.0030194222927093506 0.0011955499649047852
0.0 0.0019986331462860107 0.011299729347229004
0.0 0.0 0.016085445880889893
0.0 0.0 0.02165389060974121
0.0033666491508483887 0.0 0.023847997188568115
0.0016425848007202148 0.0018371939659118652 0.02069997787475586
0.0023404061794281006 0.0015205442905426025 0.01602572202682495
0.003229796886444092 0.004709780216217041 0.015960514545440674
0.00859224796295166 0.005707740783691406 0.015962421894073486
0.005442596971988678 0.004424959421157837 0.010210871696472168
0.0016479194164276123 0.0008871257305145264 0.006378173828125
0.0 0.0022439658641815186 0.006060898303985596
0.0 0.0031180083751678467 0.004602313041687012
0.0 0.004143565893173218 0.003287672996520996
0.0 0.0015019774436950684 0.0033591389656066895
0.0 0.0 0.004337608814239502
0.0 0.0 0.0060149431228637695
0.0 0.0 0.006293237209320068
0.0 0.0 0.005591928958892822
0.0 0.0 0.008915960788726807
0.0 0.0 0.007248103618621826
0.0 0.0 0.005147695541381836
0.0 0.0013077259063720703 0.010316133499145508
0.0 0.0005927681922912598 0.012855708599090576
0.00267869234085083 0.002947300672531128 0.015370309352874756
0.0 0.006052732467651367 0.009546637535095215
0.0 0.0032096505165100098 0.009038686752319336
0.0006793439388275146 0.0072241127490997314 0.011249125003814697
0.0016771405935287476 0.004878401756286621 0.01281726360321045
0.0 0.004026234149932861 0.004249513149261475
0.0 0.0 0.0
0.0 0.0 0.0
0.0 0.0 0.0009841322898864746
0.0 0.0 0.005381464958190918
0.0 0.0003262758255004883 0.00899350643157959
0.0 0.001977473497390747 0.010374486446380615
0.0 0.0008151829242706299 0.010246098041534424
0.0 0.0 0.010167300701141357
0.0 0.0015280544757843018 0.011584460735321045
0.0025160834193229675 0.0024112462997436523 0.021420717239379883
0.001973554491996765 0.00259360671043396 0.01647287607192993
0.005553707480430603 0.002077817916870117 0.013523697853088379
0.0 0.0 0.0020543336868286133
0.0 0.0 0.00017005205154418945
0.0 0.0 0.0070040225982666016
0.0 0.0 0.010784566402435303
0.00031428784132003784 0.0014085471630096436 0.013435721397399902
0.0 0.0 0.017660915851593018
0.0 0.0 0.03135877847671509
0.0 0.0 0.04597139358520508
0.0004219263792037964 0.0 0.05273795127868652
0.00014019012451171875 0.0 0.0447421669960022
0.017262205481529236 0.0 0.03399306535720825
0.0389334112405777 0.0014070570468902588 0.04437065124511719
0.06593640148639679 0.0 0.019768953323364258
0.10537514090538025 0.0 0.09865492582321167
0.0 0.0 0.0
0.0 0.07346317172050476 0.0051223039627075195
0.0031828880310058594 0.06221529841423035 0.02601313591003418
0.01199960708618164 0.09429183602333069 0.0
0.1708793342113495 0.06414574384689331 0.0
0.12706995010375977 0.10604041814804077 0.0
0.17947155237197876 0.155186265707016 0.0
0.1357981562614441 0.10521626472473145 0.0
0.06035411357879639 0.2137618362903595 0.0
0.11285781860351562 0.2979581356048584 0.0
0.1226276159286499 0.35311004519462585 0.0
0.0 0.4488452076911926 0.0
0.0 0.3979179561138153 0.0
0.0 0.10259902477264404 0.0
0.0 0.0 0.0
0.0 0.007839471101760864 0.0
0.0 0.08342403173446655 0.0
0.0 0.10913249850273132 0.0
0.0 0.04958328604698181 0.05431497097015381
0.0 0.0 0.3172013759613037
0.0 0.0 0.572777271270752
0.0 0.0 0.5507323741912842
0.0 0.0818297266960144 0.3395881652832031
0.0 0.21282491087913513 0.18121051788330078
0.0 0.27933603525161743 0.11471986770629883
0.0 0.21991202235221863 0.1512465476989746
0.0 0.2082320749759674 0.2344071865081787
0.0 0.2646874785423279 0.31156039237976074
0.0 0.4344087243080139 0.30893099308013916
0.0 0.43215054273605347 0.32420074939727783
0.0 0.3302326202392578 0.3528636693954468
0.0 0.2790595293045044 0.33259469270706177
0.0 0.24459528923034668 0.3056213855743408
0.0 0.3067302703857422 0.21102416515350342
0.0 0.3983014225959778 0.1017104983329773
0.03240206837654114 0.27338898181915283 0.13567954301834106
0.035934388637542725 0.11187928915023804 0.19109416007995605
0.0 0.11869549751281738 0.15720587968826294
0.0 0.13864856958389282 0.09833288192749023
0.0 0.17367875576019287 0.10849630832672119
0.05338944494724274 0.1489202380180359 0.12845826148986816
0.06812083721160889 0.10841101408004761 0.13199526071548462
0.06880789995193481 0.09185564517974854 0.09514641761779785
0.03922918438911438 0.10331141948699951 0.056501567363739014
0.03432108461856842 0.08558320999145508 0.05067098140716553
0.01427169144153595 0.07730358839035034 0.045598745346069336
0.04319727420806885 0.07125401496887207 0.018419504165649414
0.044756919145584106 0.004669904708862305 0.0780022144317627
0.0 0.0050106048583984375 0.09097182750701904
0.0 0.08389639854431152 0.06927704811096191
0.0 0.05358403921127319 0.0722847580909729
0.0 0.003576517105102539 0.09512192010879517
0.0 0.03593182563781738 0.06880927085876465
0.0 0.035095393657684326 0.06384342908859253
0.0 0.018497884273529053 0.0614352822303772
0.0 0.02321988344192505 0.05177849531173706
0.0 0.024565458297729492 0.06030315160751343
0.024171248078346252 0.033731162548065186 0.07684159278869629
0.025007814168930054 0.027824759483337402 0.06729334592819214
0.0 0.03620833158493042 0.030425965785980225
0.0037683844566345215 0.03266522288322449 0.020833611488342285
0.023404434323310852 0.03619945049285889 0.01848834753036499
0.018986761569976807 0.03315117955207825 0.0
0.016976535320281982 0.013397932052612305 0.0
0.0029002726078033447 0.016713201999664307 0.004390597343444824
0.0012245923280715942 0.006915628910064697 0.002251267433166504
0.001858830451965332 0.008529812097549438 0.031108438968658447
0.0 0.026299595832824707 0.013465642929077148
0.0 0.03562057018280029 0.0
0.010298598557710648 0.03253492712974548 0.0
0.013359857723116875 0.0643584281206131 0.0
0.027010051533579826 0.06906387209892273 0.0
0.04070040583610535 0.06007694453001022 0.0
0.046545371413230896 0.047882676124572754 0.0
0.030350331217050552 0.03119446337223053 0.0
0.015385076403617859 0.021431665867567062 0.0
0.01129564642906189 0.0122896209359169 0.0
0.009368263185024261 0.019846076145768166 0.0
0.004955478012561798 0.021057095378637314 0.0
0.0 0.03866982087492943 0.0
0.0 0.024833930656313896 0.0
0.0 0.011241357773542404 0.0
0.0 0.0 0.0
0.0 0.0 0.0
0.0 0.0 0.010289669036865234
0.0 0.0 0.026786506175994873
0.0 0.0 0.03801542520523071
0.0 0.0 0.03719151020050049
0.0 0.0 0.035088539123535156
0.0 0.0 0.029054105281829834
0.0005255863070487976 0.0 0.02488499879837036
0.0 0.0 0.016678810119628906
0.004561923444271088 0.004286680370569229 0.00995934009552002
0.007433310151100159 0.006011325865983963 0.008762657642364502
0.0043657273054122925 0.0022521764039993286 0.005974531173706055
0.0 0.006324686110019684 0.007733404636383057
0.0004972964525222778 0.005874332040548325 0.00984489917755127
0.0 0.001924373209476471 0.005790829658508301
0.0 0.0 0.009144365787506104
0.0 0.0 0.01426023244857788
0.0 0.0 0.018680095672607422
0.0 0.0 0.015712261199951172
0.0 0.0 0.01296091079711914
0.0 0.0 0.006184935569763184
0.0 0.0028373226523399353 0.0
0.0 0.0027959346771240234 0.0
0.0 0.003108575940132141 0.0
0.0 0.0010081827640533447 0.0
0.0 0.003270059823989868 0.0
0.0 0.0047406405210494995 0.0
0.0 0.00843152403831482 0.0
0.0 0.009389661252498627 0.0
0.0 0.00908595323562622 0.0
0.0 0.011437244713306427 0.0
0.0006715953350067139 0.006285093724727631 0.0
0.0 0.0030286014080047607 0.005608499050140381
0.0 0.0 0.013560712337493896
0.0 0.0 0.01199495792388916
0.0 0.0 0.017185688018798828
0.0 0.004740104079246521 0.01655447483062744
0.0 0.004749283194541931 0.01305156946182251
0.0 0.0019478127360343933 0.00867539644241333
0.0 0.0 0.01485973596572876
0.0 0.0 0.01592928171157837
0.0 0.0 0.015150308609008789
0.0 0.0 0.012452960014343262
0.0 0.003128655254840851 0.007598519325256348
0.0060980841517448425 0.004249587655067444 0.005043447017669678
0.0019484460353851318 0.001313433051109314 0.01010274887084961
0.0 0.0 0.01620042324066162
0.0 0.0 0.0189017653465271
0.0 0.0 0.01531130075454712
0.0 0.0 0.014511704444885254
0.0 0.0 0.015283346176147461
0.0 0.0 0.010513603687286377
0.0 0.0 0.012478113174438477
0.0 0.0 0.01185762882232666
0.0 0.0 0.005092620849609375
0.0 0.000532783567905426 0.004166066646575928
0.002026967704296112 0.0019119754433631897 0.0050850510597229
0.0 0.0023089051246643066 0.00543820858001709
0.0 0.003388315439224243 0.011562645435333252
0.0 0.0010148733854293823 0.012969791889190674
0.0 0.0 0.012399792671203613
0.0 0.0007036253809928894 0.0056948065757751465
0.0 0.002947799861431122 0.002111375331878662
0.0 0.0 0.0003057718276977539
0.0 0.0009707733988761902 0.0
0.0 0.0008215084671974182 0.002306640148162842
0.0 0.0010150671005249023 0.007429897785186768
0.0 0.0007233619689941406 0.007402479648590088
0.0 0.0022665560245513916 0.0037437081336975098
0.0021935850381851196 0.00814685970544815 0.0028229951858520508
0.0 0.010791562497615814 0.005798995494842529
0.0 0.005669593811035156 0.0023462772369384766
0.0 0.004006028175354004 0.0014636516571044922
0.0 0.0 0.01227712631225586
0.0028747841715812683 0.0 0.01973670721054077
0.001989610493183136 0.0037529319524765015 0.01873612403869629
0.0 0.002803906798362732 0.010072052478790283
0.0 0.0037775039672851562 0.0028649568557739258
0.0 0.002524659037590027 0.0
0.0010306090116500854 0.0014552175998687744 0.0
0.0042127445340156555 0.006681472063064575 0.0
0.0007384940981864929 0.006558075547218323 0.0026714205741882324
0.0 0.003814026713371277 0.008352577686309814
0.0 0.002097219228744507 0.008174538612365723
0.0 0.0009843707084655762 0.015325069427490234
0.0 0.0 0.017734646797180176
0.0 0.0 0.02074974775314331
0.0 0.0 0.02058112621307373
0.0007399320602416992 0.0 0.020127296447753906
0.0 0.0005184262990951538 0.012419939041137695
0.0 0.0 0.004133701324462891
0.0 0.0014249682426452637 0.0012000203132629395
0.0 0.0028656870126724243 0.0037919282913208008
0.0 0.0019436031579971313 0.007374286651611328
0.0 0.0 0.0026599764823913574
0.0 0.0 0.004441261291503906
0.0 0.0 0.012100636959075928
0.0 0.0006276518106460571 0.015980899333953857
0.0 0.0 0.012524962425231934
0.0 0.0007661134004592896 0.009309530258178711
0.0 0.0 0.005842745304107666
0.0 0.0008126646280288696 0.007100880146026611
0.0 0.0 0.006015777587890625
0.0 0.0012925565242767334 0.003191232681274414
0.0 0.0 0.003530144691467285
0.0 0.0005261003971099854 0.008543848991394043
0.0 0.0 0.011372208595275879
0.0 0.0 0.013791143894195557
0.0 0.0 0.013189733028411865
0.0 0.0 0.01270437240600586
0.0 0.0 0.008518993854522705
0.0 0.0 0.014225244522094727
0.0016466975212097168 0.0 0.014444887638092041
0.0 0.0 0.013291597366333008
0.0 0.0 0.006410777568817139
0.0 0.001399025321006775 0.0009326338768005371
0.0 0.0009517669677734375 0.0
0.0 0.005641654133796692 0.0
0.0 0.0045919716358184814 0.0
0.0 0.0 0.005297183990478516
0.0 0.0 0.01431429386138916
0.0 0.0 0.02683544158935547
0.0 0.0 0.022164106369018555
0.0 0.0 0.02075791358947754
0.0035533607006073 0.0 0.02087414264678955
0.000810965895652771 0.0 0.01663947105407715
0.007676661014556885 0.0022741854190826416 0.014818012714385986
0.007218942046165466 0.006234690546989441 0.006633162498474121
0.008380353450775146 0.015714004635810852 0.0
0.0159388929605484 0.016134560108184814 0.0
0.026533618569374084 0.022588521242141724 0.0
0.03828270733356476 0.03146296739578247 0.0
0.03409375250339508 0.02953563630580902 0.0
0.022495746612548828 0.02098214626312256 0.0
0.010565802454948425 0.02389448881149292 0.0
0.020476385951042175 0.03306673467159271 0.00102919340133667
0.04218806326389313 0.049780964851379395 0.010836601257324219
0.04127323627471924 0.047432273626327515 0.006903707981109619
0.019577667117118835 0.04514250159263611 0.0
0.0 0.010727018117904663 0.0005549788475036621
0.0 0.0 0.015555977821350098
0.0 0.0 0.03329193592071533
0.0 0.0 0.04341590404510498
0.0 0.0 0.04223024845123291
0.0 0.0 0.03963738679885864
0.0 0.0 0.042638540267944336
0.0 0.0 0.041271090507507324
0.0 0.0 0.03096187114715576
0.0 0.0 0.028881311416625977
0.0 0.0 0.035923540592193604
0.0 0.0 0.04800325632095337
0.0 0.0 0.05180501937866211
0.0 0.0 0.05166733264923096
0.0 0.0 0.042936623096466064
0.0 0.0 0.035957932472229004
0.0029996931552886963 0.011479496955871582 0.021370232105255127
0.017432615160942078 0.025895848870277405 0.01125800609588623
0.024521932005882263 0.034198567271232605 0.0
0.039394453167915344 0.04558451473712921 0.0
0.057193756103515625 0.05042722821235657 0.0
0.058088526129722595 0.05337139964103699 0.0
0.05940382182598114 0.062439799308776855 0.0
0.0658377856016159 0.0731605589389801 0.0
0.08415365219116211 0.08808207511901855 0.0
0.09978272020816803 0.08550874888896942 0.0
0.08294437825679779 0.07531671226024628 0.0
0.06705281138420105 0.07107247412204742 0.0
0.0619950145483017 0.0633840411901474 0.0
0.052206799387931824 0.05449859797954559 0.0
0.027765318751335144 0.03835518658161163 0.009841203689575195
0.02589420974254608 0.034890636801719666 0.015782654285430908
0.03006795048713684 0.03517480194568634 0.015230238437652588
0.026359111070632935 0.034524112939834595 0.006482243537902832
0.00872109830379486 0.028319597244262695 0.0071610212326049805
0.0 0.021742969751358032 0.010099411010742188
0.0 0.009091079235076904 0.01749598979949951
0.0 0.0 0.026534318923950195
0.0 0.0 0.03017657995223999
0.0 0.0 0.023215532302856445
0.0 0.0 0.02527487277984619
0.0 0.0 0.03935784101486206
0.0 0.0 0.050717055797576904
0.0 0.0 0.049608826637268066
0.0 0.0 0.04186969995498657
0.0 0.0 0.04059243202209473
0.0 0.0 0.04376894235610962
0.0 0.0 0.04697138071060181
0.0 0.0 0.04068589210510254
0.0 0.0 0.03832215070724487
0.0 0.0 0.0489467978477478
0.0 0.0 0.056069791316986084
0.0 0.0 0.05290788412094116
0.0 0.0 0.0582544207572937
0.0 0.0 0.05027276277542114
0.0 0.008008867502212524 0.028308451175689697
0.0 0.0 0.029094278812408447
0.004651740193367004 0.01869302988052368 0.015348494052886963
0.05137428641319275 0.029876962304115295 0.0
0.04793468117713928 0.046256422996520996 0.0
0.04278339445590973 0.058852314949035645 0.0
0.06123581528663635 0.07444144785404205 0.0
0.08519920706748962 0.073875293135643 0.0
0.08179767429828644 0.07892543077468872 0.0
0.08093269169330597 0.07888923585414886 0.0
0.07290682196617126 0.0732908695936203 0.0
0.06919096410274506 0.07059124112129211 0.0
0.056017592549324036 0.06413662433624268 0.0
0.042745426297187805 0.05493949353694916 0.0
0.034661561250686646 0.04875567555427551 0.0
0.03675171732902527 0.05092848837375641 0.001460254192352295
0.027523338794708252 0.042159631848335266 0.0012433528900146484
0.00736081600189209 0.03537242114543915 0.0
0.0 0.025860056281089783 0.00540536642074585
0.004224881529808044 0.020973458886146545 0.018854618072509766
0.0 0.015140041708946228 0.02744358777999878
0.0 0.01785232126712799 0.03178822994232178
0.0 0.01563142240047455 0.03169858455657959
0.0 0.010541588068008423 0.025676190853118896
0.0 0.0 0.019171416759490967
0.0 0.0 0.02511310577392578
0.0 0.0 0.030460715293884277
0.0 0.0 0.02692359685897827
0.0 0.0 0.018051862716674805
0.0 0.0 0.01649951934814453
0.0 0.0 0.023967742919921875
0.0 0.0 0.028377413749694824
0.0 0.0 0.03180354833602905
0.0 0.0 0.02817171812057495
0.0 0.0 0.023069679737091064
0.0 0.0 0.0210878849029541
0.0 0.0 0.027996480464935303
0.0 0.0 0.03022909164428711
0.0 0.0 0.026090800762176514
0.0 0.0 0.022929787635803223
0.0 0.0 0.016955673694610596
0.0 0.0 0.024327456951141357
0.0 0.0 0.036756157875061035
0.0 0.0 0.04373574256896973
0.0 0.003875732421875 0.0421563982963562
0.0013679713010787964 0.006708770990371704 0.032706379890441895
0.0006149262189865112 0.004516676068305969 0.03092855215072632
0.009205460548400879 0.0028269439935684204 0.03124469518661499
0.01553027331829071 0.007759511470794678 0.03490537405014038
0.025236517190933228 0.010237008333206177 0.026522457599639893
0.01977609097957611 0.021122872829437256 0.0035858154296875
0.02605244517326355 0.028737857937812805 0.0
0.033217594027519226 0.031309112906455994 0.0
0.03877726197242737 0.03776882588863373 0.0
0.04106856882572174 0.03884226083755493 0.0
0.04912775754928589 0.0498989075422287 0.0
0.049580782651901245 0.06049405038356781 0.0
0.049430713057518005 0.05821128189563751 0.0
0.03748096525669098 0.04619726538658142 0.0
0.030318066477775574 0.0371999591588974 0.0
0.03195992112159729 0.035058677196502686 0.0
0.03700466454029083 0.036462292075157166 0.014886617660522461
0.02829892933368683 0.032025933265686035 0.018700063228607178
0.012731656432151794 0.020213723182678223 0.02027219533920288
0.009813770651817322 0.01782001554965973 0.028263211250305176
0.005314052104949951 0.017252370715141296 0.026351451873779297
0.012257769703865051 0.017995521426200867 0.020275115966796875
0.021720975637435913 0.027783289551734924 0.011802196502685547
0.01725924015045166 0.030701979994773865 0.0
0.007275491952896118 0.032246485352516174 0.0
0.007403761148452759 0.02667415142059326 0.0
0.0 0.023577392101287842 0.0
0.0 0.0019482672214508057 0.0
0.0 0.0 0.006787478923797607
0.0 0.0 0.024716496467590332
0.0 0.0 0.03083592653274536
0.0 0.0 0.03788471221923828
0.0 0.0 0.040049970149993896
0.0 0.0 0.041651248931884766
0.0 0.0 0.04738891124725342
0.0 0.0 0.047630250453948975
0.0 0.0 0.04488462209701538
0.0 0.0 0.03951370716094971
0.0 0.0 0.03137218952178955
0.0 0.0 0.02584242820739746
0.0 0.0 0.023655235767364502
0.0 0.0 0.02403426170349121
0.0 0.0 0.024035274982452393
0.0 0.0 0.02075636386871338
0.0 0.0 0.02045905590057373
0.0 0.0 0.02305614948272705
0.0 0.0 0.024647057056427002
0.0 0.0005843639373779297 0.02965259552001953
0.0 0.005848497152328491 0.027477264404296875
0.003558248281478882 0.006366044282913208 0.022711873054504395
0.007945120334625244 0.014620006084442139 0.018570005893707275
0.011490926146507263 0.008845269680023193 0.017652928829193115
0.008565053343772888 0.008066266775131226 0.01686418056488037
0.013032764196395874 0.011994600296020508 0.014926910400390625
0.009512364864349365 0.00795920193195343 0.014612197875976562
0.001250624656677246 0.009150087833404541 0.01617121696472168
0.008398562669754028 0.004674196243286133 0.02084171772003174
0.02174621820449829 0.015990689396858215 0.017454326152801514
0.02714996039867401 0.023921921849250793 0.0005078911781311035
0.03385402262210846 0.033365994691848755 0.0
0.024215415120124817 0.037751004099845886 0.0
0.02903631329536438 0.04064708948135376 0.0
0.03312920033931732 0.042126014828681946 0.0
0.03360593318939209 0.03874209523200989 0.0
0.028483480215072632 0.03459435701370239 0.0
0.01102253794670105 0.02384352684020996 0.0
0.0053865909576416016 0.015022188425064087 0.0
0.005888134241104126 0.010454133152961731 0.013662993907928467
0.00216655433177948 0.00742003321647644 0.022661209106445312
0.0 0.0 0.025623440742492676
0.0 0.0 0.029823660850524902
0.0 0.0 0.03571212291717529
0.0 0.0 0.0387110710144043
0.0 0.0 0.037179768085479736
0.0 0.0 0.03540092706680298
0.0 0.0 0.028187215328216553
0.0 0.0 0.018338441848754883
0.002489253878593445 0.011542141437530518 0.0
0.027733847498893738 0.02972051501274109 0.0
0.03209349513053894 0.037035971879959106 0.0
0.021333202719688416 0.022117555141448975 0.0
0.01071368157863617 0.01910705864429474 0.0
0.017763271927833557 0.021055102348327637 0.0
0.034764811396598816 0.0389350950717926 0.0038048624992370605
0.044207245111465454 0.04983752965927124 0.0040757060050964355
0.015189751982688904 0.030939340591430664 0.003808140754699707
0.0 0.005263417959213257 0.008644700050354004
0.0 0.0 0.02385890483856201
0.0 0.0 0.041532695293426514
0.0 0.0 0.05100935697555542
0.0 0.0 0.04979604482650757
0.0 0.0 0.049292802810668945
0.0 0.0 0.055794477462768555
0.0 0.0 0.06398093700408936
0.0 0.0 0.061737895011901855
0.0 0.0 0.04927104711532593
0.0 0.0 0.03528493642807007
0.0 0.0 0.02915245294570923
0.0 0.0 0.019823551177978516
0.0 0.0 0.011981606483459473
0.0 0.0 0.00711745023727417
0.0 0.006770297884941101 0.0
0.028199896216392517 0.03075258433818817 0.0
0.047982946038246155 0.044330716133117676 0.0
0.05175791680812836 0.052682146430015564 0.0
0.052414670586586 0.05373072624206543 0.0
0.05187059938907623 0.047537222504615784 0.0
0.05735751986503601 0.04794442653656006 0.0
0.05468347668647766 0.04478949308395386 0.0
0.04216587543487549 0.03754805028438568 0.0
0.02497115731239319 0.03198125958442688 0.0
0.01434507966041565 0.019712239503860474 0.01697850227355957
0.010073378682136536 0.013000428676605225 0.029840052127838135
0.008615225553512573 0.0013131946325302124 0.03369969129562378
0.0 0.0 0.02933943271636963
0.0 0.0 0.027167797088623047
0.0 0.0 0.029139816761016846
0.0 0.0 0.02990168333053589
0.0 0.0 0.02157139778137207
0.0 0.0 0.017499148845672607
0.0 0.0 0.011216342449188232
0.0 0.0 0.0072103142738342285
0.0 0.0 0.0
0.0 0.0 0.0
0.0 0.0007606446743011475 0.0
0.0 0.0 0.0
0.0 0.0005209445953369141 0.0009468197822570801
0.0 0.0 0.004111588001251221
0.0 0.0031578540802001953 0.008441627025604248
0.0 0.0007058382034301758 0.012924611568450928
0.0 0.0018256157636642456 0.018525540828704834
0.0 0.0 0.015610814094543457
0.0 0.0 0.013703465461730957
0.0 0.0 0.012766838073730469
0.0 0.0 0.01136857271194458
0.0 0.0 0.008862316608428955
0.0 0.0 0.0025472640991210938
0.0 0.0 0.0
0.0 0.0 0.004314303398132324
0.0 0.0 0.010023295879364014
0.0 0.0 0.007892191410064697
0.0 0.0 0.005644321441650391
0.0 0.0 0.007009387016296387
0.0 0.0 0.012808442115783691
0.0 0.0 0.01858288049697876
0.0 0.0 0.016053855419158936
0.0 0.0 0.014466345310211182
0.0007681995630264282 0.0015246421098709106 0.010663807392120361
0.002464011311531067 0.0028815418481826782 0.010931730270385742
0.0 0.002197369933128357 0.007857263088226318
0.0 0.00022298097610473633 0.007239997386932373
0.0 0.0 0.010342240333557129
0.0 0.0 0.00967174768447876
0.0 0.0 0.011783182621002197
0.0 0.0003131181001663208 0.011866509914398193
0.0 0.0 0.012072265148162842
0.0 0.0018403828144073486 0.008859872817993164
0.0 0.0 0.008758246898651123
0.0 0.0 0.00675046443939209
0.0 0.0 0.006926119327545166
0.0 0.0 0.007748603820800781
0.0 0.0008526891469955444 0.009322822093963623
0.0 0.001450657844543457 0.009065032005310059
0.0 0.002269446849822998 0.009487628936767578
0.0 0.0 0.007801234722137451
0.0 0.0 0.007143199443817139
0.0 0.0 0.005800008773803711
0.0 0.0017507076263427734 0.008760690689086914
0.0001812279224395752 0.0009651631116867065 0.009928524494171143
0.00023308396339416504 0.0011400878429412842 0.008459329605102539
0.0 0.0 0.004243791103363037
0.0 0.0 0.0023848414421081543
0.0 0.0003237128257751465 0.004224121570587158
0.0 0.0 0.007696688175201416
0.0 0.000664636492729187 0.011807680130004883
0.0 0.0005627274513244629 0.015772104263305664
0.0 0.0002623051404953003 0.01677107810974121
0.0 0.0 0.01838815212249756
0.0 0.0 0.016579926013946533
0.0 0.0 0.015677452087402344
0.0 0.0 0.01220017671585083
0.0 0.0 0.008966267108917236
0.0 0.0 0.00675356388092041
0.0 0.0002063065767288208 0.001926720142364502
0.0 0.0 0.0031572580337524414
0.0 0.0 0.003956973552703857
0.0 0.0 0.006024777889251709
0.0 0.0 0.006678760051727295
0.0 0.0 0.007909893989562988
0.0 0.0 0.01054447889328003
0.0 0.0 0.011106610298156738
0.0 0.0 0.010434508323669434
0.0 0.0 0.0060460567474365234
0.0 0.0 0.005823493003845215
0.0 0.0 0.004721403121948242
0.0 0.0 0.007062792778015137
0.0 0.002884775400161743 0.012790441513061523
0.0 0.0 0.01440209150314331
0.0 0.0 0.018157660961151123
0.0 0.0 0.023099184036254883
0.0 0.0 0.032227158546447754
0.0 0.0 0.03283661603927612
0.0 0.0 0.03032398223876953
0.0 0.0 0.02222418785095215
0.0 0.0 0.02179008722305298
0.0 0.0 0.02537834644317627
0.0 0.0 0.040681421756744385
0.0 0.0 0.0487898588180542
0.0 0.0 0.05414372682571411
0.024637773633003235 0.0 0.06727302074432373
0.04087992012500763 0.020884931087493896 0.09161531925201416
0.07955685257911682 0.048174500465393066 0.05306899547576904
0.06086742877960205 0.0788206160068512 0.0
0.11950594186782837 0.14650100469589233 0.0
0.2259993553161621 0.2097688615322113 0.0
0.2644107937812805 0.22023862600326538 0.0
0.18976181745529175 0.25621750950813293 0.0
0.14326989650726318 0.3328143358230591 0.0
0.08954161405563354 0.40816038846969604 0.0
0.09095501899719238 0.45612505078315735 0.0
0.0293581485748291 0.4487232267856598 0.0
0.0 0.22510209679603577 0.0
0.0 0.11285695433616638 0.0
0.0 0.07391497492790222 0.0
0.0 0.01476547122001648 0.0
0.0 0.028601258993148804 0.07639408111572266
0.0 0.0 0.2784445285797119
0.0 0.0 0.5419118404388428
0.0 0.0 0.5514775514602661
0.0 0.11082866787910461 0.3527958393096924
0.0 0.2576826810836792 0.17847949266433716
0.0 0.3080822825431824 0.08890241384506226
0.0 0.30480313301086426 0.054282963275909424
0.0 0.2830909490585327 0.034251511096954346
0.0 0.3489643931388855 0.016809165477752686
0.0 0.3330986499786377 0.04674720764160156
0.0 0.2684021592140198 0.12373495101928711
0.0 0.26841074228286743 0.16878551244735718
0.0 0.3188270926475525 0.14979338645935059
0.0 0.31274354457855225 0.1453322172164917
0.0 0.2844449281692505 0.14522850513458252
0.0 0.1723775863647461 0.1995651125907898
0.0 0.11622786521911621 0.22201108932495117
0.0 0.06811130046844482 0.2247362732887268
0.0 0.16317391395568848 0.15127414464950562
0.007887214422225952 0.13576757907867432 0.17845559120178223
0.0 0.07814359664916992 0.24430370330810547
0.0 0.09713906049728394 0.21235907077789307
0.0 0.1946386694908142 0.1072649359703064
0.0 0.16005021333694458 0.10525369644165039
0.0 0.10118329524993896 0.17447024583816528
0.0 0.13022667169570923 0.14144355058670044
0.0 0.1326754093170166 0.09532243013381958
0.0 0.11677861213684082 0.09051269292831421
0.03241938352584839 0.07164502143859863 0.0980762243270874
0.006924927234649658 0.05655771493911743 0.03823983669281006
0.0 0.11163711547851562 0.0
0.07468977570533752 0.024962544441223145 0.0
0.08956894278526306 0.0 0.03851509094238281
0.008663728833198547 0.0 0.01583254337310791
0.0 0.02175980806350708 0.029723525047302246
0.0 0.037483811378479004 0.034838318824768066
0.0 0.00808805227279663 0.080502450466156
0.0 0.0 0.09756743907928467
0.0 0.0002868175506591797 0.10826623439788818
0.0 0.0 0.12196981906890869
0.0 0.0069754719734191895 0.19938987493515015
0.0 0.05158275365829468 0.2515110969543457
0.0 0.11402711272239685 0.184953510761261
0.0 0.09907267987728119 0.09435033798217773
0.007399877067655325 0.06514731794595718 0.0
0.08565105497837067 0.08338944613933563 0.0
0.08503483235836029 0.1047162115573883 0.0
0.022755905985832214 0.0799417793750763 0.0
0.0 0.06132083386182785 0.0
0.0 0.04941107705235481 0.0
0.0 0.05225726217031479 0.0
0.0 0.06058777496218681 0.0
0.0 0.04194924980401993 0.0
0.0 0.003949951380491257 0.0
0.0 0.0 0.0
0.0 0.0 0.02615445852279663
0.0 0.0 0.04704165458679199
0.0 0.0 0.034714698791503906
0.0 0.0 0.022609353065490723
0.0 0.0 0.013362288475036621
0.010424569249153137 0.016886398196220398 0.011152982711791992
0.005802556872367859 0.017628472298383713 0.0015282630920410156
0.006670728325843811 0.021661341190338135 0.0061858296394348145
0.015920281410217285 0.021396171301603317 0.012732446193695068
0.010595425963401794 0.012960128486156464 0.02426964044570923
0.007713630795478821 0.0 0.03491741418838501
0.0 0.0 0.03665876388549805
0.0 0.0 0.032783567905426025
0.0 0.0 0.02392268180847168
0.0 0.0 0.015534758567810059
0.0 0.0024145469069480896 0.010310530662536621
0.0 0.004751428961753845 0.009790778160095215
0.0 0.0 0.00523686408996582
0.0 0.0 0.0014311671257019043
0.0 0.005414396524429321 0.0008122920989990234
0.0 0.008560553193092346 0.0
0.0 0.005624443292617798 0.0
0.0 0.003786541521549225 0.0
0.0 0.0020857304334640503 0.005102992057800293
0.0 0.0 0.010602593421936035
0.0 0.0 0.013374745845794678
0.0 0.0 0.021337568759918213
0.0 0.0 0.025307655334472656
0.0 0.0004501938819885254 0.01905369758605957
0.0 0.004309400916099548 0.011263906955718994
0.0 0.001655876636505127 0.00872337818145752
0.0 0.0 0.004997074604034424
0.0 0.0022973045706748962 0.004855930805206299
0.0 0.0014956146478652954 0.004241943359375
0.0 0.0040552616119384766 0.0007083415985107422
0.0 0.0 0.005761146545410156
0.0 0.0 0.011159181594848633
0.0 0.0 0.013250470161437988
0.0 0.0 0.014251291751861572
0.0 0.0 0.012966692447662354
0.0 0.0011730790138244629 0.0104178786277771
0.003283679485321045 0.0066857486963272095 0.017196714878082275
0.0014526844024658203 0.005202040076255798 0.01589280366897583
0.0015010535717010498 0.0051141902804374695 0.016795814037322998
0.0003277510404586792 0.002402782440185547 0.010125458240509033
0.0041463375091552734 0.008660636842250824 0.0038805603981018066
0.007393866777420044 0.007070556282997131 0.004488468170166016
0.002758115530014038 0.00940297544002533 0.0
0.0 0.009879976511001587 0.0
0.0 0.007051527500152588 0.0
0.0 0.007829084992408752 0.0021936893463134766
0.0 0.0010703057050704956 0.0079193115234375
0.0 0.0 0.018745481967926025
0.0 0.0 0.025594711303710938
0.0 0.0 0.026413321495056152
0.0 0.0 0.016400158405303955
0.0 0.0 0.018729090690612793
0.0 0.0 0.01470249891281128
0.0 0.0 0.018793046474456787
0.0 0.00920984148979187 0.020496785640716553
0.0 0.009616047143936157 0.002902388572692871
0.0 0.006901577115058899 0.0
0.0 0.014861136674880981 0.0
0.0 0.007557421922683716 0.022736430168151855
0.0 0.0 0.07140868902206421
0.0 0.0037793219089508057 0.0
0.00039358437061309814 0.0021988749504089355 0.0
0.0 0.00895141065120697 0.0
0.0 0.0 0.0
0.0 0.007134854793548584 0.008848428726196289
0.004909694194793701 0.0 0.015145063400268555
0.0016286373138427734 0.0 0.011625111103057861
0.02631548047065735 0.002642691135406494 0.02022683620452881
0.026389077305793762 0.0 0.025166630744934082
0.013261541724205017 0.004882484674453735 0.02463364601135254
0.0 0.023984745144844055 0.0255090594291687
0.0 0.007209569215774536 0.015232205390930176
0.0 0.01580217480659485 0.0
0.012642845511436462 0.0027732253074645996 0.0074887871742248535
0.0 0.0 0.0029146671295166016
0.0 0.011243104934692383 0.0
0.0 0.0 0.0
0.0 0.00825345516204834 0.005577564239501953
0.0 0.004896506667137146 0.01386404037475586
0.0 0.0 0.002212226390838623
0.0 0.0 0.0009180307388305664
0.0 0.0 0.01066368818283081
0.0 0.0 0.015469729900360107
0.0 0.0 0.019106924533843994
0.0 0.0 0.027515292167663574
0.0 0.0 0.024791836738586426
0.0 0.0 0.018075764179229736
0.0 0.0034782439470291138 0.011134505271911621
0.0 0.0 0.013911068439483643
0.0 0.0027053505182266235 0.007030487060546875
0.0 0.0 0.0
0.0 0.0051278769969940186 0.007688581943511963
0.0 0.0004803091287612915 0.0
0.0 0.0 0.009949803352355957
0.0 0.0 0.003975272178649902
0.0 0.0 0.0
0.0 0.007448658347129822 0.007933378219604492
0.03606003522872925 0.016948401927947998 0.0452268123626709
0.023166567087173462 0.005019888281822205 0.004491686820983887
0.007196396589279175 0.01198616623878479 0.0
0.004463270306587219 0.005939766764640808 0.0
0.0 0.0037392526865005493 0.0
0.0 0.00019168853759765625 0.0
