0.012872233986854553 0.0 0.006891369819641113
0.0 0.014968931674957275 0.009282350540161133
0.004623293876647949 0.012052714824676514 0.023452579975128174
0.0 0.016853690147399902 0.01593071222305298
0.0 0.016737550497055054 0.0022385716438293457
0.009028147906064987 0.026277631521224976 0.0
0.006306752562522888 0.02470576763153076 0.0
0.02270893007516861 0.013343870639801025 0.0
0.0 0.009239554405212402 0.0
0.0 0.01508718729019165 0.0
0.0 0.005822569131851196 0.007811367511749268
0.0029902383685112 0.0053910017013549805 0.00545811653137207
0.0 0.004355370998382568 0.0030369162559509277
0.0 0.0014633238315582275 0.009287834167480469
0.003937028348445892 0.0005149245262145996 0.009938716888427734
0.009238924831151962 0.0 0.014521241188049316
0.0028762947767972946 0.003636986017227173 0.013686835765838623
0.004412347450852394 0.007576286792755127 0.01299816370010376
0.015302345156669617 0.005755364894866943 0.014846861362457275
0.0010166186839342117 0.010407477617263794 0.010196566581726074
0.0 0.00873294472694397 0.00972658395767212
0.007821634411811829 0.0009546577930450439 0.015155494213104248
0.0022459719330072403 0.0013694167137145996 0.007776141166687012
0.0 0.0025442838668823242 0.0006154179573059082
0.007910694926977158 0.0 0.005226850509643555
0.003812076523900032 0.0 0.003648042678833008
0.0 0.004094511270523071 0.004568755626678467
0.0 0.004053175449371338 0.007116198539733887
0.004159741103649139 0.0 0.012882828712463379
0.0 0.003944188356399536 0.009889483451843262
0.004726354032754898 0.004635661840438843 0.004749715328216553
0.0025701746344566345 0.0062634944915771484 0.004708051681518555
0.0 0.0023326575756073 0.0069658756256103516
0.0009725764393806458 0.0 0.01001286506652832
0.011054882779717445 0.0014911890029907227 0.01872938871383667
0.0056710150092840195 0.006378114223480225 0.01167285442352295
0.0031102411448955536 0.004712909460067749 0.011293470859527588
0.002506932243704796 0.0024566054344177246 0.011420786380767822
0.0 0.006611943244934082 0.0031777024269104004
0.002974577248096466 0.002879619598388672 0.007726848125457764
0.0023909304291009903 0.0008535087108612061 0.005694925785064697
0.0004646293818950653 0.0007153153419494629 0.006319999694824219
0.0 0.001555711030960083 0.005416572093963623
0.002236226573586464 0.0 0.015326738357543945
0.005076868459582329 0.0 0.015831828117370605
0.0 0.0 0.014765143394470215
0.0 0.0013660192489624023 0.017351865768432617
0.0 0.005017876625061035 0.005363881587982178
0.0035718735307455063 0.0007711946964263916 0.013070940971374512
0.0038037672638893127 0.00422629714012146 0.008052945137023926
0.004402976483106613 0.006918549537658691 0.004759848117828369
0.009592890739440918 0.005742907524108887 0.006742238998413086
0.004583558067679405 0.003715693950653076 0.006314516067504883
0.0 0.0018703639507293701 0.005574822425842285
0.0026919953525066376 0.004525303840637207 0.00852125883102417
0.002532675862312317 0.0 0.013347327709197998
0.0 0.0 0.00958317518234253
0.0 0.0 0.020070552825927734
0.010682962834835052 0.0 0.019014477729797363
0.0 0.004116952419281006 0.013284683227539062
0.0 0.0030376017093658447 0.00619584321975708
0.0007088407874107361 0.002496272325515747 0.0049040913581848145
0.0 0.003691345453262329 0.0
0.0 0.002921462059020996 0.0
0.0003203451633453369 0.0 0.001168668270111084
0.0 0.0 0.0
0.0 0.001278907060623169 0.004244446754455566
0.0 0.0005668401718139648 0.007971704006195068
0.0 0.0 0.009748399257659912
0.0 0.0 0.013906717300415039
0.0 0.0 0.014367520809173584
0.0 0.0 0.013996779918670654
0.0016765259206295013 0.0027053654193878174 0.014749586582183838
0.0 0.004360288381576538 0.013973116874694824
0.0033127889037132263 0.0034259557723999023 0.010838449001312256
0.007102549076080322 0.003574848175048828 0.0102308988571167
0.0006780140101909637 0.004839688539505005 0.0055027008056640625
0.0 0.0025786161422729492 0.006514906883239746
0.004211820662021637 0.00011867284774780273 0.006005346775054932
0.0002917833626270294 0.001211315393447876 0.0049242377281188965
0.0 0.003115534782409668 0.004353880882263184
0.001034848392009735 0.0028525590896606445 0.0034542083740234375
0.0 0.0010356903076171875 0.005234122276306152
0.0 0.0018336772918701172 0.002718806266784668
0.0 0.0 0.001221001148223877
0.0 0.000731736421585083 0.0
0.0 0.0 0.0006315708160400391
0.0015263892710208893 0.0 0.0028707385063171387
0.0 0.0015735328197479248 0.00534367561340332
0.0 0.0 0.011434495449066162
0.0 0.0018115341663360596 0.00965183973312378
0.0 0.005442112684249878 0.008584678173065186
0.006517946720123291 0.004009366035461426 0.007869839668273926
0.0014953762292861938 0.005106687545776367 0.005128741264343262
0.0007401593029499054 0.0076240599155426025 0.00017750263214111328
0.0020449496805667877 0.003297746181488037 0.009089410305023193
0.0026032663881778717 0.00970718264579773 0.0005694031715393066
0.002875290811061859 0.003973871469497681 0.0037696361541748047
0.002430729568004608 0.0008286833763122559 0.0073348283767700195
0.000802062451839447 0.0 0.011507928371429443
0.0 0.0 0.008425474166870117
0.0 0.0 0.004427313804626465
0.0 0.0 0.012025535106658936
0.0 0.0 0.013324260711669922
0.0 0.0 0.01191633939743042
0.0015261918306350708 0.0 0.012442529201507568
0.0 0.0011674165725708008 0.007765471935272217
0.001829337328672409 0.0 0.007147252559661865
0.007838174700737 0.0047290027141571045 0.012825548648834229
0.009422484785318375 0.005845218896865845 0.01124119758605957
0.001558881253004074 0.009194403886795044 0.00841456651687622
0.0063976384699344635 0.0069844722747802734 0.008492112159729004
0.00468917191028595 0.00436052680015564 0.002855062484741211
0.005039248615503311 0.006028980016708374 0.006045699119567871
0.009360842406749725 0.003300994634628296 0.008731424808502197
0.005879320204257965 0.00511091947555542 0.009247958660125732
0.0 0.005960822105407715 0.008363485336303711
0.0 0.003124028444290161 0.005527973175048828
0.002190079540014267 0.0021723508834838867 0.006919741630554199
0.0010761357843875885 0.00048801302909851074 0.004633188247680664
0.0 0.0027707815170288086 0.006178677082061768
0.0 0.0 0.0049517154693603516
0.001753106713294983 0.0 0.0138053297996521
0.0005390383303165436 0.0 0.013069510459899902
0.0 0.0016629397869110107 0.005808234214782715
0.0 0.0007087588310241699 0.004795551300048828
0.0021351277828216553 0.0007633864879608154 0.003930330276489258
0.0 0.007906585931777954 0.0
0.001270245760679245 0.008485257625579834 0.0
0.011159531772136688 0.011003315448760986 0.0
0.006206769496202469 0.012356400489807129 0.0
0.010026291012763977 0.009703218936920166 0.0
0.005275003612041473 0.006765842437744141 0.0020641684532165527
0.0 0.004482656717300415 0.006304442882537842
0.0 0.0 0.017274439334869385
0.0 0.0 0.02723938226699829
0.0 0.0 0.032504498958587646
0.0 0.0 0.0339503288269043
0.0 0.0 0.030757248401641846
0.0 0.0 0.019383668899536133
0.0 0.0 0.004547715187072754
0.0 0.0 0.0
0.001103278249502182 0.004490077495574951 0.0
0.00703207403421402 0.009376466274261475 0.004350125789642334
0.010498370975255966 0.010710060596466064 0.0037286877632141113
0.011252172291278839 0.011576145887374878 0.0056351423263549805
0.010651540011167526 0.010700821876525879 0.008263826370239258
0.005412016063928604 0.0057215094566345215 0.006391644477844238
0.008789855986833572 0.003343045711517334 0.009171366691589355
0.009336620569229126 0.0016042590141296387 0.01505821943283081
0.0 0.004726201295852661 0.009585142135620117
0.0 0.0 0.017578721046447754
0.005375653505325317 0.0 0.016415894031524658
0.0 0.001718282699584961 0.008523285388946533
0.0 0.005878567695617676 0.0
0.0 0.0 0.0017251968383789062
0.005651704967021942 0.0016521811485290527 0.0
0.00172341987490654 0.006286263465881348 0.001496732234954834
0.003873176872730255 0.006716638803482056 0.0032622814178466797
0.001320619136095047 0.005700856447219849 0.0
0.0 0.004307568073272705 0.0013063549995422363
0.0030158162117004395 0.0011881589889526367 0.006031394004821777
0.0017542354762554169 0.007468700408935547 0.0029945969581604004
0.0 0.007026642560958862 0.005782127380371094
0.0 0.0008096694946289062 0.008276045322418213
0.0 0.0 0.005134701728820801
0.0 0.0 0.014045238494873047
0.0 0.0 0.011098146438598633
0.0 0.0 0.01135796308517456
0.0 0.0 0.00765305757522583
0.0010761097073554993 0.0017619132995605469 0.00552898645401001
0.003704402595758438 0.0041904449462890625 0.0
0.009603671729564667 0.009190380573272705 0.0
0.010588277131319046 0.01346537470817566 0.0
0.00972495973110199 0.015572458505630493 0.0
0.01618383079767227 0.011524289846420288 0.006966948509216309
0.01849403604865074 0.010534495115280151 0.011324763298034668
0.012177612632513046 0.01226717233657837 0.01285785436630249
0.010585881769657135 0.0032141506671905518 0.018747270107269287
0.0009725168347358704 0.0 0.030739307403564453
0.0 0.0 0.031469106674194336
0.0 0.0 0.02901560068130493
0.0 0.0 0.011116623878479004
0.0 0.0 0.0
0.0 0.0 0.0
0.0 0.0 0.0
0.0 0.0 0.0
0.0 0.0014634430408477783 0.0
0.00638158991932869 0.005645543336868286 0.0
0.010858237743377686 0.008661001920700073 0.0013118982315063477
0.01230219379067421 0.012820690870285034 0.011285781860351562
0.010359320789575577 0.01160651445388794 0.01621609926223755
0.011404480785131454 0.009249508380889893 0.022777438163757324
0.00830366462469101 0.006758183240890503 0.022067725658416748
0.011916585266590118 0.004945188760757446 0.02610909938812256
0.0056019127368927 0.004787415266036987 0.02040046453475952
0.0005098097026348114 0.0031346678733825684 0.010921359062194824
0.0014430321753025055 0.0017049312591552734 0.010042726993560791
0.0014007873833179474 0.000979095697402954 0.0
0.0 0.0005679726600646973 0.0
0.0 0.0001448988914489746 0.0
0.0 0.0 0.0
0.0 0.0 0.0013206005096435547
0.0 0.0 0.005442202091217041
0.0 0.0 0.0046073198318481445
0.0 0.003864109516143799 0.007124960422515869
0.00021659955382347107 0.0005006790161132812 0.009102940559387207
0.0 0.001920074224472046 0.01109778881072998
0.0003857910633087158 0.00013533234596252441 0.0149383544921875
0.003949154168367386 0.0 0.015169978141784668
0.0 0.0013624727725982666 0.011873602867126465
0.006962671875953674 0.0023588836193084717 0.014429748058319092
0.003425430506467819 0.004338711500167847 0.010890364646911621
0.0 0.007175534963607788 0.0025356411933898926
0.007795318961143494 0.0020683109760284424 0.00629192590713501
0.004098422825336456 0.004435151815414429 0.0
0.00291578471660614 0.005266308784484863 0.0
0.0019861161708831787 0.00549045205116272 0.0
0.0019268356263637543 0.004444092512130737 0.0027353763580322266
0.0017617568373680115 0.0033892393112182617 0.004674732685089111
0.0017181597650051117 0.003659963607788086 0.007932424545288086
0.0 0.001607656478881836 0.006934046745300293
0.0016016848385334015 0.0 0.011967301368713379
0.0 0.0 0.020039856433868408
0.0 0.0 0.016075611114501953
0.0 0.0006849169731140137 0.015445470809936523
0.007340330630540848 0.0012537837028503418 0.016326189041137695
0.005285277962684631 0.0014275610446929932 0.013303756713867188
0.0011922121047973633 0.0028378665447235107 0.010126590728759766
0.0038651376962661743 0.003954857587814331 0.008222341537475586
0.004948034882545471 0.004865109920501709 0.006105542182922363
0.0002504587173461914 0.00827375054359436 0.001731574535369873
0.0 0.00706908106803894 0.0
0.0 0.004007667303085327 0.0
0.0 0.0002601146697998047 0.0
0.0 0.0 0.0
0.0 0.0 0.0
0.0 0.0 0.0
0.0 0.0 0.0
0.0 0.0 0.00431746244430542
0.0 0.0 0.008605360984802246
0.0 0.0023940205574035645 0.011414289474487305
0.0012313872575759888 0.003179699182510376 0.01538848876953125
0.0027306675910949707 0.009660094976425171 0.01286226511001587
0.007015503942966461 0.008941292762756348 0.010198056697845459
0.010954946279525757 0.00807681679725647 0.005410730838775635
0.0066379643976688385 0.010117948055267334 0.0015687346458435059
0.012729935348033905 0.007157415151596069 0.0030809640884399414
0.007272999733686447 0.00960657000541687 0.0022476911544799805
0.0039678215980529785 0.0051583945751190186 0.003210783004760742
0.0028361976146698 0.00515902042388916 0.0033000707626342773
0.0 0.0012851059436798096 0.0049964189529418945
0.0 0.0 0.005281329154968262
0.0 0.0016658902168273926 0.007419705390930176
0.0 0.0 0.01184457540512085
0.0 0.0 0.012509703636169434
0.0 0.0 0.014752745628356934
0.0 0.0 0.012600481510162354
0.0 0.0 0.01169443130493164
0.0 0.002215087413787842 0.00866764783859253
0.0 0.0 0.0028879642486572266
0.002080705016851425 0.0022534430027008057 0.003103196620941162
0.0 0.004969894886016846 0.002327561378479004
0.0010296516120433807 0.0033659934997558594 0.0007139444351196289
0.002984721213579178 0.005718618631362915 0.005545496940612793
0.006979715079069138 0.003765016794204712 0.00808095932006836
0.003388460725545883 0.004127562046051025 0.00919562578201294
0.0012612007558345795 0.0041297972202301025 0.013927459716796875
0.0026183761656284332 0.00186079740524292 0.012145280838012695
0.0026762187480926514 0.004159480333328247 0.008862555027008057
0.0027503520250320435 0.0052061378955841064 0.007474124431610107
0.001878693699836731 0.0026346445083618164 0.005096375942230225
0.0017564445734024048 0.002467244863510132 0.005641043186187744
0.0 0.0037268996238708496 0.004267394542694092
0.0 0.0012855231761932373 0.0
0.0 0.0012921392917633057 0.001157522201538086
0.0 0.0 0.0009214282035827637
0.0 0.0002487301826477051 0.0053716301918029785
0.0 0.000402599573135376 0.004942536354064941
0.0 0.00031816959381103516 0.008098602294921875
0.0 0.0 0.0055037736892700195
0.0 0.0 0.00835961103439331
0.000525452196598053 0.001037299633026123 0.0069010257720947266
0.0 0.0 0.009225428104400635
0.0 0.0007506012916564941 0.009523510932922363
0.0 0.0011758208274841309 0.003152787685394287
0.0 0.0005986988544464111 0.0013214945793151855
0.0 0.005820602178573608 0.0
0.0 0.009701371192932129 0.0
0.013063745573163033 0.0 0.0
0.0011533945798873901 0.0 0.0074242353439331055
0.0 0.0 0.012182652950286865
0.0 0.0 0.017156779766082764
0.0 0.0 0.0038025379180908203
0.0 0.0 0.010999143123626709
0.005535677075386047 0.0 0.018047749996185303
0.0 0.0 0.03854012489318848
0.0038568153977394104 0.04765230417251587 0.04097282886505127
0.0012001469731330872 0.0 0.21154004335403442
0.0284682959318161 0.09189891815185547 0.15858370065689087
0.1320928931236267 0.21191951632499695 0.039057910442352295
0.264621764421463 0.24277961254119873 0.0
0.4292922914028168 0.21477079391479492 0.0
0.40005382895469666 0.417863130569458 0.0
0.3222522735595703 0.5902793407440186 0.0
0.25074493885040283 0.7498844861984253 0.0
0.24148017168045044 0.641615092754364 0.0
0.014998674392700195 0.28256404399871826 0.0
0.0864335298538208 0.5190294981002808 0.0
0.0 0.14087945222854614 0.0
0.0 0.04771283268928528 0.0
0.0 0.0034232735633850098 0.0
0.0 0.0 0.5958588123321533
0.0 0.1962590515613556 0.8633894920349121
0.0 0.14731287956237793 0.736481785774231
0.0 0.3373139500617981 0.5164608955383301
0.0 0.40066057443618774 0.527458906173706
0.0 0.34643518924713135 0.7109280824661255
0.0 0.380082368850708 0.800735592842102
0.0 0.54730224609375 0.5088045597076416
0.0 0.6925962567329407 0.09399425983428955
0.04990790784358978 0.879185676574707 0.32420676946640015
0.18838287889957428 0.4384375810623169 0.055175840854644775
0.0 0.5732743740081787 0.4807817339897156
0.0 0.5935402512550354 0.5192496180534363
0.0 0.3765515089035034 0.4586210250854492
0.29003146290779114 0.22239285707473755 0.6379334926605225
0.45146602392196655 0.3618561029434204 0.6135538816452026
0.11165304481983185 0.4375152587890625 0.0
0.11144579201936722 0.09496891498565674 0.0
0.08051194250583649 0.2395693063735962 0.018179893493652344
0.1694827824831009 0.1688581109046936 0.06989288330078125
0.2451900839805603 0.10955080389976501 0.01566225290298462
0.2281668782234192 0.1276533007621765 0.02631819248199463
0.07425938546657562 0.0814490020275116 0.0
0.0 0.13136279582977295 0.0
0.0 0.1411278247833252 0.0
0.02570434659719467 0.21548056602478027 0.0
0.07551664113998413 0.11959991604089737 0.0
0.0259203240275383 0.17644459009170532 0.0
0.0 0.07683064043521881 0.0
0.0 0.09622370451688766 0.0
0.0 0.07537665218114853 0.0
0.0 0.058299995958805084 0.0
0.0 0.03791451454162598 0.0
0.0 0.03530906140804291 0.0
0.0 0.04482175409793854 0.0
0.019559189677238464 0.029609844088554382 0.041460514068603516
0.007138483226299286 0.005590558052062988 0.04888123273849487
0.0 0.0 0.04680603742599487
0.003531336784362793 0.0026528388261795044 0.04921203851699829
0.0465942919254303 0.0 0.06513363122940063
0.061134159564971924 0.0 0.05292510986328125
0.026926934719085693 0.003152787685394287 0.02369779348373413
0.013809271156787872 0.004800096154212952 0.036695897579193115
0.0 0.01646745204925537 0.0371396541595459
0.06638423353433609 0.024876728653907776 0.03479659557342529
0.0 0.0 0.03374284505844116
0.0 0.001994222402572632 0.03374069929122925
0.0 0.0 0.009188473224639893
0.0 0.0008430927991867065 0.0
0.0 0.030398935079574585 0.0
0.011609211564064026 0.006356373429298401 0.0
0.0 0.009602636098861694 0.0
0.0 0.009765088558197021 0.0
0.0 0.01361529529094696 0.0
0.005769357085227966 0.0010651201009750366 0.0
0.00018787384033203125 0.008813023567199707 0.0
0.0 0.0032705068588256836 0.004400491714477539
0.0 0.0059355199337005615 0.0
0.0 0.008960753679275513 0.0
0.0 0.007932022213935852 0.0
0.0 0.003459542989730835 0.004148721694946289
0.006193220615386963 0.010348334908485413 0.008808672428131104
0.001515507698059082 0.0042352378368377686 0.007080018520355225
0.0 0.0024439841508865356 0.0058785080909729
0.0 0.0 0.007337093353271484
0.0 0.007358536124229431 0.011686265468597412
0.0 0.0067615509033203125 0.018143057823181152
0.014309346675872803 0.010570928454399109 0.022441744804382324
0.017970986664295197 0.0067260414361953735 0.023748278617858887
0.011246412992477417 0.005222618579864502 0.02059692144393921
0.00022362172603607178 0.004671335220336914 0.01113206148147583
0.0029622167348861694 0.006096974015235901 0.013631999492645264
0.0 0.0035379528999328613 0.015214741230010986
0.0 0.0 0.013585925102233887
0.0 0.0 0.012343645095825195
0.0 0.0 0.012048482894897461
0.0 0.0 0.007265329360961914
0.0 0.0 0.0033101439476013184
0.0 0.000500217080116272 0.0036931633949279785
0.0 0.0018574297428131104 0.0009199976921081543
0.0 0.003422349691390991 0.0
0.0 0.0018724054098129272 0.0015015006065368652
0.0 0.004441127181053162 0.00042122602462768555
0.0 0.0 0.0
0.0 0.0 0.005714774131774902
0.006013855338096619 0.037835702300071716 0.014494776725769043
0.0 0.0 0.0
0.007971040904521942 0.010433480143547058 0.006517648696899414
0.0 0.003205224871635437 0.0
0.0 0.005942448973655701 0.0017715692520141602
0.0 0.010480761528015137 0.003182053565979004
0.0 0.0016945451498031616 0.00514596700668335
0.0 0.003698572516441345 0.008419930934906006
0.0032773837447166443 0.0008882880210876465 0.0072498321533203125
0.0 0.003157392144203186 0.009840846061706543
0.0 0.004979833960533142 0.014816820621490479
0.014731809496879578 0.006072327494621277 0.02125149965286255
0.014227710664272308 0.007753133773803711 0.015439152717590332
0.02502770721912384 0.015688687562942505 0.018428385257720947
0.025118805468082428 0.020092815160751343 0.01696842908859253
0.02184940129518509 0.03413417935371399 0.008776724338531494
0.04375592619180679 0.03198334574699402 0.011615753173828125
0.029862627387046814 0.033667370676994324 0.01106715202331543
0.03395134210586548 0.0528721809387207 0.01351994276046753
0.04899938404560089 0.05381876230239868 0.0035399794578552246
0.0645308792591095 0.036095649003982544 0.0
0.06292867660522461 0.024594783782958984 0.0
0.04971529543399811 0.03930404782295227 0.0
0.07056011259555817 0.05367329716682434 0.0
0.0587211549282074 0.07333159446716309 0.0
0.05976812541484833 0.07127124071121216 0.0
0.020247936248779297 0.03925502300262451 0.0
0.031397610902786255 0.030988186597824097 0.0
0.00535176694393158 0.008844882249832153 0.0
0.0 0.004650771617889404 0.010689139366149902
0.0 0.0 0.02369934320449829
0.0 0.0 0.03084123134613037
0.0 0.0 0.034825682640075684
0.0 0.0 0.04346102476119995
0.0 0.0 0.03746795654296875
0.0 0.0 0.03177511692047119
0.0 0.0 0.007542669773101807
0.0 0.0 0.012057900428771973
0.0 0.0 0.013306498527526855
0.0 0.0 0.032664954662323
0.0 0.0 0.028119564056396484
0.0 0.0 0.029433369636535645
0.0 0.0 0.034076571464538574
0.0 0.0 0.03800523281097412
0.0 0.016449302434921265 0.047676026821136475
0.0 0.027016282081604004 0.05085521936416626
0.012998536229133606 0.0319463312625885 0.029757440090179443
0.03533579409122467 0.03062453866004944 0.031315624713897705
0.05504029989242554 0.04820552468299866 0.01318269968032837
0.06844437122344971 0.059940069913864136 0.0052245259284973145
0.07132011651992798 0.0727786272764206 0.0
0.07480433583259583 0.07059982419013977 0.0
0.08541400730609894 0.07500571012496948 0.0
0.11430133879184723 0.08327019214630127 0.0
0.11287333071231842 0.09646415710449219 0.0
0.08340387046337128 0.09505833685398102 0.0
0.0828074961900711 0.07502421736717224 0.0
0.06826938688755035 0.07417252659797668 0.0
0.07605518400669098 0.0807756632566452 0.0023752450942993164
0.07611541450023651 0.07813064754009247 0.0
0.05942031741142273 0.057049453258514404 0.0
0.03413526713848114 0.058964312076568604 0.0
0.048238277435302734 0.04923945665359497 0.0
0.060055553913116455 0.04687856137752533 0.008195996284484863
0.039044469594955444 0.04892605543136597 0.02490842342376709
0.0 0.03297179937362671 0.024938106536865234
0.0 0.0 0.0
0.0 0.0 0.0
0.0 0.0 0.014173686504364014
0.0 0.0 0.029746294021606445
0.0 0.0 0.04288381338119507
0.0 0.0 0.04005229473114014
0.0 0.0 0.038820862770080566
0.0 0.0 0.035197317600250244
0.0 0.0 0.029703199863433838
0.0 0.0 0.026898324489593506
0.0 0.0 0.022717058658599854
0.0 0.0 0.028938651084899902
0.0 0.0 0.028650999069213867
0.0 0.0 0.02533137798309326
0.0 0.002425089478492737 0.02487349510192871
0.0 0.0035094767808914185 0.0238419771194458
0.0 0.0 0.02925240993499756
0.0 0.006486117839813232 0.032581865787506104
0.0020647644996643066 0.02521902322769165 0.03601616621017456
0.003451719880104065 0.03795704245567322 0.026488304138183594
0.015595421195030212 0.026518329977989197 0.022925078868865967
0.04135018587112427 0.02889065444469452 0.022647976875305176
0.052067697048187256 0.03990764915943146 0.01340264081954956
0.04804930090904236 0.05872519314289093 0.0
0.04784959554672241 0.06180645525455475 0.0
0.07420438528060913 0.0814044326543808 0.0
0.10811693966388702 0.07894693315029144 0.0
0.10242283344268799 0.09289230406284332 0.0
0.07972005009651184 0.10152283310890198 0.0
0.07203987240791321 0.09276758134365082 0.0
0.049691617488861084 0.07557064294815063 0.0
0.0479203462600708 0.0649435967206955 0.0
0.05687592923641205 0.05365781486034393 0.0
0.0443895161151886 0.04976727068424225 0.0
0.0236055850982666 0.04883758723735809 0.0
0.009990453720092773 0.034843429923057556 0.0
0.0 0.022258520126342773 0.003671884536743164
0.017254024744033813 0.016599297523498535 0.021274089813232422
0.020363301038742065 0.009022742509841919 0.03296303749084473
0.0 0.025272876024246216 0.02442455291748047
0.0 0.010657906532287598 0.01378566026687622
0.0 0.0 0.015428662300109863
0.00010070204734802246 0.0 0.016770124435424805
0.0 0.0 0.026829957962036133
0.0 0.008021146059036255 0.02965724468231201
0.0 0.0 0.016738295555114746
0.0 0.0 0.013755738735198975
0.0 0.0 0.013873636722564697
0.0 0.0 0.019814014434814453
0.0 0.0 0.022799432277679443
0.0 0.0 0.013269364833831787
0.0 0.0 0.002043426036834717
0.0 0.0 0.011931419372558594
0.0 0.0 0.02685081958770752
0.0 0.0 0.03874003887176514
0.0 0.0 0.033995985984802246
0.0 0.0 0.026659846305847168
0.0 0.0 0.03075265884399414
0.0 0.0 0.03385120630264282
0.0 0.0 0.04081165790557861
0.0 0.0 0.03581881523132324
0.0 0.0 0.024822652339935303
0.0 0.005045086145401001 0.0207059383392334
0.0 0.03307175636291504 0.019220173358917236
0.012579351663589478 0.037408098578453064 0.0
0.027297034859657288 0.029828906059265137 0.0
0.043852925300598145 0.028994828462600708 0.0
0.054119035601615906 0.04018832743167877 0.0
0.045436084270477295 0.05413827300071716 0.002252340316772461
0.03521522879600525 0.05597425997257233 0.0
0.04836881160736084 0.04211045801639557 0.0
0.04823371767997742 0.04514165222644806 0.0
0.050563663244247437 0.04884086549282074 0.0
0.05845572054386139 0.055651113390922546 0.0
0.051515668630599976 0.05719481408596039 0.0
0.04935386776924133 0.055783674120903015 0.0
0.050636112689971924 0.052128568291664124 0.0
0.05145286023616791 0.04122720658779144 0.0
0.04314878582954407 0.036771610379219055 0.0
0.041148945689201355 0.03739425539970398 0.0
0.02230897545814514 0.02946355938911438 0.0
0.0 0.03256915509700775 0.0
0.0 0.01363508403301239 0.002762019634246826
0.0 0.0 0.017354726791381836
0.0 0.0 0.028914809226989746
0.0 0.0 0.03875446319580078
0.0 0.0 0.02804630994796753
0.0 0.0 0.032293498516082764
0.0 0.0 0.030089855194091797
0.0 0.0 0.03519707918167114
0.0 0.0 0.03107607364654541
0.0 0.0 0.022122085094451904
0.0 0.0 0.019002199172973633
0.0 0.0 0.009662747383117676
0.0 0.007291465997695923 0.0
0.0 0.010944575071334839 0.0
0.01266711950302124 0.01864379644393921 0.0
0.009290069341659546 0.016389980912208557 0.0
0.0 0.015626057982444763 0.0
0.006911173462867737 0.01128658652305603 0.0
0.0 0.00529913604259491 0.0
0.001016855239868164 0.005781397223472595 0.0016357898712158203
0.0 0.008501574397087097 0.00782918930053711
0.0 0.007359832525253296 0.009767651557922363
0.0 0.002575889229774475 0.012899458408355713
0.0008324235677719116 0.0 0.018006443977355957
0.0 0.0 0.02087712287902832
0.0010009706020355225 0.0018952637910842896 0.014823436737060547
0.005758017301559448 0.005180805921554565 0.013542652130126953
0.001051872968673706 0.0038645118474960327 0.00881868600845337
0.005190417170524597 0.006734400987625122 0.00680774450302124
0.004328012466430664 0.008324414491653442 0.004671335220336914
0.0 0.005876407027244568 0.0
0.003476575016975403 0.008693099021911621 0.0011060237884521484
0.0039506107568740845 0.008145838975906372 0.0
0.0002741962671279907 0.003838092088699341 0.0
0.0 0.005879238247871399 0.0015147924423217773
0.0 0.0 0.005527079105377197
0.0 0.0 0.01827627420425415
0.0 0.0 0.02231144905090332
0.0 0.0 0.05161625146865845
0.0 0.0 0.06690013408660889
0.0 0.0 0.12467032670974731
0.0 0.0 0.0467454195022583
0.0 0.0 0.08793991804122925
0.0 0.0 0.09607255458831787
0.0 0.08014239370822906 0.028480887413024902
0.12869131565093994 0.15956257283687592 0.06976073980331421
0.1976855993270874 0.18385562300682068 0.0
0.38536328077316284 0.3574179410934448 0.0
0.43550431728363037 0.4947141408920288 0.0
0.313241183757782 0.7178373336791992 0.0
0.13769793510437012 0.7484579086303711 0.0
0.12530416250228882 0.652006208896637 0.0
0.10541415214538574 0.5659939050674438 0.0
0.09928488731384277 0.2999933958053589 0.0
0.015234947204589844 0.12013235688209534 0.0
0.0 0.2257196605205536 0.0
0.0 0.16850769519805908 0.0
0.0 0.0 0.020121335983276367
0.0 0.0 0.47295916080474854
0.0 0.08402138948440552 0.7133558988571167
0.0 0.023677438497543335 0.6788855791091919
0.0 0.32710862159729004 0.5899105668067932
0.0 0.3737744688987732 0.4789811968803406
0.0 0.43587726354599 0.534713864326477
0.0 0.4875337481498718 0.5749952793121338
0.0 0.5114886164665222 0.6151453256607056
0.0 0.5277507305145264 0.7226145267486572
0.0 0.7052180767059326 0.66485595703125
0.0 0.8454840183258057 0.616676926612854
0.0 0.8177017569541931 0.5874616503715515
0.08258777856826782 0.7399969100952148 0.5021047592163086
0.09249570220708847 0.5946974754333496 0.3798288106918335
0.07260095328092575 0.43415647745132446 0.3462773561477661
0.05029181391000748 0.39035487174987793 0.3007763624191284
0.09847953915596008 0.4098673462867737 0.166520893573761
0.12867863476276398 0.349717378616333 0.18008875846862793
0.10847005248069763 0.2900509834289551 0.10359001159667969
0.05340235307812691 0.26479044556617737 0.0
0.07970597594976425 0.24642805755138397 0.0
0.10956014692783356 0.20817159116268158 0.0
0.04144437611103058 0.20388579368591309 0.0
0.0 0.19166149199008942 0.0
0.0 0.1491561084985733 0.0
0.0 0.15200203657150269 0.0
0.0 0.1178949773311615 0.0
0.0 0.08768509328365326 0.0
0.0 0.06857982277870178 0.0
0.0 0.04637099802494049 0.0
0.0 0.019871965050697327 0.0
0.0 0.017021000385284424 0.028937935829162598
0.0 0.0 0.06675565242767334
0.0 0.0 0.07142889499664307
0.015151843428611755 0.0 0.09394830465316772
0.02127593755722046 0.0 0.07839637994766235
0.022006794810295105 0.0 0.06688547134399414
0.0167732834815979 0.0 0.04919344186782837
0.0 0.008339107036590576 0.025267839431762695
0.007978513836860657 0.005705028772354126 0.009085774421691895
0.01158173382282257 0.003594517707824707 0.0
0.008413463830947876 0.003474205732345581 0.0
0.0 0.007275521755218506 0.0
0.0 0.006442323327064514 0.0
0.0 0.007884576916694641 0.0023359060287475586
0.0 0.007154732942581177 0.011941015720367432
0.0 0.0 0.0
0.0 0.003996506333351135 0.002656996250152588
0.00999191403388977 0.009653031826019287 0.0025604963302612305
0.007166683673858643 0.010212317109107971 0.0
0.0 0.00999249517917633 0.0
0.0 0.006025597453117371 0.0064449310302734375
0.0004646480083465576 0.015042826533317566 0.005954384803771973
0.0 0.013645544648170471 0.0018014311790466309
0.0 0.016387686133384705 0.0
0.0023029595613479614 0.013615354895591736 0.0
0.0001936107873916626 0.012422412633895874 0.00044417381286621094
0.0 0.00762900710105896 0.0
0.009176507592201233 0.006599009037017822 0.007525205612182617
0.0009489655494689941 0.013307735323905945 0.003048717975616455
0.0014818310737609863 0.011588484048843384 0.010004281997680664
0.0 0.004839003086090088 0.0029516220092773438
0.0 0.0033830255270004272 0.010344982147216797
0.0 0.002631276845932007 0.012838304042816162
0.003916233777999878 0.001435592770576477 0.01976180076599121
0.005773097276687622 0.006356909871101379 0.016620337963104248
0.004065319895744324 0.005715921521186829 0.013361692428588867
0.0030847638845443726 0.003887176513671875 0.011534273624420166
0.0 0.009620413184165955 0.00836634635925293
0.0 0.005123436450958252 0.0074811577796936035
0.0 0.0066332221031188965 0.00045043230056762695
0.0029668956995010376 0.007975801825523376 0.004311919212341309
0.005083352327346802 0.010326415300369263 0.008661866188049316
0.0 0.0029169470071792603 0.003412783145904541
0.0 0.00513768196105957 0.011349380016326904
0.0 0.0 0.011997818946838379
0.0 0.003288581967353821 0.014015138149261475
0.0020405203104019165 0.003008618950843811 0.007890403270721436
0.0 0.006033733487129211 0.00855165719985962
0.0 0.0020486265420913696 0.008521676063537598
0.0 0.000913277268409729 0.0040697455406188965
0.0 0.0040518492460250854 0.010927736759185791
0.0 0.00513303279876709 0.0023508667945861816
0.004133433103561401 0.008118003606796265 0.005699872970581055
0.0 0.007736518979072571 0.0027313828468322754
0.0 0.0059025585651397705 0.0065825581550598145
0.0 0.004706531763076782 0.0
0.008909732103347778 0.029861584305763245 0.0
0.0 0.04108722507953644 0.0
0.0 0.05519422888755798 0.0
0.0 0.04725539684295654 0.0
0.0 0.06460896134376526 0.0
0.0 0.07573503255844116 0.0
0.0 0.0711078941822052 0.0
0.0 0.05258584022521973 0.03019392490386963
0.0 0.026852846145629883 0.08513504266738892
0.0 0.01145172119140625 0.09818786382675171
0.0 0.008614718914031982 0.10616809129714966
0.005577836185693741 0.0007058084011077881 0.12479346990585327
0.02096310816705227 0.0 0.10649460554122925
0.018512258306145668 0.0015200376510620117 0.10704892873764038
0.034004464745521545 0.0 0.12603318691253662
0.026748932898044586 0.002209603786468506 0.13271671533584595
0.003910185769200325 0.0 0.13230746984481812
0.008265554904937744 0.0 0.13106918334960938
0.02153199538588524 0.0 0.12243866920471191
0.031063005328178406 0.0 0.12110841274261475
0.022231291979551315 0.0 0.11854994297027588
0.0174652561545372 0.0 0.11192023754119873
0.024510294198989868 0.0 0.10625749826431274
0.03759350627660751 0.0 0.09416705369949341
0.04946032166481018 0.01402437686920166 0.06847870349884033
0.0 0.03339886665344238 0.016077816486358643
0.0 0.006591826677322388 0.0
0.0 0.0 0.0
0.005356580018997192 0.014357328414916992 0.0
0.0 0.041668713092803955 0.0
0.0 0.0391421914100647 0.0
0.0 0.03343099355697632 0.0
0.0 0.030064433813095093 0.0
0.0 0.03128650784492493 0.0
0.0 0.0306740403175354 0.0
0.0 0.0426749587059021 0.0
0.0 0.031212761998176575 0.0
0.0 0.04095841944217682 0.0
0.0 0.043787866830825806 0.0
0.0 0.04580485820770264 0.0
0.0 0.039496660232543945 0.0
0.003146529197692871 0.05398496985435486 0.005150198936462402
0.0 0.037082165479660034 0.03831285238265991
0.0 0.03583064675331116 0.05919605493545532
0.0002959594130516052 0.02153456211090088 0.06754761934280396
0.0006559267640113831 0.02236807346343994 0.08363485336303711
0.01827392727136612 0.012364119291305542 0.09548836946487427
0.025246229022741318 0.005431652069091797 0.08783835172653198
0.03717084228992462 0.0057978034019470215 0.11370068788528442
0.025483448058366776 0.005418509244918823 0.12217527627944946
0.009014345705509186 0.006396681070327759 0.1156122088432312
0.0 0.007253974676132202 0.10021340847015381
0.017504524439573288 0.0 0.09300166368484497
0.028313368558883667 0.0 0.08346503973007202
0.01844993233680725 0.0 0.08673900365829468
0.0 0.0 0.08207952976226807
0.0 0.0 0.08768212795257568
0.0 0.0 0.0781295895576477
0.008451864123344421 0.0 0.07946592569351196
0.0061779022216796875 0.0 0.049448370933532715
0.008161768317222595 0.009298533201217651 0.01875549554824829
0.02911090850830078 0.022070303559303284 0.0
0.03573445975780487 0.03355050086975098 0.0
0.03572209179401398 0.0458654910326004 0.0
0.0 0.03788185119628906 0.0
0.0 0.02096213400363922 0.0
0.004327148199081421 0.026712238788604736 0.0
0.0 0.03691104054450989 0.0
0.0 0.041249826550483704 0.0
0.0 0.02331472933292389 0.0
0.0 0.011869683861732483 0.0
0.0 0.006579697132110596 0.0
0.0 0.007677853107452393 0.0
0.0 0.018620848655700684 0.0
0.0 0.029843851923942566 0.0
0.0 0.02512979507446289 0.0
0.0 0.026775330305099487 0.0
0.010213837027549744 0.03908318281173706 0.0
0.01953023672103882 0.0467989444732666 0.0391385555267334
0.01178121566772461 0.04099556803703308 0.05580776929855347
0.0 0.025642871856689453 0.056784212589263916
0.0 0.012942135334014893 0.021937668323516846
0.0 0.000944674015045166 0.039060235023498535
0.028918519616127014 0.006217449903488159 0.029224812984466553
0.02480994164943695 0.005646884441375732 0.06840461492538452
0.004063375294208527 0.00853016972541809 0.07991832494735718
0.0 0.0 0.09627515077590942
0.0 0.0 0.08366632461547852
0.008332900702953339 0.0 0.07661175727844238
0.01686388999223709 0.0 0.061317622661590576
0.025552213191986084 0.0 0.055656373500823975
0.010080985724925995 0.001524895429611206 0.04471027851104736
0.005302131175994873 0.0 0.03597813844680786
0.013066366314888 0.006202280521392822 0.03902167081832886
0.016347751021385193 0.011040538549423218 0.036832332611083984
0.02001945674419403 0.005144864320755005 0.03883075714111328
0.011179894208908081 0.00036913156509399414 0.03646141290664673
0.0014791786670684814 0.0 0.022085607051849365
0.0 0.0 0.012502491474151611
0.0 0.0 0.0022131800651550293
0.00851479172706604 0.008898511528968811 0.0
0.0 0.010344922542572021 0.0
0.0 0.013241007924079895 0.0
0.0 0.0005351603031158447 0.0
0.0 0.005378946661949158 0.0
0.0 0.01715444028377533 0.0
0.0 0.019811823964118958 0.0
0.0 0.02228933572769165 0.0
0.0 0.011036738753318787 0.0
0.0 0.009465351700782776 0.0
0.0 0.008981585502624512 0.0
0.0 0.010369926691055298 0.0
0.0 0.017510652542114258 0.0
0.0 0.019990622997283936 0.0
0.0 0.01582181453704834 0.0
0.0 0.03320559859275818 0.0
0.0 0.04105481505393982 0.0
0.0 0.03976571559906006 0.0
0.0 0.024566441774368286 0.0
0.0 0.019919633865356445 0.0
0.0 0.01483762264251709 0.01731330156326294
0.0011316873133182526 0.02060207724571228 0.023806989192962646
0.012394659221172333 0.02853316068649292 0.028535008430480957
0.015419237315654755 0.022566765546798706 0.030662119388580322
0.007191576063632965 0.020062536001205444 0.04936671257019043
0.001132965087890625 0.016758501529693604 0.050194621086120605
0.016061313450336456 0.006023883819580078 0.06748777627944946
0.02186478301882744 0.004562109708786011 0.0739477276802063
0.01293010264635086 0.0 0.07627475261688232
0.011993205174803734 0.002154052257537842 0.08484065532684326
0.013541892170906067 0.0 0.0909508466720581
0.00031120702624320984 0.0 0.07600224018096924
0.00601443275809288 0.0 0.07470715045928955
0.013452693819999695 0.0 0.07478785514831543
0.0088251493871212 0.0 0.07616621255874634
0.008479703217744827 0.0 0.07847613096237183
0.014631610363721848 0.0 0.07494866847991943
0.01415032148361206 0.0 0.05973374843597412
0.008228093385696411 0.007921695709228516 0.03594315052032471
0.0 0.010571300983428955 0.0
0.012911468744277954 0.006571322679519653 0.0
0.03442646563053131 0.008666634559631348 0.0
0.03211057186126709 0.018854305148124695 0.0
0.009481638669967651 0.022985517978668213 0.0
0.0 0.028902500867843628 0.0
0.0 0.011910289525985718 0.0
0.0 0.015169695019721985 0.0
0.0 0.018582209944725037 0.0
0.0 0.028820618987083435 0.0
0.0 0.011448457837104797 0.0
0.0 0.006536021828651428 0.0
0.0 0.011060640215873718 0.0
0.0 0.017064139246940613 0.0
0.0 0.015061900019645691 0.0
0.0 0.015981853008270264 0.0
0.004196643829345703 0.027100473642349243 0.0
0.011676758527755737 0.030907243490219116 0.003903627395629883
0.0 0.045084238052368164 0.02204042673110962
0.0 0.028792262077331543 0.017680883407592773
0.0 0.008668482303619385 0.013754606246948242
0.007839202880859375 0.00966450572013855 0.026002168655395508
0.013520777225494385 0.006840705871582031 0.06223785877227783
0.010123692452907562 0.011035919189453125 0.07197350263595581
0.0006493031978607178 0.0031225383281707764 0.07858234643936157
0.0018928945064544678 0.0 0.08026021718978882
0.0 0.0 0.06278353929519653
0.006107591092586517 0.0 0.05264073610305786
0.007750183343887329 0.0 0.03358691930770874
0.00231267511844635 0.004485905170440674 0.025951921939849854
0.006924793124198914 0.003851652145385742 0.015265583992004395
0.006092406809329987 0.011720657348632812 0.013929247856140137
0.0011059120297431946 0.007631480693817139 0.0003687739372253418
0.01578298956155777 0.011808246374130249 0.0028794407844543457
0.010953545570373535 0.012044399976730347 0.007295072078704834
0.005682244896888733 0.008159220218658447 0.010754764080047607
0.005010657012462616 0.006782561540603638 0.018986046314239502
0.0 0.0008633136749267578 0.0203322172164917
0.0 0.0 0.01152580976486206
0.0 0.0 0.006710231304168701
0.004508554935455322 0.002069234848022461 0.00369870662689209
0.0 0.006873011589050293 0.0
0.0 0.011559396982192993 0.0
0.0 0.007948130369186401 0.0
0.0 0.018655329942703247 0.0
0.0 0.01755160093307495 0.0
0.0 0.015228956937789917 0.0
0.0 0.01191738247871399 0.0
0.0 0.01005852222442627 0.0
0.0 0.008729726076126099 0.0031557083129882812
0.0 0.0 0.00640261173248291
0.0037275105714797974 0.0026198625564575195 0.0262565016746521
0.008319661021232605 0.005432724952697754 0.032848358154296875
0.0 0.0006782412528991699 0.019334614276885986
0.0 0.001475900411605835 0.019940972328186035
0.00390934944152832 0.004086226224899292 0.014609217643737793
0.0033497661352157593 0.009764939546585083 0.010521769523620605
0.006391242146492004 0.01021033525466919 0.005438685417175293
0.0030397772789001465 0.013488054275512695 0.005179643630981445
0.004046902060508728 0.011922389268875122 0.0
0.0020030438899993896 0.01313871145248413 0.0
0.011203780770301819 0.014890938997268677 0.0
0.0 0.010571181774139404 0.0026476383209228516
0.0 0.006905168294906616 0.002187788486480713
0.0 0.005963832139968872 0.008601963520050049
0.0 0.003407031297683716 0.006522774696350098
0.0 0.0 0.004725515842437744
0.0 0.0 0.00922858715057373
0.0 0.0 0.0089644193649292
0.0 0.0022111833095550537 0.005330085754394531
0.0 0.0 0.007219374179840088
0.0 0.0 0.004059493541717529
0.0 0.002216160297393799 0.0025228261947631836
0.005529433488845825 0.006174862384796143 0.008068680763244629
0.0 0.0042747557163238525 0.013347983360290527
0.011944860219955444 0.0 0.02496284246444702
0.0 0.0 0.04335719347000122
0.0 0.0 0.07415097951889038
0.0 0.0 0.08650451898574829
0.012185096740722656 0.008682012557983398 0.1898447871208191
0.0796005129814148 0.02945263683795929 0.19133174419403076
0.057218343019485474 0.089784175157547 0.08936244249343872
0.1909652054309845 0.18353542685508728 0.0
0.32171255350112915 0.2427685558795929 0.0
0.259708046913147 0.409254252910614 0.0
0.3931519389152527 0.5171291828155518 0.0
0.030826866626739502 0.6035963296890259 0.0
0.17430037260055542 0.6328320503234863 0.0
0.023794472217559814 0.5305823087692261 0.0
0.0 0.07269036769866943 0.0
0.0 0.0 0.0
0.0 0.0 0.0
0.0 0.08870035409927368 0.0
0.0 0.1662653088569641 0.0
0.0 0.0 0.34514307975769043
0.0 0.09827345609664917 0.6978170871734619
0.0 0.14285874366760254 0.7542144060134888
0.0 0.21127575635910034 0.8916949033737183
0.0 0.5803069472312927 0.8555877208709717
0.0 0.6725369095802307 0.611823558807373
0.0 0.572136402130127 0.6155033707618713
0.0 0.4794415235519409 0.6690176725387573
0.0 0.5718244314193726 0.663744330406189
0.0 0.6028181314468384 0.6309813261032104
0.0 0.5656769871711731 0.5357908010482788
0.0654241144657135 0.5426560640335083 0.46970558166503906
0.06578017771244049 0.5433907508850098 0.43663489818573
0.0 0.41331350803375244 0.33305788040161133
0.0 0.3559115529060364 0.24469983577728271
0.0 0.38086122274398804 0.09675931930541992
0.1182052344083786 0.364620566368103 0.12084823846817017
0.17834441363811493 0.25721508264541626 0.07979089021682739
0.14502665400505066 0.23271086812019348 0.0
0.042786117643117905 0.2195768654346466 0.0
0.0 0.23327431082725525 0.0
0.019011080265045166 0.1914757490158081 0.0
0.13070227205753326 0.0995059460401535 0.0
0.09548323601484299 0.004656955599784851 0.0
0.0 0.028514161705970764 0.0
0.0 0.04953134059906006 0.0
0.0 0.06930355727672577 0.0
0.0 0.07606294751167297 0.0
0.004556447267532349 0.08151960372924805 0.0
0.0 0.05925844609737396 0.0
0.0 0.057976335287094116 0.0
0.0 0.03279711306095123 0.012027144432067871
0.0 0.022461846470832825 0.041812002658843994
0.023752965033054352 0.016870155930519104 0.04941374063491821
0.03305558115243912 0.014387071132659912 0.022567272186279297
0.0003671497106552124 0.0 0.008592069149017334
0.004769511520862579 0.0 0.0
0.03324126452207565 0.0 0.00522083044052124
0.021036669611930847 0.0 0.002579987049102783
0.0 0.013151615858078003 0.01519632339477539
0.0 0.010318472981452942 0.023603975772857666
0.0 0.002097517251968384 0.028518497943878174
0.0 0.006419703364372253 0.010168492794036865
0.0 0.0049152374267578125 0.0
0.0 0.0026279985904693604 0.0
0.0 0.0 0.0
0.0 0.0 0.0061051249504089355
0.0 0.0 0.010339736938476562
0.0026803985238075256 0.01018039882183075 0.008112192153930664
0.0024716928601264954 0.014561310410499573 0.011401712894439697
0.0 0.010497510433197021 0.009000420570373535
0.0033235475420951843 0.010624989867210388 0.009932219982147217
0.00018481165170669556 0.012830719351768494 0.016245901584625244
0.0 0.006281152367591858 0.01371699571609497
0.0 0.0 0.016377925872802734
0.0 0.0031370818614959717 0.012428581714630127
0.00391051173210144 0.008518755435943604 0.003330230712890625
0.0 0.013098344206809998 0.0010616183280944824
0.0 0.013018473982810974 0.0
0.001522652804851532 0.010643929243087769 0.0020511746406555176
0.005375765264034271 0.012320518493652344 0.005543768405914307
0.0 0.011948049068450928 0.0035764575004577637
0.0 0.012543559074401855 0.0
0.0 0.01278860867023468 0.005481719970703125
0.006242930889129639 0.014773860573768616 0.0036194920539855957
0.009783372282981873 0.00978250801563263 0.011703848838806152
0.0009990334510803223 0.013938471674919128 0.01377946138381958
0.0 0.001995474100112915 0.010103285312652588
0.0 0.005487695336341858 0.012996792793273926
0.0 0.006156817078590393 0.007945597171783447
0.004671476781368256 0.008589059114456177 0.011906266212463379
0.004937998950481415 0.010454043745994568 0.006798386573791504
0.004097357392311096 0.012803584337234497 0.00590360164642334
0.007436968386173248 0.019280478358268738 0.0037091970443725586
0.021933965384960175 0.021657779812812805 0.012970328330993652
0.025907427072525024 0.03281083703041077 0.01058495044708252
0.03891758620738983 0.03689682483673096 0.005075812339782715
0.04173099249601364 0.032599613070487976 0.0061956048011779785
0.04617197811603546 0.045012205839157104 0.0
0.07204190641641617 0.06199759244918823 0.0
0.07629081606864929 0.06524176895618439 0.0
0.04875180125236511 0.08699049055576324 0.0
0.07498371601104736 0.07853743433952332 0.0
0.09501013159751892 0.06824345886707306 0.0
0.07573318481445312 0.07189333438873291 0.0
0.057704389095306396 0.07260113954544067 0.0
0.02481025457382202 0.06123727560043335 0.0
0.005430355668067932 0.03894545137882233 0.011122524738311768
0.0 0.011222004890441895 0.008371591567993164
0.0 0.0 0.005505025386810303
0.0 0.0 0.0324593186378479
0.0 0.0 0.049011170864105225
0.0 0.0 0.06299018859863281
0.0 0.0 0.049080848693847656
0.0 0.0 0.048890888690948486
0.0 0.0 0.03502333164215088
0.0 0.0 0.0277215838432312
0.0 0.0 0.018490135669708252
0.0 0.0 0.029096901416778564
0.0 0.0 0.031236350536346436
0.0 0.0 0.03003448247909546
0.0 0.0 0.02613133192062378
0.0 0.027495697140693665 0.01466745138168335
0.0 0.03981286287307739 0.010760486125946045
0.006112009286880493 0.03621314465999603 0.0057135820388793945
0.030188322067260742 0.04016047716140747 0.01015704870223999
0.04384520649909973 0.048504263162612915 0.007755875587463379
0.03477966785430908 0.05480489134788513 0.0
0.032660648226737976 0.060565799474716187 0.0
0.05369586497545242 0.056397661566734314 0.0
0.07406190037727356 0.060060128569602966 0.0
0.08491021394729614 0.07434475421905518 0.0
0.09690017998218536 0.07702431082725525 0.0
0.09775096923112869 0.08130231499671936 0.0
0.0816803127527237 0.07602427899837494 0.0
0.07841247320175171 0.07365089654922485 0.0
0.07269221544265747 0.060754671692848206 0.007411539554595947
0.058985382318496704 0.051931872963905334 0.004315435886383057
0.04882834851741791 0.044500648975372314 0.009995341300964355
0.05992850661277771 0.03917631506919861 0.005781054496765137
0.04152701795101166 0.04521900415420532 0.0012530684471130371
0.03030252456665039 0.05179120600223541 0.0015273690223693848
0.051571354269981384 0.0386744886636734 0.007355034351348877
0.06073106825351715 0.041373372077941895 0.006050467491149902
0.03127284348011017 0.04849497973918915 0.0027136802673339844
0.014742419123649597 0.04751814901828766 0.0027036070823669434
0.0 0.03548048436641693 0.0010236501693725586
0.0 0.010862216353416443 0.0
0.0 0.0 0.017834365367889404
0.0 0.0 0.018460333347320557
0.0 0.0 0.021663308143615723
0.0 0.0 0.01411062479019165
0.0 0.0 0.010651230812072754
0.0 0.0 0.01433563232421875
0.0 0.0 0.03460925817489624
0.0 0.0 0.04078102111816406
0.0 0.0 0.04127424955368042
0.0 0.0 0.03457379341125488
0.0 0.0 0.021817326545715332
0.0 0.0 0.02444756031036377
0.0 0.0 0.031125903129577637
0.0 0.0 0.029462218284606934
0.0 0.0 0.02203190326690674
0.0 0.013125702738761902 0.011061370372772217
0.0 0.015333712100982666 0.004912257194519043
0.008550718426704407 0.018825054168701172 0.007097601890563965
0.00940006971359253 0.038017600774765015 0.0
0.022344186902046204 0.04577434062957764 0.0
0.01898270845413208 0.0433143675327301 0.0
0.024890780448913574 0.050695404410362244 0.0
0.04035770893096924 0.046036988496780396 0.0
0.05809648334980011 0.052141204476356506 0.0
0.05736157298088074 0.055438652634620667 0.0
0.05707430839538574 0.05180680751800537 0.0
0.06636480987071991 0.055662572383880615 0.0
0.07860542833805084 0.06892812252044678 0.0
0.08358216285705566 0.07502706348896027 0.0
0.07716795802116394 0.06962236762046814 0.0
0.07242822647094727 0.06119042634963989 0.0
0.062378451228141785 0.06223994493484497 0.0
0.05845816433429718 0.058187052607536316 0.0
0.04148422181606293 0.05153670907020569 0.0
0.038149625062942505 0.047526419162750244 0.0
0.01914525032043457 0.044813886284828186 0.0
0.006015986204147339 0.04010753333568573 0.0
0.0 0.025793641805648804 0.0
0.0 0.013871833682060242 0.008779942989349365
0.0 0.009433850646018982 0.018967866897583008
0.0 0.011732563376426697 0.026384353637695312
0.0 0.0024723410606384277 0.02361917495727539
0.0 0.0 0.007317185401916504
0.0 0.0 0.016304373741149902
0.0 0.0 0.02072387933731079
0.0 0.0 0.035064756870269775
0.0 0.0 0.031772732734680176
0.0 0.0 0.01622903347015381
0.0 0.0 0.0108833909034729
0.0 0.0 0.022890210151672363
0.0 0.0 0.03195399045944214
0.0 0.0 0.03274911642074585
0.0 0.0 0.03474271297454834
0.0 0.0 0.028120458126068115
0.0 0.0 0.020413219928741455
0.0 0.0 0.020056068897247314
0.0 0.0 0.03053879737854004
0.0 0.004285052418708801 0.02971625328063965
0.0 0.01708364486694336 0.02654939889907837
0.0 0.01850225031375885 0.013389289379119873
0.0 0.019238293170928955 0.010226011276245117
0.008104801177978516 0.01852111518383026 0.011776983737945557
0.009677261114120483 0.019168347120285034 0.012504279613494873
0.02148960530757904 0.030222102999687195 0.004110217094421387
0.0294482558965683 0.034279853105545044 0.0
0.024267762899398804 0.04466703534126282 0.0
0.02445712685585022 0.040553659200668335 0.0
0.04192209243774414 0.047116294503211975 0.0
0.06573815643787384 0.05772538483142853 0.0
0.07239526510238647 0.06651899218559265 0.0
0.06684190034866333 0.07468688488006592 0.0
0.0654154121875763 0.07352399826049805 0.0
0.06923595070838928 0.06967344880104065 0.0
0.0689290463924408 0.07060174643993378 0.0
0.06579187512397766 0.06535029411315918 0.0
0.05267597734928131 0.05711248517036438 0.0
0.03827953338623047 0.052760347723960876 0.0014452338218688965
0.014417290687561035 0.0431860089302063 0.0
0.0010139495134353638 0.02874024212360382 0.0042209625244140625
0.00508822500705719 0.010897770524024963 0.013186037540435791
0.011952683329582214 0.009265989065170288 0.025386273860931396
0.0 0.005812138319015503 0.03833073377609253
0.0 0.004550144076347351 0.03829634189605713
0.0 0.0 0.03787153959274292
0.0 0.0 0.04285091161727905
0.0 0.0 0.0293005108833313
0.0 0.0 0.026507139205932617
0.0 0.0 0.021586179733276367
0.0 0.0 0.0
0.0 0.0 0.0
0.0 0.0 0.0
0.0 0.0 0.0
0.0 0.0 0.0
0.0 0.0 0.0
0.0 0.0 0.0
0.0 0.0 0.0075217485427856445
0.0 0.0 0.028422117233276367
0.0 0.0 0.041890621185302734
0.0 0.0 0.04647320508956909
0.0 0.0 0.056342482566833496
0.0 0.0 0.04970008134841919
0.0 0.0 0.0474393367767334
0.0 0.0 0.04240119457244873
0.0 0.012228503823280334 0.02320384979248047
0.0 0.01189488172531128 0.011323928833007812
0.0021209418773651123 0.013358399271965027 0.009895801544189453
0.009924173355102539 0.02999575436115265 0.0011333227157592773
0.015704363584518433 0.0303938090801239 0.0
0.019356831908226013 0.029915660619735718 0.0
0.0 0.03280623257160187 0.0
0.01244606077671051 0.02887795865535736 0.0
0.027560368180274963 0.04045933485031128 0.001344144344329834
0.015725359320640564 0.04214732348918915 0.0
0.030778884887695312 0.04583518207073212 0.0
0.040623173117637634 0.039945125579833984 0.0
0.03870376944541931 0.04780134558677673 0.0
0.05265621840953827 0.059394702315330505 0.0
0.05670534074306488 0.05880625545978546 0.0
0.04080061614513397 0.06265296041965485 0.0
0.045331910252571106 0.053264692425727844 0.0
0.04072567820549011 0.045310184359550476 0.0
0.02712954580783844 0.039961159229278564 0.0034899115562438965
0.02021138370037079 0.032018497586250305 0.006201684474945068
0.013319313526153564 0.025592267513275146 0.0024985671043395996
0.012499362230300903 0.023907765746116638 0.0066841840744018555
0.004262804985046387 0.018665477633476257 0.008661985397338867
0.0025915801525115967 0.011625975370407104 0.01435542106628418
0.003997683525085449 0.004464104771614075 0.01925516128540039
0.0 0.001971498131752014 0.015028953552246094
0.0 0.00037023425102233887 0.004723191261291504
0.0 0.003478899598121643 0.018046021461486816
0.0 0.003828480839729309 0.010194003582000732
0.0 0.0016837716102600098 0.0057991743087768555
0.0 0.008642330765724182 0.007603168487548828
0.0 0.008354365825653076 0.01168447732925415
0.0 0.006904333829879761 0.003772914409637451
0.0 0.003487139940261841 0.0014868974685668945
0.0 0.0019881129264831543 0.0046457648277282715
0.0 0.0028193295001983643 0.010360658168792725
0.0 0.0008863061666488647 0.012764692306518555
0.0 0.0 0.009552717208862305
0.0 0.0 0.021101415157318115
0.0 0.0 0.01573282480239868
0.0 0.0 0.0247308611869812
0.0 0.0 0.021931469440460205
0.0 0.0 0.017232537269592285
0.0 0.0035749226808547974 0.011574089527130127
0.0 0.004759922623634338 0.0077362060546875
0.0 0.008350938558578491 0.0014176368713378906
0.0 0.013942986726760864 0.0
0.0 0.014898926019668579 0.0
0.0011237263679504395 0.019242271780967712 0.0
0.0018723160028457642 0.01392132043838501 0.0
0.009189516305923462 0.017948776483535767 0.0
0.004360318183898926 0.015182718634605408 0.0
0.0056889355182647705 0.013497769832611084 0.005650937557220459
0.0 0.00982588529586792 0.006234705448150635
0.0 0.005669400095939636 0.008836030960083008
0.0 0.00478595495223999 0.007896602153778076
0.0 0.008901715278625488 0.01103353500366211
0.0 0.00611993670463562 0.009821832180023193
0.0 0.0024607181549072266 0.012918412685394287
0.0 0.0018990188837051392 0.009551525115966797
0.0 0.004090070724487305 0.005892038345336914
0.0 0.008634224534034729 0.004322171211242676
0.0 0.015238046646118164 0.0034042000770568848
0.0 0.023782849311828613 0.0
0.0 0.027966588735580444 0.0
0.0032585859298706055 0.021885916590690613 0.0
0.0161428302526474 0.0 0.0
0.005644887685775757 0.0 0.014194905757904053
0.0 0.0 0.013889610767364502
0.0 0.0 0.019669950008392334
0.0 0.0 0.01648789644241333
0.0 0.0 0.04694819450378418
0.0 0.0 0.08289724588394165
0.0 0.0 0.13514506816864014
0.0 0.0 0.16556131839752197
0.0 0.0 0.1580737829208374
0.08186593651771545 0.05165103077888489 0.040510594844818115
0.06746238470077515 0.06692185997962952 0.0
0.0 0.20452527701854706 0.0
0.1672014594078064 0.241753950715065 0.0
0.36452072858810425 0.29204705357551575 0.0
0.2810628414154053 0.3596453070640564 0.0
0.1816127896308899 0.49082502722740173 0.0
0.17973095178604126 0.5815576314926147 0.0
0.1889556646347046 0.719341516494751 0.0
0.1322450041770935 0.7272650599479675 0.0
0.03992491960525513 0.41257280111312866 0.0
0.0 0.17943048477172852 0.0
0.0 0.06510722637176514 0.018596529960632324
0.0 0.1460929811000824 0.0
0.0 0.08257406949996948 0.0
0.0 0.0 0.47940313816070557
0.0 0.058593422174453735 0.6346403360366821
0.0 0.0 0.5610514879226685
0.0 0.1453145444393158 0.33574366569519043
0.0 0.22655612230300903 0.29212427139282227
0.0 0.23169004917144775 0.35913634300231934
0.0 0.18992584943771362 0.6274183988571167
0.0 0.26242899894714355 0.764365553855896
0.0 0.5905595421791077 0.714544415473938
0.0 1.0051510334014893 0.4938663840293884
0.11546431481838226 0.8377930521965027 0.4713515043258667
0.138194739818573 0.7139140367507935 0.4534447193145752
0.08106432855129242 0.542544960975647 0.5414432883262634
0.0875520259141922 0.5000841021537781 0.4750238060951233
0.01905982196331024 0.5430260300636292 0.4218507409095764
0.05256228148937225 0.43926358222961426 0.37706178426742554
0.04834649711847305 0.38786834478378296 0.315157413482666
0.06546347588300705 0.380545973777771 0.3034595847129822
0.08195316791534424 0.3038809299468994 0.23239022493362427
0.020956620573997498 0.3141885995864868 0.1429019570350647
0.026631653308868408 0.290111780166626 0.10555815696716309
0.017045877873897552 0.3202982544898987 0.0
0.06214907020330429 0.28112879395484924 0.0
0.05945473909378052 0.35740742087364197 0.0
0.04489021748304367 0.2616637945175171 0.0
0.08968029916286469 0.2458587884902954 0.0
0.13310657441616058 0.19754932820796967 0.0
0.07315407693386078 0.13984817266464233 0.0
0.0 0.10257408767938614 0.0
0.0 0.06577445566654205 0.0
0.0 0.0690646842122078 0.0
0.0033507496118545532 0.07031197100877762 0.0
0.0022854432463645935 0.041218847036361694 0.0
0.0 0.05484473705291748 0.0
0.0 0.05179305374622345 0.050186097621917725
0.0 0.011060014367103577 0.09294462203979492
0.0 0.006338402628898621 0.12489914894104004
0.0 0.0 0.11648005247116089
0.0 0.0 0.060953617095947266
0.0 0.0 0.0
0.009561672806739807 0.0 0.022098124027252197
0.028132058680057526 0.0 0.011994481086730957
0.015037819743156433 0.0 0.0
0.0008648708462715149 0.010077640414237976 0.0
0.0 0.024807706475257874 0.0
0.005567088723182678 0.017661646008491516 0.012106597423553467
0.0 0.010401293635368347 0.0
0.0 0.022757992148399353 0.0
0.0 0.0056920647621154785 0.00907444953918457
0.0 0.0 0.010033071041107178
0.0 0.0 0.015798866748809814
0.0 0.0 0.016308069229125977
0.0002225637435913086 0.0 0.012033998966217041
0.009335428476333618 0.011466950178146362 0.013484299182891846
0.005683578550815582 0.005674183368682861 0.01902186870574951
0.0 0.0 0.01622951030731201
0.0 0.010373175144195557 0.018214941024780273
0.0 0.010062143206596375 0.01342320442199707
0.001488424837589264 0.012758418917655945 0.004815816879272461
0.0 0.010879889130592346 0.0
0.0007110945880413055 0.006691530346870422 0.01370537281036377
0.03526198863983154 0.0 0.04032444953918457
0.0 0.016508668661117554 0.0
0.0 0.0165136456489563 0.0
0.0 0.00990837812423706 0.0
