0.003118406981229782 0.009111642837524414 0.00015872716903686523
0.0 0.04247373342514038 0.012685775756835938
0.0 0.020831406116485596 0.02736485004425049
0.0 0.023348182439804077 0.04498553276062012
0.0 0.02255263924598694 0.06716454029083252
0.002888176590204239 0.0 0.08833825588226318
0.0 0.0 0.0931054949760437
0.005137978121638298 0.0 0.08452320098876953
0.00316668301820755 0.0 0.058328449726104736
0.0 0.0 0.040057361125946045
0.0 0.0 0.024436235427856445
0.0 0.0 0.018175780773162842
0.0 0.0 0.014440059661865234
0.0 0.0 0.01708054542541504
0.004742486402392387 0.0 0.00768512487411499
0.012176882475614548 0.0 0.0
0.0 0.0 0.0
0.00529051199555397 0.0 0.0
0.010043323040008545 0.0 0.010980963706970215
0.02374597080051899 0.0 0.028795182704925537
0.031230095773935318 0.0 0.04379528760910034
0.04087537154555321 0.0 0.0295221209526062
0.038111962378025055 0.0 0.01447916030883789
0.030928928405046463 0.0 0.0041051506996154785
0.028531514108181 0.0 0.00202256441116333
0.0360611230134964 0.0018695592880249023 0.004454135894775391
0.04439973831176758 0.011056214570999146 0.0
0.031887345016002655 0.016536831855773926 0.0
0.01905856840312481 0.00712093710899353 0.0
0.02351594716310501 0.0 0.0006178617477416992
0.007022988051176071 0.006970405578613281 0.0
0.0 0.0029598772525787354 0.0
0.00696664210408926 0.0 0.0
0.0 0.0 0.0
0.0 0.01137426495552063 0.0
0.0 0.007907241582870483 0.0
0.004471205174922943 0.005934923887252808 0.0
0.0 0.011607527732849121 0.0
0.001953423023223877 0.012729257345199585 0.0
0.013254073448479176 0.008916258811950684 0.0031603574752807617
0.012078074738383293 0.010429948568344116 0.008636534214019775
0.010127829387784004 0.011175960302352905 0.01992630958557129
0.019389618188142776 0.007110297679901123 0.03655564785003662
0.013321185484528542 0.0066291093826293945 0.03424036502838135
0.01747846230864525 0.0033753514289855957 0.03354674577713013
0.0 0.006001889705657959 0.011992275714874268
0.0 0.01974475383758545 0.00306546688079834
0.0 0.02280658483505249 0.0
0.0 0.023261457681655884 0.0
0.0 0.021047621965408325 0.001911461353302002
0.0 0.015577733516693115 0.0012642741203308105
0.0 0.017727136611938477 0.0017644166946411133
0.0 0.016545981168746948 0.006575226783752441
0.0 0.01249191164970398 0.011071622371673584
0.0 0.010030269622802734 0.016144990921020508
0.001315985806286335 0.009357184171676636 0.0
0.0029378607869148254 0.0033349990844726562 0.0
0.008951239287853241 0.016273468732833862 0.0
0.011887962929904461 0.008843749761581421 0.0
0.008587462827563286 0.005494803190231323 0.0
0.004409058950841427 0.012405365705490112 0.0
0.0 0.009516507387161255 0.0
0.0 0.015732675790786743 0.003846883773803711
0.0 0.015919476747512817 0.03936225175857544
0.002461814321577549 0.005587130784988403 0.06824195384979248
0.009277375414967537 0.0 0.0856371521949768
0.007805934175848961 0.0 0.08425402641296387
0.009087983518838882 0.0 0.0756426453590393
0.01465565524995327 0.0 0.054270386695861816
0.009101247414946556 0.0 0.022740840911865234
0.008122500032186508 0.0 0.0031705498695373535
0.0 0.0 0.0
0.0 0.0 0.0
0.0105507243424654 0.0 0.0
0.012755410745739937 0.0 0.0
0.00036909617483615875 0.0 0.0
0.012984760105609894 0.0 0.0
0.01608865335583687 0.0013627409934997559 0.0
0.012153247371315956 0.01727879047393799 0.0
0.0 0.022575348615646362 0.0
0.0 0.022724390029907227 0.0
0.009352794848382473 0.012093424797058105 0.0
0.008509212173521519 0.010721027851104736 0.0
0.0 0.01761460304260254 0.0
0.0 0.016595512628555298 0.0
0.0 0.016331613063812256 0.0
0.0 0.010998278856277466 0.027915775775909424
0.0 0.004331231117248535 0.0596616268157959
0.0 0.0039035677909851074 0.07782858610153198
0.0030478667467832565 0.0 0.07493257522583008
0.0037201736122369766 0.0005729496479034424 0.07021105289459229
0.015384385362267494 0.0 0.061371564865112305
0.0190837811678648 0.007142394781112671 0.03755587339401245
0.012834306806325912 0.009051024913787842 0.006635785102844238
0.013098986819386482 0.004403799772262573 0.0
0.01378723792731762 0.0029014647006988525 0.0
0.016262944787740707 0.0017507076263427734 0.0
0.014331907033920288 0.0 0.0
0.009665673598647118 0.0 0.0
0.009370079264044762 0.0 0.0
0.0 0.0 0.0
0.0 0.0 0.0
0.0 0.003048032522201538 0.0
0.0017188526690006256 0.008449167013168335 0.0
0.008236577734351158 0.007614880800247192 0.008167386054992676
0.019889451563358307 0.0004705488681793213 0.01835036277770996
0.0018116366118192673 0.0011968016624450684 0.0039043426513671875
0.0 0.0 0.0
0.0 0.0006892979145050049 0.0
0.0 0.00024953484535217285 0.006399571895599365
0.0 0.003494828939437866 0.0449749231338501
0.0 0.01360061764717102 0.05795896053314209
0.0 0.015695571899414062 0.05162012577056885
0.0 0.020660579204559326 0.03994816541671753
0.00619908794760704 0.021754473447799683 0.039993882179260254
0.0044586267322301865 0.012230873107910156 0.03153705596923828
0.0 0.007393181324005127 0.008728325366973877
0.0 0.0 0.0
0.0 0.0 0.0
0.0 0.0 0.0
0.0 0.0 0.0
0.0 0.0 0.010823369026184082
0.0 0.0 0.018507182598114014
0.0 0.0 0.021191120147705078
0.003410106524825096 0.0 0.020910680294036865
0.008883217349648476 0.007473975419998169 0.011678814888000488
0.019937075674533844 0.02368605136871338 0.0
0.029750533401966095 0.03601321578025818 0.0
0.027549847960472107 0.04858797788619995 0.0
0.030148345977067947 0.04175102710723877 0.0
0.050835561007261276 0.042981356382369995 0.0
0.042462632060050964 0.0378686785697937 0.0
0.032279327511787415 0.013560295104980469 0.0
0.012473896145820618 0.0038167834281921387 0.0
0.0027273360174149275 0.0 0.022672176361083984
0.0 0.0 0.035210251808166504
0.0 0.0 0.01525348424911499
0.0 0.0 0.0
0.0 0.00392577052116394 0.02426445484161377
0.0 0.0 0.011130690574645996
0.0 0.0 0.008129477500915527
0.0 0.0 0.0007202625274658203
0.0 0.0 0.0
0.0 0.0 0.0
0.0 0.0 0.004878878593444824
0.0 0.0 0.010195553302764893
0.0 0.0 0.02976161241531372
0.011436857283115387 0.0 0.0396992564201355
0.021677352488040924 0.0 0.04080307483673096
0.03599493205547333 0.019362151622772217 0.03538471460342407
0.055601902306079865 0.03433507680892944 0.02565056085586548
0.06974431872367859 0.04139995574951172 0.007747292518615723
0.05599159002304077 0.06800299882888794 0.0
0.06509488821029663 0.07759764790534973 0.0
0.09728266298770905 0.08084774017333984 0.0
0.09302328526973724 0.08056691288948059 0.0
0.050401583313941956 0.07088258862495422 0.0
0.011968165636062622 0.07261985540390015 0.0
0.019687645137310028 0.04356369376182556 0.0
0.01805972307920456 0.03192168474197388 0.0
0.0 0.0026888251304626465 0.0
0.0 0.0 0.0
0.0 0.0 0.0
0.0 0.0 0.0
0.0 0.0 0.0
0.0 0.0 0.026468396186828613
0.0 0.0 0.04353684186935425
0.0 0.0 0.0520472526550293
0.0 0.0 0.05790889263153076
0.0 0.0 0.06957197189331055
0.0 0.0 0.06365680694580078
0.0 0.0 0.055044353008270264
0.0 0.0043600499629974365 0.04834407567977905
0.0 0.008362263441085815 0.03931748867034912
0.0 0.012094289064407349 0.04352903366088867
0.0 0.011817723512649536 0.03930395841598511
0.0 0.009269088506698608 0.03552907705307007
0.0 0.0012462139129638672 0.030756890773773193
0.004134489223361015 0.0005270838737487793 0.029575228691101074
0.01489783450961113 0.0 0.024764716625213623
0.01773609220981598 0.0 0.01224660873413086
0.01082402840256691 0.0011009573936462402 0.0
0.015352053567767143 0.0 0.0
0.018509451299905777 0.0 0.0
0.022350693121552467 0.00020590424537658691 0.0
0.03163282945752144 0.008305191993713379 0.0
0.03183068335056305 0.014221638441085815 0.0
0.03475210815668106 0.020179927349090576 0.0
0.04094628244638443 0.02097514271736145 0.0
0.04722314327955246 0.03441053628921509 0.0
0.05751809477806091 0.034307777881622314 0.0
0.05348570644855499 0.04047355055809021 0.0
0.03858114033937454 0.04230937361717224 0.0
0.02751920372247696 0.04364714026451111 0.0
0.03238638490438461 0.03869393467903137 0.0010152459144592285
0.049238696694374084 0.03682193160057068 0.020911335945129395
0.03981803357601166 0.04883933067321777 0.02279907464981079
0.026978865265846252 0.05321383476257324 0.006014108657836914
0.05106394737958908 0.05367615818977356 0.0
0.029331743717193604 0.04258570075035095 0.0
0.010457880795001984 0.046013474464416504 0.0
0.05016622692346573 0.04112228751182556 0.0
0.035010214895009995 0.0 0.0
0.0 0.0 0.0
0.0 0.027993470430374146 0.0
0.027494076639413834 0.0 0.0
0.025729432702064514 0.0 0.022923588752746582
0.0 0.0 0.006278872489929199
0.0 0.0 0.004946410655975342
0.0 0.0 0.03112947940826416
0.0 0.0 0.07754504680633545
0.012929856777191162 0.0 0.09114694595336914
0.0 0.0 0.045761168003082275
0.0 0.03072342276573181 0.0017233490943908691
0.0 0.029667317867279053 0.0
0.0 0.06509491801261902 0.046594083309173584
0.01165839284658432 0.0 0.051986098289489746
0.0 0.0 0.03306514024734497
0.0 0.013436108827590942 0.046718716621398926
0.01782369613647461 0.03545603156089783 0.03742110729217529
0.021566815674304962 0.0 0.017329275608062744
0.028402239084243774 0.04124480485916138 0.01631927490234375
0.005357638001441956 0.04246434569358826 0.019340991973876953
0.009842321276664734 0.0 0.03144490718841553
0.007055759429931641 0.0 0.0
0.0 0.0 0.0008386969566345215
0.0 0.09546667337417603 0.0
0.0 0.0 0.0
0.0 0.0 0.0
0.0 0.0 0.02214837074279785
0.02289412170648575 0.0 0.0
0.0 0.0012455582618713379 0.0
0.0 0.0 0.0
0.0 0.008818566799163818 0.0
0.0 0.029083728790283203 0.018256306648254395
0.046784743666648865 0.03166145086288452 0.039061784744262695
0.051947399973869324 0.13189354538917542 0.07436466217041016
0.0 0.0 0.059618473052978516
0.0 0.035026878118515015 0.07309079170227051
0.0 0.004208743572235107 0.08824211359024048
0.0 0.0 0.04436761140823364
0.011344097554683685 0.0 0.0
0.026806898415088654 0.0 0.028360366821289062
0.0 0.0188123881816864 0.07388442754745483
0.0 0.2036474347114563 0.02739650011062622
0.0 0.0 0.0
0.06667349487543106 0.021784693002700806 0.0
0.08285768330097198 0.0026953518390655518 0.004399538040161133
0.04543144255876541 0.0 0.0
0.0 0.04533451795578003 0.0
0.0 0.03661733865737915 0.0
0.03293094411492348 0.002761632204055786 0.0
0.0 0.0 0.0
0.009845487773418427 0.0 0.0
0.0 0.0 0.0
0.0 0.0 0.0
0.0 0.0 0.004493355751037598
0.019462071359157562 0.0 0.019169747829437256
0.0 0.0 0.05216503143310547
0.0 0.0 0.12762784957885742
0.00733884796500206 0.13273748755455017 0.0
0.009771622717380524 0.0 0.029107213020324707
0.015436023473739624 0.0 0.026782989501953125
0.0 0.010334670543670654 0.030852556228637695
0.0 0.006806433200836182 0.018810749053955078
0.0 0.0 0.029529988765716553
0.015655353665351868 0.0 0.0
0.0 0.0 0.05331110954284668
0.0 0.0 0.0
0.0 0.0 0.0
0.0 0.0 0.00018471479415893555
0.0 0.0 0.0
0.0 0.0 0.01030123233795166
0.0 0.0 0.018226146697998047
0.0 0.0 0.014393448829650879
0.0 0.0 0.0
0.0 0.0033923983573913574 0.0
0.0 0.020527631044387817 0.0
0.0 0.021377339959144592 0.0
0.01086498238146305 0.02320416271686554 0.007597923278808594
0.0289902463555336 0.020298942923545837 0.0133933424949646
0.03615700080990791 0.016919314861297607 0.019181430339813232
0.03825001418590546 0.025992006063461304 0.01544332504272461
0.04389562830328941 0.028561651706695557 0.0
0.04393263906240463 0.04571214318275452 0.0
0.01845680922269821 0.06252515316009521 0.0
0.027290791273117065 0.061042577028274536 0.0
0.0431995689868927 0.05898180603981018 0.0
0.03468529134988785 0.05819818377494812 0.0
0.02752774953842163 0.05352109670639038 0.0
0.017600737512111664 0.03510776162147522 0.010346055030822754
0.024785079061985016 0.03331044316291809 0.01598954200744629
0.03574139624834061 0.0172252357006073 0.01339656114578247
0.02408437430858612 0.007261604070663452 0.0
0.022979214787483215 0.01608172059059143 0.0
0.017860092222690582 0.020366549491882324 0.0
0.024398259818553925 0.029736489057540894 0.0
0.02023082971572876 0.03030046820640564 0.0
0.02509576827287674 0.017489582300186157 0.0
0.0007082074880599976 0.00904741883277893 0.0
0.0 0.0 0.0
0.0 0.0 0.003715336322784424
0.0 0.0 0.0006693005561828613
0.0 0.0 0.012870073318481445
0.0 0.0 0.014413118362426758
0.0 0.0 0.021457314491271973
0.0 0.0 0.03712254762649536
0.0 0.0 0.03365057706832886
0.0 0.0 0.03813612461090088
0.0 0.0 0.04667460918426514
0.0 0.0 0.04196411371231079
0.0 0.0 0.04318523406982422
0.0 0.0 0.04013639688491821
0.0 0.0 0.03364282846450806
0.0 0.0 0.02140575647354126
0.0 0.0 0.015310049057006836
0.0 0.008047059178352356 0.011196792125701904
0.0 0.01513931155204773 0.004229307174682617
0.0 0.0180111825466156 0.0
0.0 0.01851189136505127 0.0
0.00796794518828392 0.014407128095626831 0.0
0.00436396524310112 0.007129982113838196 0.0
0.0006889477372169495 0.004766941070556641 0.0
0.0017761476337909698 0.00930042564868927 0.0
0.013714786618947983 0.013847306370735168 0.0
0.024588432163000107 0.015246555209159851 0.0
0.02306283637881279 0.015654146671295166 0.0
0.022569581866264343 0.018205463886260986 0.0
0.024057161062955856 0.015028595924377441 0.0
0.02384011447429657 0.013302847743034363 0.0
0.023280709981918335 0.014209479093551636 0.0
0.030334509909152985 0.015198975801467896 0.0
0.02395128458738327 0.015602320432662964 0.0
0.012515023350715637 0.01924726366996765 0.0
0.013256914913654327 0.016626745462417603 0.0
0.009508289396762848 0.01250353455543518 0.0004401206970214844
0.0059003084897994995 0.006675422191619873 0.015365183353424072
0.011246219277381897 0.007291167974472046 0.028646886348724365
0.010236382484436035 0.0005127489566802979 0.03336852788925171
0.0006458461284637451 0.0 0.029092609882354736
0.0 0.0 0.016378343105316162
0.0012973770499229431 0.0 0.006299436092376709
0.004130750894546509 0.0022962093353271484 0.000675201416015625
0.0008542835712432861 0.0 0.0012277960777282715
0.0 0.0 0.0
0.0 0.0 0.0
0.0 0.0 0.0
0.0 0.0 0.001370072364807129
0.0 0.0004923045635223389 0.010449349880218506
0.0 0.005881607532501221 0.016206979751586914
0.0 0.009732425212860107 0.013991713523864746
0.0 0.0069904625415802 0.009670257568359375
0.0 0.008288800716400146 0.009683072566986084
0.0 0.011379599571228027 0.001151442527770996
0.0 0.0184309184551239 0.012273669242858887
0.0 0.007738053798675537 0.025503158569335938
0.0 0.013625741004943848 0.02887868881225586
0.0 0.011369824409484863 0.02135491371154785
0.0 0.003692910075187683 0.01541125774383545
0.0 0.0 0.0
0.0 0.0 0.0
0.0009040459990501404 0.015861093997955322 0.010101079940795898
0.004353336989879608 0.003754138946533203 0.03786885738372803
0.0051564425230026245 0.0 0.0
0.04295577108860016 0.006326615810394287 0.0
0.06084522604942322 0.09952446818351746 0.009406685829162598
0.12587293982505798 0.15987959504127502 0.052246153354644775
0.09235739707946777 0.1903977394104004 0.03371089696884155
0.10533231496810913 0.23321253061294556 0.0
0.0 0.2830766439437866 0.0
0.12967664003372192 0.34064042568206787 0.0
0.19047677516937256 0.37151020765304565 0.0
0.17470324039459229 0.27887240052223206 0.0
0.1628338098526001 0.08852121233940125 0.0
0.0 0.0 0.0
0.0 0.0 0.0
0.0 0.0 0.0
0.0 0.0 0.07404673099517822
0.0 0.0 0.31185996532440186
0.0 0.0 0.38749146461486816
0.0 0.059915512800216675 0.1817377209663391
0.0 0.31905150413513184 0.0
0.0 0.34549009799957275 0.0
0.0 0.2224169671535492 0.11087095737457275
0.0 0.14331784844398499 0.2497808337211609
0.0 0.1911577582359314 0.19117379188537598
0.0 0.3053884506225586 0.08215928077697754
0.0 0.353339284658432 0.0
0.0 0.36065950989723206 0.03900325298309326
0.0 0.2522162199020386 0.09227412939071655
0.0 0.14921879768371582 0.1027907133102417
0.0 0.16163432598114014 0.05716508626937866
0.0 0.20394235849380493 0.0033109188079833984
0.0 0.25450682640075684 0.01954340934753418
0.0 0.21370220184326172 0.0
0.0 0.21066194772720337 0.0
0.0 0.17284858226776123 0.0
0.0 0.10584449768066406 0.01451641321182251
0.0 0.10771667957305908 0.0076743364334106445
0.0 0.17278778553009033 0.010075032711029053
0.0 0.16232234239578247 0.053876638412475586
0.0 0.09705770015716553 0.12178635597229004
0.0 0.0945594310760498 0.13148558139801025
0.0 0.12701022624969482 0.09176313877105713
0.0 0.08323651552200317 0.11053466796875
0.0 0.10071581602096558 0.07417440414428711
0.02333006262779236 0.06300675868988037 0.11251020431518555
0.0 0.013874650001525879 0.11620819568634033
0.0 0.09630167484283447 0.04096686840057373
0.0202944278717041 0.08843910694122314 0.04125493764877319
0.004299461841583252 0.017987608909606934 0.09071147441864014
0.0 0.0 0.11872512102127075
0.0 0.022108912467956543 0.05750143527984619
0.0 0.07153880596160889 0.006817936897277832
0.0 0.02332746982574463 0.023740828037261963
0.01608097553253174 0.036162376403808594 0.0
0.014419376850128174 0.0 0.04748547077178955
0.0 0.0 0.0029911398887634277
0.0 0.018058061599731445 0.010666608810424805
0.0 0.007954716682434082 0.06504976749420166
0.0 0.0 0.07347249984741211
0.0 0.0 0.06628662347793579
0.0 0.0 0.041394174098968506
0.0 0.0 0.0777733325958252
0.0 0.0 0.10859227180480957
0.0 0.028466492891311646 0.025896787643432617
0.0 0.03802809119224548 0.02330029010772705
0.008825600147247314 0.001741856336593628 0.03574252128601074
0.0002472400665283203 0.012804269790649414 0.039455533027648926
0.0018090605735778809 0.02403181791305542 0.09312069416046143
0.009437143802642822 0.05968981981277466 0.06589663028717041
0.0 0.10922367870807648 0.0
0.025563597679138184 0.06005600094795227 0.0
0.10021781921386719 0.05840861797332764 0.0565146803855896
0.10460373759269714 0.06278073787689209 0.1211729645729065
0.046003133058547974 0.06053847074508667 0.10400760173797607
0.0 0.04607042670249939 0.0
0.0 0.048049576580524445 0.0
0.0 0.014881260693073273 0.0
0.02608296275138855 0.020300835371017456 0.0
0.06505987048149109 0.01930420845746994 0.023569762706756592
0.04427152872085571 0.010665923357009888 0.028544485569000244
0.004987180233001709 0.0 0.0
0.0 0.002901822328567505 0.0
0.0 0.02751455083489418 0.0
0.02741551399230957 0.04417989403009415 0.0
0.04084025323390961 0.0500459261238575 0.0
0.04390203207731247 0.040302909910678864 0.0
0.03229588642716408 0.03728528320789337 0.0
0.023555144667625427 0.03419707715511322 0.0
0.0009043309837579727 0.029537104070186615 0.0
0.017080336809158325 0.034679070115089417 0.0
0.03299843892455101 0.009993791580200195 0.0
0.010571397840976715 0.0 0.0
0.0 0.0 0.0
0.0 0.0 0.0
0.0 0.0 0.0
0.0 0.0 0.0
0.0 0.0 0.0
0.0 0.0 0.00043892860412597656
0.0 0.0 0.009722471237182617
0.0 0.0 0.013492882251739502
0.004081442952156067 0.0 0.024006783962249756
0.0 0.0 0.018986403942108154
0.0008290335536003113 0.0 0.01893746852874756
0.0 0.0015801042318344116 0.005654752254486084
0.004715807735919952 0.0 0.009680330753326416
0.00930836796760559 0.007388189435005188 0.01390773057937622
0.0027835220098495483 0.0 0.004362285137176514
0.005343019962310791 0.0 0.005736052989959717
0.0028408318758010864 0.0054697394371032715 0.0
0.0 0.0 0.0
0.0 0.005506992340087891 0.0
0.0 0.010239243507385254 0.0
0.0 0.00023895502090454102 0.0
0.0008708536624908447 0.005196034908294678 0.0
0.00722050666809082 0.0 0.0
0.0 0.0031490474939346313 0.0
0.0 0.014591574668884277 0.0
0.0 0.022984638810157776 0.0
0.0 0.02540658414363861 0.0
0.0 0.024395719170570374 0.007000565528869629
0.0 0.018868669867515564 0.018564343452453613
0.004628293216228485 0.014952123165130615 0.032091379165649414
0.003344431519508362 0.011768072843551636 0.034100234508514404
0.0026653483510017395 0.01188039779663086 0.03566068410873413
0.003163769841194153 0.012071669101715088 0.03324449062347412
0.0010384395718574524 0.014876127243041992 0.03093928098678589
0.000857032835483551 0.016197219491004944 0.024701297283172607
0.0009758472442626953 0.01358763873577118 0.01466435194015503
0.0 0.010490953922271729 0.005855858325958252
0.0 0.007422402501106262 0.002287566661834717
0.0 0.005176723003387451 0.0
0.0 0.004231944680213928 0.004806816577911377
0.0 0.0021964609622955322 0.006418943405151367
0.0 0.0 0.013702630996704102
0.0 0.009611353278160095 0.006391644477844238
0.0045245736837387085 0.005932226777076721 0.0007090568542480469
0.0031954124569892883 0.011530429124832153 0.0
0.00858353078365326 0.006798356771469116 0.00020873546600341797
0.010251834988594055 0.006705045700073242 0.006828963756561279
0.006797604262828827 0.00396372377872467 0.00940614938735962
0.005399778485298157 0.003572240471839905 0.007257342338562012
0.002460300922393799 0.005305394530296326 0.0
0.0018532276153564453 0.010056078433990479 0.0
0.002138972282409668 0.008557036519050598 0.00154876708984375
0.0 0.005723550915718079 0.0014396309852600098
0.0 0.004924803972244263 0.006982266902923584
0.0 0.0055419206619262695 0.009359955787658691
0.0010841935873031616 0.0034656524658203125 0.012431800365447998
0.0012694373726844788 0.004869326949119568 0.015205681324005127
0.0 0.0068143755197525024 0.013317525386810303
0.0 0.008007362484931946 0.012081444263458252
0.0004509761929512024 0.008262932300567627 0.012003779411315918
0.006836459040641785 0.008135885000228882 0.01776677370071411
0.00479501485824585 0.012372151017189026 0.018756449222564697
0.00921565294265747 0.011456608772277832 0.01953679323196411
0.005403697490692139 0.010014504194259644 0.01581704616546631
0.003720097243785858 0.009498268365859985 0.013298273086547852
0.007738098502159119 0.007885456085205078 0.014939725399017334
0.006634756922721863 0.004144102334976196 0.016355395317077637
0.0 0.002201080322265625 0.007107079029083252
0.0 0.0032430142164230347 0.0021032094955444336
0.0 0.012077957391738892 0.0
0.0 0.01601836085319519 0.0
0.0 0.01024259626865387 0.0
0.0 0.007657989859580994 0.0
0.0 0.009492233395576477 0.0
0.0 0.0322013795375824 0.0
0.0 0.03670698404312134 0.0
0.0 0.033339500427246094 0.0
0.0 0.01486825942993164 0.0
0.0 0.006096959114074707 0.0
0.0 0.009749650955200195 0.0
0.0 0.006183266639709473 0.0
0.0013281181454658508 0.007076442241668701 0.023314356803894043
0.0038151443004608154 0.009530991315841675 0.04315561056137085
0.007041573524475098 0.016327202320098877 0.05779409408569336
0.006670311093330383 0.02007216215133667 0.07344859838485718
0.007381819188594818 0.020615100860595703 0.08032107353210449
0.0 0.02090439200401306 0.08340942859649658
0.0 0.020808905363082886 0.09024131298065186
0.0033551454544067383 0.015488952398300171 0.096599280834198
0.002026893198490143 0.00802573561668396 0.09206932783126831
0.0 0.0 0.08785456418991089
0.0 0.0 0.08607566356658936
0.0 0.0 0.0819963812828064
0.0 0.0 0.07161581516265869
0.0 0.0 0.05098462104797363
0.0 0.0 0.030012786388397217
0.0 0.0 0.007022857666015625
0.0 0.0 0.0
0.0 0.0020111054182052612 0.0
0.0 0.006855420768260956 0.0
0.0 0.007939137518405914 0.0
0.0029598474502563477 0.005818501114845276 0.0
0.005132362246513367 0.004510372877120972 0.0
0.010681822896003723 0.0 0.0
0.0067466869950294495 0.006486475467681885 0.0
0.009680256247520447 0.0059881508350372314 0.0
0.012024030089378357 0.009209543466567993 0.0
0.00704820454120636 0.030893221497535706 0.0
0.01566644012928009 0.04214796423912048 0.0
0.009500324726104736 0.03449830412864685 0.0
0.007669582962989807 0.03366442024707794 0.0
0.0 0.03466971218585968 0.0
0.0 0.036257073283195496 0.0
0.0 0.028644800186157227 0.0
0.0 0.03591001033782959 0.009417891502380371
0.0 0.04287073016166687 0.02505040168762207
0.0 0.044284313917160034 0.0379410982131958
0.0021622851490974426 0.03387516736984253 0.043589651584625244
0.0 0.02920517325401306 0.05211681127548218
0.0 0.022149711847305298 0.06715655326843262
0.0 0.01991543173789978 0.08118492364883423
0.0008237659931182861 0.006616771221160889 0.09634667634963989
0.003231130540370941 0.0014151036739349365 0.10420942306518555
0.00011803209781646729 0.0 0.09850019216537476
0.0 0.0 0.09355467557907104
0.0 0.0 0.09268832206726074
0.0 0.0 0.08921271562576294
0.0 0.0 0.07845240831375122
0.0 0.0 0.06738066673278809
0.0 0.0 0.042798638343811035
0.0 0.0030706673860549927 0.01564103364944458
0.0 0.013754695653915405 0.0
0.0 0.016501471400260925 0.0
0.0 0.012649133801460266 0.0
0.0 0.0079861581325531 0.0
0.0 0.0030952095985412598 0.0
0.0 0.00744357705116272 0.0
0.0 0.0007611960172653198 0.0
0.0 0.0028224289417266846 0.0
0.00353376567363739 0.0 0.0
0.004947826266288757 0.0 0.0
0.0020283907651901245 0.007327482104301453 0.0
0.0 0.02529744803905487 0.0
0.004124641418457031 0.0214063823223114 0.0
0.01170329749584198 0.018590658903121948 0.00237351655960083
0.015178188681602478 0.01943555474281311 0.030292510986328125
0.025985747575759888 0.017789989709854126 0.05535191297531128
0.030759647488594055 0.0093269944190979 0.06971818208694458
0.02965967357158661 0.008631885051727295 0.07679015398025513
0.023635134100914 0.0019229352474212646 0.08393067121505737
0.016013622283935547 0.0015766024589538574 0.09258407354354858
0.007752031087875366 0.0 0.09014827013015747
0.007420048117637634 0.0009628236293792725 0.093014657497406
0.004201553761959076 0.0 0.08558511734008789
0.0015294775366783142 0.0 0.07286632061004639
0.0 0.0 0.04295068979263306
0.0 0.0 0.005174040794372559
0.0 0.005059182643890381 0.0
0.0 0.014885470271110535 0.0
0.0 0.03396056592464447 0.0
0.0 0.04699483513832092 0.0
0.0 0.04433329403400421 0.0
0.015233352780342102 0.03904949128627777 0.0
0.03584319353103638 0.04478439688682556 0.0
0.028776124119758606 0.05470287799835205 0.0
0.01618024706840515 0.04890936613082886 0.0
0.015569433569908142 0.022914737462997437 0.0
0.003563806414604187 0.008456707000732422 0.0
0.006914913654327393 0.0 0.008274734020233154
0.006431147456169128 0.003782510757446289 0.05770409107208252
0.008560925722122192 0.0 0.09864628314971924
0.0 0.0 0.11831933259963989
0.0 0.0 0.1311091184616089
0.0 0.0 0.13222813606262207
0.0 0.0 0.1303817629814148
0.0 0.0 0.11690253019332886
0.0 0.0 0.08781158924102783
0.0 0.0 0.06388884782791138
0.0 0.0008445382118225098 0.04004031419754028
0.0 0.012059539556503296 0.01997917890548706
0.0 0.018106132745742798 0.0
0.0 0.021146506071090698 0.0
0.0 0.024124324321746826 0.0
0.004629388451576233 0.02942456305027008 0.0
0.0014896243810653687 0.03528428077697754 0.0
0.009200423955917358 0.031176775693893433 0.0
0.0032895058393478394 0.027024388313293457 0.0
0.010665372014045715 0.026384443044662476 0.0
0.02620302140712738 0.04775688052177429 0.0
0.04082415997982025 0.05133679509162903 0.0
0.030565738677978516 0.03677752614021301 0.0
0.009698748588562012 0.019327551126480103 0.0
0.0 0.00781869888305664 0.0
0.0 0.0 0.0
0.008751004934310913 0.0012631416320800781 0.05717581510543823
0.023815646767616272 0.0025799572467803955 0.09785902500152588
0.024234354496002197 0.0 0.10593307018280029
0.014629065990447998 0.0 0.09834295511245728
0.0007453560829162598 0.0 0.07813459634780884
0.0 0.0 0.05774742364883423
0.0 0.0 0.05008441209793091
0.0 0.0 0.04445368051528931
0.0 0.0 0.03246569633483887
0.0 0.0 0.012466788291931152
0.0 0.003832712769508362 0.002588987350463867
0.0 0.005167827010154724 0.0
0.0 0.001293674111366272 0.0
0.0 0.009114325046539307 0.0
0.0 0.012545466423034668 0.0
0.0009153261780738831 0.028583720326423645 0.0
0.014192841947078705 0.04321816563606262 0.0
0.011944562196731567 0.0426899790763855 0.0
0.004320219159126282 0.03457985818386078 0.0
0.0 0.03095078468322754 0.0
0.0 0.02712199091911316 0.0
0.0 0.03130879998207092 0.0
0.0 0.028197437524795532 0.0
0.0 0.01646876335144043 0.007562220096588135
0.0 0.010300755500793457 0.02339637279510498
0.0 0.0 0.03491002321243286
0.0 0.0 0.050892531871795654
0.0 0.0 0.06442499160766602
0.0 0.0 0.07754069566726685
0.0 0.0 0.09218627214431763
0.0 0.0 0.10341370105743408
0.0 0.0 0.09283196926116943
0.0 0.0018794536590576172 0.07000839710235596
0.0 0.0048999786376953125 0.0425647497177124
0.0 0.005315989255905151 0.013899922370910645
0.0 0.006929278373718262 0.0
0.0 0.0034514665603637695 0.0
0.0 0.006983444094657898 0.0
0.004009231925010681 0.011420398950576782 0.0
0.007042869925498962 0.011666908860206604 0.0
0.003952547907829285 0.014888763427734375 0.0
0.007928192615509033 0.007156461477279663 0.0
0.009607508778572083 0.007128208875656128 0.0
0.004879891872406006 0.003965973854064941 0.0
0.008366405963897705 0.00015994906425476074 0.0
0.008388057351112366 0.002477675676345825 0.013799071311950684
0.006586551666259766 0.0008461177349090576 0.019786834716796875
0.0003381669521331787 0.0012646913528442383 0.0198286771774292
0.0 0.0008566528558731079 0.018013298511505127
0.0 0.004492759704589844 0.026408791542053223
0.0 0.009179368615150452 0.028195619583129883
0.0 0.013226628303527832 0.01987326145172119
0.0 0.015823110938072205 0.01212245225906372
0.0 0.014750063419342041 0.004066824913024902
0.0 0.010910823941230774 0.0037305355072021484
0.0 0.005470678210258484 0.0072762370109558105
0.005749613046646118 0.0 0.015335917472839355
0.0038724690675735474 0.0 0.007826268672943115
0.0 0.0 0.0
0.0 0.003483116626739502 0.0
0.0 0.00992073118686676 0.0
0.0007925331592559814 0.012980103492736816 0.0
0.004326432943344116 0.007236212491989136 0.0
0.00022998452186584473 0.0065971314907073975 0.01233142614364624
0.0 0.0 0.01563018560409546
0.0 0.0015889406204223633 0.0229036808013916
0.0013671815395355225 0.009453743696212769 0.02436894178390503
0.00060996413230896 0.01857513189315796 0.017636418342590332
0.0024905651807785034 0.01826244592666626 0.010655224323272705
0.0011977553367614746 0.018800735473632812 0.003464818000793457
0.0025771409273147583 0.016370534896850586 0.001064896583557129
0.0 0.00927773118019104 0.0
0.0 0.0013001561164855957 0.00014770030975341797
0.0 0.0 0.0013311505317687988
0.0 0.0 0.0024941563606262207
0.0 0.0 0.0031366348266601562
0.0 0.0 0.0073996782302856445
0.0 0.0 0.0076653361320495605
0.0010126978158950806 0.0 0.007203817367553711
0.0076850056648254395 0.004293173551559448 0.002795994281768799
0.007400393486022949 0.011611461639404297 0.0
0.012318089604377747 0.017557650804519653 0.0
0.00783856213092804 0.01807934045791626 0.0
0.009327515959739685 0.01876118779182434 0.0011003613471984863
0.0037236958742141724 0.016805261373519897 0.007481276988983154
0.005415424704551697 0.017844676971435547 0.006493568420410156
0.0 0.01825791597366333 0.010913372039794922
0.0 0.012416332960128784 0.010336339473724365
0.0 0.01387760043144226 0.01216202974319458
0.0 0.014286518096923828 0.012603938579559326
0.0 0.016454964876174927 0.013662576675415039
0.0 0.014362901449203491 0.014371871948242188
0.0 0.009370565414428711 0.008144974708557129
0.0 0.0 0.005679607391357422
0.0 0.0 0.012169718742370605
0.0 0.0 0.013150215148925781
0.0 0.001909703016281128 0.009457170963287354
0.0 0.005503356456756592 0.0
0.0 0.007410168647766113 0.0
0.0 0.00877407193183899 0.0
0.0 0.010818034410476685 0.0
0.0032878518104553223 0.010476857423782349 0.008186519145965576
0.0030141323804855347 0.012819558382034302 0.009334564208984375
0.0015574246644973755 0.01027071475982666 0.00485914945602417
0.0 0.006766557693481445 0.00668025016784668
0.0 0.00735822319984436 0.006711125373840332
0.0006681084632873535 0.0007536113262176514 0.015366792678833008
0.004674673080444336 0.007404834032058716 0.016599297523498535
0.004162117838859558 0.005129575729370117 0.0053637027740478516
0.0 0.0022510886192321777 0.0
0.0 0.004987478256225586 0.0
0.0 0.006235659122467041 0.005924701690673828
0.0 0.004985004663467407 0.0009671449661254883
0.0 0.0 0.0
0.0 0.0 0.0029251575469970703
0.0 0.0 0.010627508163452148
0.0 0.0 0.015669643878936768
0.0 0.0 0.027518272399902344
0.007221311330795288 0.0 0.030764281749725342
0.0 0.0 0.021185755729675293
0.0 0.002778947353363037 0.0061498284339904785
0.0 0.006649285554885864 0.0
0.0 0.016050606966018677 0.0
0.0 0.024503499269485474 0.0
0.003832392394542694 0.019153594970703125 0.0
0.0066580623388290405 0.015101432800292969 0.005531191825866699
0.005877852439880371 0.01154354214668274 0.00897139310836792
0.0 0.017514526844024658 0.006901204586029053
0.0 0.00869894027709961 0.0
0.0 0.014509916305541992 0.0
0.006688341498374939 0.015421271324157715 0.0
0.015038758516311646 0.02489343285560608 0.010708808898925781
0.027420103549957275 0.01851317286491394 0.016520023345947266
0.01579602062702179 0.0 0.0026379823684692383
0.008853808045387268 0.010879278182983398 0.0
0.00027486681938171387 0.011186748743057251 0.0
0.0 0.03363204002380371 0.01793009042739868
0.06604364514350891 0.010052770376205444 0.04680877923965454
0.0683806836605072 0.0016321539878845215 0.08959043025970459
0.034959644079208374 0.0 0.07336139678955078
0.0 0.03685513138771057 0.01615750789642334
0.01805552840232849 0.05548551678657532 0.012843430042266846
0.05830228328704834 0.05775991082191467 0.058551669120788574
0.050251662731170654 0.07200038433074951 0.031790733337402344
0.14200431108474731 0.10071060061454773 0.0
0.08502131700515747 0.003613382577896118 0.0
0.0 0.10040220618247986 0.0
0.0 0.1447521150112152 0.0
0.05112481117248535 0.26030147075653076 0.0
0.10390418767929077 0.3497872054576874 0.0
0.038657546043395996 0.3165085017681122 0.0
0.0 0.12321817874908447 0.0
0.0 0.0 0.0
0.0 0.0 0.009533882141113281
0.0 0.0 0.0
0.01484060287475586 0.11844417452812195 0.0
0.0 0.11585941910743713 0.0
0.0 0.10361349582672119 0.0
0.0 0.0 0.0
0.0 0.0 0.12967181205749512
0.0 0.0 0.3857065439224243
0.0 0.0 0.31070321798324585
0.0 0.05877882242202759 0.046652913093566895
0.0 0.3344673216342926 0.0
0.0 0.400191992521286 0.0
0.0 0.3121575117111206 0.07596766948699951
0.0 0.17178687453269958 0.245505690574646
0.0 0.16760265827178955 0.25975918769836426
0.0 0.26659032702445984 0.16035473346710205
0.0 0.3572421967983246 0.08065009117126465
0.0 0.3578222393989563 0.11672073602676392
0.0 0.23666232824325562 0.11313843727111816
0.0 0.19483661651611328 0.044775962829589844
0.0 0.2555333375930786 0.0
0.0 0.2669450640678406 0.0
0.0 0.21077167987823486 0.0
0.0 0.12090170383453369 0.09645706415176392
0.0 0.14012408256530762 0.14724242687225342
0.0 0.2248583436012268 0.09949976205825806
0.0 0.2839021682739258 0.0719708800315857
0.0 0.19829940795898438 0.13826096057891846
0.0 0.06739580631256104 0.21229267120361328
0.0 0.09766507148742676 0.16828930377960205
0.0065784454345703125 0.060232341289520264 0.16341203451156616
0.0 0.0 0.20737749338150024
0.0 0.03823041915893555 0.18161356449127197
0.0 0.16664886474609375 0.06794023513793945
0.043913453817367554 0.18412023782730103 0.0
0.08920043706893921 0.06475400924682617 0.04891330003738403
0.04605734348297119 0.0 0.15019690990447998
0.0 0.0 0.15188491344451904
0.0 0.13003897666931152 0.0
0.0 0.038509368896484375 0.021788597106933594
0.0 0.0 0.08787655830383301
0.0 0.0 0.10687297582626343
0.0 0.0 0.09341764450073242
0.0 0.0248681902885437 0.0013492703437805176
0.0 0.032933056354522705 0.08551681041717529
0.0 0.04062002897262573 0.18703722953796387
0.0 0.03417167067527771 0.21730875968933105
0.0 0.07320106029510498 0.18006247282028198
0.0 0.11380641162395477 0.16476953029632568
0.0 0.15607358515262604 0.13629668951034546
0.010074436664581299 0.14545252919197083 0.09820055961608887
0.027710676193237305 0.1304432451725006 0.016936898231506348
0.043420061469078064 0.0959419310092926 0.0
0.0 0.11822853982448578 0.0
0.0 0.09888217598199844 0.0
0.0 0.06506471335887909 0.0
0.008092548698186874 0.03372857719659805 0.0
0.020759228616952896 0.01226852834224701 0.0
0.017033198848366737 0.0 0.0
0.002583356574177742 0.0 0.0
0.0 0.0 0.0
0.0 0.0 0.0
0.0 0.0 0.0
0.0 0.0 0.0
0.0 0.0 0.0
0.0 0.0028945952653884888 0.0
0.0 0.0 0.0
0.0 0.0 0.0019542574882507324
0.0 0.0 0.0044686198234558105
0.0 0.0 0.0
0.0 0.0 0.0
0.0 0.0 0.0
0.0 0.0 0.0
0.0 0.009160339832305908 0.0
0.0 0.009776175022125244 0.0
0.0033645927906036377 0.013884946703910828 0.0021352767944335938
0.0 0.008089452981948853 0.00039571523666381836
0.0 0.0065348148345947266 0.004463136196136475
0.0 0.013554900884628296 0.0049787163734436035
0.004212722182273865 0.013600945472717285 0.011452078819274902
0.0038256868720054626 0.012563630938529968 0.013103663921356201
0.011435478925704956 0.013645157217979431 0.02196711301803589
0.020159177482128143 0.00885319709777832 0.014171361923217773
0.011618390679359436 0.020657628774642944 0.0010809898376464844
0.006772987544536591 0.017849668860435486 0.0
0.0006873533129692078 0.023977041244506836 0.0
0.0024270713329315186 0.008632168173789978 0.0038049817085266113
0.0 0.007902920246124268 0.014105558395385742
0.005249828100204468 0.005622923374176025 0.0243493914604187
0.004516378045082092 0.009811744093894958 0.02586829662322998
0.004757493734359741 0.009078055620193481 0.02503305673599243
0.0 0.022434473037719727 0.015917062759399414
0.0 0.023361608386039734 0.007690727710723877
0.0 0.030126258730888367 0.0019711852073669434
0.0 0.03349301218986511 0.0037627816200256348
0.0 0.03349737823009491 0.004426062107086182
0.0 0.027271002531051636 0.0
0.0 0.016224965453147888 0.006873667240142822
0.0 0.012678131461143494 0.0073340535163879395
0.0 0.0 0.0054329633712768555
0.0 0.0 0.008864521980285645
0.0 0.0 0.012987315654754639
0.0006407499313354492 0.0 0.014078676700592041
0.005391314625740051 0.0023434609174728394 0.013196825981140137
0.014244139194488525 0.007198363542556763 0.014547407627105713
0.01426023244857788 0.01909436285495758 0.01635080575942993
0.014310389757156372 0.016369149088859558 0.01629739999771118
0.010772399604320526 0.018702179193496704 0.01745814085006714
0.012440018355846405 0.015256062150001526 0.008984804153442383
0.006880521774291992 0.013996586203575134 0.0033931732177734375
0.0019760429859161377 0.010804295539855957 0.0
0.0 0.007342696189880371 0.0007561445236206055
0.0 0.0026213079690933228 0.0030126571655273438
0.0 0.0011500418186187744 0.003449738025665283
0.0 0.001178830862045288 0.00777667760848999
0.0 0.002330780029296875 0.013870298862457275
0.0 0.005340293049812317 0.014038562774658203
0.0 0.006784915924072266 0.01009279489517212
0.0 0.011400878429412842 0.003365933895111084
0.0021478086709976196 0.01744017004966736 0.0
0.008540362119674683 0.027849197387695312 0.0
0.01610507071018219 0.03276371955871582 0.0
0.02853250503540039 0.032734423875808716 0.0
0.032048434019088745 0.030436336994171143 0.0007345080375671387
0.030297935009002686 0.03374919295310974 0.0
0.03008536994457245 0.03744696080684662 0.0
0.028918445110321045 0.04444487392902374 0.0
0.027324408292770386 0.046090543270111084 0.0
0.026217252016067505 0.04089280962944031 0.0
0.018339693546295166 0.028712287545204163 0.0
0.012547925114631653 0.02214890718460083 0.0
0.0 0.012726813554763794 0.0
0.0 0.0 0.0
0.0 0.0 0.0
0.0 0.0 0.011403441429138184
0.0 0.0 0.027586817741394043
0.0 0.0 0.03624039888381958
0.0 0.0 0.04400908946990967
0.0 0.0 0.052106618881225586
0.0 0.0 0.05381101369857788
0.0 0.0 0.04042947292327881
0.0 0.0 0.036767542362213135
0.0 0.0 0.036947429180145264
0.0 0.0 0.046411871910095215
0.0 0.0 0.047600507736206055
0.0 0.0 0.045364558696746826
0.0 0.0 0.039200544357299805
0.0 0.004956364631652832 0.0343705415725708
0.0 0.03525695204734802 0.022014737129211426
0.016189031302928925 0.06118500232696533 0.0
0.03534693270921707 0.08976984024047852 0.0
0.06600263714790344 0.11512473225593567 0.0
0.10096783936023712 0.12188918888568878 0.0
0.10605725646018982 0.12053349614143372 0.0
0.09912510216236115 0.10696813464164734 0.0
0.09165363013744354 0.08637584745883942 0.0
0.07756713032722473 0.07961131632328033 0.0
0.06934984028339386 0.06652273237705231 0.0
0.050477996468544006 0.05463983118534088 0.0
0.03248225152492523 0.03835971653461456 0.0
0.016865745186805725 0.03185023367404938 0.000544428825378418
0.006020635366439819 0.037171125411987305 0.010296761989593506
0.0 0.038803666830062866 0.009158551692962646
0.0 0.015338510274887085 0.002451479434967041
0.0 0.005664050579071045 0.011685490608215332
0.0 0.0 0.03151273727416992
0.0 0.0 0.05813455581665039
0.0 0.0 0.07534956932067871
0.0 0.0 0.08873629570007324
0.0 0.0 0.09762603044509888
0.0 0.0 0.1068006157875061
0.0 0.0 0.10590362548828125
0.0 0.0 0.09062379598617554
0.0 0.0 0.07184028625488281
0.0 0.0 0.05707859992980957
0.0 0.002932801842689514 0.03660082817077637
0.0059105828404426575 0.023308709263801575 0.018663644790649414
0.02745532989501953 0.04734779894351959 0.0
0.05535079538822174 0.07239839434623718 0.0
0.071597620844841 0.08710215985774994 0.0
0.0954994410276413 0.10487484931945801 0.0
0.10045672953128815 0.11895793676376343 0.0
0.10568946599960327 0.1163962334394455 0.0
0.108653724193573 0.10567033290863037 0.0
0.11002419888973236 0.11298336088657379 0.0
0.10956943035125732 0.12188872694969177 0.0
0.08887514472007751 0.13066059350967407 0.0
0.062483564019203186 0.10676416754722595 0.0
0.030085712671279907 0.0622248649597168 0.0
0.0017634928226470947 0.029338091611862183 0.0
0.0 0.0008103251457214355 0.028462767601013184
0.0 0.0 0.045470476150512695
0.0 0.0 0.0686454176902771
0.0 0.0 0.08682048320770264
0.0 0.0 0.1083221435546875
0.0 0.0 0.12197589874267578
0.0 0.0 0.11871939897537231
0.0 0.0 0.10112011432647705
0.0 0.0 0.0849418044090271
0.0 0.0 0.08052176237106323
0.0 0.007078379392623901 0.0722542405128479
0.0 0.03839114308357239 0.0615498423576355
0.0 0.049135416746139526 0.030802488327026367
0.0 0.06395387649536133 0.0
0.015378892421722412 0.06999170780181885 0.0
0.034412682056427 0.08034703135490417 0.0
0.05014893412590027 0.08114531636238098 0.0
0.06615206599235535 0.08183944225311279 0.0
0.08101226389408112 0.07702000439167023 0.0
0.09006369113922119 0.066459059715271 0.0
0.0852971076965332 0.050385817885398865 0.0
0.0758475661277771 0.042990922927856445 0.0
0.05421218276023865 0.030964940786361694 0.0
0.029663190245628357 0.02552172541618347 0.0
0.008770376443862915 0.01300056278705597 0.0
0.0 0.0 0.0
0.0 0.0 0.0
0.0 0.0 0.033033013343811035
0.0 0.0 0.08261406421661377
0.0 0.0 0.11607104539871216
0.0 0.0 0.1171606183052063
0.0 0.0 0.0979204773902893
0.0 0.001265794038772583 0.06715196371078491
0.0 0.04281233251094818 0.02981013059616089
0.014602452516555786 0.08381862938404083 0.00966799259185791
0.03711472451686859 0.10701772570610046 0.0
0.040939077734947205 0.11532926559448242 0.0
0.05445070564746857 0.11846774816513062 0.0
0.05586226284503937 0.10898686945438385 0.0
0.05025723576545715 0.0915987491607666 0.0
0.05114176869392395 0.0750080794095993 0.0
0.04271242022514343 0.06360597908496857 0.0
0.040622323751449585 0.06019130349159241 0.0
0.02445872128009796 0.05175292491912842 0.0
0.013315379619598389 0.033347442746162415 0.0
0.008902907371520996 0.017863303422927856 0.013338923454284668
0.005638435482978821 0.0 0.025296688079833984
0.0 0.0 0.023212075233459473
0.0 0.0 0.011967301368713379
0.0 0.0 0.014743208885192871
0.0 0.0 0.022933483123779297
0.0 0.0 0.03583163022994995
0.0 0.0 0.03888732194900513
0.0 0.0 0.037252843379974365
0.0 0.0 0.021825671195983887
0.0 0.0 0.008867800235748291
0.0 0.004854053258895874 0.0001380443572998047
0.0 0.025141790509223938 0.0
0.0 0.042293399572372437 0.0
0.0 0.050064533948898315 0.0
0.0 0.0508849173784256 0.00025343894958496094
0.0 0.04605366289615631 0.013669610023498535
0.0015647858381271362 0.03304696083068848 0.025478482246398926
0.0 0.016723424196243286 0.02933579683303833
0.0 0.0040912926197052 0.02640986442565918
0.0 0.0 0.017544865608215332
0.0 0.0 0.010110855102539062
0.0 0.0 0.006910920143127441
0.0 0.0 0.0020669102668762207
0.0 0.0 0.0
0.0 0.0 0.0
0.0 0.0 0.0
0.009533777832984924 0.01280204951763153 0.0
0.01202450692653656 0.022245332598686218 0.0
0.006373897194862366 0.027179047465324402 0.0
0.0 0.026047736406326294 0.0
0.003821447491645813 0.026653587818145752 0.0
0.011308029294013977 0.027310311794281006 0.013669312000274658
0.013834759593009949 0.02451235055923462 0.017840921878814697
0.012172356247901917 0.020452573895454407 0.01603931188583374
0.0059061795473098755 0.017293184995651245 0.0157129168510437
0.0006508082151412964 0.01946297287940979 0.014654994010925293
0.0 0.014527827501296997 0.015566885471343994
0.00042504072189331055 0.015274271368980408 0.02260422706604004
0.006413355469703674 0.008135706186294556 0.0264585018157959
0.0028804242610931396 0.008730754256248474 0.01932692527770996
0.0033271461725234985 0.010215848684310913 0.007485628128051758
0.0 0.016471117734909058 0.0
0.0 0.011924371123313904 0.0
0.0 0.007037505507469177 0.0
0.0 0.0 0.0
0.0 0.0 0.0
0.0 0.0 0.0
0.0 0.0 0.0
0.0 0.0 0.0
0.0 0.0 0.0
0.0 0.0 0.0
0.0 0.0 0.017176926136016846
0.0023545920848846436 0.0 0.03456580638885498
0.009526610374450684 0.0 0.04402017593383789
0.010405167937278748 0.0032479465007781982 0.037513911724090576
0.010229229927062988 0.021753087639808655 0.02539384365081787
0.020373687148094177 0.03438422083854675 0.01720607280731201
0.010817140340805054 0.03697381913661957 0.009051024913787842
0.012427210807800293 0.04345512390136719 0.0
0.005704119801521301 0.037786856293678284 0.001142263412475586
0.0 0.03267557919025421 0.0
0.0 0.03017251193523407 0.0
0.0 0.023761630058288574 0.0
0.0 0.01482321321964264 0.0
0.0 0.01579970121383667 0.0
0.0 0.008260637521743774 0.0
0.0 0.0054399967193603516 0.0
0.001750260591506958 0.0 0.0004710555076599121
0.0019780248403549194 0.0 0.01250988245010376
0.010261297225952148 0.0 0.024752140045166016
0.01452714204788208 0.0006780028343200684 0.03325355052947998
0.024910271167755127 0.0 0.06208926439285278
0.049114108085632324 0.0 0.06372976303100586
0.03968343138694763 0.0 0.056763410568237305
0.018333017826080322 0.0023100078105926514 0.04660606384277344
0.05403316020965576 0.005203187465667725 0.17972475290298462
0.06743016839027405 0.04449424147605896 0.22151416540145874
0.052905529737472534 0.02105391025543213 0.27780306339263916
0.12842169404029846 0.0510290265083313 0.09792518615722656
0.039208292961120605 0.10724619030952454 0.009684443473815918
0.006273031234741211 0.14269554615020752 0.0
0.09210759401321411 0.19412794709205627 0.018953382968902588
0.10037732124328613 0.23706942796707153 0.0
0.0 0.30176541209220886 0.0
0.0 0.23498235642910004 0.0
0.0 0.15354329347610474 0.0
0.0 0.0 0.0
0.0 0.0 0.0
0.0 0.0 0.0
0.0 0.0 0.0
0.0 0.12649214267730713 0.0
0.0 0.1503550410270691 0.0
0.0 0.16030088067054749 0.0
0.0 0.09068813920021057 0.0
0.0 0.00561290979385376 0.0
0.0 0.0 0.06369149684906006
0.0 0.0 0.2691466808319092
0.0 0.0 0.3633049726486206
0.0 0.11860042810440063 0.162994384765625
0.0 0.3226644992828369 0.0
0.0 0.3444269299507141 0.0
0.0 0.1903688609600067 0.03944748640060425
0.0 0.06165820360183716 0.10448670387268066
0.0 0.04895585775375366 0.07651007175445557
0.0 0.15253013372421265 0.03260338306427002
0.0 0.2527814507484436 0.03157699108123779
0.0 0.2759062349796295 0.04578524827957153
0.0 0.2734310030937195 0.08301717042922974
0.0 0.2297447919845581 0.05606502294540405
0.0 0.21464598178863525 0.0
0.0 0.21258533000946045 0.0
0.0 0.16089773178100586 0.0
0.0 0.11477828025817871 0.0
0.0 0.16047227382659912 0.0
0.0 0.20685511827468872 0.0
0.0 0.2611085772514343 0.0020596981048583984
0.0 0.2288075089454651 0.09151095151901245
0.0 0.17006397247314453 0.15527743101119995
0.0 0.17662423849105835 0.20656836032867432
0.0 0.19058310985565186 0.20365232229232788
0.026301801204681396 0.15084010362625122 0.2126481533050537
0.004070103168487549 0.09537303447723389 0.22501599788665771
0.0 0.06168031692504883 0.2124202847480774
0.0 0.1068907380104065 0.17888200283050537
0.0 0.12074196338653564 0.16653883457183838
0.0 0.08315825462341309 0.15963107347488403
0.0 0.049809932708740234 0.09319710731506348
0.0 0.0 0.09666907787322998
0.0 0.0009806156158447266 0.04805833101272583
0.0 0.09308433532714844 0.0048635005950927734
0.0 0.04520273208618164 0.07596886157989502
0.0 0.017228662967681885 0.11112409830093384
0.0 0.030495107173919678 0.08188521862030029
0.0 0.04936683177947998 0.0671994686126709
0.0 0.08235770463943481 0.12826120853424072
0.0 0.08893519639968872 0.18086230754852295
0.0036467313766479492 0.09104648232460022 0.1943720579147339
0.006801486015319824 0.09345799684524536 0.15124130249023438
0.0 0.09432241320610046 0.14885210990905762
0.0 0.12287098169326782 0.14362245798110962
0.0 0.13770002126693726 0.11167019605636597
0.0 0.13213703036308289 0.034462809562683105
0.003368571400642395 0.11146727204322815 0.0
0.0 0.10950885713100433 0.0
0.011395245790481567 0.10262991487979889 0.0
0.031004944816231728 0.08174578845500946 0.0
0.05199156701564789 0.054864928126335144 0.0
0.0 0.003367692232131958 0.0
0.0 0.018171697854995728 0.0
0.0 0.024867631494998932 0.0
0.0 0.0 0.0
0.0 0.0 0.0
0.0 0.0 0.0
0.0 0.0 0.0
0.0 0.0 0.0
0.0 0.0 0.0
0.0 0.0 0.0
0.0 0.0 0.0
0.0 0.0 0.0
0.0 0.0 0.0
0.0 0.01763148605823517 0.0
0.003364741802215576 0.004679203033447266 0.0
0.0023241639137268066 0.007211081683635712 0.0014625787734985352
0.005608052015304565 0.003163754940032959 0.003573477268218994
0.0 0.004997849464416504 0.0
0.0 0.012178495526313782 0.0
0.0 0.0 0.0
0.0 0.00589713454246521 0.0051857829093933105
0.0 0.015893638134002686 0.037938833236694336
0.016472384333610535 0.005146533250808716 0.04709780216217041
0.00850212574005127 0.0018770992755889893 0.03510165214538574
0.0 0.004606723785400391 0.01662135124206543
0.0 0.009766653180122375 0.009927570819854736
0.0 0.013992995023727417 0.009227931499481201
0.0 0.01065853238105774 0.005006551742553711
0.0 0.012117162346839905 0.01150202751159668
0.0 0.006195574998855591 0.02019268274307251
0.0 0.008261054754257202 0.01565033197402954
0.0 0.0006020516157150269 0.013186454772949219
0.0 0.004360899329185486 0.010134458541870117
0.0 0.008591413497924805 0.01942741870880127
0.0 0.011308521032333374 0.02305382490158081
0.0 0.01822631061077118 0.023350238800048828
0.0 0.022839784622192383 0.02459585666656494
0.005794793367385864 0.012694507837295532 0.021027326583862305
0.006692543625831604 0.009450390934944153 0.011430442333221436
0.0 0.018443793058395386 0.0
0.0 0.02829699218273163 0.0
0.0 0.026051968336105347 0.0
0.0 0.017730027437210083 0.0
0.005352497100830078 0.014237985014915466 0.0015357732772827148
0.008722275495529175 0.0021089017391204834 0.0036115646362304688
0.013832390308380127 0.00968034565448761 0.010989189147949219
0.01599705219268799 0.020794525742530823 0.005063533782958984
0.016237065196037292 0.02759021520614624 0.006276249885559082
0.019101649522781372 0.03786817193031311 0.010275542736053467
0.012704908847808838 0.033278390765190125 0.003891468048095703
0.01424427330493927 0.03725495934486389 0.0040590763092041016
0.014309793710708618 0.03884056210517883 0.011239767074584961
0.012240484356880188 0.03826357424259186 0.007942378520965576
0.0 0.021521449089050293 0.0
0.0 0.02161310613155365 0.0032685399055480957
0.0 0.016629919409751892 0.00695192813873291
0.0 0.014304667711257935 0.0004305243492126465
0.0 0.010124027729034424 0.0036686062812805176
0.0 0.004165217280387878 0.0
0.0 0.0035454630851745605 0.0
0.0 0.0007369965314865112 0.0
0.0 0.007538780570030212 0.0013233423233032227
0.0 0.011642947793006897 0.01103299856185913
0.0 0.013722702860832214 0.02153170108795166
0.0 0.011335566639900208 0.030916452407836914
0.0 0.0070507824420928955 0.03870886564254761
0.0 0.0 0.024951636791229248
0.0 0.0 0.0212288498878479
0.0 0.0 0.01685875654220581
0.0 0.0 0.016571104526519775
0.0 0.0 0.012900054454803467
0.0042528510093688965 0.0 0.017383933067321777
0.010096505284309387 0.0 0.015613257884979248
0.005506947636604309 0.0 0.007249236106872559
0.006661534309387207 0.0 0.005866289138793945
0.008216142654418945 0.0 0.004516243934631348
0.008429944515228271 0.0 0.0057367682456970215
0.013945475220680237 0.0 0.008877992630004883
0.01759210228919983 0.0021920353174209595 0.011999428272247314
0.02613702416419983 0.007304549217224121 0.008401334285736084
0.02995060384273529 0.013197466731071472 0.003140866756439209
0.030509889125823975 0.02688738703727722 0.0
0.03257961571216583 0.027239620685577393 0.0
0.023796826601028442 0.025011882185935974 0.0
0.022835493087768555 0.02321791648864746 0.0
0.022536501288414 0.04726792871952057 0.0
0.04158782958984375 0.056043267250061035 0.0
0.05225425958633423 0.04744671285152435 0.0
0.03387908637523651 0.03877323865890503 0.0
0.022118985652923584 0.029047325253486633 0.0
0.004787445068359375 0.029193758964538574 0.0
0.0 0.02699744701385498 0.0
0.0 0.0312044620513916 0.0
0.0 0.01794952154159546 0.0
0.0 0.009013742208480835 0.010030567646026611
0.0 0.0038391947746276855 0.02876269817352295
0.0 0.005694359540939331 0.04705888032913208
0.0 0.0 0.053424060344696045
0.0 0.0 0.05837070941925049
0.0 0.0 0.06111270189285278
0.0 0.006983011960983276 0.061952948570251465
0.0 0.01807624101638794 0.04997783899307251
0.0 0.01669594645500183 0.04155552387237549
0.0 0.006592988967895508 0.03405219316482544
0.0 0.0 0.033276379108428955
0.0 0.0 0.033358097076416016
0.0 0.0 0.031233668327331543
0.0 0.0 0.02856975793838501
0.0 0.0 0.021954894065856934
0.0 0.0 0.013487398624420166
0.0 0.0 0.003049790859222412
0.0 0.021449774503707886 0.0
0.03170877695083618 0.04599350690841675 0.0
0.06362983584403992 0.06525759398937225 0.0
0.08162271976470947 0.08784215152263641 0.0
0.10281011462211609 0.09760679304599762 0.0
0.09071813523769379 0.1096576452255249 0.0
0.08449934422969818 0.1080772876739502 0.0
0.07046434283256531 0.09265601634979248 0.0
0.04594463109970093 0.07083635032176971 0.0
0.02905505895614624 0.035644710063934326 0.0
0.004869341850280762 0.008260965347290039 0.0
0.0 0.0 0.010866880416870117
0.0 0.0 0.013446211814880371
0.0 0.0 0.0288962721824646
0.0 0.0 0.05392247438430786
0.0 0.0 0.07127153873443604
0.0 0.0 0.0643240213394165
0.0 0.0 0.04561948776245117
0.0 0.0 0.035467326641082764
0.0 0.0 0.022927045822143555
0.0 0.0 0.006471216678619385
0.0 0.007732301950454712 0.003448784351348877
0.002956986427307129 0.046377599239349365 0.003896772861480713
0.024786919355392456 0.07105332612991333 0.0
0.032965898513793945 0.07796815037727356 0.0
0.03489656746387482 0.10065197944641113 0.0
0.06179988384246826 0.12566149234771729 0.0
0.05481846630573273 0.11766508221626282 0.0
0.04104456305503845 0.09719234704971313 0.0
0.020788252353668213 0.07083657383918762 0.0
0.0 0.04948383569717407 0.0
0.0 0.027254745364189148 0.027093470096588135
0.0 0.0 0.04073745012283325
0.0 0.0 0.05306375026702881
0.0 0.0 0.0786469578742981
0.0 0.0 0.10270988941192627
0.0 0.0 0.10808920860290527
0.0 0.0 0.10194474458694458
0.0 0.0 0.09314596652984619
0.0 0.012533292174339294 0.07765758037567139
0.0 0.04102696478366852 0.04753750562667847
0.0 0.06144702434539795 0.007609248161315918
0.015856191515922546 0.0715705007314682 0.0
0.03941574692726135 0.09065939486026764 0.0
0.05174821615219116 0.08931669592857361 0.0
0.050005435943603516 0.05505344271659851 0.0
0.04414893686771393 0.03107646107673645 0.0
0.046052783727645874 0.01764857769012451 0.0
0.04023623466491699 0.01606820523738861 0.0
0.028000608086586 0.025469273328781128 0.0
0.020522087812423706 0.02083924412727356 0.0
0.0 0.01709906756877899 0.0
0.0 0.0 0.00010013580322265625
0.0 0.0 0.02916032075881958
0.0 0.0 0.051865458488464355
0.0 0.0 0.06032603979110718
0.0 0.0 0.06229698657989502
0.0 0.0 0.061489760875701904
0.0 0.0 0.05636918544769287
0.0 0.0 0.04359745979309082
0.0 0.0 0.025022268295288086
0.0 0.0 0.0168035626411438
0.0 0.0 0.019705474376678467
0.0 0.0 0.024051904678344727
0.0 0.0013798773288726807 0.012376487255096436
0.003309279680252075 0.007255762815475464 0.0
0.015252813696861267 0.010088622570037842 0.0
0.016519933938980103 0.025594860315322876 0.0
0.020545661449432373 0.03665819764137268 0.0
0.03763926029205322 0.06570029258728027 0.0
0.06756129860877991 0.11911404132843018 0.0
0.06046950817108154 0.13074885308742523 0.0
0.03985360264778137 0.10520175099372864 0.0
0.03283850848674774 0.07953962683677673 0.0
0.023550033569335938 0.06278420984745026 0.0
0.010276243090629578 0.053568899631500244 0.01472628116607666
0.00930573046207428 0.03851613402366638 0.04096627235412598
0.0 0.00948643684387207 0.04630160331726074
0.0 0.0 0.04758042097091675
0.0 0.0 0.05164468288421631
0.0 0.0 0.07294422388076782
0.0 0.0 0.08269631862640381
0.0 0.0 0.07598692178726196
0.0 0.0 0.07310622930526733
0.0 0.0 0.0695793628692627
0.0 0.0 0.06912952661514282
0.0 0.0 0.06803208589553833
0.0 0.0 0.06449925899505615
0.0 0.0 0.05009394884109497
0.0 0.0 0.028061330318450928
0.0 0.0 0.009321510791778564
0.016731783747673035 0.004307746887207031 0.0
0.035646259784698486 0.030481383204460144 0.0
0.04927581548690796 0.04809248447418213 0.0
0.05880272388458252 0.05500178039073944 0.0
0.05231162905693054 0.0652746856212616 0.0
0.036357581615448 0.06843303143978119 0.0
0.02521631121635437 0.07228055596351624 0.0
0.021343648433685303 0.06655749678611755 0.0
0.014420643448829651 0.05142474174499512 0.007970869541168213
0.008089512586593628 0.03302484750747681 0.028376221656799316
0.00505337119102478 0.01622660458087921 0.028843224048614502
0.0 0.01437823474407196 0.027186810970306396
0.0 0.010354772210121155 0.02298074960708618
0.0 0.009360045194625854 0.02606797218322754
0.0 0.007247045636177063 0.03310728073120117
0.0 0.0 0.03323173522949219
0.0 0.0 0.03098118305206299
0.0 0.0 0.030717432498931885
0.0 0.0 0.03176283836364746
0.0 0.0003622472286224365 0.0222015380859375
0.0 0.004201769828796387 0.007855534553527832
0.0 0.0 0.0
0.0 0.0 0.0
0.0035063326358795166 0.006743714213371277 0.0
0.01659327745437622 0.00940278172492981 0.010349094867706299
0.027512162923812866 0.011245444416999817 0.019351661205291748
0.03767818212509155 0.0 0.017940640449523926
0.042777881026268005 0.0 0.0
0.027007073163986206 0.014912068843841553 0.0
0.020258858799934387 0.03426709771156311 0.0
0.005627796053886414 0.039697349071502686 0.0
0.006810083985328674 0.0344676673412323 0.0
0.00651395320892334 0.01789964735507965 0.00732731819152832
0.01107516884803772 0.008134961128234863 0.02852267026901245
0.013260051608085632 0.008002951741218567 0.03751564025878906
0.01506747305393219 0.00992274284362793 0.04001337289810181
0.012133166193962097 0.013821437954902649 0.03542923927307129
0.011453211307525635 0.019766241312026978 0.02332782745361328
0.007601439952850342 0.027869239449501038 0.01043480634689331
0.0016808509826660156 0.039355069398880005 0.0
0.004781991243362427 0.035891175270080566 0.0
0.0 0.027444735169410706 0.0
0.0 0.01294715702533722 0.0
0.0 0.004368588328361511 0.0
0.0 0.0 0.007723748683929443
0.0 0.0 0.009479224681854248
0.0 0.0 0.001994788646697998
0.0 0.0 0.0
0.0 0.0 0.0
0.0 0.007872283458709717 0.0
0.0 0.013117954134941101 0.0009390115737915039
0.0 0.014394611120223999 0.0
0.0 0.015864357352256775 0.0
0.0 0.02004861831665039 0.0
0.0 0.019553929567337036 0.0
0.0 0.013337835669517517 0.0
0.0 0.011296123266220093 0.014257252216339111
0.0 0.0053784847259521484 0.02875828742980957
0.0 0.0010894834995269775 0.02739483118057251
0.0 0.00716419517993927 0.025025904178619385
0.0 0.011586755514144897 0.019852042198181152
0.0 0.01189461350440979 0.013081729412078857
0.0 0.006737574934959412 0.006862044334411621
0.0 0.003852635622024536 0.005111992359161377
0.0 0.010024726390838623 0.0
0.0 0.01523558795452118 0.0
0.0 0.012533903121948242 0.0
0.0 0.007335275411605835 0.0
0.0 0.0 0.0
0.0 0.0025262534618377686 0.0
0.0 0.001490563154220581 0.0
0.0067833662033081055 0.014510571956634521 0.0
0.009442821145057678 0.009124845266342163 0.0
0.0 0.0 0.0
0.0 0.0 0.0
0.0 0.0 0.0
0.0 0.0 0.011959552764892578
0.006127357482910156 0.0 0.046566784381866455
0.01875820755958557 0.0 0.08043789863586426
0.01208166778087616 0.0 0.09952288866043091
0.016439661383628845 0.0 0.15316569805145264
0.04433031380176544 0.0 0.22877275943756104
0.06479969620704651 0.021009325981140137 0.26272052526474
0.055427998304367065 0.061643242835998535 0.231315016746521
0.04672756791114807 0.09478023648262024 0.08363586664199829
0.08712786436080933 0.17455291748046875 0.034401655197143555
0.11216169595718384 0.29760879278182983 0.02117753028869629
0.13170784711837769 0.28285491466522217 0.0
0.0167047381401062 0.22903317213058472 0.0
0.0 0.2605898976325989 0.0
0.0 0.15160329639911652 0.0
0.0 0.0 0.0
0.052749574184417725 0.0 0.0
0.04195356369018555 0.0 0.044520795345306396
0.08044791221618652 0.0 0.03430366516113281
0.08576393127441406 0.18326732516288757 0.0
0.03529548645019531 0.2480694055557251 0.0
0.0 0.10458311438560486 0.0
0.0 0.055759161710739136 0.0
0.0 0.0 0.0
0.0 0.0 0.0
0.0 0.0 0.015755653381347656
0.0 0.0 0.102303147315979
0.0 0.0 0.0827873945236206
0.0 0.11889278888702393 0.0
0.0 0.18400976061820984 0.0
0.0 0.15855807065963745 0.0
0.0 0.10303312540054321 0.0
0.0 0.09874999523162842 0.0
0.0 0.18492311239242554 0.01668548583984375
0.0 0.2638380527496338 0.011101126670837402
0.0 0.3590492904186249 0.0
0.0 0.3823270797729492 0.0
0.0 0.36960411071777344 0.0
0.0 0.31806516647338867 0.01742863655090332
0.0 0.30120623111724854 0.0
0.0 0.3473125696182251 0.0
0.0 0.34719598293304443 0.0
0.0 0.3132913112640381 0.020739078521728516
0.0 0.1940174102783203 0.09202194213867188
0.0 0.12648069858551025 0.15195739269256592
0.0 0.12176746129989624 0.17193102836608887
0.0 0.08370590209960938 0.18580251932144165
0.001979738473892212 0.07338416576385498 0.20789015293121338
0.028721362352371216 0.1544046401977539 0.19643807411193848
0.023413479328155518 0.2009935975074768 0.19494664669036865
0.0007565617561340332 0.12646609544754028 0.23780524730682373
0.0 0.12635529041290283 0.12297743558883667
0.0 0.1937904953956604 0.04227656126022339
0.0 0.11733204126358032 0.06732416152954102
0.0 0.06976968050003052 0.10162609815597534
0.0 0.04748713970184326 0.1057807207107544
0.0 0.06656038761138916 0.09621620178222656
0.0 0.0531156063079834 0.0237501859664917
0.0 0.06203806400299072 0.02341097593307495
0.0 0.03298473358154297 0.057723164558410645
0.010019123554229736 0.004441022872924805 0.18317532539367676
0.0 0.04075610637664795 0.2273433804512024
0.0 0.025572478771209717 0.13954132795333862
0.0 0.07785597443580627 0.07175981998443604
0.0 0.07993584871292114 0.08858191967010498
0.0 0.0823422372341156 0.12239956855773926
0.05261427164077759 0.09710845351219177 0.16424322128295898
0.054043591022491455 0.1098673939704895 0.17849111557006836
0.01931670308113098 0.1251751184463501 0.11549657583236694
0.0 0.14232996106147766 0.00986170768737793
0.0028367117047309875 0.11650867760181427 0.0
0.0 0.09977230429649353 0.0
0.0 0.08954335749149323 0.0
0.0 0.040839970111846924 0.0
0.0 0.013125866651535034 0.0
0.0 0.0 0.0
0.0 0.0 0.0
0.0 0.0 0.0
0.0 0.0 0.0
0.0 0.0 0.0
0.0 0.0 0.0
0.0 0.0 0.0
0.0 0.0 0.0
0.0 0.0006629675626754761 0.0
0.0 0.013721287250518799 0.0
0.0 0.00020410120487213135 0.0
0.007519632577896118 0.0 0.017716646194458008
0.014444440603256226 0.0 0.022512316703796387
0.024606436491012573 0.0 0.03006643056869507
0.02548210322856903 0.016862869262695312 0.023997962474822998
0.022424131631851196 0.016208410263061523 0.011703312397003174
0.013330459594726562 0.03411440551280975 0.0009213685989379883
0.010591015219688416 0.04670310020446777 0.0
0.0 0.060307130217552185 0.0
0.0 0.044348180294036865 0.0
0.0 0.03328041732311249 0.0
0.0 0.020869284868240356 0.01638352870941162
0.0 0.0061149150133132935 0.02725374698638916
0.0 0.0 0.031240880489349365
0.0 0.0 0.03131371736526489
0.0 0.0 0.018911361694335938
0.0 0.0 0.016993343830108643
0.0 0.006252765655517578 0.004639863967895508
0.0 0.007795214653015137 0.0
0.0 0.01884785294532776 0.0
0.00015847384929656982 0.02051776647567749 0.0
0.0 0.018274828791618347 0.0
0.0 0.009959280490875244 0.0015796422958374023
0.0 0.009172439575195312 0.006956875324249268
0.0 0.011318624019622803 0.01234900951385498
0.0 0.007974714040756226 0.011411726474761963
0.0 0.01502867043018341 0.012542366981506348
0.0005810558795928955 0.021894365549087524 0.019706904888153076
0.0015850961208343506 0.02532772719860077 0.016800105571746826
0.0040746331214904785 0.026500985026359558 0.015634477138519287
0.0 0.02693183720111847 0.017891407012939453
0.0 0.023288041353225708 0.022239089012145996
0.0 0.012519747018814087 0.032989561557769775
0.0 0.008423477411270142 0.02573704719543457
0.0 0.005412548780441284 0.017077922821044922
0.0 0.004465222358703613 0.0022711753845214844
0.0 0.0 0.0
0.0 0.0 0.0
0.003161802887916565 0.0 0.0
0.0036943256855010986 0.0 0.0
0.003027021884918213 0.0 0.0
0.008352801203727722 0.0016040802001953125 0.0
0.0038831382989883423 0.004537060856819153 0.0
0.0025484859943389893 0.0046568214893341064 0.0
0.0 0.0026157498359680176 0.0
0.0 0.004481956362724304 0.0
0.0 0.008261427283287048 0.005508124828338623
0.0 0.0033207684755325317 0.010759890079498291
0.0 0.01121954619884491 0.014427602291107178
0.0 0.008578747510910034 0.006640791893005371
0.0 0.014966025948524475 0.004459738731384277
0.0 0.01986229419708252 0.009738802909851074
0.0 0.015551179647445679 0.010757505893707275
0.0 0.01040637493133545 0.017297327518463135
0.0 0.0 0.009120821952819824
0.0 0.0007524937391281128 0.0
0.0 0.011723488569259644 0.0
0.0 0.02370680868625641 0.0
0.0 0.020635902881622314 0.0021721720695495605
0.0 0.007796734571456909 0.016127943992614746
0.0 0.005232036113739014 0.026218771934509277
0.0 0.006966888904571533 0.025048553943634033
0.0 0.016752108931541443 0.024212539196014404
0.0010430365800857544 0.023825496435165405 0.019912242889404297
0.0037776678800582886 0.028628751635551453 0.017042040824890137
0.005976051092147827 0.031449079513549805 0.010649025440216064
0.007443681359291077 0.03354319930076599 0.008635520935058594
0.009747982025146484 0.03526011109352112 0.014570772647857666
0.005535691976547241 0.0227205753326416 0.007593631744384766
0.006580382585525513 0.017798542976379395 0.008683562278747559
0.006742522120475769 0.008897721767425537 0.008600831031799316
0.008199214935302734 0.004821866750717163 0.007545113563537598
0.008632957935333252 0.0011173039674758911 0.0018373727798461914
0.014611378312110901 0.002194344997406006 0.003008425235748291
0.018805593252182007 0.0053579360246658325 0.005582749843597412
0.02352045476436615 0.005111023783683777 0.0016363859176635742
0.019075512886047363 0.0 0.0
0.008009582757949829 0.0 0.0
0.01727980375289917 0.0 0.0
0.006639540195465088 0.0 0.0
0.0 0.0 0.0
0.0 0.0011277347803115845 0.0
0.0 0.006197914481163025 0.0
0.0 0.013602346181869507 0.0009186863899230957
0.004686310887336731 0.009446382522583008 0.0
0.0 0.0307772159576416 0.0
0.0 0.051390767097473145 0.0
0.0 0.03319573402404785 0.0
0.0 0.02155148983001709 0.0
0.0 0.04008364677429199 0.0
0.0 0.029082000255584717 0.009020209312438965
0.0 0.015450805425643921 0.05632084608078003
0.0 0.012422174215316772 0.08514642715454102
0.0 0.014601439237594604 0.09965747594833374
0.00524100661277771 0.01884162425994873 0.10891717672348022
0.0005706995725631714 0.03315696120262146 0.09491419792175293
0.0 0.0374302864074707 0.08597725629806519
0.0 0.029357880353927612 0.08701574802398682
0.0 0.019257664680480957 0.085743248462677
0.0 0.012311339378356934 0.0978238582611084
0.0 0.0 0.1031833291053772
0.0 0.0 0.10819298028945923
0.006454378366470337 0.0 0.09234338998794556
0.0 0.0 0.06410813331604004
0.0 0.0 0.02540111541748047
0.0 0.0 0.0
0.0 0.00035716593265533447 0.0
0.0 0.0027575790882110596 0.0
0.0 0.0023264437913894653 0.0
0.0 0.01043190062046051 0.0
0.0 0.013205453753471375 0.0
0.0 0.019026249647140503 0.0
0.0 0.014124274253845215 0.0
0.004345014691352844 0.02659529447555542 0.0
0.011405140161514282 0.03367391228675842 0.0
0.000821426510810852 0.03844636678695679 0.0
0.01446107029914856 0.03527045249938965 0.0
0.013278797268867493 0.030925601720809937 0.009576618671417236
0.021310538053512573 0.03350818157196045 0.03763103485107422
0.016804471611976624 0.039314091205596924 0.05905717611312866
0.013807624578475952 0.03480002284049988 0.07590490579605103
0.013499736785888672 0.024687737226486206 0.09035956859588623
0.005538061261177063 0.017992615699768066 0.09928256273269653
0.0 0.0076570212841033936 0.10422557592391968
0.0 0.0009180903434753418 0.10502457618713379
0.0 0.0 0.10517513751983643
0.0 0.0 0.08810776472091675
0.0 0.0 0.06912016868591309
0.0 0.0 0.03897690773010254
0.0 0.0 0.0
0.0 0.0 0.0
0.0 0.002087831497192383 0.0
0.0 0.011475205421447754 0.0
0.0 0.015139520168304443 0.0
0.0 0.02506840229034424 0.0
0.0 0.04248762130737305 0.0
0.002083137631416321 0.039190053939819336 0.0
0.0 0.05042058229446411 0.0
0.0 0.03677216172218323 0.0
0.005510598421096802 0.026135176420211792 0.0
0.0018643736839294434 0.030945003032684326 0.025749802589416504
0.003484860062599182 0.03331074118614197 0.04944968223571777
0.007554113864898682 0.02804023027420044 0.06668734550476074
0.002210289239883423 0.025442570447921753 0.08039206266403198
0.003558814525604248 0.008490502834320068 0.08496361970901489
0.0 0.0 0.08405095338821411
0.0 0.0 0.08275854587554932
0.0 0.0 0.07525378465652466
0.0 0.0 0.06944745779037476
0.00013849139213562012 0.0 0.05149722099304199
0.004021435976028442 0.0 0.03387153148651123
0.0 0.0 0.013655364513397217
0.0 0.0014172792434692383 0.0
0.0 0.005487680435180664 0.0
0.0 0.01105964183807373 0.0
0.0 0.010853379964828491 0.0
0.0 0.007565587759017944 0.0
0.0 0.008478790521621704 0.0
0.0 0.020282775163650513 0.0
0.0 0.03876236081123352 0.0
0.0 0.03638404607772827 0.0
0.0 0.028186500072479248 0.0
0.0 0.01848149299621582 0.0
0.0 0.024093329906463623 0.018024682998657227
0.0 0.02744165062904358 0.045917391777038574
0.0 0.028654932975769043 0.06401336193084717
0.0 0.030589312314987183 0.07531118392944336
0.0 0.03175845742225647 0.08152276277542114
0.0 0.03382176160812378 0.08701670169830322
0.0 0.027943164110183716 0.08791333436965942
0.0 0.022202670574188232 0.08529442548751831
0.008985817432403564 0.011868715286254883 0.08720797300338745
0.000886276364326477 0.0 0.06259703636169434
0.0 0.0 0.039711177349090576
0.0 0.0 0.02079826593399048
0.0 0.0 0.0
0.0 0.0 0.0
0.0 0.0 0.0
0.0 0.0 0.0
0.0 0.0 0.0
0.0 0.00018849968910217285 0.0
0.0 0.002366572618484497 0.0
0.0 0.0009506642818450928 0.0
0.0 0.0 0.0
0.0 0.0 0.007142126560211182
0.004057765007019043 0.0 0.026147663593292236
0.003918111324310303 0.0 0.031873345375061035
0.005998551845550537 0.010894775390625 0.03836160898208618
0.007619693875312805 0.01954096555709839 0.03616487979888916
0.008223041892051697 0.03120136260986328 0.03409546613693237
0.0 0.027537673711776733 0.02499157190322876
0.0 0.032538920640945435 0.0202140212059021
0.0 0.02571776509284973 0.0145951509475708
0.0 0.019522130489349365 0.013499259948730469
0.0 0.0100175142288208 0.007984578609466553
0.0 0.002220749855041504 0.005771458148956299
0.0 0.0 0.0026532411575317383
0.0 0.0 0.0
0.0 0.0 0.0
0.0 0.0023943185806274414 0.0
0.0 0.010173112154006958 0.0
0.0 0.023002535104751587 0.0
0.0 0.022341370582580566 0.0
0.00510840117931366 0.021584630012512207 0.004824161529541016
0.009212613105773926 0.024918079376220703 0.010845720767974854
0.012195855379104614 0.023769468069076538 0.010735630989074707
0.02087801694869995 0.03547903895378113 0.005781412124633789
0.021685928106307983 0.0375862717628479 0.0
0.013638481497764587 0.025862455368041992 0.0
0.005318686366081238 0.016605377197265625 0.0
0.0 0.014586031436920166 0.0
0.0 0.009269535541534424 0.0
0.0 0.00418698787689209 0.0
0.0 0.0 0.0
0.0 0.0 0.0
0.0 0.0 0.0
0.0 0.002316385507583618 0.0013284087181091309
0.0 0.02493971586227417 0.006581008434295654
0.0 0.025241464376449585 0.0017281770706176758
0.0 0.02948024868965149 0.0
0.0 0.03113001585006714 0.007946610450744629
0.0 0.024898678064346313 0.04333209991455078
0.0 0.0248163640499115 0.06697678565979004
0.0 0.010824233293533325 0.10309171676635742
0.0 0.009140968322753906 0.12179285287857056
0.0 0.0 0.12995290756225586
0.02407205104827881 0.0 0.1496097445487976
0.045223742723464966 0.0 0.14607274532318115
0.0 0.0073344409465789795 0.18992257118225098
0.013950377702713013 0.0 0.15212774276733398
0.002358943223953247 0.018114328384399414 0.1383953094482422
0.0 0.0736059844493866 0.03149932622909546
0.0 0.12599501013755798 0.0
0.029004603624343872 0.12243032455444336 0.0
0.0 0.15024173259735107 0.0
0.01000124216079712 0.19856202602386475 0.0
0.08245491981506348 0.20297017693519592 0.0
0.008980631828308105 0.16843309998512268 0.0
0.1026458740234375 0.15181641280651093 0.0
0.10176527500152588 0.15046387910842896 0.038487911224365234
0.06674313545227051 0.038709282875061035 0.0021713972091674805
0.05395466089248657 0.0 0.0057433247566223145
0.023036658763885498 0.0 0.0016461014747619629
0.024943113327026367 0.01782083511352539 0.0
0.0035326480865478516 0.09835284948348999 0.0
0.0 0.12190565466880798 0.0
0.0 0.15185299515724182 0.0
0.0 0.14317792654037476 0.0
0.0 0.05485880374908447 0.0
0.0 0.0 0.0
0.0 0.0 0.012337684631347656
0.0 0.0 0.09323680400848389
0.0 0.012541770935058594 0.06385231018066406
0.0 0.2524942457675934 0.06176573038101196
0.0 0.3335549235343933 0.0
0.0 0.31332916021347046 0.0
0.0 0.2282043993473053 0.0
0.0 0.22776395082473755 0.06655961275100708
0.0 0.3314308822154999 0.07803100347518921
0.0 0.40209293365478516 0.08831202983856201
0.0 0.4188787341117859 0.08248347043991089
0.0 0.39446401596069336 0.08865118026733398
0.0 0.30159980058670044 0.09718525409698486
0.0 0.26636993885040283 0.097176194190979
0.0 0.25114572048187256 0.06511092185974121
0.0 0.2613508701324463 0.058612942695617676
0.016785413026809692 0.2538106441497803 0.08702236413955688
0.0 0.15267086029052734 0.1267547607421875
0.0 0.12772464752197266 0.15130984783172607
0.0 0.12191951274871826 0.1479429006576538
0.0 0.13128280639648438 0.15893018245697021
0.008691638708114624 0.17947590351104736 0.15113013982772827
0.0404011607170105 0.10011172294616699 0.17765659093856812
0.040316760540008545 0.10172867774963379 0.13530397415161133
0.06550565361976624 0.11884868144989014 0.12654602527618408
0.05803936719894409 0.02030390501022339 0.1586167812347412
0.011900544166564941 0.029911398887634277 0.10138756036758423
0.0 0.007572174072265625 0.10243326425552368
0.0 0.0 0.03591197729110718
0.0 0.0 0.007786273956298828
0.0 0.015188932418823242 0.0
0.0 0.05856621265411377 0.007994890213012695
0.0 0.0 0.05991846323013306
0.0 0.0 0.07268416881561279
0.0 0.0 0.0761559009552002
0.0 0.00987386703491211 0.12467241287231445
0.0 0.07738471031188965 0.10346078872680664
0.0 0.06620633602142334 0.10224020481109619
0.0 0.0337066650390625 0.09113234281539917
0.0 0.030417323112487793 0.048010826110839844
0.0 0.06290644407272339 0.1226276159286499
0.0 0.05824929475784302 0.17608392238616943
0.007140427827835083 0.09893938899040222 0.1897202730178833
0.0 0.07807901501655579 0.12403535842895508
0.0 0.10590699315071106 0.11482709646224976
0.0 0.11442941427230835 0.07794582843780518
0.0 0.12305402755737305 0.0
0.027543306350708008 0.09053857624530792 0.0
0.0 0.10999447107315063 0.0
0.0 0.09040606021881104 0.0
0.0 0.04479360580444336 0.0
0.0 0.0450412780046463 0.0
0.0 0.024734899401664734 0.0
0.014276549220085144 0.01110231876373291 0.0
0.0 0.0 0.0
0.0 0.0010537728667259216 0.0
0.0 0.007039748132228851 0.0
0.0 0.0 0.0
0.03256654739379883 0.0012096986174583435 0.0
0.0 0.01780952513217926 0.027038991451263428
0.0 0.0 0.0
0.0 0.0003392547369003296 0.0
0.0 0.0 0.0
0.0 0.0 0.0
0.0 0.0 0.0
0.03585153818130493 0.0 0.0033153891563415527
0.0 0.0 0.0
0.0 0.0 0.0
0.061764687299728394 0.09510918706655502 0.0172765851020813
0.0 0.04493051767349243 0.0076403021812438965
0.0 0.007760640233755112 0.015538632869720459
0.0 0.014659210108220577 0.0
0.0 0.0214945487678051 0.0
0.0 0.03851516172289848 0.0
0.0 0.041016653180122375 0.0
0.01415097713470459 0.02455928735435009 0.0
0.0 0.012331295758485794 0.0
0.0 0.01594603806734085 0.008736252784729004
0.0 0.006889918819069862 0.024743080139160156
0.0 0.0 0.018626272678375244
0.0 0.0 0.022793829441070557
0.002300053834915161 0.0 0.02944737672805786
0.0008558258414268494 0.0 0.016841471195220947
0.0005564913153648376 0.0 0.019584298133850098
0.0 0.0 0.00403904914855957
0.0 0.009072382003068924 0.0037407875061035156
0.0 0.00036384910345077515 0.0
0.0 0.013160177506506443 0.0
0.0 0.013422179035842419 0.0
0.008111312985420227 0.012650479562580585 0.002910912036895752
0.0 0.024875793606042862 0.0
0.00010723620653152466 0.015245303511619568 0.0
0.0 0.02087388187646866 0.0013932585716247559
0.004659220576286316 0.01596182957291603 0.0
0.02321092039346695 0.015842806547880173 0.002207159996032715
0.027133546769618988 0.0256279818713665 0.0
0.006305806338787079 0.02760254591703415 0.0
0.01253209263086319 0.019903363659977913 0.0
0.008973382413387299 0.005980629473924637 0.0
0.0 0.012142866849899292 0.0011332035064697266
0.0 0.009446067735552788 0.0029050707817077637
0.0 0.024838794022798538 0.00716090202331543
0.0 0.02059777081012726 0.010230302810668945
0.0 0.028839044272899628 0.009114265441894531
0.0 0.012951411306858063 0.027225852012634277
0.0 0.00926932692527771 0.031810462474823
0.0 0.0030735768377780914 0.035838186740875244
0.0 0.0137026347219944 0.04020369052886963
0.0 0.010610021650791168 0.02137511968612671
0.0 0.010562898591160774 0.02202242612838745
0.0 0.0 0.028802692890167236
0.0 0.0 0.034309983253479004
0.0 0.0 0.03929316997528076
0.0 0.0 0.025342822074890137
0.0 0.005714841187000275 0.008823156356811523
0.0 0.00650472566485405 0.0
0.0 0.014464646577835083 0.0
0.0 0.012802943587303162 0.002051234245300293
0.005809605121612549 0.016208358108997345 0.01232457160949707
0.0 0.004284476861357689 0.001769423484802246
0.003026828169822693 0.004313673824071884 0.03217262029647827
0.0 0.0 0.013039588928222656
0.0 0.011238783597946167 0.013001978397369385
0.0 0.015957511961460114 0.00021278858184814453
0.0 0.02204403467476368 0.0
0.0 0.01679149642586708 0.004606306552886963
0.0 0.015497589483857155 0.0011948347091674805
0.0 0.002833377569913864 0.01209115982055664
0.0015955641865730286 0.0 0.01667928695678711
0.0 0.0019202940165996552 0.0
0.013320781290531158 0.013722294941544533 0.0020612478256225586
0.018093571066856384 0.01586308889091015 0.0
0.006314016878604889 0.018247846513986588 0.0
0.00567442923784256 0.015179002657532692 0.0
0.0 0.01843615062534809 0.0
0.0 0.02112111821770668 0.0
0.0 0.00849902629852295 0.0
0.0 0.011125031858682632 0.004973471164703369
0.0 0.013456922024488449 0.005449175834655762
0.0 0.008501440286636353 0.006347358226776123
0.0 0.007709477096796036 0.010401129722595215
0.0 0.01401730626821518 0.018890321254730225
0.0 0.011081930249929428 0.025033175945281982
0.0011859014630317688 0.016152869910001755 0.024880051612854004
0.0 0.019575918093323708 0.020213961601257324
0.05694739520549774 0.0 0.06426787376403809
0.0 0.031532347202301025 0.0030106306076049805
0.0 0.02353323996067047 0.0
0.0 0.007627338171005249 0.0
0.0 0.0027630366384983063 0.0
0.0 0.0 0.0
0.0055806636810302734 0.0 0.03869473934173584
