0.0 0.0 0.04011809825897217
0.0 0.0 0.02291661500930786
0.0 0.0 0.0
0.0 0.014949619770050049 0.0
0.0 0.009306520223617554 0.0
0.0 0.023816168308258057 0.009656012058258057
0.0 0.020622223615646362 0.02897852659225464
0.009355142712593079 0.0 0.018885552883148193
0.003953179344534874 0.0028925538063049316 0.0
0.0012403856962919235 0.008215367794036865 0.0
0.011142987757921219 0.00132673978805542 0.0
0.011030707508325577 0.006528198719024658 0.003466963768005371
0.010431122034788132 0.012582868337631226 0.005091249942779541
0.009238407015800476 0.007993549108505249 0.014658212661743164
0.003711845725774765 0.009283006191253662 0.016688942909240723
0.012430865317583084 0.00442466139793396 0.0
0.0 0.014330863952636719 0.0
0.0 0.007217317819595337 0.0
0.00461607426404953 0.0019670724868774414 0.011408030986785889
0.003253370523452759 0.0030838847160339355 0.008853673934936523
0.0 0.004858940839767456 0.005853831768035889
0.01067262515425682 0.0 0.012670457363128662
0.006538406014442444 0.007418900728225708 0.00763314962387085
0.0 0.01097288727760315 0.0
0.007071387022733688 0.007679164409637451 0.005268752574920654
0.003907475620508194 0.003849506378173828 0.001240074634552002
0.0 0.0027060508728027344 0.0016527175903320312
0.0 0.0026405155658721924 0.006443500518798828
0.0 0.0038132667541503906 0.008541345596313477
0.0 0.003147333860397339 0.00015550851821899414
0.0 0.010140776634216309 0.011277616024017334
0.0 0.010046571493148804 0.002324819564819336
0.0 0.003725767135620117 0.008935987949371338
0.0021997857838869095 0.0 0.0072667598724365234
0.003926808014512062 0.0 0.006145119667053223
0.0028761737048625946 0.0016571283340454102 0.005336463451385498
0.001985255628824234 0.0016988813877105713 0.007039308547973633
0.0 0.0 0.007293224334716797
0.0 0.0038087666034698486 0.008921921253204346
0.0 0.002329528331756592 0.004599571228027344
0.0 0.006720513105392456 0.0029534101486206055
0.0 0.007745921611785889 0.008826196193695068
0.004368063062429428 0.0036670565605163574 0.0037564635276794434
0.001206718385219574 0.003906071186065674 0.0
0.00255502387881279 0.0006322264671325684 0.0
0.0 0.0045514702796936035 0.007654964923858643
0.00033170729875564575 0.00438845157623291 0.007657945156097412
0.0037131886929273605 0.0027193427085876465 0.015685737133026123
0.0048707593232393265 0.003686457872390747 0.008783698081970215
0.0017526540905237198 0.00419887900352478 0.00219881534576416
0.0 0.002345651388168335 0.0
0.0 0.008307218551635742 0.0
0.0 0.005199730396270752 0.005265533924102783
0.0 0.0030015408992767334 0.010599017143249512
0.0 0.002334773540496826 0.010831177234649658
0.00294642336666584 0.0012600421905517578 0.004511356353759766
0.0 0.002447187900543213 0.0
0.0 0.006451010704040527 0.001957237720489502
0.0013770125806331635 0.010681092739105225 0.008568048477172852
0.005937125533819199 0.0 0.0
0.0 0.001193910837173462 0.0024112462997436523
0.0 0.0 0.007326900959014893
0.0 0.0 0.011019229888916016
0.0016963202506303787 0.0 0.01498878002166748
0.0025398116558790207 0.0 0.003085911273956299
0.0006817039102315903 0.002735644578933716 0.0
0.0 0.002680271863937378 0.0
0.0 0.010813802480697632 0.0
0.0 0.014755696058273315 0.0
0.0 0.0020938217639923096 0.0
0.0 0.0007432699203491211 0.0
0.006666576489806175 0.0 0.0
0.0 0.0031867027282714844 0.0
0.0 0.01279991865158081 0.0
0.006519585847854614 0.0 0.0
0.0 0.0 0.0
0.0 0.0 0.0
0.0 0.0047213733196258545 0.0
0.0 0.0 0.0
0.0 0.0 0.0063307881355285645
0.0 0.002653747797012329 0.034854233264923096
0.0 0.0012409687042236328 0.05159461498260498
0.0005901344120502472 0.004716992378234863 0.06074059009552002
0.023296788334846497 0.011673331260681152 0.062188684940338135
0.02559085190296173 0.023818373680114746 0.06928360462188721
0.024006620049476624 0.024194061756134033 0.07349693775177002
0.01451653242111206 0.01254647970199585 0.06821775436401367
0.015636470168828964 0.007880151271820068 0.06321275234222412
0.019889377057552338 0.009406089782714844 0.05039626359939575
0.022837016731500626 0.00312843918800354 0.043460309505462646
0.032759055495262146 0.0 0.021356940269470215
0.010465815663337708 0.0017859339714050293 0.006585419178009033
0.011080607771873474 0.0035019218921661377 0.0004082918167114258
0.015669528394937515 0.0 0.0
0.014454618096351624 0.0 0.0
0.005797352641820908 0.00046133995056152344 0.0
0.004100367426872253 0.006612807512283325 0.0
0.0007109940052032471 0.008433312177658081 0.016858816146850586
0.0 0.008609622716903687 0.011785030364990234
0.0 0.004956483840942383 0.010845780372619629
0.0 0.0 0.013014614582061768
0.0 0.0 0.0
0.0 0.0 0.0
0.0052526891231536865 0.0010502636432647705 0.0
0.0035368576645851135 0.007546752691268921 0.0
0.01581740379333496 0.0 0.013591587543487549
0.004153478890657425 0.0 0.004773855209350586
0.005923569202423096 0.0007278919219970703 0.0
0.004810316488146782 0.004331380128860474 0.0
0.003907317295670509 0.012043207883834839 0.0
0.007070727646350861 0.012319475412368774 0.0
0.0040904805064201355 0.006293237209320068 0.008175194263458252
0.0 0.0 0.011936724185943604
0.0 0.0 0.015047669410705566
0.0 0.0 0.01645684242248535
0.0 0.0 0.024888813495635986
0.00017457082867622375 0.0 0.015374839305877686
0.008566400036215782 0.0 0.006223559379577637
0.0008809175342321396 0.006233006715774536 0.0
0.0 0.007553458213806152 0.0
0.0 0.006568491458892822 0.0
0.00534430705010891 0.0061807334423065186 0.0
0.0040734875947237015 0.0 0.0
0.0 0.0 0.0
0.0 0.0 0.0
0.0 0.0 0.003504931926727295
0.0 0.0 0.0160178542137146
0.0 0.0 0.016795992851257324
0.0001024194061756134 0.008338779211044312 0.015818655490875244
0.006330454722046852 0.0048393309116363525 0.014158904552459717
0.009784290567040443 0.004059731960296631 0.02120107412338257
0.010498270392417908 0.005279064178466797 0.020515263080596924
0.007239842787384987 0.002587050199508667 0.008615255355834961
0.0009082704782485962 0.010616451501846313 0.0
0.0 0.017534375190734863 0.0
0.0014736801385879517 0.0047674477100372314 0.0002499818801879883
0.003590557724237442 0.0 0.0
0.0 0.0 0.0036730170249938965
0.0 0.0 0.012443125247955322
0.0015457794070243835 0.0 0.00881814956665039
0.0 0.0 0.0
0.0 0.0 0.0
0.0004930496215820312 0.0014219880104064941 0.006790518760681152
0.006160039454698563 0.007002592086791992 0.019673705101013184
0.007949933409690857 0.005682110786437988 0.016122281551361084
0.0 0.0074118971824646 0.0003618597984313965
0.0006199441850185394 0.012772738933563232 0.0
0.00919690728187561 0.0006118714809417725 0.0
0.0 0.0007317066192626953 0.0
0.0 0.0 0.0
0.0 0.0 0.010664939880371094
0.02338280901312828 0.0 0.05922996997833252
0.019630257040262222 0.0 0.07012176513671875
0.0032792016863822937 0.010247975587844849 0.05781352519989014
0.0 0.004824459552764893 0.04014474153518677
0.0 0.0 0.012966752052307129
0.0 0.0 0.0
0.0017620846629142761 0.01007261872291565 0.0
0.03650552034378052 0.0 0.0
0.0 0.06438058614730835 0.0
0.0 0.0 0.0
0.020925160497426987 0.0 0.0
0.0 0.022099614143371582 0.0049176812171936035
0.018324613571166992 0.0 0.018736422061920166
0.0 0.0 0.011553049087524414
0.0026632174849510193 0.007930874824523926 0.0051688551902771
0.004439607262611389 0.007589399814605713 0.006404757499694824
0.008912201970815659 0.006358355283737183 0.0026029348373413086
0.00710078701376915 0.012836635112762451 0.006168484687805176
0.006567187607288361 0.008131563663482666 0.0029058456420898438
0.0 0.002964407205581665 0.009086549282073975
0.0 0.0001570284366607666 0.019516408443450928
0.0 0.0 0.014862596988677979
0.0 0.0 0.005644559860229492
0.0 0.0 0.005762934684753418
0.0 0.0 0.005173981189727783
0.0 0.0 0.0
0.0010161623358726501 0.007377803325653076 0.0
0.0 0.0034880638122558594 0.0
0.003511786460876465 0.00208166241645813 0.007968604564666748
0.007998049259185791 0.0 0.015614509582519531
0.0007693693041801453 0.0 0.01399838924407959
0.0069984495639801025 0.0 0.009653210639953613
0.0030618496239185333 0.0022847652435302734 0.0006656646728515625
0.0 0.01190444827079773 0.0
0.0 0.006209313869476318 0.0
0.0 0.0 0.00519639253616333
0.0022736787796020508 0.0 0.007409095764160156
0.002287544310092926 0.0 0.0
0.0022477619349956512 0.004388600587844849 0.0
0.009791888296604156 0.003412574529647827 0.003697335720062256
0.012342993170022964 0.0032143592834472656 0.012966513633728027
0.0 0.00674554705619812 0.013396859169006348
0.00805533304810524 0.0016942024230957031 0.012529730796813965
0.0020834840834140778 0.010464787483215332 0.007063925266265869
0.0 0.013872325420379639 0.001677870750427246
0.0 0.006758987903594971 0.0002919435501098633
0.0 0.0 0.00452876091003418
0.0 0.0 0.0016120076179504395
0.0 0.0 0.0023595690727233887
0.0 0.0 0.0
0.0 0.000599294900894165 0.0
0.0 0.0 0.0
0.0010991357266902924 0.004205554723739624 0.0057457685470581055
0.007124859839677811 0.0038541853427886963 0.017186999320983887
0.007714174687862396 0.0 0.02214217185974121
0.0 0.011229991912841797 0.0068759918212890625
0.0 0.02003541588783264 0.0
0.024796411395072937 0.008829206228256226 0.0
0.02184804528951645 0.0 0.0
0.001727275550365448 0.022295475006103516 0.0
0.0 0.0 0.006405830383300781
0.0032399091869592667 0.0 0.01940476894378662
0.0 0.0 0.010751485824584961
0.0009423010051250458 0.0 0.011231541633605957
0.034368932247161865 0.004913449287414551 0.002819061279296875
0.0 0.0 0.0
0.005470883101224899 0.0 0.0
0.0 0.011836916208267212 0.0
0.0033228378742933273 0.0 0.008683323860168457
0.0 0.0 0.019771993160247803
0.0 0.029096394777297974 0.004550576210021973
0.0 0.12026926875114441 0.0
0.0 0.0 0.0
0.05811339616775513 0.0 0.02843683958053589
0.0262803602963686 0.0 0.041157066822052
0.034664660692214966 0.015696078538894653 0.02759993076324463
0.0053762272000312805 0.0009070634841918945 0.022239267826080322
0.0 0.047061771154403687 0.0
0.0 0.0 0.0
0.0062981583178043365 0.0 0.016762733459472656
0.01942250318825245 0.0 0.018536686897277832
0.016941819339990616 0.0032108426094055176 0.009412646293640137
0.0 0.056747764348983765 0.07488882541656494
0.0 0.024273157119750977 0.025427937507629395
0.0 0.0023623108863830566 0.0
0.034561071544885635 0.010770857334136963 0.0
0.01951969787478447 0.07942676544189453 0.0
0.0 0.0 0.0
0.012566890567541122 0.03290969133377075 0.0
0.0 0.016746103763580322 0.0
0.0 0.0 0.0008233785629272461
0.012480560690164566 0.002422720193862915 0.03769636154174805
0.0 0.0 0.04573184251785278
0.0 0.0 0.147530198097229
0.0 0.0 0.23157578706741333
0.02076508104801178 0.0 0.1524396538734436
0.2700713276863098 0.0 0.0
0.0 0.0 0.0565829873085022
0.0017954707145690918 0.0 0.026729166507720947
0.026930302381515503 0.014866411685943604 0.0
0.0 0.0 0.0
0.02105553448200226 0.03252243995666504 0.0
0.039346352219581604 0.0 0.0
0.02002798020839691 0.0 0.0
0.019780732691287994 0.011017411947250366 0.0014311671257019043
0.0010200515389442444 0.0 0.01389235258102417
0.0 0.002789735794067383 0.005849182605743408
0.0 0.004848003387451172 0.0
0.0 0.0 0.009269475936889648
0.0 0.0 0.006996214389801025
0.0 0.013700991868972778 0.0032438039779663086
0.011774435639381409 0.0 0.006315648555755615
0.0 0.0 0.012646853923797607
0.0 0.0 0.008419513702392578
0.0 0.0 0.013824224472045898
0.0 0.0 0.017264604568481445
0.0 0.0 0.01339423656463623
0.0 0.0 0.0234605073928833
0.0 0.0 0.0004507899284362793
0.0 0.0 0.0
0.0 0.0 0.0
0.0 0.0 0.0
0.0 0.0 0.003074944019317627
0.0 0.0 0.018914341926574707
0.0 0.0 0.0010986328125
0.0 0.005562126636505127 0.015288949012756348
0.012599047273397446 0.0 0.009269773960113525
0.0 0.0 0.003000795841217041
0.03585095703601837 0.0 0.05761510133743286
0.058095190674066544 0.0 0.0
0.14758554100990295 0.0 0.028266072273254395
0.1525285691022873 0.16995534300804138 0.010368525981903076
0.13605517148971558 0.24404284358024597 0.04527848958969116
0.13327401876449585 0.35315999388694763 0.0
0.1890353560447693 0.38866761326789856 0.0
0.10966163873672485 0.3731498718261719 0.0
0.07470923662185669 0.3173355162143707 0.0
0.04464411735534668 0.3221559524536133 0.0
0.12167656421661377 0.23647964000701904 0.0
0.052430152893066406 0.3287452459335327 0.0
0.13194090127944946 0.3782358765602112 0.0
0.10575991868972778 0.3259178102016449 0.0
0.0 0.025292038917541504 0.0
0.0 0.0 0.2830911874771118
0.0 0.04552626609802246 0.2732340097427368
0.0 0.0 0.7197598218917847
0.0 0.06054183840751648 0.5117084980010986
0.0 0.10784491896629333 0.47237908840179443
0.0 0.22916924953460693 0.3476933240890503
0.0 0.3015676438808441 0.3713338375091553
0.0 0.36797016859054565 0.29941844940185547
0.0 0.3350520133972168 0.25308001041412354
0.0 0.27642643451690674 0.2628293037414551
0.0 0.23550784587860107 0.30735135078430176
0.0 0.3230257034301758 0.36355137825012207
0.0 0.3815220594406128 0.3981991410255432
0.0 0.4377399682998657 0.45553141832351685
0.0 0.4058639407157898 0.5498841404914856
0.0 0.35223114490509033 0.5424412488937378
0.0 0.3629307746887207 0.5335631966590881
0.0 0.4171183109283447 0.47911983728408813
0.0 0.3916052579879761 0.45323967933654785
0.0 0.20659911632537842 0.4127434492111206
0.0 0.15913504362106323 0.4438716173171997
0.0 0.26418590545654297 0.37519657611846924
0.0 0.21800565719604492 0.2827129364013672
0.0 0.2672067880630493 0.12379628419876099
0.011765599250793457 0.2507045269012451 0.0
0.0089598149061203 0.27686402201652527 0.0
0.0 0.2627028822898865 0.0
0.03893242031335831 0.21724534034729004 0.0
0.0400066152215004 0.16772907972335815 0.0
0.06720314919948578 0.10938268899917603 0.0
0.0507638156414032 0.0709395706653595 0.0
0.034638985991477966 0.036318808794021606 0.0
0.008872173726558685 0.018256843090057373 0.0
0.0 0.02719321846961975 0.0
0.0 0.000763624906539917 0.0
0.0 0.0038299560546875 0.0
0.0 0.021225303411483765 0.031193256378173828
0.0 0.013089954853057861 0.07524192333221436
0.0 0.013208746910095215 0.09818673133850098
0.011426534503698349 0.01995009183883667 0.09691661596298218
0.003221176564693451 0.018872231245040894 0.08413666486740112
0.01597651094198227 0.002964496612548828 0.054562926292419434
0.022230463102459908 0.009198993444442749 0.03879129886627197
0.02025914192199707 0.010551095008850098 0.01877492666244507
0.007615871727466583 0.010505348443984985 0.0
0.0009593423455953598 0.02436298131942749 0.0
0.0 0.009627819061279297 0.0
0.0 0.0 0.0
0.0 0.0 0.0
0.013490239158272743 0.0 0.0
0.007929977029561996 0.0 0.014247298240661621
0.009213319048285484 0.00380745530128479 0.02476191520690918
0.010254580527544022 0.01160404086112976 0.029929161071777344
0.0 0.012029021978378296 0.025935709476470947
0.0 0.01312631368637085 0.01131659746170044
0.0035379230976104736 0.017212361097335815 0.01624774932861328
0.009500483050942421 0.013472497463226318 0.0068441033363342285
0.011802248656749725 0.009810805320739746 0.006559610366821289
0.016878725960850716 0.00754353404045105 0.0
0.01026272214949131 0.0076555609703063965 0.0
0.0003813486546278 0.005350947380065918 0.0
0.0 0.008632659912109375 0.0
0.0 0.0019668638706207275 0.0
0.0 0.0 0.01563131809234619
0.0 0.0 0.009973704814910889
0.0 0.0 0.010957658290863037
0.0 0.007633596658706665 0.007362246513366699
0.0021256934851408005 0.010827809572219849 0.010701417922973633
0.006581271067261696 0.0031472742557525635 0.0027538537979125977
0.0013459604233503342 0.0028543174266815186 0.013512849807739258
0.005653005093336105 0.000368654727935791 0.007692694664001465
0.0 0.0020557940006256104 0.0
0.006511842831969261 0.013720005750656128 0.0
0.0 0.016836464405059814 0.0
0.0 0.009223639965057373 0.0
0.0 0.0 0.0027832388877868652
0.0 0.000874251127243042 0.007383525371551514
0.0 0.0 0.008228421211242676
0.0 0.0 0.005586147308349609
0.012225650250911713 0.0068690478801727295 0.017185568809509277
0.012481361627578735 0.019958972930908203 0.0076985955238342285
0.03115183860063553 0.04527971148490906 0.0
0.05971423164010048 0.07127019762992859 0.0
0.023670421913266182 0.09243607521057129 0.0
0.03214074671268463 0.07509821653366089 0.0
0.060591891407966614 0.06933358311653137 0.0
0.0921681672334671 0.0686894953250885 0.0
0.08037365972995758 0.08724862337112427 0.009892404079437256
0.10525323450565338 0.12848684191703796 0.016452312469482422
0.1074797585606575 0.12327393889427185 0.0
0.03914308547973633 0.08700013160705566 0.0
0.023080818355083466 0.06517606973648071 0.0
0.009022250771522522 0.08427843451499939 0.0
0.0 0.09376183152198792 0.0
0.0 0.05693882703781128 0.0
0.0 0.0 0.0
0.0 0.0 0.0
0.0 0.0 0.011575281620025635
0.0 0.0 0.04782664775848389
0.0 0.0 0.07297855615615845
0.0 0.0 0.09215158224105835
0.0 0.0 0.10355561971664429
0.0 0.0 0.10159474611282349
0.0 0.0 0.09875351190567017
0.0 0.0 0.10955178737640381
0.0 0.0 0.1016840934753418
0.0 0.0 0.09778165817260742
0.0 0.013565242290496826 0.09174203872680664
0.0 0.06565961241722107 0.07769972085952759
0.0 0.10112828016281128 0.06358051300048828
0.0 0.078075110912323 0.0
0.0 0.0109843909740448 0.0
0.01385602355003357 0.05065131187438965 0.0
0.025461524724960327 0.114285409450531 0.018114566802978516
0.015363115817308426 0.12815985083580017 0.008838474750518799
0.0941835567355156 0.10483384132385254 0.0
0.14222778379917145 0.09819173812866211 0.0
0.12392862141132355 0.11665153503417969 0.0
0.13880033791065216 0.13650688529014587 0.0
0.1419442743062973 0.12871012091636658 0.0
0.1178026869893074 0.12478062510490417 0.0
0.10529497265815735 0.10770308971405029 0.0
0.08737462759017944 0.07510432600975037 0.0
0.07168306410312653 0.051474928855895996 0.0
0.055985450744628906 0.06367310881614685 0.0
0.056844085454940796 0.08265489339828491 0.014742553234100342
0.024387367069721222 0.09119033813476562 0.0
0.018572509288787842 0.03522515296936035 0.0
0.002394348382949829 0.0 0.0
0.0 0.031243324279785156 0.0
0.00013375282287597656 0.07081946730613708 0.0
0.0 0.07002002000808716 0.0
0.0 0.014790892601013184 0.0
0.0 0.0 0.0
0.0 0.0 0.010956406593322754
0.0 0.0 0.03205329179763794
0.0 0.0 0.04317057132720947
0.0 0.0 0.037915170192718506
0.0 0.0 0.05892384052276611
0.0 0.0 0.07839137315750122
0.0 0.0 0.09124141931533813
0.0 0.0 0.09374982118606567
0.0 0.0 0.09183526039123535
0.0 0.0 0.07018321752548218
0.0 0.0 0.051587700843811035
0.0 0.0 0.06175196170806885
0.0 0.026869982481002808 0.061433255672454834
0.0 0.02400299906730652 0.06490910053253174
0.0 0.03246206045150757 0.03283768892288208
0.008719198405742645 0.06223788857460022 0.046299755573272705
0.01869410276412964 0.07042133808135986 0.03879725933074951
0.04339611530303955 0.07913064956665039 0.0
0.07500408589839935 0.10639327764511108 0.0
0.07215389609336853 0.12217098474502563 0.0
0.07808315753936768 0.11597895622253418 0.0
0.1159672662615776 0.1086663007736206 0.0
0.14113092422485352 0.11696237325668335 0.0
0.13550272583961487 0.12255948781967163 0.0
0.11031785607337952 0.1022619903087616 0.0
0.0787932351231575 0.07883086800575256 0.0
0.04835526645183563 0.05620577931404114 0.0
0.05893634259700775 0.04662138223648071 0.0
0.07449482381343842 0.06264227628707886 0.005913674831390381
0.047725826501846313 0.08745050430297852 0.01843583583831787
0.014007523655891418 0.08405280113220215 0.0
0.022914499044418335 0.024119824171066284 0.0
0.0034851282835006714 0.030482769012451172 0.0
0.0363820344209671 0.08354085683822632 0.0
0.040750980377197266 0.10986962914466858 0.0009382367134094238
0.0 0.07100751996040344 0.0
0.0 0.013536125421524048 0.0
0.0 0.0 0.0
0.0 0.0 0.0
0.0 0.0 0.0427510142326355
0.0 0.0 0.08255696296691895
0.0 0.0 0.0753326416015625
0.0 0.0 0.08007407188415527
0.0 0.0 0.09070038795471191
0.0 0.0 0.09673333168029785
0.0 0.0 0.09912288188934326
0.0 0.0 0.07962864637374878
0.0 0.0 0.07014024257659912
0.0 0.0 0.04693007469177246
0.0 0.0 0.03480738401412964
0.0 0.008306652307510376 0.042986392974853516
0.0 0.017173558473587036 0.04716461896896362
0.0 0.017036765813827515 0.029103994369506836
0.0 0.014195889234542847 0.022223234176635742
0.0 0.027056634426116943 0.02759420871734619
0.0 0.027757644653320312 0.012866377830505371
0.0 0.024168938398361206 0.015682518482208252
0.0 0.04983800649642944 0.0
0.011403486132621765 0.05567196011543274 0.0
0.02485933154821396 0.06545761227607727 0.0031355619430541992
0.021313391625881195 0.0768950879573822 0.0
0.030115894973278046 0.07213199138641357 0.0
0.05790119618177414 0.07363294064998627 0.0
0.07547679543495178 0.08873924612998962 0.0
0.09843668341636658 0.09150707721710205 0.0
0.11801110208034515 0.10884298384189606 0.0
0.09728056192398071 0.10309013724327087 0.0
0.06560807675123215 0.08318200707435608 0.0
0.04589243233203888 0.05045735836029053 0.0
0.049950845539569855 0.035712093114852905 0.0086747407913208
0.04691758751869202 0.03378254175186157 0.029993414878845215
0.021274223923683167 0.0396040678024292 0.03537982702255249
0.0 0.021804839372634888 0.011576294898986816
0.0 0.0 0.0
0.0 0.0 0.005527496337890625
0.0 0.000956416130065918 0.02860969305038452
0.0 0.010841459035873413 0.031951904296875
0.0 0.0 0.005642414093017578
0.0 0.0 0.0
0.0 0.0 0.004855930805206299
0.0 0.0 0.02397632598876953
0.0 0.0 0.0371091365814209
0.0 0.0 0.023892223834991455
0.0 0.0 0.011703193187713623
0.0 0.0 0.0
0.000683322548866272 0.0012428760528564453 0.0
0.0 0.015403389930725098 0.0
0.0021658092737197876 0.021903395652770996 0.0
0.005370378494262695 0.015734493732452393 0.0
0.008642449975013733 0.004424929618835449 0.005661129951477051
0.009540364146232605 0.0 0.005687355995178223
0.003718838095664978 0.0 0.010772407054901123
0.009777531027793884 0.004190176725387573 0.008560419082641602
0.008652076125144958 0.016061723232269287 0.011845767498016357
0.0043305903673172 0.014713853597640991 0.004570722579956055
0.0 0.009356528520584106 0.00044786930084228516
0.0 0.0 0.0
0.0 0.0 0.011113584041595459
0.0 0.0 0.01692664623260498
0.0 0.005385935306549072 0.007685840129852295
0.0 0.007682234048843384 0.007749021053314209
0.007021427154541016 0.01162382960319519 0.0
0.015805959701538086 0.009605556726455688 0.0
0.02025069296360016 0.014962762594223022 0.0
0.01819656789302826 0.017911851406097412 0.0
0.02083951234817505 0.01887473464012146 0.0025061964988708496
0.00883851945400238 0.012193918228149414 0.0
0.004948511719703674 0.01119321584701538 0.006222069263458252
0.0 0.005235046148300171 0.004484593868255615
0.0019138157367706299 0.0 0.0020847320556640625
0.0 0.002680957317352295 0.004799604415893555
0.0 0.007416963577270508 0.00775754451751709
0.0 0.0016114413738250732 0.0033785104751586914
0.0 0.0 0.0
0.0 0.0 0.0
0.003386065363883972 0.002334773540496826 0.005530178546905518
0.009197711944580078 0.011991441249847412 0.007139444351196289
0.006700858473777771 0.014102905988693237 0.01320195198059082
0.0 0.0038734078407287598 0.0011454224586486816
0.0 0.0 0.007490336894989014
0.009868636727333069 0.0 0.0014350414276123047
0.012984126806259155 0.008497804403305054 0.0011494755744934082
0.006449207663536072 0.015625596046447754 0.0
0.0 0.010368645191192627 0.0
0.0 0.009145617485046387 0.0
0.005148187279701233 0.002113848924636841 0.005743920803070068
0.0019139647483825684 0.0 0.006126582622528076
0.010890699923038483 0.0 0.0053727030754089355
0.008873991668224335 0.011141210794448853 0.0
0.0 0.010997027158737183 0.0
0.0036543607711791992 0.006494373083114624 0.013752877712249756
0.019180938601493835 0.006600618362426758 0.01856410503387451
0.0 0.0031428635120391846 0.01655566692352295
0.0 0.0008146762847900391 0.008690416812896729
0.0 0.0 0.0079270601272583
0.002010844647884369 0.0030322670936584473 0.014091014862060547
0.005831114947795868 0.0 0.0034800171852111816
0.003679215908050537 0.004633724689483643 0.01753479242324829
0.0 0.0 0.009371817111968994
0.0 0.007640212774276733 0.005499482154846191
0.0 0.01472485065460205 0.0
0.0007418245077133179 0.004351913928985596 0.0
0.04839502274990082 0.028958231210708618 0.04919928312301636
0.10508093237876892 0.05190622806549072 0.07459092140197754
0.06094503402709961 0.07757210731506348 0.0
0.02773556113243103 0.11931031942367554 0.0
0.09246706962585449 0.1765611469745636 0.0
0.1752849817276001 0.2059401571750641 0.0
0.075847327709198 0.17595329880714417 0.0
0.1499112844467163 0.12472817301750183 0.0
0.044637978076934814 0.2221652865409851 0.0
0.0 0.2844780683517456 0.0
0.15730607509613037 0.33298635482788086 0.0
0.018257856369018555 0.37639546394348145 0.0
0.0 0.2315225601196289 0.0
0.017563581466674805 0.03617805242538452 0.020047426223754883
0.0 0.06523042917251587 0.0
0.0 0.06322658061981201 0.0
0.0 0.0 0.11075699329376221
0.0 0.0 0.46937108039855957
0.0 0.0 0.6554174423217773
0.0 0.0 0.6060810089111328
0.0 0.06950199604034424 0.43412649631500244
0.0 0.2466568946838379 0.3351936340332031
0.0 0.22190523147583008 0.2890205383300781
0.0 0.1395719051361084 0.2866828441619873
0.0 0.21270900964736938 0.2228981852531433
0.0 0.2909200191497803 0.26707732677459717
0.0 0.32958370447158813 0.30455654859542847
0.0 0.31496262550354004 0.38073045015335083
0.0 0.2730720639228821 0.44687509536743164
0.0 0.33819860219955444 0.39664530754089355
0.0 0.41974836587905884 0.36925143003463745
0.007361456751823425 0.33115434646606445 0.3902362585067749
0.023702949285507202 0.21190762519836426 0.39368653297424316
0.0 0.19161319732666016 0.390569269657135
0.0 0.19940674304962158 0.32574474811553955
0.0 0.21111977100372314 0.2422407865524292
0.0 0.21157944202423096 0.22523391246795654
0.025526463985443115 0.14493411779403687 0.25709986686706543
0.01261359453201294 0.10243630409240723 0.24142003059387207
0.0 0.13877195119857788 0.20565307140350342
0.03624407947063446 0.20704659819602966 0.029206514358520508
0.0 0.25047212839126587 0.0
0.01921430230140686 0.20770025253295898 0.0
0.018723905086517334 0.17622551321983337 0.0
0.0 0.13843505084514618 0.0
0.01144499983638525 0.12199798226356506 0.0
0.015108509920537472 0.12234732508659363 0.0
0.027276743203401566 0.10705725848674774 0.0
0.0 0.05386209487915039 0.0
0.0 0.03458361327648163 0.0
0.0 0.022720620036125183 0.0
0.0 0.023291364312171936 0.0
0.0 0.024038538336753845 0.0
0.0 0.029182642698287964 0.0
0.0 0.024478793144226074 0.040204763412475586
0.0007300646975636482 0.028927966952323914 0.06572175025939941
0.03025178611278534 0.02798435091972351 0.0924801230430603
0.021725166589021683 0.029815763235092163 0.08753710985183716
0.020251896232366562 0.02613939344882965 0.08106350898742676
0.0062780072912573814 0.013012677431106567 0.051186323165893555
0.0 0.003149554133415222 0.034346818923950195
0.0040382640436291695 0.0 0.023612916469573975
0.0012618065811693668 0.0 0.004611670970916748
0.0030655525624752045 0.0 0.0
0.007280704565346241 0.00010654330253601074 0.0
0.0 0.0 0.0
0.0 0.011052101850509644 0.0
0.0 0.012165769934654236 0.0
0.0 0.01318061351776123 0.0
0.002489779144525528 0.015502408146858215 0.0
0.00018697790801525116 0.011910274624824524 0.0016494393348693848
0.0 0.010794982314109802 0.006079733371734619
0.0 0.0016121715307235718 0.0
0.006533953361213207 0.009676411747932434 0.008260607719421387
0.015201100148260593 0.014834985136985779 0.0093308687210083
0.0 0.008357152342796326 0.0
0.0 0.006662309169769287 0.0030500292778015137
0.006426392123103142 0.007470950484275818 0.009596824645996094
0.0 0.0050458163022994995 0.004674971103668213
0.0 0.0072397589683532715 0.0065094828605651855
0.002001021057367325 0.003976762294769287 0.01129370927810669
0.0 0.007851839065551758 0.003747224807739258
0.001497885212302208 0.0026326924562454224 0.006959855556488037
0.0 0.008525773882865906 0.0
0.010095259174704552 0.013607800006866455 0.0
0.006871392019093037 0.012512385845184326 0.0
0.008583423681557178 0.0186939537525177 0.006795525550842285
0.0029311999678611755 0.008120253682136536 0.003029167652130127
0.010365895926952362 0.008818387985229492 0.01262432336807251
0.01266536209732294 0.007847756147384644 0.012628614902496338
0.012176789343357086 0.007885873317718506 0.009308397769927979
0.005528956651687622 0.00681595504283905 0.000632166862487793
0.00026008114218711853 0.014702096581459045 0.006867766380310059
0.0 0.006300643086433411 0.0
0.0 0.007650241255760193 0.0010203123092651367
0.0 0.004163622856140137 0.0008629560470581055
0.0 0.0016078799962997437 0.003901362419128418
0.0 0.00299718976020813 0.0031313300132751465
0.005169391632080078 0.010429516434669495 0.0
0.005410976707935333 0.009615063667297363 0.0
0.006926480680704117 0.006209090352058411 0.0
0.009725864976644516 0.008910611271858215 0.0029348134994506836
0.007517058402299881 0.01142844557762146 0.0024356842041015625
0.010646097362041473 0.01300424337387085 0.009688854217529297
0.005211085081100464 0.012857303023338318 0.01256793737411499
0.004846833646297455 0.010594069957733154 0.012910008430480957
0.001793375238776207 0.008927911520004272 0.007505595684051514
0.0 0.002404645085334778 0.0014319419860839844
0.0 0.0 0.0
0.0003269035369157791 0.003980726003646851 0.0
0.0038544051349163055 0.008476868271827698 0.0
0.005938395857810974 0.010188639163970947 0.0
0.0 0.010695293545722961 0.0
0.002621803432703018 0.008937031030654907 0.0019075274467468262
0.0 0.010868936777114868 0.0011273622512817383
0.005891755223274231 0.014306589961051941 0.006060004234313965
0.005972456187009811 0.008312925696372986 0.011118471622467041
0.002382993698120117 0.00037138164043426514 0.008366286754608154
0.010085009038448334 0.007209271192550659 0.0032428503036499023
0.008959729224443436 0.0033755451440811157 0.0
0.008545219898223877 0.015485718846321106 0.00024700164794921875
0.007735636085271835 0.012232661247253418 0.0
0.0 0.006105929613113403 0.0
0.0007940419018268585 0.010739579796791077 0.0024372339248657227
0.0014056190848350525 0.007915288209915161 0.00539785623550415
0.0 0.0041532814502716064 0.008847832679748535
0.0 0.007728412747383118 0.009680867195129395
0.007010139524936676 0.00882767140865326 0.010286271572113037
0.0 0.007706567645072937 0.0055356621742248535
0.0003194957971572876 0.005604192614555359 0.0020654797554016113
0.0 0.0070107728242874146 0.0023366212844848633
0.0012645237147808075 0.005142673850059509 0.0035833120346069336
0.0 0.0040035247802734375 0.004786312580108643
0.0 0.009295731782913208 0.00200653076171875
0.005063150078058243 0.006208598613739014 0.008753657341003418
0.006775792688131332 0.0041730403900146484 0.008990287780761719
0.010202258825302124 0.009192600846290588 0.013307154178619385
0.010236252099275589 0.012562140822410583 0.011434733867645264
0.008635737001895905 0.00896880030632019 0.0009277462959289551
0.014469809830188751 0.023561999201774597 0.0
0.028949424624443054 0.030066192150115967 0.0
0.0223054438829422 0.0271168053150177 0.0
0.01808817684650421 0.035317689180374146 0.0
0.00711764395236969 0.044944167137145996 0.0
0.019329652190208435 0.06912931799888611 0.0
0.016747750341892242 0.08472803235054016 0.0
0.0 0.1024329662322998 0.0
0.0 0.11458161473274231 0.0
0.005314849317073822 0.05180543661117554 0.0
0.0 0.04156291484832764 0.0
0.0 0.07515370845794678 0.0
0.0 0.08010804653167725 0.014340758323669434
0.0 0.0381472110748291 0.09595364332199097
0.0 0.037244319915771484 0.16247683763504028
0.0 0.03756141662597656 0.20404964685440063
0.0 0.02880197763442993 0.23720836639404297
0.0 0.03224146366119385 0.2564650774002075
0.0 0.018410801887512207 0.2669566869735718
0.0 0.0 0.28716403245925903
0.0 0.0 0.3023282289505005
0.0 0.0 0.25790637731552124
0.0 0.0 0.23776865005493164
0.0 0.0036670565605163574 0.2165488600730896
0.023653026670217514 0.0 0.1841212511062622
0.006495922803878784 0.0 0.12600445747375488
0.0 0.0 0.06771582365036011
0.0 0.0 0.0
0.0 0.0003210902214050293 0.0
0.0 0.03969934582710266 0.0
0.0 0.05903187394142151 0.0
0.0 0.05372175574302673 0.0
0.0 0.055221691727638245 0.0
0.0 0.08757922053337097 0.0
0.0 0.08332811295986176 0.0
0.017879731953144073 0.07628445327281952 0.0
0.01171383261680603 0.036205217242240906 0.0
0.004251629114151001 0.048396944999694824 0.0
0.003085881471633911 0.09516164660453796 0.0
0.0009455792605876923 0.12147772312164307 0.0
0.015181310474872589 0.11463591456413269 0.0
0.0 0.08737382292747498 0.0
0.0 0.08667558431625366 0.0
0.0 0.09735211730003357 0.0
0.009609557688236237 0.11111235618591309 0.0700080394744873
0.011158902198076248 0.0625307559967041 0.09056484699249268
0.0010131299495697021 0.033381760120391846 0.12615174055099487
0.0 0.03063344955444336 0.14545732736587524
0.0 0.003650069236755371 0.1912698745727539
0.0 0.0 0.21821379661560059
0.0 0.0 0.2316831350326538
0.0 0.0 0.22418653964996338
0.0 0.0 0.16704726219177246
0.0 0.0 0.15868723392486572
0.0 0.0 0.14138668775558472
0.0 0.0 0.1283966302871704
0.016342606395483017 0.0 0.14094889163970947
0.02236044779419899 0.0 0.11238223314285278
0.0 0.026174187660217285 0.05951201915740967
0.0 0.020581990480422974 0.0483860969543457
0.0 0.0030936002731323242 0.02635776996612549
0.0 0.0053397417068481445 0.02129507064819336
0.0 0.0 0.0
0.0 0.00046136975288391113 0.0
0.0 0.012265399098396301 0.0
0.0 0.01764039695262909 0.0
0.0 0.033293500542640686 0.0
0.00619998574256897 0.043037042021751404 0.0
0.011224359273910522 0.04151138663291931 0.0
0.01852397620677948 0.03878609836101532 0.0
0.019913658499717712 0.045655205845832825 0.0
0.020291227847337723 0.053102895617485046 0.0
0.015528187155723572 0.05265498161315918 0.0
0.006709348410367966 0.060745447874069214 0.0
0.0 0.06080010533332825 0.0
0.005868028849363327 0.05122300982475281 0.0
0.00317397341132164 0.06759414076805115 0.0
0.0 0.0553092360496521 0.0
0.0 0.04421508312225342 0.010558128356933594
0.0 0.03529632091522217 0.04996305704116821
0.0008117891848087311 0.03686648607254028 0.04633784294128418
0.0 0.03373146057128906 0.05088353157043457
0.0 0.028050899505615234 0.061831116676330566
0.0 0.025010257959365845 0.05982375144958496
0.0 0.018484771251678467 0.05660092830657959
0.0 0.026836246252059937 0.06435656547546387
0.0054382942616939545 0.015172243118286133 0.07449144124984741
0.009566359221935272 0.002360790967941284 0.09161919355392456
0.0023997947573661804 0.0 0.10201489925384521
0.004158630967140198 0.0 0.11130887269973755
0.0 0.0 0.11592328548431396
0.006473563611507416 0.0 0.11339271068572998
0.010221496224403381 0.0 0.09887290000915527
0.013669896870851517 0.00016045570373535156 0.09462368488311768
0.010657958686351776 0.0 0.10138410329818726
0.011625677347183228 0.0 0.08113294839859009
0.01041499525308609 0.005737870931625366 0.05271339416503906
0.0 0.02560141682624817 0.03637540340423584
0.005754288751631975 0.004075974225997925 0.020342230796813965
0.0 0.0 0.00964200496673584
0.0 0.0 0.008569717407226562
0.0 0.0 0.0
0.0 0.004017740488052368 0.0
0.005080562084913254 0.02585725486278534 0.0
0.013480272144079208 0.03139293193817139 0.0
0.0 0.02576233446598053 0.0
0.0 0.016397804021835327 0.0
0.0 0.018676787614822388 0.0
0.0 0.015886768698692322 0.0
0.0 0.007436737418174744 0.0
0.0 0.02196180820465088 0.0
0.0 0.02140544354915619 0.0
0.0 0.020962834358215332 0.0
0.0 0.053731054067611694 0.0
0.0 0.061050623655319214 0.0
0.0 0.03537404537200928 0.0
0.0 0.0050965845584869385 0.0
0.0 0.04453536868095398 0.0
0.0 0.04822123050689697 0.01068258285522461
0.0 0.04411923885345459 0.040419578552246094
0.0 0.03934881091117859 0.03277790546417236
0.0 0.053274005651474 0.04345369338989258
0.005277938209474087 0.04825848340988159 0.050289690494537354
0.0 0.04241785407066345 0.03273266553878784
0.0 0.032557010650634766 0.043720364570617676
0.00701490044593811 0.027215540409088135 0.06725424528121948
0.009109478443861008 0.00485461950302124 0.08100700378417969
0.01983291283249855 0.0 0.09500044584274292
0.015652161091566086 0.0001392960548400879 0.1033090353012085
0.0 0.0 0.09339934587478638
0.0 0.0 0.0943906307220459
0.0 0.0 0.07419097423553467
0.0011973083019256592 0.0 0.06504106521606445
0.0 0.0 0.04816776514053345
0.0 0.0 0.033865272998809814
0.0 0.0 0.031997621059417725
0.0047820210456848145 0.0 0.0
0.01408461108803749 0.015406966209411621 0.0
0.013777762651443481 0.008346319198608398 0.0
0.018879447132349014 0.0027556121349334717 0.0
0.03470654413104057 0.0 0.02748548984527588
0.02945670485496521 0.0023095905780792236 0.05585277080535889
0.0009910129010677338 0.0 0.040704965591430664
0.0002786349505186081 0.004948824644088745 0.04759573936462402
0.0 0.008807539939880371 0.021143853664398193
0.013265928253531456 0.008353829383850098 0.013014554977416992
0.003078328911215067 0.003674551844596863 0.0
0.0 0.005728825926780701 0.0
0.0 0.0 0.0
0.00012763217091560364 0.01380680501461029 0.0
0.018064744770526886 0.019851520657539368 0.0
0.007636118680238724 0.018258139491081238 0.0
0.0014230944216251373 0.018084436655044556 0.0
0.0010640844702720642 0.017339617013931274 0.0
0.00914410874247551 0.02379302680492401 0.0
0.0 0.028740689158439636 0.0
0.009325236082077026 0.024503812193870544 0.0
0.004925984889268875 0.027374088764190674 0.0
0.0021390803158283234 0.03651638329029083 0.0
0.0 0.038320451974868774 0.0
0.0 0.038732171058654785 0.0
0.0 0.019876211881637573 0.0
0.0 0.017630308866500854 0.0
0.0 0.019289880990982056 0.0
0.0009803175926208496 0.019289016723632812 0.03289240598678589
0.0038959458470344543 0.01208534836769104 0.051647841930389404
0.0 0.011732816696166992 0.05735117197036743
0.0 0.012375593185424805 0.06247967481613159
0.0 0.010715276002883911 0.08196878433227539
0.011684759519994259 0.019730567932128906 0.08158469200134277
0.03390353545546532 0.015967607498168945 0.09185975790023804
0.01995839737355709 0.007299274206161499 0.058556556701660156
0.01467808522284031 0.0180911123752594 0.03775376081466675
0.0023315967991948128 0.008834391832351685 0.008480072021484375
0.00016845669597387314 0.009704381227493286 0.0012363195419311523
0.0 0.011016994714736938 0.0
0.0 0.0027931630611419678 0.0
0.0 0.0 0.0
0.007189180701971054 0.009062886238098145 0.0
0.0 0.0072016119956970215 0.0
0.0 0.016282111406326294 0.0
0.004485476762056351 0.007264494895935059 0.0
0.007864736020565033 0.004058122634887695 0.0
0.004057141020894051 0.0015845894813537598 0.0012030601501464844
0.003442903980612755 0.00852501392364502 0.008709907531738281
0.0 0.005954146385192871 0.005200207233428955
0.0 0.006835073232650757 0.0033164620399475098
0.0 0.006609231233596802 0.004874587059020996
0.006950855255126953 0.008961588144302368 0.007929503917694092
0.0033253543078899384 0.011621236801147461 0.0015470385551452637
0.0025003142654895782 0.008487939834594727 0.0
0.0 0.0024666786193847656 0.0012985467910766602
0.006106197834014893 0.008366018533706665 0.006519496440887451
0.010656947270035744 0.014934301376342773 0.004239797592163086
0.01403343677520752 0.015996158123016357 0.008692145347595215
0.003392944112420082 0.0077811479568481445 0.0
0.0 0.01265832781791687 0.0
0.0006626099348068237 0.007596880197525024 0.002143561840057373
0.013378363102674484 0.003079533576965332 0.009604096412658691
0.006078392267227173 0.006838560104370117 0.00416111946105957
0.0009492821991443634 0.00626903772354126 0.0
0.0 0.009427547454833984 0.0
0.0 0.010973036289215088 0.0
0.0 0.0028497278690338135 0.0
0.0 0.007547110319137573 0.0
0.0 0.010505318641662598 0.0
0.0 0.007742136716842651 0.0
0.002925986424088478 0.008536428213119507 0.0
0.004307107999920845 0.0072765052318573 0.0
0.002556402236223221 0.008105337619781494 0.00549393892288208
0.009722817689180374 0.008136242628097534 0.01220095157623291
0.0030061379075050354 0.007117569446563721 0.006246805191040039
0.0056138597428798676 0.00922808051109314 0.012850344181060791
0.00129704549908638 0.01012718677520752 0.0015729069709777832
0.01075730100274086 0.01765105128288269 0.006758213043212891
0.004187736660242081 0.008475184440612793 0.0028631091117858887
0.008093953132629395 0.011843681335449219 0.006128907203674316
0.0032205749303102493 0.007175922393798828 0.006143033504486084
0.0022653434425592422 0.007399171590805054 0.0026140809059143066
0.0 0.008410871028900146 0.0
0.00020884722471237183 0.008873611688613892 0.0006395578384399414
0.0 0.0 0.0006781220436096191
0.0 0.008118420839309692 0.0
0.0 0.00623708963394165 0.000396728515625
0.0 0.006545990705490112 0.006295263767242432
0.009385688230395317 0.007130414247512817 0.016230285167694092
0.0020482782274484634 0.0 0.012803852558135986
0.0003936178982257843 0.0 0.012431561946868896
0.008195862174034119 0.01168784499168396 0.015897095203399658
0.0033523887395858765 0.0 0.02488464117050171
0.026790738105773926 0.0023346245288848877 0.04519176483154297
0.03939430043101311 0.03612896800041199 0.07710731029510498
0.053712911903858185 0.04416781663894653 0.1016315221786499
0.07786597311496735 0.06591817736625671 0.01930379867553711
0.057607874274253845 0.09787830710411072 0.0
0.1202661395072937 0.18573933839797974 0.0
0.31494197249412537 0.17866790294647217 0.0
0.1112176775932312 0.1971537470817566 0.0
0.0 0.18144571781158447 0.0
0.06328451633453369 0.28697967529296875 0.0
0.10658985376358032 0.3549744486808777 0.0
0.03326773643493652 0.4334505796432495 0.0
0.0034360289573669434 0.40448203682899475 0.0
0.016998469829559326 0.22086262702941895 0.0
0.0 0.0 0.0
0.0 0.0824260413646698 0.0
0.0 0.12024864554405212 0.09485626220703125
0.0 0.05492618680000305 0.21938836574554443
0.0 0.01899266242980957 0.5610260963439941
0.0 0.0 0.7347100973129272
0.0 0.0 0.7214033603668213
0.0 0.15011441707611084 0.5951707363128662
0.0 0.2692105174064636 0.3963146209716797
0.0 0.32062941789627075 0.24008965492248535
0.0 0.28969162702560425 0.17743611335754395
0.0 0.2062077522277832 0.1955111026763916
0.0 0.2008797526359558 0.235812246799469
0.0 0.25760579109191895 0.23435604572296143
0.0 0.2837371826171875 0.28035759925842285
0.0 0.31452250480651855 0.3259897828102112
0.0 0.35215312242507935 0.3402301073074341
0.0 0.36471986770629883 0.4070659279823303
0.005557462573051453 0.35318297147750854 0.4501156806945801
0.0 0.29322636127471924 0.4626401662826538
0.003932178020477295 0.2615208029747009 0.42118871212005615
0.0 0.23013997077941895 0.3646707534790039
0.0 0.23784887790679932 0.3435514569282532
0.017487823963165283 0.25157105922698975 0.3226940631866455
0.07082316279411316 0.2305038571357727 0.2873495817184448
0.06271511316299438 0.22520726919174194 0.22763538360595703
0.06124027073383331 0.26089149713516235 0.10970562696456909
0.079713374376297 0.294006884098053 0.0
0.0 0.26754236221313477 0.0
0.0 0.18093320727348328 0.0
0.01205417886376381 0.08867919445037842 0.0
0.0 0.0629599392414093 0.0
0.0 0.040081679821014404 0.0
0.0 0.008743345737457275 0.0
0.0 0.0 0.0
0.0 0.00799742341041565 0.0
0.0 0.004949241876602173 0.0
0.0 0.0 0.0
0.0 0.01659223437309265 0.0
0.0 0.011078417301177979 0.037219345569610596
0.0 0.015071332454681396 0.07201290130615234
0.0014085061848163605 0.012707918882369995 0.08301693201065063
0.0 0.025596022605895996 0.0756458044052124
0.009542632848024368 0.015336275100708008 0.07772320508956909
0.0 0.004058927297592163 0.0443493127822876
0.012000441551208496 0.02037334442138672 0.027637481689453125
0.019592411816120148 0.01718810200691223 0.005175173282623291
0.019933946430683136 0.012587159872055054 0.0
0.001993279904127121 0.006041407585144043 0.0
0.011397279798984528 0.010864943265914917 0.0
0.01574862003326416 0.011342048645019531 0.0
0.00929204747080803 0.01500934362411499 0.0
0.0 0.008532583713531494 0.0
0.0 0.012533783912658691 0.0
0.0 0.016721755266189575 0.0
0.0 0.011641740798950195 0.008243739604949951
0.0 0.010297536849975586 0.0056937336921691895
0.0 0.017306536436080933 0.0063021183013916016
0.0 0.008575439453125 0.0073857903480529785
0.0 0.009297609329223633 0.008936762809753418
0.0 0.011347353458404541 0.00022161006927490234
0.002764221280813217 0.014683008193969727 0.000941157341003418
0.0 0.008539766073226929 0.0
0.003226861357688904 0.01740315556526184 0.005497992038726807
0.007142495363950729 0.010305076837539673 0.002723395824432373
0.010555390268564224 0.01171615719795227 0.008407950401306152
0.0 0.011295855045318604 0.0
0.00047872960567474365 0.01344248652458191 0.0
0.00577724352478981 0.018490105867385864 0.0
0.0 0.013137876987457275 0.0
0.00569433718919754 0.017043888568878174 0.0
0.0 0.007267028093338013 0.0014083385467529297
0.0 0.011946886777877808 0.010938823223114014
0.0 0.010682642459869385 0.010898053646087646
0.0 0.014127254486083984 0.009619355201721191
0.004002027213573456 0.008772939443588257 0.016238272190093994
0.0 0.013151437044143677 0.009204626083374023
0.0011072978377342224 0.014787763357162476 0.01042252779006958
0.0 0.011940538883209229 0.0017635822296142578
0.0031344443559646606 0.01642778515815735 0.0018819570541381836
0.0035649165511131287 0.013619273900985718 0.0
0.008376941084861755 0.012788861989974976 0.0
0.008234985172748566 0.015952080488204956 0.0
0.002976536750793457 0.013775855302810669 0.0
0.003282971680164337 0.012583434581756592 0.0
0.0040750280022621155 0.01092904806137085 0.0
0.0 0.007955193519592285 0.0
0.003407306969165802 0.010216325521469116 0.007492184638977051
0.0032564252614974976 0.005142509937286377 0.009758174419403076
0.0009014680981636047 0.012477666139602661 0.006108880043029785
0.002569735050201416 0.01276347041130066 0.004629194736480713
0.008753225207328796 0.014482557773590088 0.004653573036193848
0.01487557590007782 0.014814496040344238 0.010137021541595459
0.011869952082633972 0.015623301267623901 0.0062836408615112305
0.006331168115139008 0.015154212713241577 0.0
0.0 0.01359608769416809 0.0
0.0 0.011486411094665527 0.0
0.0 0.008520156145095825 0.0
0.0 0.008960515260696411 0.0009455680847167969
0.0 0.006618767976760864 0.006363570690155029
0.0 0.0036409497261047363 0.009224474430084229
0.0 0.0025047361850738525 0.008405804634094238
0.0 0.005781769752502441 0.0040760040283203125
0.002172015607357025 0.008112311363220215 0.004379212856292725
0.0013884082436561584 0.00461229681968689 0.0026142001152038574
0.006236128509044647 0.010036319494247437 0.008590102195739746
0.01608756184577942 0.020614951848983765 0.0013325810432434082
0.012278012931346893 0.021622151136398315 0.0
0.00924043357372284 0.026156723499298096 0.0
0.0038621872663497925 0.016841888427734375 0.0026637911796569824
0.005479276180267334 0.016797155141830444 0.010986089706420898
0.005105704069137573 0.01400303840637207 0.016841530799865723
0.0067732855677604675 0.012506753206253052 0.01024162769317627
0.02024364471435547 0.020983487367630005 0.004349708557128906
0.01317104697227478 0.029015958309173584 0.0
0.03699757903814316 0.04077041149139404 0.0
0.03524956852197647 0.05881062150001526 0.0
0.04675542563199997 0.06858128309249878 0.0
0.0510273352265358 0.09031641483306885 0.0
0.053706467151641846 0.09388434886932373 0.0
0.06741439551115036 0.09349539875984192 0.0
0.08689434081315994 0.09862115979194641 0.0
0.047398388385772705 0.08307233452796936 0.0
0.04893684387207031 0.04928022623062134 0.0
0.009223319590091705 0.02074652910232544 0.0
0.0 0.0 0.0
0.0 0.0 0.0
0.0 0.0 0.005974531173706055
0.0 0.0 0.01838064193725586
0.0 0.0 0.026798129081726074
0.0 0.0 0.03500550985336304
0.0 0.0 0.05248713493347168
0.0 0.0 0.06673908233642578
0.0 0.0 0.06844836473464966
0.0 0.0 0.07723194360733032
0.0 0.0 0.058310747146606445
0.0 0.0 0.060646235942840576
0.0 0.0 0.060116350650787354
0.0 0.0 0.050995051860809326
0.0 0.00046116113662719727 0.059878528118133545
0.0 0.051800698041915894 0.045274436473846436
0.017681147903203964 0.08099056780338287 0.006793797016143799
0.06956102699041367 0.10726100206375122 0.0
0.11160923540592194 0.12819094955921173 0.0
0.12306230515241623 0.13377130031585693 0.0
0.13290537893772125 0.1383177489042282 0.0
0.1279175877571106 0.14640411734580994 0.0
0.16695091128349304 0.13078655302524567 0.0
0.15287208557128906 0.1237790584564209 0.0
0.11823726445436478 0.12119792401790619 0.0
0.10779445618391037 0.08515001833438873 0.0
0.07692795991897583 0.07327726483345032 0.0
0.05085430294275284 0.07860346138477325 0.003744363784790039
0.05294337496161461 0.08539560437202454 0.0
0.008337177336215973 0.059616804122924805 0.0
0.0 0.02419501543045044 0.0
0.0 0.01551133394241333 0.012174606323242188
0.0 0.038749486207962036 0.027047038078308105
0.0 0.04401838779449463 0.026204347610473633
0.0 0.019730031490325928 0.015115201473236084
0.0 0.0 0.0
0.0 0.0 0.012778997421264648
0.0 0.0 0.030770838260650635
0.0 0.0 0.046680986881256104
0.0 0.0 0.04245805740356445
0.0 0.0 0.03569096326828003
0.0 0.0 0.037056565284729004
0.0 0.0 0.03949815034866333
0.0 0.0 0.042215824127197266
0.0 0.0 0.0468021035194397
0.0 0.0 0.04742687940597534
0.0 0.0 0.04823613166809082
0.0 0.0 0.03328537940979004
0.0 0.0 0.03957569599151611
0.0 0.02882450819015503 0.044479310512542725
0.0 0.043023496866226196 0.04593139886856079
0.0 0.05047890543937683 0.026740550994873047
0.032389022409915924 0.06098322570323944 0.0
0.04619307070970535 0.09334640204906464 0.0
0.07893665134906769 0.12277044355869293 0.0
0.09816595911979675 0.1230425238609314 0.0
0.10261771827936172 0.11131125688552856 0.0
0.10921413451433182 0.09779863059520721 0.0
0.13366566598415375 0.09546981751918793 0.0
0.13521863520145416 0.09616431593894958 0.0
0.12359707802534103 0.08881880342960358 0.0
0.09323307871818542 0.07820725440979004 0.0
0.08022341132164001 0.06414973735809326 0.0
0.06221696361899376 0.06287892162799835 0.0024938583374023438
0.06029713153839111 0.07845884561538696 0.020400822162628174
0.039864346385002136 0.06478740274906158 0.011563301086425781
0.01093483716249466 0.061424389481544495 0.0
0.0 0.02576984465122223 0.0
0.0 0.0132332444190979 0.0
0.0 0.020312786102294922 0.018129825592041016
0.0 0.031220972537994385 0.015272736549377441
0.0 0.017874836921691895 0.0
0.0 0.0 0.0
0.0 0.0 0.0
0.0 0.0 0.01618504524230957
0.0 0.003252953290939331 0.02496880292892456
0.0 0.0 0.011002540588378906
0.0 0.0 0.0
0.0 0.0 0.007197022438049316
0.0 0.0 0.020471155643463135
0.0 0.009342849254608154 0.02993863821029663
0.0 0.0 0.026007235050201416
0.0 0.0 0.023229360580444336
0.0 0.0 0.033928513526916504
0.0 0.0 0.06007784605026245
0.0 0.0 0.06860435009002686
0.0 0.0 0.05053049325942993
0.0 0.0 0.03849440813064575
0.0 0.0 0.04471266269683838
0.0 0.003649085760116577 0.056285202503204346
0.0 0.03563791513442993 0.051121652126312256
0.0 0.05328908562660217 0.037027716636657715
0.015996526926755905 0.05816851556301117 0.015664339065551758
0.0482301227748394 0.07010659575462341 0.0
0.08204502612352371 0.09533387422561646 0.0
0.09826324135065079 0.1094018965959549 0.0
0.107015460729599 0.12390293180942535 0.0
0.12151096016168594 0.11336812376976013 0.0
0.1385294795036316 0.1337863653898239 0.0
0.14535053074359894 0.12254396080970764 0.0
0.1398848444223404 0.10500046610832214 0.0
0.11220818758010864 0.09992477297782898 0.0
0.09025584906339645 0.09262734651565552 0.0
0.052647702395915985 0.07622456550598145 0.0
0.04343453049659729 0.06077100336551666 0.0
0.03838803619146347 0.06100250780582428 0.005199015140533447
0.006693542003631592 0.07747101783752441 0.01007765531539917
0.0 0.04965578019618988 0.0
0.0 0.01682448387145996 0.0
0.0 0.0 0.0
0.0 0.010901391506195068 0.01244044303894043
0.0 0.029025912284851074 0.020249128341674805
0.0 0.0 0.008000075817108154
0.0 0.0 0.0
0.0 0.0 0.0
0.0 0.0 0.015164494514465332
0.0 0.0 0.04301351308822632
0.0 0.0 0.047641098499298096
0.0 0.0 0.043958425521850586
0.0 0.0 0.046782612800598145
0.0 0.0 0.0397721529006958
0.0 0.0 0.0471268892288208
0.0 0.0 0.038315773010253906
0.0 0.0 0.03297317028045654
0.0 0.0 0.04385232925415039
0.0 0.0 0.045922040939331055
0.0 0.0 0.049820125102996826
0.0 0.01666921377182007 0.05531764030456543
0.0 0.02446398138999939 0.04388117790222168
0.0 0.03440031409263611 0.03617846965789795
0.02052326127886772 0.06116974353790283 0.022849559783935547
0.04882148653268814 0.07444757223129272 0.009109437465667725
0.06825606524944305 0.08764207363128662 0.0
0.06777700781822205 0.10000646114349365 0.0
0.08163923025131226 0.11314702033996582 0.0
0.11591578274965286 0.1054544597864151 0.0
0.13004890084266663 0.12030407786369324 0.0
0.1453789323568344 0.12769746780395508 0.0
0.13967102766036987 0.11889448761940002 0.0
0.10757811367511749 0.09841370582580566 0.0
0.0972350537776947 0.09321005642414093 0.0
0.09523136168718338 0.09094516932964325 0.0
0.07978247851133347 0.0946180522441864 0.0
0.043572887778282166 0.0790763646364212 0.0
0.0012111961841583252 0.04912860691547394 0.0
0.0 0.0367034375667572 0.0
0.0 0.024622082710266113 0.016207218170166016
0.0 0.03558972477912903 0.027888238430023193
0.0 0.022903263568878174 0.015165328979492188
0.0 0.0 0.0
0.0 0.0 0.0
0.0 0.009904801845550537 0.009910106658935547
0.0 0.03525352478027344 0.02039271593093872
0.0 0.0 0.005856871604919434
0.0 0.0 0.0
0.0 0.0 0.014934182167053223
0.0 0.0 0.029164791107177734
0.0 0.0 0.040077924728393555
0.0 0.0 0.03422367572784424
0.0 0.0 0.04488760232925415
0.0 0.0 0.054019033908843994
0.0 0.0 0.0695643424987793
0.0 0.0 0.0810694694519043
0.0 0.0 0.07944703102111816
0.0 0.0 0.06655240058898926
0.0 0.0 0.06167435646057129
0.0 0.01419171690940857 0.062337279319763184
0.0 0.06449034810066223 0.057395219802856445
0.018905915319919586 0.0707501769065857 0.04420113563537598
0.024249732494354248 0.07045203447341919 0.008004248142242432
0.03696761280298233 0.0648384541273117 0.0
0.053731679916381836 0.07337035238742828 0.0
0.06785586476325989 0.08497902750968933 0.0
0.06711938977241516 0.09214983880519867 0.0
0.061923153698444366 0.09447935223579407 0.0
0.08117227256298065 0.09038074314594269 0.0
0.09022784978151321 0.0926869809627533 0.0
0.10273338854312897 0.1032785177230835 0.0
0.09343482553958893 0.09216125309467316 0.0
0.06295333802700043 0.08322231471538544 0.0
0.04769529402256012 0.05984826385974884 0.0
0.03698357194662094 0.053147733211517334 0.0
0.028762586414813995 0.049141496419906616 0.0211869478225708
0.031421661376953125 0.04284428060054779 0.024266362190246582
0.00801171362400055 0.02262023091316223 0.011803746223449707
0.0 0.006045892834663391 0.0055234432220458984
0.0 0.0 0.020177245140075684
0.0 0.0 0.035276591777801514
0.0 0.0 0.042555928230285645
0.0 0.0 0.03042614459991455
0.0 0.0 0.03118056058883667
0.0 0.0 0.013003826141357422
0.0 0.0 0.023617267608642578
0.0 0.0 0.023670673370361328
0.0 0.0 0.014777183532714844
0.0 0.0 0.002468287944793701
0.0 0.00504302978515625 0.0
0.0 0.015218168497085571 0.0
0.004765026271343231 0.01984056830406189 0.0
0.009510457515716553 0.028734296560287476 0.0
0.015016764402389526 0.02549956738948822 0.0
0.019256673753261566 0.025348708033561707 0.0
0.022836536169052124 0.019341066479682922 0.0
0.017396219074726105 0.01506604254245758 0.0
0.01748785376548767 0.018870964646339417 0.002004683017730713
0.01668379455804825 0.016520172357559204 0.008312642574310303
0.014516480267047882 0.01348567008972168 0.010949373245239258
0.007724359631538391 0.012934640049934387 0.01181703805923462
0.007914111018180847 0.013205811381340027 0.012417256832122803
0.0 0.015612572431564331 0.0
0.0 0.011211901903152466 0.0
0.0 0.007421180605888367 0.004863142967224121
0.0035473406314849854 0.00580751895904541 0.0045664310455322266
0.0011178702116012573 0.011528700590133667 0.0
0.0 0.0094977468252182 0.0
0.0 0.014471352100372314 0.0
0.0 0.015696346759796143 0.0
0.0 0.011257380247116089 0.0
0.0 0.01490551233291626 0.0
0.0008518695831298828 0.0019416064023971558 0.0
0.0023311376571655273 0.01822170615196228 0.010901093482971191
0.00835476815700531 0.012719899415969849 0.01207423210144043
0.0064799487590789795 0.011686086654663086 0.011178731918334961
0.008479252457618713 0.013773620128631592 0.009870350360870361
0.010111019015312195 0.015480488538742065 0.005679428577423096
0.0007642954587936401 0.009462535381317139 0.0
0.0012102127075195312 0.014767885208129883 0.004228174686431885
0.0 0.00930178165435791 0.0022668838500976562
0.0 0.007956981658935547 0.003407895565032959
0.0 0.008368805050849915 0.0
0.0 0.00735965371131897 0.0
0.0 0.008127167820930481 0.0
0.0 0.010533913969993591 0.0
0.003374055027961731 0.01670871675014496 0.007822990417480469
0.001097753643989563 0.009669750928878784 0.011255621910095215
0.0 0.0024779587984085083 0.0
0.005852356553077698 0.015430331230163574 0.01851677894592285
0.018743276596069336 0.012372225522994995 0.03162914514541626
0.029449641704559326 0.0 0.03554797172546387
0.03316120803356171 0.0066030025482177734 0.06105160713195801
0.01709267497062683 0.007690697908401489 0.008861303329467773
0.0 0.0691479742527008 0.0
0.04838809370994568 0.1449020504951477 0.0
0.149541437625885 0.17942267656326294 0.0
0.11018043756484985 0.2137981653213501 0.0
0.08306407928466797 0.2023763656616211 0.0
0.1362440586090088 0.28850939869880676 0.0
0.06161916255950928 0.279750794172287 0.0
0.07276302576065063 0.2680971622467041 0.0
0.14053380489349365 0.23820361495018005 0.0
0.18970060348510742 0.3302873373031616 0.0
0.202556312084198 0.2544654905796051 0.0
0.03290039300918579 0.08065429329872131 0.0
0.0 0.0 0.03423786163330078
0.0 0.029131382703781128 0.18218755722045898
0.0 0.0766080915927887 0.1168818473815918
0.0 0.17266398668289185 0.010447382926940918
0.0 0.12749192118644714 0.047608792781829834
0.0 0.0 0.27679336071014404
0.0 0.0 0.4967641830444336
0.0 0.0 0.4124287962913513
0.0 0.0 0.30084675550460815
0.0 0.13812637329101562 0.22595280408859253
0.0 0.2926352024078369 0.1701197624206543
0.0 0.32519423961639404 0.17489910125732422
0.0 0.2609601616859436 0.22323572635650635
0.0 0.23880404233932495 0.29398810863494873
0.0 0.21565192937850952 0.3031942844390869
0.0 0.23991358280181885 0.3013443946838379
0.0 0.2493373155593872 0.301672101020813
0.0 0.22754156589508057 0.34723806381225586
0.0 0.21257758140563965 0.39144366979599
0.0 0.1821034550666809 0.4492751955986023
0.0 0.14857041835784912 0.4936177134513855
0.0 0.21962714195251465 0.4441986083984375
0.0 0.20877772569656372 0.3834834694862366
0.0 0.19964957237243652 0.29051673412323
0.0 0.19914758205413818 0.19860601425170898
0.029860496520996094 0.26612016558647156 0.10472798347473145
0.05490228533744812 0.24976199865341187 0.07751977443695068
0.046194642782211304 0.2154167890548706 0.0
0.0 0.22873222827911377 0.0
0.0 0.17914244532585144 0.0
0.0 0.1791238784790039 0.0
0.0 0.18216395378112793 0.0
0.0 0.15902388095855713 0.0
0.0 0.0988122820854187 0.0
0.0 0.0715063214302063 0.0
0.0 0.028471574187278748 0.0
0.0 0.011006146669387817 0.0
0.0 0.011161506175994873 0.0
0.0 0.014621376991271973 0.0
0.0 0.01702219247817993 0.016832709312438965
0.0 0.014348790049552917 0.0689157247543335
0.0 0.009358495473861694 0.10024076700210571
0.0 0.012384071946144104 0.11769282817840576
0.00255604088306427 0.006517723202705383 0.11923724412918091
0.0036930106580257416 0.011095166206359863 0.10147184133529663
0.007256362587213516 0.02046513557434082 0.07691729068756104
0.00205819308757782 0.01944410800933838 0.048197388648986816
0.0 0.013427719473838806 0.014995694160461426
0.0 0.009918034076690674 0.0
0.00826384499669075 0.013802945613861084 0.0
0.003515627235174179 0.014788269996643066 0.0
0.0010667257010936737 0.020635321736335754 0.0
0.0 0.012052565813064575 0.0
0.0 0.012267962098121643 0.0
0.0065103210508823395 0.01576903462409973 0.0
0.0 0.013754740357398987 0.0
0.0 0.009717419743537903 0.007506608963012695
0.0035935714840888977 0.018236398696899414 0.011198937892913818
0.009000930935144424 0.017374441027641296 0.02050989866256714
0.0011414773762226105 0.018668189644813538 0.012655854225158691
0.004895210266113281 0.012169182300567627 0.022883176803588867
0.0 0.007610633969306946 0.01702702045440674
0.004201866686344147 0.014433294534683228 0.015826642513275146
0.0012155771255493164 0.009613767266273499 0.0007370114326477051
0.0 0.012029886245727539 0.0
0.0 0.014451190829277039 0.0
0.0011589713394641876 0.02234642207622528 0.0
0.007253862917423248 0.02768482267856598 0.0
0.005013793706893921 0.022418111562728882 0.0
0.005633704364299774 0.01941150426864624 0.0
0.0 0.015169590711593628 0.0
0.0 0.011695951223373413 0.0
0.0 0.011502683162689209 0.0
0.0 0.017859935760498047 0.0010883212089538574
0.004137996584177017 0.016593456268310547 0.004453897476196289
0.001354563981294632 0.011286631226539612 0.009390950202941895
0.0 0.0051755160093307495 0.0015570521354675293
0.0013716183602809906 0.011028468608856201 0.010116875171661377
0.002910993993282318 0.011398941278457642 0.008547306060791016
0.010658517479896545 0.015138968825340271 0.00835353136062622
0.0 0.012764498591423035 0.0
0.0020159557461738586 0.012212619185447693 0.0
0.003120020031929016 0.01900544762611389 0.0
0.002320222556591034 0.016475200653076172 0.0
0.0 0.022658079862594604 0.000779271125793457
0.002174660563468933 0.015782266855239868 0.005003869533538818
0.0 0.01721853017807007 0.0075691938400268555
0.0 0.012655764818191528 0.005854666233062744
0.0 0.011652350425720215 0.0045021772384643555
0.0012392550706863403 0.012325465679168701 0.006393015384674072
0.004153817892074585 0.009593948721885681 0.0072661638259887695
0.003446139395236969 0.010753989219665527 0.013912975788116455
0.005840525031089783 0.013393282890319824 0.007670938968658447
0.015348337590694427 0.019061073660850525 0.008495211601257324
0.00933125615119934 0.024504289031028748 0.003333449363708496
0.007280535995960236 0.024647414684295654 0.0031853318214416504
0.0 0.012447521090507507 0.0012342333793640137
0.0 0.014843016862869263 0.0
0.0 0.00951606035232544 0.0
0.00048001110553741455 0.010917514562606812 0.0
0.0 0.008471488952636719 0.0027934908866882324
0.0 0.01066531240940094 0.0033478140830993652
0.0 0.008582711219787598 0.0
0.0 0.010845676064491272 0.0030061006546020508
0.0 0.013701111078262329 0.008142471313476562
0.0019431188702583313 0.016593053936958313 0.0012987256050109863
0.0011713355779647827 0.016603395342826843 0.0
0.0016616955399513245 0.017127469182014465 0.0
0.009837821125984192 0.020044952630996704 0.001997232437133789
0.005190327763557434 0.011005103588104248 0.004675447940826416
0.0016777291893959045 0.009633883833885193 0.007798552513122559
0.0022900328040122986 0.00876481831073761 0.014169514179229736
0.0 0.011415660381317139 0.0150412917137146
0.0 0.006654262542724609 0.011783897876739502
0.0026750341057777405 0.005656346678733826 0.012286722660064697
0.004771016538143158 0.007658705115318298 0.005876779556274414
0.004483699798583984 0.011739477515220642 0.006679177284240723
0.0 0.009049549698829651 0.0018635988235473633
0.0 0.0173531174659729 0.0
0.0 0.01403757929801941 0.0
0.005674481391906738 0.030055582523345947 0.0
0.028314679861068726 0.0455784946680069 0.0
0.0 0.06890296936035156 0.0
0.0 0.05511564016342163 0.0
0.0 0.04965910315513611 0.0
0.0 0.05602458119392395 0.0
0.0 0.08068755269050598 0.0
0.0 0.07752200961112976 0.0
0.0 0.08459869027137756 0.0
0.0 0.0701204240322113 0.0
0.0 0.08780735731124878 0.0
0.0 0.07152819633483887 0.0
0.0 0.06769096851348877 0.015418171882629395
0.0 0.05563157796859741 0.05997377634048462
0.0 0.027798235416412354 0.12501883506774902
0.0 0.0 0.17478007078170776
0.0 0.007888078689575195 0.21130585670471191
0.0 0.02997809648513794 0.22451698780059814
0.005102511495351791 0.0046430230140686035 0.2588781714439392
0.020545683801174164 0.0 0.2793644666671753
0.033359888941049576 0.02112889289855957 0.24668043851852417
0.03137119486927986 0.05108362436294556 0.20338767766952515
0.03668470308184624 0.04911065101623535 0.15909165143966675
0.03324462100863457 0.013688385486602783 0.12802428007125854
0.027178451418876648 0.0 0.1204679012298584
0.004139889031648636 0.0 0.08539795875549316
0.007618742063641548 0.011235713958740234 0.015096187591552734
0.0 0.04850590229034424 0.0
0.0 0.037563860416412354 0.0
0.0 0.0 0.0
0.0 0.0 0.0
0.0 0.006411880254745483 0.0
0.0 0.02448044717311859 0.0
0.011156190186738968 0.049038901925086975 0.0
0.029562924057245255 0.036687448620796204 0.0
0.0 0.03405158221721649 0.0
0.0 0.030641108751296997 0.0
0.0 0.03519195318222046 0.0
0.0 0.05016873776912689 0.0
0.0 0.060810089111328125 0.0
0.0 0.08057346940040588 0.0
0.0 0.06726562976837158 0.0
0.0 0.042022526264190674 0.0
0.0 0.056366294622421265 0.0
0.000960908830165863 0.07780086994171143 0.0
0.0 0.058734118938446045 0.0
0.0 0.07439801096916199 0.0
0.0 0.0563679039478302 0.018534183502197266
0.0 0.054062068462371826 0.06254440546035767
0.002238452434539795 0.04146993160247803 0.10616821050643921
0.019129298627376556 0.03003549575805664 0.1393105387687683
0.007512315176427364 0.02586805820465088 0.15857559442520142
0.006412642076611519 0.016863584518432617 0.1745501160621643
0.01326325535774231 0.005545258522033691 0.19030499458312988
0.015284135937690735 0.02024000883102417 0.1879250407218933
0.027217645198106766 0.02676677703857422 0.15777194499969482
0.024712178856134415 0.026983320713043213 0.13438934087753296
0.019103141501545906 0.0 0.11677765846252441
0.00872515793889761 0.0 0.09999513626098633
0.019963257014751434 0.0 0.08330857753753662
0.004803601652383804 0.0 0.05720728635787964
0.0 0.0130079984664917 0.04584813117980957
0.0 0.017749011516571045 0.020024240016937256
0.0 0.011373698711395264 0.0
0.0 0.015467315912246704 0.0
0.013655435293912888 0.026199907064437866 0.0
0.0 0.03429248929023743 0.0
0.0 0.016780659556388855 0.0
0.0 0.015340954065322876 0.0
0.0 0.024753615260124207 0.0
0.0 0.01007254421710968 0.0
0.0 0.01281091570854187 0.0
0.0 0.0159769207239151 0.0
0.0 0.01961231231689453 0.0
0.0 0.020663127303123474 0.0
0.0 0.028098762035369873 0.0
0.006263837218284607 0.04772189259529114 0.0
0.0 0.06540493667125702 0.0
0.0 0.06884601712226868 0.0
0.0 0.06597378849983215 0.0
0.0 0.03990250825881958 0.0
0.0 0.05822944641113281 0.0
0.0 0.08301717042922974 0.0
0.0033553242683410645 0.06494277715682983 0.0
0.0 0.06854259967803955 0.007561802864074707
0.0 0.026130884885787964 0.023675143718719482
0.0 0.026853203773498535 0.07056641578674316
0.0 0.025701045989990234 0.08641964197158813
0.005019189789891243 0.038552820682525635 0.13253313302993774
0.021037336438894272 0.031038522720336914 0.14707159996032715
0.02895926684141159 0.021968960762023926 0.16323918104171753
0.016191277652978897 0.014242410659790039 0.16079837083816528
0.0007911846041679382 0.0 0.15580600500106812
0.0 0.0 0.14430463314056396
0.006417959928512573 0.0 0.14515691995620728
0.01851564645767212 0.0 0.14572614431381226
0.01944969967007637 0.0 0.14065659046173096
0.003470512107014656 0.0 0.11993908882141113
0.0 0.0 0.08139193058013916
0.0 0.00015294551849365234 0.06294894218444824
0.0 0.016295582056045532 0.024017035961151123
0.008813705295324326 0.0351526141166687 0.0
0.01736367493867874 0.03097355365753174 0.0
0.018437523394823074 0.05162881314754486 0.0
0.02646126225590706 0.0490424782037735 0.0
0.018107641488313675 0.04088328778743744 0.0
0.0 0.043456122279167175 0.0
0.0 0.032090529799461365 0.0
0.0 0.014800667762756348 0.0
0.0 0.01391725242137909 0.0
0.0 0.02143120765686035 0.0
0.0 0.016722530126571655 0.0
0.0 0.021802470088005066 0.0
0.0 0.05918854475021362 0.0
0.0 0.06384970247745514 0.0
0.0 0.06033363938331604 0.0
0.0 0.056983888149261475 0.0
0.0 0.06752756237983704 0.0
0.0 0.07487282156944275 0.0
0.024456016719341278 0.06822192668914795 0.0
0.03593438118696213 0.08079177141189575 0.0
0.020851295441389084 0.08450266718864441 0.0
0.041801817715168 0.08743593096733093 0.024021148681640625
0.035032808780670166 0.08320030570030212 0.035939693450927734
0.005057889968156815 0.060689330101013184 0.05645751953125
0.004346204921603203 0.027401745319366455 0.06865453720092773
0.0 0.0 0.0894501805305481
0.0 0.0 0.1155133843421936
0.0 0.0 0.11737304925918579
0.0 0.0 0.13572758436203003
0.0 0.0 0.13689780235290527
0.0 0.0 0.1252809762954712
0.0 0.0 0.09528106451034546
0.0 0.0 0.07603806257247925
0.0 0.0 0.0659758448600769
0.006692197173833847 0.0 0.06135350465774536
0.006683100946247578 0.0 0.08015245199203491
0.012936890125274658 0.0 0.06580078601837158
0.005897076800465584 0.0294438898563385 0.06060957908630371
0.003608248196542263 0.039162129163742065 0.04747331142425537
0.0013884976506233215 0.01709645986557007 0.03469204902648926
0.0 0.0 0.03134655952453613
0.0 0.0 0.02387988567352295
0.0 0.0 0.001492142677307129
0.0 0.012469694018363953 0.0
0.008730117231607437 0.029287472367286682 0.0
0.01293160766363144 0.03858232498168945 0.0
0.018946923315525055 0.04921814799308777 0.0
0.01813015341758728 0.0487716943025589 0.0
0.016368497163057327 0.06263546645641327 0.0
0.0 0.052292898297309875 0.0
0.0037353187799453735 0.03489157557487488 0.0
0.0 0.012182638049125671 0.0
0.0 0.015221357345581055 0.0
0.0 0.013911068439483643 0.0
0.011537831276655197 0.0367489755153656 0.0
0.005020603537559509 0.05968761444091797 0.0
0.0 0.07268224656581879 0.0
0.0 0.06208999454975128 0.0
0.0 0.033503949642181396 0.0
0.0 0.017778247594833374 0.0
0.0 0.028187930583953857 0.0
0.0 0.03661331534385681 0.03740286827087402
0.017213862389326096 0.03198200464248657 0.0630340576171875
0.018853411078453064 0.016313135623931885 0.0793219804763794
0.009848257526755333 0.023036211729049683 0.09097820520401001
0.0025136061012744904 0.019003182649612427 0.10091513395309448
0.0 0.003963559865951538 0.09855824708938599
0.00018585100769996643 0.0 0.0638885498046875
0.0040262602269649506 0.0147172212600708 0.05522334575653076
0.013440784066915512 0.02072283625602722 0.028987765312194824
0.011234372854232788 0.007618308067321777 0.0
0.003011222928762436 0.00261843204498291 0.0
0.008567951619625092 0.006413280963897705 0.0
0.003946978598833084 0.007880538702011108 0.0
0.0 0.015465378761291504 0.0
0.0 0.015008598566055298 0.0
0.0 0.021660566329956055 0.0
0.0 0.015423715114593506 0.0
0.0 0.011086851358413696 0.009058058261871338
0.0 0.007992923259735107 0.010178685188293457
0.0 0.014523029327392578 0.005546212196350098
0.003980487585067749 0.013578981161117554 0.0
0.007719069719314575 0.014973074197769165 0.0016090869903564453
0.0025345906615257263 0.016603171825408936 0.0
0.008610706776380539 0.021112650632858276 0.0
0.007282808423042297 0.019098997116088867 0.004136562347412109
0.009892269968986511 0.015136897563934326 0.006220400333404541
0.0026369504630565643 0.010387212038040161 0.0022919178009033203
0.0 0.008677572011947632 0.0003656148910522461
0.0 0.011403381824493408 0.0
0.0 0.014024466276168823 0.0033400654792785645
0.0 0.01111537218093872 0.0067026615142822266
0.0 0.006612062454223633 0.006362855434417725
0.0 0.005287736654281616 0.0
0.0 0.009977728128433228 0.0
0.0 0.013598889112472534 0.0
0.0005773305892944336 0.016187995672225952 0.0
0.007846351712942123 0.01470974087715149 0.0
0.0 0.012186825275421143 0.0
0.0 0.014588028192520142 0.0
0.0013605467975139618 0.016690313816070557 0.0
0.003181248903274536 0.017150133848190308 0.00028187036514282227
0.0 0.006567329168319702 0.004189729690551758
0.0 0.0 0.02043551206588745
0.0 0.0 0.0296250581741333
0.012263014912605286 0.007280945777893066 0.028455257415771484
0.023681320250034332 0.023108184337615967 0.05759000778198242
0.060137949883937836 0.0424157977104187 0.08619022369384766
0.0710592269897461 0.06146973371505737 0.06470781564712524
0.09751026332378387 0.12154564261436462 0.003655076026916504
0.17140400409698486 0.20405921339988708 0.0
0.2455686330795288 0.2277696132659912 0.0
0.18801042437553406 0.2352534830570221 0.0
0.02306807041168213 0.14200538396835327 0.0
0.04445672035217285 0.1551659107208252 0.0
0.09667515754699707 0.23898407816886902 0.0
0.047616779804229736 0.22707656025886536 0.0
0.04657292366027832 0.26798319816589355 0.0
0.0 0.19723719358444214 0.0
0.0 0.08471277356147766 0.0
0.0 0.0 0.0
0.0 0.0 0.0
0.0 0.019105255603790283 0.0
0.0 0.1392204761505127 0.0
0.0 0.14637655019760132 0.0
0.0 0.08126378059387207 0.033121585845947266
0.0 0.0 0.1948387622833252
0.0 0.0 0.3541041612625122
0.0 0.0 0.3827041983604431
0.0 0.0 0.4006804823875427
0.0 0.18259036540985107 0.3430905342102051
0.0 0.3415129780769348 0.3200226426124573
0.0 0.3864777684211731 0.31923025846481323
0.0 0.3522305488586426 0.3459802269935608
0.0 0.27235865592956543 0.41069722175598145
0.0 0.24736076593399048 0.4749221205711365
0.0 0.28278493881225586 0.43682557344436646
0.0 0.32346534729003906 0.3977352976799011
0.0 0.3503957986831665 0.35420089960098267
0.0 0.3025393486022949 0.3055305480957031
0.014659225940704346 0.20046675205230713 0.28061413764953613
0.022484421730041504 0.12390106916427612 0.2287229299545288
0.0 0.14885348081588745 0.1707993745803833
0.07147100567817688 0.2404729723930359 0.08738696575164795
0.058697402477264404 0.2541288733482361 0.0
0.0 0.17745918035507202 0.0
0.0 0.11829298734664917 0.0
0.011279001832008362 0.06402119994163513 0.0
0.04491173475980759 0.06460332870483398 0.039669573307037354
0.010339289903640747 0.11725056171417236 0.030457019805908203
0.002595294266939163 0.13112273812294006 0.0
0.0 0.1408136636018753 0.0
0.0 0.11524471640586853 0.0
0.0 0.1040763109922409 0.0
0.0 0.10090672969818115 0.0
0.0 0.07093746960163116 0.0
0.0 0.04183149337768555 0.0
0.0 0.022246122360229492 0.0
0.0 0.014606058597564697 0.0
0.0 0.01083076000213623 0.0
0.0 0.015303060412406921 0.0
0.0 0.02174656093120575 0.0
0.001900702714920044 0.023753881454467773 0.03920537233352661
0.006400756537914276 0.03425353765487671 0.06818336248397827
0.02273942530155182 0.030817553400993347 0.08359348773956299
0.0 0.027978479862213135 0.08015143871307373
0.002555564045906067 0.027976304292678833 0.07655006647109985
0.0 0.016965433955192566 0.05959022045135498
0.014606840908527374 0.01806718111038208 0.05369693040847778
0.004354022443294525 0.015487417578697205 0.024164140224456787
0.004715688526630402 0.015317097306251526 0.006754159927368164
0.0 0.007952645421028137 0.0
0.0 0.018975958228111267 0.0
0.0 0.01172676682472229 0.0
0.0 0.020692914724349976 0.0
0.0 0.018555641174316406 0.0
0.0 0.011603891849517822 0.0
0.0 0.012260735034942627 0.0
0.0027919188141822815 0.019033655524253845 0.005520939826965332
0.012258097529411316 0.01800990104675293 0.015616238117218018
0.011158168315887451 0.01877005398273468 0.0281982421875
0.006275340914726257 0.020992085337638855 0.02026522159576416
0.0 0.020701885223388672 0.013139903545379639
0.006001926958560944 0.02644774317741394 0.005457103252410889
0.0 0.017471104860305786 0.0
0.0014680102467536926 0.018295466899871826 0.0
0.0037079602479934692 0.01720607280731201 0.0
0.0009888410568237305 0.012690067291259766 0.0
0.0 0.012450218200683594 0.0
0.0008953660726547241 0.015471279621124268 0.0
0.0005083456635475159 0.01791788637638092 0.0
0.0 0.015534788370132446 0.006076693534851074
0.0 0.031151175498962402 0.0
0.011700771749019623 0.004969239234924316 0.0035861730575561523
0.002489052712917328 0.01862691342830658 0.005851149559020996
0.013731583952903748 0.010339140892028809 0.005724489688873291
0.010793924331665039 0.027576953172683716 0.004283785820007324
0.007282517850399017 0.028062954545021057 0.0
0.0 0.03113822638988495 0.0
0.0 0.05533842742443085 0.027076542377471924
0.0074740126729011536 0.021794229745864868 0.07797950506210327
0.0 0.0 0.0
0.006820887327194214 0.04356566071510315 0.02768486738204956
0.0 0.046748653054237366 0.003424227237701416
0.0 0.0 0.0
0.006435096263885498 0.0 0.03607618808746338
0.0 0.04894059896469116 0.028563857078552246
0.0 0.014775633811950684 0.009435176849365234
0.016551129519939423 0.017662540078163147 0.031388700008392334
0.028552263975143433 0.04109828174114227 0.01966160535812378
0.0 0.040478214621543884 0.005680859088897705
0.00980772078037262 0.01982530951499939 0.0
0.012477897107601166 0.0473368763923645 0.0
0.007049866020679474 0.01772265136241913 0.0
0.0 0.01868094503879547 0.0
0.01112433522939682 0.01485268771648407 0.0
0.009557776153087616 0.02171434462070465 0.0
0.01587243378162384 0.01989537477493286 0.0
0.007417790591716766 0.010968014597892761 0.0
0.0 0.01558692753314972 0.002068638801574707
0.000506959855556488 0.023192495107650757 0.0
0.0 0.027805611491203308 0.002351224422454834
0.02093447372317314 0.025692448019981384 0.01900792121887207
0.012118123471736908 0.013884946703910828 0.009104132652282715
0.004407867789268494 0.01176348328590393 0.006873369216918945
0.0 0.01282183825969696 0.0013560652732849121
0.0 0.015373021364212036 0.0
0.0 0.023577123880386353 0.004404902458190918
0.0 0.020677834749221802 0.004137873649597168
0.0 0.01552589237689972 0.0
0.0 0.012726515531539917 0.0
0.006231516599655151 0.012012645602226257 0.0
0.0 0.020817875862121582 0.0
0.007255930453538895 0.018674582242965698 0.0067098140716552734
0.0 0.007827788591384888 0.0028339028358459473
0.0 0.012834727764129639 0.013538897037506104
0.005876954644918442 0.015932753682136536 0.011184215545654297
0.0 0.022763937711715698 0.005503356456756592
0.014422446489334106 0.028668731451034546 0.007489502429962158
0.00430050864815712 0.01766316592693329 0.0
0.007139105349779129 0.012958422303199768 0.0
0.00915786623954773 0.012819617986679077 0.008986115455627441
0.002804350107908249 0.011006385087966919 0.010127544403076172
0.001172129064798355 0.014060869812965393 0.004250824451446533
0.0 0.018981635570526123 0.0
0.004475858062505722 0.017712190747261047 0.0
0.0 0.012377500534057617 0.0
0.0005778707563877106 0.014744743704795837 0.0021390318870544434
0.0 0.012097060680389404 0.0
0.0 0.01775425672531128 0.0037340521812438965
0.0 0.017391473054885864 0.006505727767944336
0.0 0.014591380953788757 0.006321549415588379
0.0 0.0093497633934021 0.01009756326675415
0.0 0.0084933340549469 0.007066905498504639
0.011752612888813019 0.00812201201915741 0.0
0.018660899251699448 0.042303651571273804 0.03628891706466675
0.022137600928544998 0.026940330862998962 0.0
0.0 0.03493756055831909 0.0
0.0 0.02353791892528534 0.0
0.012111727148294449 0.001347959041595459 0.0
0.0 0.0 0.0
0.0 0.005632877349853516 0.005422472953796387
0.0 0.00511564314365387 0.04818320274353027
