0.012437254190444946 0.005360990762710571 0.05081111192703247
0.024669915437698364 0.0 0.05156135559082031
0.019666127860546112 0.01561620831489563 0.06230896711349487
0.02632099762558937 0.0 0.04111069440841675
0.024294614791870117 0.00752672553062439 0.028554439544677734
0.005073174834251404 0.03177526593208313 0.0
0.0 0.03608563542366028 0.0
0.0 0.04102200269699097 0.0
0.0 0.036015063524246216 0.0
0.0 0.030946046113967896 0.0
0.0 0.0333440899848938 0.0
0.0 0.02988797426223755 0.0
0.0 0.021447956562042236 0.0
0.0 0.01728135347366333 0.005315899848937988
0.0 0.0 0.018155694007873535
0.0 0.0 0.02941429615020752
0.0 0.002647697925567627 0.026113152503967285
0.001337684690952301 0.008895665407180786 0.021521270275115967
0.0 0.007410943508148193 0.017845630645751953
0.0004922971129417419 0.002643793821334839 0.013608872890472412
0.0033683553338050842 0.0054114460945129395 0.015729904174804688
0.0049011074006557465 0.005787640810012817 0.006243348121643066
0.008434001356363297 0.003930568695068359 0.0
0.006513267755508423 0.017225831747055054 0.0
0.0 0.02019643783569336 0.0
0.0 0.017735451459884644 0.0
0.0 0.009108811616897583 0.0
0.0 0.004863172769546509 0.0015029311180114746
0.0 0.007662385702133179 0.005286693572998047
0.0 0.0 0.016516029834747314
0.0 0.0013343095779418945 0.02205866575241089
0.0 0.0 0.019978821277618408
0.0 0.004754900932312012 0.016954243183135986
0.0 0.007022082805633545 0.007784724235534668
0.0018395483493804932 0.009134471416473389 0.0
0.001447875052690506 0.011510193347930908 0.00034499168395996094
0.00078553706407547 0.009284794330596924 0.0
0.004491835832595825 0.00824001431465149 0.0
0.0085853710770607 0.0073282718658447266 0.0037462711334228516
0.0009021945297718048 0.011550575494766235 0.0031687021255493164
0.0019808411598205566 0.008639097213745117 0.01258164644241333
0.0 0.001295924186706543 0.014366328716278076
0.0 0.0 0.017781496047973633
0.0 0.00045305490493774414 0.018418610095977783
0.0 0.0 0.017919301986694336
0.0 0.001550227403640747 0.013459444046020508
0.0020675882697105408 0.007982045412063599 0.007923364639282227
0.0 0.013062715530395508 0.0
0.0021245256066322327 0.01142987608909607 0.0
0.0 0.002981036901473999 0.0
0.004491470754146576 0.0 0.004831433296203613
0.002504907548427582 0.002877742052078247 0.011223375797271729
0.0 0.005342036485671997 0.006785273551940918
0.0 0.0033167898654937744 0.007816076278686523
0.0 0.0012409090995788574 0.009255409240722656
0.0 0.001399695873260498 0.008944511413574219
0.0 0.009509652853012085 0.015555799007415771
0.002870403230190277 0.0 0.0070726871490478516
0.0017355047166347504 0.002564340829849243 0.011036813259124756
0.005877770483493805 0.0032837986946105957 0.002764582633972168
0.01289726048707962 0.01161685585975647 0.010388374328613281
0.008823417127132416 0.012379974126815796 0.010563552379608154
0.0003784447908401489 0.011527568101882935 0.0017079710960388184
0.0 0.007912755012512207 0.0
0.0 0.0016609430313110352 0.0
0.0 0.0 0.004964947700500488
0.0012099072337150574 0.0 0.01092076301574707
0.0 0.007193803787231445 0.004472851753234863
0.0 0.00829574465751648 0.006153225898742676
0.0 0.0 0.006101727485656738
0.0 0.0007548630237579346 0.005931258201599121
0.0 0.003476858139038086 0.006201684474945068
0.0 0.004996746778488159 0.007390201091766357
0.0 0.0014509260654449463 0.0034868717193603516
0.0 0.007478863000869751 0.008025586605072021
0.005153838545084 0.0025399327278137207 0.012026786804199219
0.0073926448822021484 0.003544360399246216 0.013106226921081543
0.006620094180107117 0.005117177963256836 0.012444078922271729
0.004922188818454742 0.00613752007484436 0.0033365488052368164
0.00011800602078437805 0.008462578058242798 0.00452035665512085
0.0029755979776382446 0.004503071308135986 0.002452254295349121
0.0031672678887844086 0.006256729364395142 0.0009229183197021484
0.0 0.007774680852890015 0.005643188953399658
0.0 0.000928044319152832 0.007617950439453125
0.0 0.0005871951580047607 0.007977008819580078
0.0 0.001030951738357544 0.009163320064544678
0.0 0.0024212896823883057 0.009671509265899658
0.0 0.0 0.009453833103179932
0.0 0.0025417208671569824 0.008349359035491943
0.0 0.0010492205619812012 0.009379923343658447
0.0 0.004969239234924316 0.0059757232666015625
0.002308271825313568 0.0009432137012481689 0.004248678684234619
0.002212855964899063 0.010068237781524658 0.0025607943534851074
0.005088131874799728 0.008481591939926147 0.005293011665344238
0.0030746199190616608 0.009566783905029297 0.003307640552520752
0.0 0.001434922218322754 0.0065375566482543945
0.0035473033785820007 0.00117531418800354 0.009973704814910889
0.0013025179505348206 0.0 0.007318615913391113
0.0 0.003584563732147217 0.007525444030761719
0.0 0.004795759916305542 0.0038367509841918945
0.0006621032953262329 0.006266683340072632 0.0034671425819396973
0.0026829615235328674 0.006034642457962036 0.004828751087188721
0.0021329373121261597 0.0017655789852142334 0.002429485321044922
0.0 0.002145230770111084 0.0
0.00043782591819763184 0.0 0.0055991411209106445
0.0 0.0031091272830963135 0.006382942199707031
0.0 0.0056435465812683105 0.012366831302642822
0.006127633154392242 0.0 0.022599399089813232
0.013339556753635406 0.0 0.023118913173675537
0.005965195596218109 0.0014337599277496338 0.017288684844970703
0.0 0.0043322741985321045 0.0030664801597595215
0.0 0.010560661554336548 0.0
0.0 0.011057049036026001 0.0
0.0 0.004564404487609863 0.0
0.0 0.006771564483642578 0.0
0.0 0.0 0.0
0.0 0.008787721395492554 0.004345953464508057
0.0024394504725933075 0.0 0.02514660358428955
0.021830543875694275 0.004991769790649414 0.04223752021789551
0.004972007125616074 0.011616379022598267 0.03592449426651001
0.004311371594667435 0.008337408304214478 0.03787511587142944
0.006938613951206207 0.011302053928375244 0.01440119743347168
0.0 0.007207751274108887 0.010993599891662598
0.0 0.005129307508468628 0.0026311278343200684
0.0 0.0 0.0
0.0 0.0020895302295684814 0.0
0.0 0.005757629871368408 0.0
0.0 0.007797718048095703 0.0023956894874572754
0.012803912162780762 0.009079575538635254 0.0
0.00898914784193039 0.001331329345703125 0.00848311185836792
0.00016650184988975525 0.00430569052696228 0.0
0.0 0.0 0.00226670503616333
0.0 0.022546112537384033 0.0
0.012215305119752884 0.024837464094161987 0.002016901969909668
0.01255141943693161 0.008534818887710571 0.0
0.01377016305923462 0.003962785005569458 0.013188600540161133
0.002083398401737213 0.0 0.0008979439735412598
0.0 0.0007425546646118164 0.010215163230895996
0.005434587597846985 0.004925131797790527 0.008704066276550293
0.01507817953824997 0.0 0.017020761966705322
0.016958139836788177 0.0065194666385650635 0.007443547248840332
0.012149669229984283 0.007590234279632568 0.014137208461761475
0.0 0.009064555168151855 0.004575073719024658
0.0005258098244667053 0.025312840938568115 0.0
0.0014934614300727844 0.011644184589385986 0.002424478530883789
0.02074534446001053 0.0 0.009949445724487305
0.0 0.0 0.01429218053817749
0.0 0.0 0.008947968482971191
0.0 0.004262655973434448 0.0
0.0 0.0037154555320739746 0.0
0.0 0.0 0.0012671947479248047
0.0 0.0 0.013419270515441895
0.0 0.0 0.014407873153686523
0.0 0.0 0.019755184650421143
0.0 0.00012770295143127441 0.020193517208099365
0.005057759582996368 0.0035235583782196045 0.013309597969055176
0.003933519124984741 0.0031752586364746094 0.014645993709564209
0.005651414394378662 0.002495110034942627 0.01452726125717163
0.0020870864391326904 0.0 0.01739668846130371
0.0 0.0 0.014026761054992676
0.0 0.0 0.01457899808883667
0.0 0.0 0.006221652030944824
0.0 0.00768628716468811 0.0
0.0 0.0016267597675323486 0.0
0.0 0.008116424083709717 0.0
0.0 0.0061266422271728516 0.0
0.0 0.004753291606903076 0.0
0.00027108192443847656 0.0010870099067687988 0.0
0.0 0.008675932884216309 0.0
0.0 0.0004253983497619629 0.0
0.0 0.003140479326248169 0.009485483169555664
0.0 0.003330320119857788 0.010399699211120605
0.0 0.005379170179367065 0.012299418449401855
0.0 0.0 0.01719433069229126
0.007232137024402618 0.0 0.018377065658569336
0.0 0.0036949515342712402 0.015026390552520752
0.0 0.004278659820556641 0.011265337467193604
0.006708085536956787 0.005231291055679321 0.011758804321289062
0.0013958513736724854 0.006438612937927246 0.01404029130935669
0.007274262607097626 0.002398669719696045 0.012344896793365479
0.0016661733388900757 0.0 0.006592273712158203
0.0 0.0021798908710479736 0.0
0.0 0.004318922758102417 0.0
0.0 0.0 0.0
0.0 0.004575908184051514 0.0
0.0 0.0 0.0
0.0 0.0006766319274902344 0.0
0.0 0.0041825175285339355 0.0
0.001903429627418518 0.003302276134490967 0.009240686893463135
0.006034880876541138 0.010792702436447144 0.00693356990814209
0.00047568976879119873 0.0031462907791137695 0.00906217098236084
0.002752155065536499 0.004674166440963745 0.006991982460021973
0.0 0.0002294480800628662 0.012435436248779297
0.003592260181903839 0.0025943517684936523 0.0208737850189209
0.002481713891029358 0.0 0.020983874797821045
0.0 0.0 0.011248409748077393
0.0028132423758506775 0.0029148459434509277 0.009950220584869385
0.0010461583733558655 0.0049876868724823 0.004211723804473877
0.0 0.006273865699768066 0.0
0.0 0.0020622611045837402 0.0
0.00037697702646255493 0.0029966533184051514 0.004775643348693848
0.0 0.002299398183822632 0.012198567390441895
0.0 0.0013391673564910889 0.015074193477630615
0.0 0.0 0.009211480617523193
0.0 0.0 0.011532425880432129
0.0 0.0015143156051635742 0.009221494197845459
0.001880928874015808 0.0031517744064331055 0.011998891830444336
0.0032197311520576477 0.009540587663650513 0.0
0.008946418762207031 0.008078217506408691 0.0007010102272033691
0.002591468393802643 0.006841450929641724 0.0
0.0 0.013573944568634033 0.0
0.00932437926530838 0.012335002422332764 0.0
0.0006074309349060059 0.0076493918895721436 0.001577615737915039
0.0 0.007602781057357788 0.001062631607055664
0.0 0.016437798738479614 0.0
0.0 0.02443253993988037 0.0
0.0 0.009784936904907227 0.0
0.0 0.0 0.0015472769737243652
0.0 0.0 0.028623223304748535
0.0 0.0 0.03499329090118408
0.0 0.0 0.02918696403503418
0.01511094719171524 0.0 0.0
0.00613587349653244 0.0 0.0
0.0 0.0 0.011888265609741211
0.0 0.0 0.019196748733520508
0.0 0.0 0.02307206392288208
0.030559904873371124 0.007392704486846924 0.021753787994384766
0.030138064175844193 0.019351810216903687 0.0189017653465271
0.0228910893201828 0.014360249042510986 0.01200491189956665
0.02658417448401451 0.01263517141342163 0.007314562797546387
0.016272004693746567 0.00970730185508728 0.008467793464660645
0.013870500028133392 0.0123978853225708 0.003471970558166504
0.012849316000938416 0.015065670013427734 0.0006895065307617188
0.017800427973270416 0.0011354684829711914 0.0
0.009931385517120361 0.0 0.011556446552276611
0.0106329545378685 0.0 0.025417625904083252
0.0 0.0 0.01631265878677368
0.0 0.005692601203918457 0.003084838390350342
0.0 0.006148308515548706 0.0
0.0018440932035446167 0.013660401105880737 0.0
0.003435559570789337 0.0 0.0
0.002476632595062256 0.001462399959564209 0.003052234649658203
0.0 0.0 0.009397447109222412
0.0 0.000496596097946167 0.0061037540435791016
0.0 0.0 0.007071733474731445
0.0011852830648422241 0.0 0.01043999195098877
0.0007106214761734009 0.0027076900005340576 0.013677060604095459
0.0 0.0013879835605621338 0.01307368278503418
0.0 0.0 0.013521850109100342
0.0 0.0 0.007680654525756836
0.0 0.0004971623420715332 0.009530723094940186
0.0 0.0006718337535858154 0.0026547908782958984
0.0 0.0036171674728393555 0.0054285526275634766
0.0 0.003393888473510742 0.003199756145477295
0.0010482892394065857 0.0 0.003062009811401367
0.005858071148395538 0.0035538673400878906 0.006415128707885742
0.004572920501232147 0.005135178565979004 0.0
0.005841240286827087 0.011056363582611084 0.0
0.005215682089328766 0.0031078457832336426 0.0045392513275146484
0.0 0.0002633333206176758 0.00294417142868042
0.0 0.005247354507446289 0.0021024346351623535
0.0 0.004112184047698975 0.0014263391494750977
0.0 0.003158658742904663 0.003761112689971924
0.0 0.0 0.005366504192352295
0.0 0.0030257105827331543 0.012618958950042725
0.0009132474660873413 0.0026693642139434814 0.009890556335449219
0.0 0.001302570104598999 0.011113882064819336
0.0 0.0011729001998901367 0.010918259620666504
0.0 0.0027298331260681152 0.00786060094833374
0.0037186890840530396 0.0008698701858520508 0.007741212844848633
0.0024474114179611206 0.004753768444061279 0.004604935646057129
0.0 0.0029109716415405273 0.0013771653175354004
0.0 0.0008815526962280273 0.0045146942138671875
0.001355484127998352 0.0025072991847991943 0.000895082950592041
0.0 0.003979086875915527 0.0007988810539245605
0.0 0.0012050271034240723 0.009040594100952148
0.0 0.0 0.01044529676437378
0.0 0.0028080344200134277 0.010509729385375977
0.0009593889117240906 0.004075199365615845 0.00945967435836792
0.0020768344402313232 0.0057745277881622314 0.008558928966522217
0.0002708509564399719 0.004045724868774414 0.007263839244842529
0.005655840039253235 0.008321791887283325 0.005507171154022217
0.004765309393405914 0.0 0.0034502744674682617
0.00365544855594635 0.003352910280227661 0.0024805665016174316
0.0030908137559890747 0.004656553268432617 0.0027278661727905273
0.0 0.005051016807556152 0.0022698044776916504
0.0 0.007073163986206055 0.00023239850997924805
0.0 0.0 0.0029619336128234863
0.0 0.0 0.008576750755310059
0.0 0.0 0.01099783182144165
0.0 0.0 0.011685371398925781
0.0 0.0033000707626342773 0.006974935531616211
0.0 0.00487971305847168 0.008290886878967285
0.0 0.0028745532035827637 0.00428462028503418
0.0 0.00319594144821167 0.0004279613494873047
0.0 0.002271294593811035 0.00046896934509277344
0.0 0.0005442202091217041 0.006165623664855957
0.007190227508544922 0.0036159157752990723 0.015072345733642578
0.008924350142478943 0.006593883037567139 0.018483996391296387
0.008835934102535248 0.008518099784851074 0.016008496284484863
0.005959644913673401 0.00829288363456726 0.0077553391456604
0.0 0.007854640483856201 0.0
0.0 0.005185604095458984 0.0
0.0 0.0024167001247406006 0.0
0.0 0.00046059489250183105 0.0
0.0 0.0 0.0
0.0 0.0 0.00246351957321167
0.0 0.0008302628993988037 0.009259998798370361
0.0 0.0010946691036224365 0.015313267707824707
0.0008344799280166626 0.0004477202892303467 0.016487836837768555
0.00047725439071655273 0.003622770309448242 0.018347740173339844
0.001288827508687973 0.0017088353633880615 0.014070272445678711
0.00324045866727829 0.00395551323890686 0.010642409324645996
0.0064772553741931915 0.003104954957962036 0.005327880382537842
0.00304301455616951 0.005727618932723999 0.0
0.0037929415702819824 0.0078112781047821045 0.0
0.0034103915095329285 0.002742946147918701 0.0
0.0013257376849651337 0.004285067319869995 0.0008744597434997559
0.00033733248710632324 0.002306699752807617 0.004308104515075684
0.0 0.0015351474285125732 0.0032206177711486816
0.0 0.0010148882865905762 0.008903801441192627
0.0 0.0 0.010889172554016113
0.0 0.0027494430541992188 0.005559146404266357
0.0 0.004397094249725342 0.004095971584320068
0.0 0.0017847120761871338 0.004521191120147705
0.0 0.0 0.004363894462585449
0.0 0.0021177828311920166 0.0067397356033325195
0.0 0.0 0.010215818881988525
0.0 0.0017906427383422852 0.006208062171936035
0.0 0.006474584341049194 0.004497408866882324
0.002090226858854294 0.0052679479122161865 0.006269931793212891
0.007236868143081665 0.0034463703632354736 0.009460806846618652
0.007340937852859497 0.0053330957889556885 0.013478577136993408
0.0061909109354019165 0.004208952188491821 0.00967109203338623
0.0035867206752300262 0.0031377673149108887 0.009304463863372803
0.0016247890889644623 0.0034812986850738525 0.005832552909851074
0.0 0.002825021743774414 0.008146882057189941
0.0 0.0020456910133361816 0.004874169826507568
0.0 0.0006334185600280762 0.00519871711730957
0.0 0.002798736095428467 0.001703798770904541
0.0 0.0 0.0013920068740844727
0.0 0.0 0.005021154880523682
0.0 0.0 0.0027704238891601562
0.0 0.001599639654159546 0.006142914295196533
0.0 0.0028662681579589844 0.007306575775146484
0.0 0.003762543201446533 0.004905641078948975
0.0013017654418945312 0.003204643726348877 0.0043253302574157715
0.0013391748070716858 0.006185770034790039 0.0037993788719177246
0.00016194209456443787 0.005222737789154053 0.005479693412780762
0.0 0.0009650290012359619 0.004411816596984863
0.0 0.0010540187358856201 0.006996512413024902
0.0 0.0002613663673400879 0.00755155086517334
0.00048495829105377197 0.0036170780658721924 0.004142403602600098
0.0 0.0028079748153686523 0.002728581428527832
0.003409259021282196 0.0039085447788238525 0.0016942024230957031
0.0 0.005117982625961304 0.0027364492416381836
0.0010144412517547607 0.004006773233413696 0.0017874836921691895
0.005150701850652695 0.004333972930908203 0.005605638027191162
0.0026530921459198 0.00457802414894104 0.007232010364532471
0.0 0.0047016441822052 0.007343769073486328
0.0 0.0013698935508728027 0.0076487064361572266
0.000646449625492096 0.004491895437240601 0.00909954309463501
0.0 0.007867634296417236 0.009234368801116943
0.003941960632801056 0.006748855113983154 0.007835149765014648
0.004371389746665955 0.0071853697299957275 0.008113861083984375
0.0026769638061523438 0.00721403956413269 0.0021048784255981445
0.0034346804022789 0.003160148859024048 0.0053681135177612305
0.003140389919281006 0.0 0.008453130722045898
0.0 0.0 0.009778320789337158
0.0 0.0 0.008381426334381104
0.0 0.0 0.004175662994384766
0.0 0.0 0.0027412772178649902
0.0 0.0 0.004894375801086426
0.0 0.001745373010635376 0.009833097457885742
0.0 0.0024875402450561523 0.013673543930053711
0.0 0.003277987241744995 0.012564361095428467
0.0014394037425518036 0.00410112738609314 0.013246774673461914
0.0024650581181049347 0.0015404224395751953 0.009004652500152588
0.004898779094219208 0.004635453224182129 0.007870078086853027
0.0102776437997818 0.013832271099090576 0.005113542079925537
0.010198820382356644 0.012505710124969482 0.0
0.009024795144796371 0.010984271764755249 0.0
0.019025366753339767 0.003987431526184082 0.0
0.015058472752571106 0.004552870988845825 0.003094315528869629
0.00635271891951561 0.0 0.0062944889068603516
0.0 0.0 0.006322681903839111
0.0018894374370574951 0.0 0.01540839672088623
0.0 0.0 0.007247745990753174
0.0 0.0 0.00803285837173462
0.0 0.0008761286735534668 0.004473268985748291
0.0 0.0 0.004902780055999756
0.0 0.0 0.00039070844650268555
0.0 0.0 0.008029699325561523
0.0 0.002619504928588867 0.0
0.0 0.011663287878036499 0.0
0.008731603622436523 0.012251287698745728 0.0
0.02078597992658615 0.007430553436279297 0.0
0.014403365552425385 0.00331994891166687 0.002502143383026123
0.008107863366603851 0.0 0.009550809860229492
0.0 0.0 0.013132631778717041
0.0 0.0 0.027121663093566895
0.01025458425283432 0.0 0.01631397008895874
0.007759273052215576 0.013996899127960205 0.025026321411132812
0.020413152873516083 0.0 0.0
0.009583979845046997 0.0 0.042487502098083496
0.012744329869747162 0.0 0.0773589015007019
0.0551319494843483 0.0 0.1078951358795166
0.12238429486751556 0.0 0.13649135828018188
0.07844889163970947 0.11398640275001526 0.03896385431289673
0.2148679494857788 0.32038989663124084 0.0
0.3995418846607208 0.42393413186073303 0.0
0.313304603099823 0.4350297749042511 0.0
0.26867544651031494 0.5872604846954346 0.0
0.0 0.6126808524131775 0.0
0.0 0.0 0.0
0.0 0.6012749671936035 0.0
0.0 0.33707231283187866 0.0
0.0 0.3971075117588043 0.0
0.0 0.3142828047275543 0.0
0.0 0.048145830631256104 0.34784507751464844
0.0 0.16064900159835815 0.501407265663147
0.0 0.2911315858364105 0.8514021635055542
0.0 0.42009586095809937 0.8294306993484497
0.0 0.6260377168655396 0.7078595161437988
0.0 0.7527018785476685 0.7288055419921875
0.0 0.6171079277992249 0.736070990562439
0.0 0.5349036455154419 0.7150132656097412
0.0 0.698237419128418 0.48542189598083496
0.0 0.874993622303009 0.3254358768463135
0.08370062708854675 0.8851428031921387 0.3724839687347412
0.21661972999572754 0.6423802375793457 0.5562548637390137
0.07597978413105011 0.8500308394432068 0.6556628942489624
0.09946459531784058 0.8803560137748718 0.5643864274024963
0.1771882027387619 0.8305847644805908 0.5195897817611694
0.34341955184936523 0.3290296792984009 0.48868608474731445
0.15193653106689453 0.4807218313217163 0.40739184617996216
0.20628389716148376 0.4486016035079956 0.14789628982543945
0.22066530585289001 0.2901192307472229 0.06617873907089233
0.2079923450946808 0.3084561228752136 0.0
0.11823485046625137 0.366014689207077 0.0
0.055128179490566254 0.3557853698730469 0.0
0.0 0.35077452659606934 0.0
0.05802319943904877 0.20079386234283447 0.0
0.005002819001674652 0.09852546453475952 0.0
0.0 0.04670630395412445 0.0
0.0 0.06787517666816711 0.0
0.0 0.07411088049411774 0.0
0.0 0.06682327389717102 0.0
0.0 0.051575034856796265 0.0
0.0 0.020854204893112183 0.0
0.0 0.02587476372718811 0.025646746158599854
0.012908831238746643 0.04363834857940674 0.07942777872085571
0.0 0.0 0.0641128420829773
0.0023125410079956055 0.038049906492233276 0.06632530689239502
0.03394770622253418 0.01191478967666626 0.07691943645477295
0.008518025279045105 0.04486224055290222 0.08611434698104858
0.14578479528427124 0.0 0.06139630079269409
0.021425962448120117 0.004177123308181763 0.05516088008880615
0.04806031286716461 0.0 0.03310692310333252
0.02874673902988434 0.0 0.02350616455078125
0.006465539336204529 0.0 0.009481430053710938
0.003419354557991028 0.0 0.0
0.006800979375839233 0.0 0.0
0.0 0.0058609843254089355 0.0
0.0 0.02400583028793335 0.0
0.0 0.02578696608543396 0.0
0.0 0.019520819187164307 0.0
0.0 0.017404526472091675 0.0
0.0 0.007681339979171753 0.0
0.0 0.0 0.0
0.0 0.0 0.00976717472076416
0.0 0.0 0.012786328792572021
0.00872066617012024 0.0 0.020243287086486816
0.0 0.0 0.009252607822418213
0.0 0.0020769238471984863 0.0033591389656066895
0.0 0.0013529062271118164 0.011414945125579834
0.005479276180267334 0.006091684103012085 0.012557506561279297
0.01562267541885376 0.010447770357131958 0.012481451034545898
0.010400116443634033 0.023049265146255493 0.0
0.0 0.01828211545944214 0.0
0.0 0.010658323764801025 0.0
0.0 0.0036208629608154297 0.0
0.0 0.0022542476654052734 0.0
0.0 0.002965778112411499 0.007165372371673584
0.0 0.008183926343917847 0.0031642913818359375
0.0 0.00907716155052185 0.0
0.0 0.011975735425949097 0.0
0.0 0.013081908226013184 0.002837836742401123
0.003470808267593384 0.004946500062942505 0.011540651321411133
0.009053125977516174 0.0018715858459472656 0.02342170476913452
0.0019243955612182617 0.0 0.023326098918914795
0.0 0.0009710490703582764 0.017047643661499023
0.0052719563245773315 0.0036562085151672363 0.014064669609069824
0.005342066287994385 0.008690237998962402 0.010266542434692383
0.002999246120452881 0.013021528720855713 0.0007023811340332031
0.002175375819206238 0.010579794645309448 0.0018607378005981445
0.0 0.009439706802368164 0.0
0.0 0.005314946174621582 0.0
0.0 0.0025713443756103516 0.0007346868515014648
0.0005376487970352173 0.003750413656234741 0.010180354118347168
0.0 0.01432308554649353 0.00035446882247924805
0.0031256824731826782 0.006519317626953125 0.0005806684494018555
0.0 0.009129106998443604 0.008494973182678223
0.0 0.00542786717414856 0.00827014446258545
0.0022443532943725586 0.0 0.01616990566253662
0.0022443532943725586 0.0 0.01926177740097046
0.0 0.0 0.01463538408279419
0.0 0.0049280524253845215 0.013614535331726074
0.0 0.0022683441638946533 0.0010982155799865723
0.0 0.005708485841751099 0.0012797713279724121
0.001870185136795044 0.005535542964935303 0.0014553070068359375
0.002528756856918335 0.01171642541885376 0.00487285852432251
0.0003738701343536377 0.00759732723236084 0.0
0.0 0.014008849859237671 0.0
0.0 0.006016820669174194 0.0
0.0 0.007444322109222412 0.0
0.0 0.005284547805786133 0.0030235648155212402
0.0 0.003698974847793579 0.011813879013061523
0.0008181929588317871 0.002616018056869507 0.012396574020385742
0.0 0.00673985481262207 0.005255937576293945
0.011266946792602539 0.00611799955368042 0.014486849308013916
0.015636086463928223 0.02347436547279358 0.013016998767852783
0.02587781846523285 0.03155517578125 0.009332895278930664
0.03537309169769287 0.026824951171875 0.01051950454711914
0.04222090542316437 0.04343658685684204 0.0101127028465271
0.04547254741191864 0.03761515021324158 0.0
0.03366507589817047 0.028354734182357788 0.0
0.007624030113220215 0.05599653720855713 0.0
0.06291995942592621 0.06808727979660034 0.0
0.12777848541736603 0.060889095067977905 0.0
0.1190246045589447 0.10149595141410828 0.0
0.0688391625881195 0.08160173892974854 0.0
0.00828617811203003 0.02354159951210022 0.0
0.0 0.0 0.0
0.0 0.0 0.0
0.0 0.0 0.02169060707092285
0.0 0.0 0.021931231021881104
0.0 0.0 0.0427861213684082
0.0 0.0 0.05055582523345947
0.0 0.0 0.06233173608779907
0.0 0.0 0.0755036473274231
0.0 0.0 0.06247943639755249
0.0 0.0 0.047775864601135254
0.0 0.0 0.038751840591430664
0.0 0.0 0.03631138801574707
0.0 0.0 0.026934146881103516
0.0 0.0 0.01972508430480957
0.0 0.0 0.012630045413970947
0.0 0.0028039216995239258 0.005661487579345703
0.0 0.024646133184432983 0.012304484844207764
0.0006841421127319336 0.01707667112350464 0.0
0.017610758543014526 0.018016517162322998 0.006108224391937256
0.029782935976982117 0.03037029504776001 0.006801307201385498
0.044075146317481995 0.04184168577194214 0.0
0.05587781220674515 0.04307028651237488 0.0
0.057694874703884125 0.047693222761154175 0.0
0.06190015375614166 0.054147422313690186 0.0
0.09452508389949799 0.06179496645927429 0.0
0.08884190768003464 0.06463173031806946 0.0
0.08401872217655182 0.06117323040962219 0.0
0.06813006103038788 0.04698637127876282 0.0
0.07337785512208939 0.029399752616882324 0.0
0.05719607323408127 0.031471461057662964 0.0
0.057980239391326904 0.03188583254814148 0.0019214153289794922
0.04012170433998108 0.031123042106628418 0.0073378682136535645
0.004028886556625366 0.037179023027420044 0.0
0.0 0.042522281408309937 0.0
0.00566495954990387 0.0461442768573761 0.0
0.03504544496536255 0.04942864179611206 0.0
0.039811357855796814 0.02176535129547119 0.0
0.0 0.02323707938194275 0.0
0.0 0.016719073057174683 0.0
0.0014430880546569824 0.004653275012969971 0.0
0.00991910696029663 0.0023633241653442383 0.010867416858673096
0.0 0.0 0.00946497917175293
0.0 0.0 0.0074732303619384766
0.0 0.0 0.029240846633911133
0.0 0.0 0.049914419651031494
0.0 0.0 0.061384618282318115
0.0 0.0 0.06191283464431763
0.0 0.0 0.05331432819366455
0.0 0.0 0.04096704721450806
0.0 0.0 0.029329657554626465
0.0 0.0 0.025741219520568848
0.0 0.0 0.02678591012954712
0.0 0.0 0.026515841484069824
0.0 0.0 0.024652600288391113
0.0 0.0 0.02773815393447876
0.0 0.0 0.019056618213653564
0.0 0.01294448971748352 0.003095865249633789
0.0 0.025515705347061157 0.0
0.0 0.03416511416435242 0.0010430216789245605
0.011030256748199463 0.030181705951690674 0.0
0.023137569427490234 0.03201362490653992 0.0
0.03760673850774765 0.04229053854942322 0.0
0.05620986223220825 0.044926464557647705 0.0
0.06619230657815933 0.042203933000564575 0.0
0.06542527675628662 0.04808196425437927 0.0
0.0708404928445816 0.05825647711753845 0.0
0.07967307418584824 0.0759897232055664 0.0
0.10180225223302841 0.08254095911979675 0.0
0.07420453429222107 0.08379840850830078 0.0
0.06208190321922302 0.08423873782157898 0.0
0.09272219985723495 0.05479124188423157 0.0
0.10403835773468018 0.03333196043968201 0.0
0.08670515567064285 0.053330034017562866 0.0
0.06984639167785645 0.05704501271247864 0.0
0.02645719051361084 0.04311472177505493 0.0
0.0 0.010306239128112793 0.0
0.0 0.0 0.0007427334785461426
0.0 0.0 0.026937901973724365
0.0 0.0 0.03593170642852783
0.0 0.0 0.03236520290374756
0.0 0.0 0.03142517805099487
0.0 0.0 0.04163539409637451
0.0 0.0 0.04679369926452637
0.0 0.0 0.04567122459411621
0.0 0.0 0.043134212493896484
0.0 0.0 0.0280725359916687
0.0 0.0 0.023616254329681396
0.0 0.0 0.018242835998535156
0.0 0.0 0.021365582942962646
0.0 0.0 0.026801586151123047
0.0 0.0 0.029783666133880615
0.0 0.0 0.027010321617126465
0.0 0.0 0.021812379360198975
0.0 0.0 0.013103008270263672
0.0 0.0 0.018470704555511475
0.0 0.0032470226287841797 0.019390463829040527
0.0 0.0006424486637115479 0.030373990535736084
0.009243369102478027 0.011466294527053833 0.04321187734603882
0.03126181662082672 0.02934446930885315 0.04583686590194702
0.04527570307254791 0.037401437759399414 0.03333669900894165
0.04731889069080353 0.049568504095077515 0.018834292888641357
0.06175971031188965 0.05569455027580261 0.0
0.05869758129119873 0.05470594763755798 0.0
0.059824928641319275 0.05459132790565491 0.0
0.07291589677333832 0.06451669335365295 0.0
0.08916948735713959 0.07275724411010742 0.0
0.0761856883764267 0.06813931465148926 0.0
0.06207051873207092 0.07022503018379211 0.0
0.0629129409790039 0.06850942969322205 0.0
0.059411004185676575 0.06118777394294739 0.0
0.053001582622528076 0.059332042932510376 0.0
0.06158275902271271 0.0519772469997406 0.0
0.03995344042778015 0.04779142141342163 0.0
0.015408217906951904 0.0412062406539917 0.0
0.0325169712305069 0.029418915510177612 0.005442976951599121
0.042348310351371765 0.0377768874168396 0.020760953426361084
0.025466054677963257 0.05885133147239685 0.03497636318206787
0.0030204057693481445 0.036234050989151 0.022055208683013916
0.0 0.0 0.015294313430786133
0.0 0.0 0.016737699508666992
0.0 0.0 0.038725852966308594
0.0 0.0 0.05880647897720337
0.0 0.0 0.06305813789367676
0.0 0.0 0.06539571285247803
0.0 0.0 0.05096745491027832
0.0 0.0 0.03526437282562256
0.0 0.0 0.027288734912872314
0.0 0.0 0.034936606884002686
0.0 0.0 0.039243876934051514
0.0 0.0 0.044062793254852295
0.0 0.0 0.030452728271484375
0.0 0.0 0.03080165386199951
0.0 0.0 0.027912259101867676
0.0 0.021107256412506104 0.02971625328063965
0.01979142427444458 0.04802832007408142 0.019944429397583008
0.02951999008655548 0.05306476354598999 0.008389651775360107
0.025663062930107117 0.04356938600540161 0.0
0.050267621874809265 0.04557299613952637 0.0
0.06859609484672546 0.048408061265945435 0.0
0.06740258634090424 0.059169232845306396 0.0
0.08067204058170319 0.06466683745384216 0.0
0.10110040009021759 0.07316133379936218 0.0
0.10521851480007172 0.08509764075279236 0.0
0.08759751915931702 0.09408766031265259 0.0
0.08507686853408813 0.07844069600105286 0.0
0.07158917188644409 0.06282517313957214 0.0
0.05981338024139404 0.05522242188453674 0.0
0.05707049369812012 0.04105788469314575 0.0
0.03282839059829712 0.03591567277908325 0.0
0.014001429080963135 0.02971857786178589 0.0
0.0029422789812088013 0.021816939115524292 0.0
0.0 0.011557817459106445 0.007766366004943848
0.0 0.005706310272216797 0.019160449504852295
0.0 0.007016599178314209 0.026390552520751953
0.0 0.004286766052246094 0.026080608367919922
0.0 0.0 0.022494018077850342
0.0 0.0 0.024794936180114746
0.0 0.0 0.024830400943756104
0.0 0.0 0.03257960081100464
0.0 0.0 0.02695387601852417
0.0 0.0 0.020085692405700684
0.0 0.0 0.006376087665557861
0.0 0.0 0.0
0.0 0.0 0.012393772602081299
0.0 0.0 0.020051419734954834
0.0 0.0 0.025612235069274902
0.0 0.0 0.019484281539916992
0.0 0.0 0.008125662803649902
0.0 0.0 0.010537981986999512
0.0 0.0 0.013837158679962158
0.0 0.0 0.03283393383026123
0.0 0.0 0.032624661922454834
0.0 0.0 0.03802633285522461
0.0 0.0 0.035026729106903076
0.0 0.0 0.03266644477844238
0.0 0.004371464252471924 0.02535909414291382
0.0 0.007938176393508911 0.014244675636291504
0.0 0.008628696203231812 0.012591779232025146
0.0107288658618927 0.016886144876480103 0.008724451065063477
0.01106978952884674 0.023600757122039795 0.0007495880126953125
0.012554898858070374 0.026151984930038452 0.0
0.026312842965126038 0.014727205038070679 0.0
0.03357382118701935 0.026976466178894043 0.0
0.034070611000061035 0.031722068786621094 0.0
0.04253967106342316 0.04257276654243469 0.0
0.0507236123085022 0.05053064227104187 0.0
0.056231528520584106 0.05028465390205383 0.0
0.04823717474937439 0.046940505504608154 0.0
0.048172637820243835 0.04226738214492798 0.0
0.04827716946601868 0.035640597343444824 0.0
0.047533273696899414 0.03418859839439392 0.0
0.057197973132133484 0.030572563409805298 0.0
0.04249356687068939 0.03260639309883118 0.0
0.02770918607711792 0.034529268741607666 0.0
0.011166781187057495 0.02623116970062256 0.0008372068405151367
0.0 0.0010967254638671875 0.003808140754699707
0.0 0.0 0.01863729953765869
0.0 0.0 0.03167217969894409
0.0 0.0 0.03557455539703369
0.0 0.0 0.039204180240631104
0.0 0.0 0.03690767288208008
0.0 0.0 0.033362746238708496
0.0 0.0 0.03704178333282471
0.0 0.0 0.02887183427810669
0.0 0.0 0.017317235469818115
0.0 0.0 0.0
0.0 0.0 0.0
0.0 0.0047296881675720215 0.0
0.0 0.00780978798866272 0.0
0.0 0.006259918212890625 0.0
0.00025922060012817383 0.009646803140640259 0.0
0.00726318359375 0.007229417562484741 0.0
0.010268107056617737 0.012209445238113403 0.0
0.00685293972492218 0.011668682098388672 0.0
0.01600337028503418 0.008792996406555176 0.007959961891174316
0.014411062002182007 0.018044471740722656 0.017067670822143555
0.001835465431213379 0.007894277572631836 0.007964253425598145
0.005323499441146851 0.0065507590770721436 0.011608004570007324
0.012151867151260376 0.009514987468719482 0.016690969467163086
0.008560866117477417 0.00786501169204712 0.010707557201385498
0.005180194973945618 0.00348016619682312 0.012639641761779785
0.0 0.0030956268310546875 0.011125683784484863
0.00023666024208068848 0.0038616061210632324 0.009387195110321045
0.0 0.005189090967178345 0.0018912553787231445
0.0 0.004742264747619629 0.0
0.0 0.004738748073577881 0.0
0.0 0.004013329744338989 0.0012248754501342773
0.0 0.0022372305393218994 0.0006917715072631836
0.0 0.0027700960636138916 0.005107760429382324
0.0 0.003035932779312134 0.013921022415161133
0.003942221403121948 0.008153408765792847 0.014535903930664062
0.011782214045524597 0.01612997055053711 0.019226431846618652
0.018294647336006165 0.00870203971862793 0.02238750457763672
0.019503384828567505 0.004743456840515137 0.034785449504852295
0.024353280663490295 0.0 0.061476945877075195
0.030080795288085938 0.0 0.09312975406646729
0.04103687405586243 0.0 0.09681165218353271
0.037919461727142334 0.04858744144439697 0.052335381507873535
0.11423087120056152 0.1456250548362732 0.0
0.28163090348243713 0.26111671328544617 0.0
0.3036555349826813 0.3555700182914734 0.0
0.10510730743408203 0.4028320610523224 0.0
0.18184655904769897 0.42002323269844055 0.0
0.2017674446105957 0.5736668705940247 0.0
0.08242547512054443 0.08893150091171265 0.0
0.1195899248123169 0.6382254362106323 0.0
0.0 0.3431107997894287 0.0
0.0 0.18287086486816406 0.0
0.0 0.3185276687145233 0.0
0.0 0.2874280512332916 0.08415627479553223
0.0 0.20733731985092163 0.6603773832321167
0.0 0.27630215883255005 0.9622718095779419
0.0 0.4241374731063843 0.9724186658859253
0.0 0.5031107068061829 0.9195976257324219
0.0 0.601920485496521 0.774219274520874
0.0 0.550481915473938 0.6787269115447998
0.0 0.5467137098312378 0.619349479675293
0.0 0.6249999403953552 0.5136555433273315
0.0 0.602500319480896 0.43496257066726685
0.0 0.818771243095398 0.33618229627609253
0.0 0.7537252902984619 0.4177592992782593
0.05536089837551117 0.62417072057724 0.3799912929534912
0.1070423573255539 0.5820825099945068 0.46140795946121216
0.11731551587581635 0.4833906292915344 0.36137115955352783
0.12858432531356812 0.30827999114990234 0.197451651096344
0.10083737969398499 0.3356283903121948 0.14923667907714844
0.052771978080272675 0.49546289443969727 0.12151217460632324
0.02821260690689087 0.44197797775268555 0.06054508686065674
0.09262414276599884 0.4060790538787842 0.0
0.13218927383422852 0.37702953815460205 0.0
0.10882921516895294 0.3110034167766571 0.0
0.09305353462696075 0.21203204989433289 0.0
0.0 0.17623339593410492 0.0
0.0 0.0838673859834671 0.0
0.0 0.008432134985923767 0.0
0.0 0.0 0.0
0.0 0.017650365829467773 0.0
0.0 0.05283188819885254 0.0
0.0 0.06174352765083313 0.0
0.0 0.06332007050514221 0.0
0.0 0.07665356993675232 0.012189626693725586
0.0 0.06783506274223328 0.06295406818389893
0.0032983720302581787 0.06516575813293457 0.10732614994049072
0.02831047773361206 0.04509449005126953 0.1280706524848938
0.03973308205604553 0.012090742588043213 0.13298892974853516
0.03069084882736206 0.0 0.12438583374023438
0.022769182920455933 0.0 0.10061413049697876
0.023526236414909363 0.0 0.06148499250411987
0.022484615445137024 0.0 0.03652346134185791
0.01715315878391266 0.0 0.004471957683563232
0.019281581044197083 0.00559571385383606 0.0
0.008358865976333618 0.011314064264297485 0.0
0.0 0.009594351053237915 0.0028464198112487793
0.0 0.009369075298309326 0.007355451583862305
0.0 0.0014159679412841797 0.004737973213195801
0.0 0.012150436639785767 0.008614659309387207
0.0 0.002054154872894287 0.0
0.0 0.010952383279800415 0.0
0.0 0.012955188751220703 0.0
0.0006645172834396362 0.011263400316238403 0.0
0.0 0.011796802282333374 0.004175126552581787
0.0 0.0 0.0
0.000947907567024231 0.004722118377685547 0.011923074722290039
0.0009358078241348267 0.0069970786571502686 0.010579228401184082
0.0 0.005645751953125 0.0007660388946533203
0.005973100662231445 0.013119488954544067 0.01003718376159668
0.0003681480884552002 0.014358580112457275 0.006148576736450195
0.0 0.017195075750350952 0.004067420959472656
0.00900198519229889 0.014043092727661133 0.00520479679107666
0.007969766855239868 0.010931313037872314 0.003143012523651123
0.000554203987121582 0.003946483135223389 0.0113753080368042
0.0 0.0 0.009784698486328125
0.0 0.007905721664428711 0.011983394622802734
0.0 0.0034756362438201904 0.0018506050109863281
0.0 0.0028378069400787354 0.0
0.0 0.009959697723388672 0.0
0.0 0.009318411350250244 0.00538945198059082
0.0 0.0055827796459198 0.009701132774353027
0.0 0.004277735948562622 0.013249874114990234
0.0 0.0009647905826568604 0.008123338222503662
0.0 0.0016834437847137451 0.009346187114715576
0.0 0.003296405076980591 0.001809835433959961
0.0 0.008680284023284912 0.0026502013206481934
0.0007866472005844116 0.009298652410507202 0.01026850938796997
0.0 0.0 0.013754546642303467
0.004468902945518494 0.00369870662689209 0.0027642250061035156
0.0 0.011537641286849976 0.008507251739501953
0.0017004907131195068 0.01162111759185791 0.0
0.002875775098800659 0.017595916986465454 0.000102996826171875
0.006807044148445129 0.017947107553482056 0.0
0.0 0.020486950874328613 0.0
0.001961633563041687 0.010074198246002197 0.0
0.003925397992134094 0.008141845464706421 0.00033205747604370117
0.0 0.003941565752029419 0.005158901214599609
0.0 0.0018111467361450195 0.00529026985168457
0.0 0.0 0.004519283771514893
0.0 0.003566741943359375 0.009857594966888428
0.0 0.007360011339187622 0.01783156394958496
0.0 0.007779598236083984 0.018406689167022705
0.0008635371923446655 0.003385990858078003 0.0224992036819458
0.0 0.0020242631435394287 0.018413901329040527
0.0 0.0 0.017490029335021973
0.0001554042100906372 0.00851181149482727 0.014393210411071777
0.0037427544593811035 0.012350082397460938 0.013137996196746826
0.014374688267707825 0.007984399795532227 0.014893054962158203
0.013837382197380066 0.011001765727996826 0.012140631675720215
0.013048306107521057 0.01311597228050232 0.0
0.006684198975563049 0.014975309371948242 0.0
0.0 0.01741442084312439 0.0
0.0 0.014586597681045532 0.0
0.0 0.010057508945465088 0.0
0.0 0.013536274433135986 0.0
0.0 0.008798182010650635 0.0
0.0 0.0006906688213348389 0.0
0.0 0.016437172889709473 0.0
0.0 0.024015218019485474 0.0
0.0 0.01748642325401306 0.0
0.0 0.036703258752822876 0.0
0.0 0.048237144947052 0.0
0.0 0.0385613739490509 0.0
0.001630246639251709 0.05203846096992493 0.03468132019042969
0.008663862943649292 0.042387187480926514 0.08675128221511841
0.024705663323402405 0.03201782703399658 0.12710964679718018
0.02593676745891571 0.02415865659713745 0.1577247977256775
0.02895890176296234 0.015416562557220459 0.1793605089187622
0.022078871726989746 0.010090649127960205 0.17548203468322754
0.015007197856903076 0.0 0.161124587059021
0.0 0.0 0.10552364587783813
0.0 0.0 0.05890083312988281
0.0010481029748916626 0.0007988512516021729 0.02663397789001465
0.007066801190376282 0.0 0.009952068328857422
0.012164860963821411 0.008035272359848022 0.006403565406799316
0.01562778651714325 0.0085773766040802 0.006712853908538818
0.024766534566879272 0.0035361051559448242 0.01666557788848877
0.00833427906036377 0.00918358564376831 0.0
0.0 0.0 0.0
0.0 0.02063232660293579 0.0
0.0 0.0010489225387573242 0.0
0.0 0.003153562545776367 0.0
0.0 0.003504723310470581 0.010600090026855469
0.0 0.0 0.0
0.0 0.0 0.0
0.0 0.0019402503967285156 0.0
0.0 0.02157178521156311 0.0
0.0 0.015861541032791138 0.0
0.0 0.007574021816253662 0.0
0.0 0.01605600118637085 0.0
0.0 0.02960026264190674 0.0
0.0 0.044217050075531006 0.0
0.0 0.040772855281829834 0.0
0.0174725204706192 0.04142725467681885 0.0
0.021627232432365417 0.032446473836898804 0.043583810329437256
0.01488611102104187 0.02619469165802002 0.07035797834396362
0.011048398911952972 0.024197697639465332 0.0896567702293396
0.012720271944999695 0.015526741743087769 0.09642040729522705
0.024693556129932404 0.011938661336898804 0.1154024600982666
0.018330633640289307 0.004777133464813232 0.10574686527252197
0.001371920108795166 0.0005390644073486328 0.0855550765991211
0.0 0.0 0.06458127498626709
0.0 0.0 0.05236011743545532
0.005020856857299805 0.00036916136741638184 0.04887819290161133
0.0013189613819122314 0.007624387741088867 0.04502600431442261
0.0 0.011468708515167236 0.009093761444091797
0.0 0.0 0.0
0.0 0.0 0.0
0.002298682928085327 0.00961977243423462 0.0
0.007828041911125183 0.015139281749725342 0.0
0.01057104766368866 0.014555186033248901 0.0
0.011073604226112366 0.006260186433792114 0.017024636268615723
0.011148959398269653 0.002964019775390625 0.03667008876800537
0.006433531641960144 0.013237565755844116 0.050520122051239014
0.0 0.003902941942214966 0.0
0.0 0.0 0.0
0.0 0.0 0.0
0.0 0.0039359331130981445 0.0
0.0 0.006555706262588501 0.0
0.0 0.007808029651641846 0.0
0.0 0.0 0.0
0.0 0.0013320744037628174 0.0
0.0 0.004298150539398193 0.0
0.0 0.006772339344024658 0.0
0.0 0.00952652096748352 0.0
0.0 0.014921814203262329 0.0
0.0 0.020704001188278198 0.0
0.0 0.025299757719039917 0.0
0.00043539702892303467 0.02954697608947754 0.0
0.007408231496810913 0.05188870429992676 0.0324324369430542
0.020287342369556427 0.04301244020462036 0.06317734718322754
0.032979413866996765 0.04194682836532593 0.08213746547698975
0.034658871591091156 0.03679436445236206 0.10170459747314453
0.027000553905963898 0.013836026191711426 0.09155172109603882
0.030615516006946564 0.005020737648010254 0.09278082847595215
0.015784375369548798 0.006321907043457031 0.08822232484817505
0.004747793078422546 0.005068719387054443 0.06875872611999512
0.008087672293186188 0.0 0.06804013252258301
0.0006758570671081543 0.0 0.07217860221862793
0.01294448971748352 0.0 0.08821606636047363
0.03796221315860748 0.0 0.13913244009017944
0.04170265793800354 0.006340384483337402 0.170732319355011
0.031047403812408447 0.01896342635154724 0.16490232944488525
0.00013117492198944092 0.009671419858932495 0.07067704200744629
0.012028917670249939 0.023961663246154785 0.02180379629135132
0.005328506231307983 0.010436058044433594 0.0
0.0 0.0 0.0
0.0 0.0 0.0
0.0 0.004922419786453247 0.0
0.0 0.008961737155914307 0.0
0.0 0.01128891110420227 0.0
0.0 0.007770121097564697 0.0
0.0 0.01931619644165039 0.0
0.0 0.020767509937286377 0.0
0.0 0.023810744285583496 0.0
0.0 0.006080269813537598 0.0
0.0 0.0 0.0
0.0 0.011636734008789062 0.0
0.0 0.005621492862701416 0.0
0.0 0.0284540057182312 0.0
0.0 0.0431363582611084 0.0
0.0 0.04109317064285278 0.023924648761749268
0.0 0.04888823628425598 0.03613603115081787
0.0 0.044495999813079834 0.06683635711669922
0.00822412222623825 0.03187495470046997 0.09197336435317993
0.00017958879470825195 0.021488845348358154 0.10965955257415771
0.008722975850105286 0.01323479413986206 0.1297227144241333
0.010959059000015259 0.013757705688476562 0.1333843469619751
0.012611843645572662 0.010329723358154297 0.12547260522842407
0.030397817492485046 0.015981078147888184 0.12689495086669922
0.05031643807888031 0.015376806259155273 0.13151657581329346
0.048024311661720276 0.023365914821624756 0.12224447727203369
0.040919676423072815 0.022439569234848022 0.10453629493713379
0.047637224197387695 0.019434630870819092 0.09381246566772461
0.051017239689826965 0.019368141889572144 0.09654200077056885
0.04983800649642944 0.02610751986503601 0.10092246532440186
0.02367529273033142 0.01916736364364624 0.07718855142593384
0.019939526915550232 0.014994263648986816 0.05643117427825928
0.015697911381721497 0.006076931953430176 0.028590857982635498
0.0 0.015016913414001465 0.0
0.0 0.0 0.0
0.0 0.0 0.0
0.0 0.0 0.0
0.0 0.0 0.0
0.0 0.0 0.0
0.0 0.007135570049285889 0.0
0.0 0.0 0.0
0.0 0.03246355056762695 0.0
0.0 0.004574835300445557 0.0
0.0 0.0214480459690094 0.0
0.0 0.006254255771636963 0.0
0.0 0.016749411821365356 0.0
0.0 0.014949411153793335 0.0
0.0 0.016007930040359497 0.0
0.0 0.020672112703323364 0.0
0.0 0.03218352794647217 0.0
0.0 0.04203513264656067 0.0
0.0 0.052351564168930054 0.03271746635437012
0.01932068169116974 0.047076523303985596 0.10968011617660522
0.018120326101779938 0.048089802265167236 0.1351776123046875
0.02738470584154129 0.025525569915771484 0.13289380073547363
0.028617560863494873 0.023273825645446777 0.14150172472000122
0.04684775322675705 0.009104013442993164 0.17030644416809082
0.04790389537811279 0.01326906681060791 0.18153411149978638
0.033460743725299835 0.015412747859954834 0.16883230209350586
0.011233672499656677 0.010515838861465454 0.10856485366821289
0.015656307339668274 0.016131997108459473 0.049910664558410645
0.037821680307388306 0.009881705045700073 0.027586042881011963
0.05358804762363434 0.013675332069396973 0.03418433666229248
0.03442701697349548 0.018257975578308105 0.04881012439727783
0.018316179513931274 0.011064320802688599 0.05538290739059448
0.007192939519882202 0.01050373911857605 0.03667283058166504
0.005389764904975891 0.02647554874420166 0.005670309066772461
0.011426344513893127 0.01759430766105652 0.0
0.016248971223831177 0.008596032857894897 0.0
0.010896801948547363 0.0333174467086792 0.0
0.0 0.0 0.0
0.0 0.0 0.0
0.0 0.0 0.0
0.0 0.0 0.0
0.0 0.0 0.0
0.0 0.0 0.0
0.0 0.0008391737937927246 0.0
0.0 0.002879619598388672 0.0
0.0 0.015081286430358887 0.0
0.0 0.0130079984664917 0.0
0.0 0.012010365724563599 0.0
0.0 0.0395086407661438 0.001220703125
0.0 0.0286104679107666 0.011068940162658691
0.013185068964958191 0.029506653547286987 0.019855380058288574
0.006686806678771973 0.03785306215286255 0.011841356754302979
0.0 0.03590291738510132 0.010394692420959473
0.018146976828575134 0.036321014165878296 0.0393068790435791
0.018531441688537598 0.024760693311691284 0.04347050189971924
0.025822341442108154 0.029100239276885986 0.05986374616622925
0.024279683828353882 0.02154982089996338 0.08029943704605103
0.037585482001304626 0.01898723840713501 0.09578537940979004
0.057588547468185425 0.016210943460464478 0.12582629919052124
0.06331641972064972 0.013738483190536499 0.15216755867004395
0.061895713210105896 0.025386780500411987 0.17660152912139893
0.06936976313591003 0.014866024255752563 0.19568681716918945
0.08458954095840454 0.009672820568084717 0.19336479902267456
0.0844801664352417 0.02424207329750061 0.17373788356781006
0.07765039801597595 0.03211882710456848 0.13396000862121582
0.030484318733215332 0.028578370809555054 0.04910653829574585
0.0 0.0 0.0
0.0 0.0 0.0
0.0 0.0 0.0
0.0 0.0 0.0
0.0 0.0 0.0
0.0 0.007253885269165039 0.0
0.0 0.007904052734375 0.0
0.0 0.012934267520904541 0.0
0.0 0.010626137256622314 0.0
0.0 0.00957903265953064 0.0
0.0 0.017124474048614502 0.0
0.0 0.016224443912506104 0.0
0.0 0.011845499277114868 0.0
0.0 0.020374059677124023 0.0
0.0 0.029079198837280273 0.005146384239196777
0.0 0.03295081853866577 0.02624654769897461
0.0 0.03248995542526245 0.0516238808631897
0.01599481701850891 0.03921616077423096 0.08513230085372925
0.016129955649375916 0.03988334536552429 0.10646188259124756
0.02373722940683365 0.03820621967315674 0.11188191175460815
0.019919507205486298 0.02730584144592285 0.11276012659072876
0.02853097766637802 0.02369171380996704 0.11237585544586182
0.03700116276741028 0.017227917909622192 0.08568680286407471
0.03491968661546707 0.017209768295288086 0.09279906749725342
0.04211811721324921 0.018000900745391846 0.09134197235107422
0.051888592541217804 0.0037988126277923584 0.08897054195404053
0.030495882034301758 0.009935855865478516 0.07397711277008057
0.011253289878368378 0.010227233171463013 0.04183018207550049
0.006253719329833984 0.007398128509521484 0.0
0.0025332123041152954 0.020267874002456665 0.0
0.01261439174413681 0.016523778438568115 0.0
0.00825287401676178 0.008506953716278076 0.0
0.0 0.0057496726512908936 0.011389195919036865
0.0 0.0 0.0
0.0 0.0 0.0
0.0 0.0 0.0
0.0 0.010433405637741089 0.0
0.0 0.015144258737564087 0.0
0.0 0.013135910034179688 0.0
0.0 0.009313851594924927 0.0
0.0 0.0 0.003623664379119873
0.0 0.0 0.013607442378997803
0.0 0.007387727499008179 0.02008301019668579
0.0011866241693496704 0.011484295129776001 0.03299921751022339
0.0026704221963882446 0.010945647954940796 0.02926456928253174
0.003999009728431702 0.006370514631271362 0.029792308807373047
0.003773331642150879 0.005964219570159912 0.016895830631256104
0.0035431385040283203 0.007638663053512573 0.007955789566040039
0.0030686557292938232 0.008598268032073975 0.0
0.0 0.012495756149291992 0.0
0.0 0.010587811470031738 0.0
0.0010534673929214478 0.006809502840042114 0.0
0.0 0.006571471691131592 0.002758026123046875
0.00033542513847351074 0.0028510987758636475 0.007085561752319336
0.0006027072668075562 0.006345123052597046 0.012105405330657959
0.0 0.00666382908821106 0.016343295574188232
0.0 0.009160637855529785 0.010431170463562012
0.0 0.00837603211402893 0.00917428731918335
0.0 0.002864331007003784 0.0009142160415649414
0.0 0.0021538138389587402 0.0
0.0 0.0038309693336486816 0.0
0.000393599271774292 0.009155422449111938 0.0
0.0 0.01271587610244751 0.002893507480621338
0.0 0.007113218307495117 0.004099786281585693
0.0016316771507263184 0.0062039196491241455 0.00018107891082763672
0.0 0.010600149631500244 0.007110536098480225
0.00038157403469085693 0.009922057390213013 0.005561530590057373
0.0 0.009118765592575073 0.007392525672912598
0.0 0.007027864456176758 0.007256269454956055
0.0 0.008289128541946411 0.005501210689544678
0.0 0.0078258216381073 0.0023386478424072266
0.0 0.005792528390884399 0.0027521848678588867
0.0 0.005572319030761719 0.0019589662551879883
0.0 0.004827976226806641 0.003233969211578369
0.0 0.007270842790603638 0.008479773998260498
0.0 0.006212741136550903 0.012886404991149902
0.0 0.003309577703475952 0.00674670934677124
0.0 0.004096269607543945 0.011267244815826416
0.0 0.004930675029754639 0.009047329425811768
0.0 0.0017798840999603271 0.006724059581756592
0.0 0.0034561455249786377 0.004064440727233887
0.0 0.004495680332183838 0.003805100917816162
0.0 0.007590949535369873 0.009499967098236084
0.0 0.005631119012832642 0.0010699033737182617
0.0 0.004981011152267456 0.005661368370056152
0.0 0.004185497760772705 0.0
0.0 0.0 0.003366231918334961
0.0 0.008201658725738525 0.012911438941955566
0.004041314125061035 0.0016932785511016846 0.036269187927246094
0.015191316604614258 0.0 0.02343529462814331
0.019836395978927612 0.0 0.058722496032714844
0.04049667716026306 0.0036653876304626465 0.07392841577529907
0.023601487278938293 0.022550374269485474 0.09152287244796753
0.0 0.12706509232521057 0.03302156925201416
0.2093299925327301 0.16418731212615967 0.0
0.14312833547592163 0.16256830096244812 0.0
0.2105727195739746 0.23775508999824524 0.0
0.17683875560760498 0.2782222330570221 0.0
0.13772088289260864 0.2745647728443146 0.0
0.016418755054473877 0.3423079252243042 0.0
0.0 0.2622036039829254 0.0
0.17719388008117676 0.15798625349998474 0.0
0.0 0.2933772802352905 0.0
0.0 0.1713038682937622 0.0
0.0 0.08468702435493469 0.0
0.0 0.18422606587409973 0.0
0.0 0.13188964128494263 0.0
0.0 0.0 0.5311930179595947
0.0 0.3454097807407379 0.6374402046203613
0.0 0.3268434703350067 0.7978379726409912
0.0 0.34089183807373047 0.6504294872283936
0.0 0.4502110481262207 0.4705812931060791
0.0 0.3200005888938904 0.42258763313293457
0.0 0.6123141050338745 0.34200048446655273
0.0 0.5928028225898743 0.22115325927734375
0.0 0.39774370193481445 0.25245606899261475
0.0 0.3007386326789856 0.24434518814086914
0.0 0.3540782332420349 0.2978938817977905
0.011162519454956055 0.44373178482055664 0.26314985752105713
0.03986549377441406 0.38887614011764526 0.25536245107650757
0.10213866829872131 0.297210693359375 0.2533190846443176
0.07975621521472931 0.28181350231170654 0.30832427740097046
0.08888548612594604 0.32534128427505493 0.32393765449523926
0.08388888835906982 0.3308430314064026 0.31775832176208496
0.09715723246335983 0.27243268489837646 0.2522011995315552
0.06565403193235397 0.18525433540344238 0.2485111951828003
0.04053167998790741 0.15478837490081787 0.2432941198348999
0.053903475403785706 0.15812736749649048 0.09026819467544556
0.05663210153579712 0.08355695009231567 0.08948969841003418
0.0060150474309921265 0.23394125699996948 0.11452507972717285
0.0 0.15110349655151367 0.09385371208190918
0.0 0.09479004144668579 0.07784581184387207
0.05652570724487305 0.14041227102279663 0.022207677364349365
0.18905557692050934 0.14989244937896729 0.0
0.14851181209087372 0.25727275013923645 0.0
0.051136475056409836 0.17956510186195374 0.0
0.03022116608917713 0.09841346740722656 0.0
0.0 0.047628700733184814 0.0
0.0 0.0 0.0
0.0 0.006528884172439575 0.0
0.0 0.06446048617362976 0.0
0.0 0.0 0.0
0.06727705150842667 0.07060718536376953 0.0
0.019548144191503525 0.10198181867599487 0.0
0.11891859769821167 0.0 0.0
0.0 0.025259792804718018 0.0
0.0 0.04513198137283325 0.0
0.04331198334693909 0.006282389163970947 0.0
0.0 0.04241487383842468 0.0
0.0 0.03477206826210022 0.0
0.017772067338228226 0.020608574151992798 0.0
0.057772696018218994 0.03216329216957092 0.08421605825424194
0.08290212601423264 0.026767104864120483 0.09735751152038574
0.04241011291742325 0.06347641348838806 0.11015695333480835
0.00210590660572052 0.0 0.004523634910583496
0.0 0.08647105097770691 0.0
0.026170838624238968 0.0 0.0
0.09790965914726257 0.08073768019676208 0.013697326183319092
0.006758332252502441 0.0030927062034606934 0.0
0.0 0.008600741624832153 0.0
0.0 0.010585874319076538 0.0
0.0 0.005919754505157471 0.0
0.0 0.007327467203140259 0.0023114681243896484
0.0 0.0 0.015678763389587402
0.0 0.0 0.02268606424331665
0.0 0.0 0.025188744068145752
0.0 0.0 0.02315831184387207
0.0 0.0 0.0279386043548584
0.0 0.005154013633728027 0.014020383358001709
0.0 0.0009160339832305908 0.0002548694610595703
0.0 0.0054028332233428955 0.0
0.0 0.009686648845672607 0.0
0.0 0.013666152954101562 0.0
0.0 0.017617911100387573 0.004641592502593994
0.0 0.015000611543655396 0.0
0.0 0.0 0.0022534728050231934
0.0 0.0 0.012079477310180664
0.0 0.0 0.0008947849273681641
0.0 0.00011798739433288574 0.015317201614379883
0.0 0.006519734859466553 0.014248430728912354
0.0 0.009033739566802979 0.00040084123611450195
0.0 0.014514029026031494 0.013791203498840332
0.0006942562758922577 0.014153391122817993 0.016816437244415283
0.0 0.004763990640640259 0.0
0.0 0.0064296722412109375 0.0
0.0 0.009803950786590576 0.0
0.0 0.013308525085449219 0.0
0.0 0.013309329748153687 0.0
0.0 0.0092659592628479 0.007697403430938721
0.0 0.0081215500831604 0.0076236724853515625
0.0 0.0060093700885772705 0.011386394500732422
0.0 0.006371796131134033 0.004041135311126709
0.004970721900463104 0.008243173360824585 0.017105519771575928
0.0 0.013306021690368652 0.018640875816345215
0.002188626676797867 0.0072202980518341064 0.020969688892364502
0.0034757591784000397 0.011102348566055298 0.014742553234100342
0.0 0.002512902021408081 0.011609911918640137
0.0 0.005714207887649536 0.0
0.0 0.003545701503753662 0.0
0.0 0.010010302066802979 0.0
0.0 0.014752835035324097 0.0
0.0 0.014281809329986572 0.00320512056350708
0.0 0.01495128870010376 0.009138107299804688
0.0029121041297912598 0.013856977224349976 0.013103127479553223
0.01883774623274803 0.017575562000274658 0.011904895305633545
0.013905759900808334 0.020868360996246338 0.012538790702819824
0.023897122591733932 0.022791177034378052 0.00654447078704834
0.04526317119598389 0.03150513768196106 0.00504690408706665
0.0420662984251976 0.03852033615112305 0.0
0.025890015065670013 0.05354693531990051 0.0
0.03900638222694397 0.056657999753952026 0.0
0.03433647006750107 0.05155476927757263 0.0
0.022031299769878387 0.051527589559555054 0.0
0.053112708032131195 0.05426257848739624 0.023002684116363525
0.04383404552936554 0.03565019369125366 0.0
0.021831020712852478 0.04293620586395264 0.013218939304351807
0.016592159867286682 0.02114078402519226 0.0
0.003031790256500244 0.027341902256011963 0.0015978813171386719
0.017904207110404968 0.023516327142715454 0.015284419059753418
0.007975876331329346 0.004524976015090942 0.016204237937927246
0.0 0.0013368427753448486 0.019955933094024658
0.0 0.0 0.019021809101104736
0.0 0.0 0.021258175373077393
0.0 0.0 0.024073541164398193
0.0 0.0 0.019560694694519043
0.0 0.0 0.017563998699188232
0.0 0.0 0.005041360855102539
0.0 0.0 0.013026416301727295
0.0 0.0 0.012992024421691895
0.0 0.0 0.009333193302154541
0.0 0.0 0.013367116451263428
0.0 0.0 0.01631563901901245
0.0 0.0 0.019107043743133545
0.0 0.012166321277618408 0.017090201377868652
0.0 0.030554503202438354 0.014965534210205078
0.0 0.04730600118637085 0.025394737720489502
0.027578391134738922 0.061176449060440063 0.03060084581375122
0.045123133808374405 0.0658876895904541 0.01811206340789795
0.06197524815797806 0.06405752897262573 0.0
0.0828959196805954 0.060085684061050415 0.0
0.08916759490966797 0.059591472148895264 0.0
0.09893706440925598 0.05979931354522705 0.0
0.10647011548280716 0.06907260417938232 0.0
0.10146013647317886 0.07398772239685059 0.0030524730682373047
0.07082401216030121 0.07248225808143616 0.0
0.07382036000490189 0.06633973121643066 0.0
0.06548183411359787 0.06514275074005127 0.0
0.08183575421571732 0.0719963014125824 0.0
0.08113410323858261 0.0672500729560852 0.0002789497375488281
0.045055486261844635 0.06561234593391418 0.007082641124725342
0.0010577291250228882 0.05013132095336914 0.0
0.0 0.01322910189628601 0.0
0.0011494755744934082 0.0011467039585113525 0.0
0.003940850496292114 0.01427963376045227 0.0024828314781188965
0.0 0.01839420199394226 0.0011581778526306152
0.0 0.0 0.0
0.0 0.0 0.0030426979064941406
0.0 0.0 0.018365800380706787
0.0 0.0 0.0338173508644104
0.0 0.0036672353744506836 0.03518456220626831
0.0 0.0 0.019483327865600586
0.0 0.0 0.0177687406539917
0.0 0.0 0.031153559684753418
0.0 0.0 0.04965388774871826
0.0 0.0 0.04502218961715698
0.0 0.0 0.030783653259277344
0.0 0.0 0.016881346702575684
0.0 0.0 0.017164945602416992
0.0 0.0 0.025584876537322998
0.0 0.0009655952453613281 0.03420907258987427
0.0 0.013612419366836548 0.032025277614593506
0.0 0.020813435316085815 0.028205275535583496
0.0 0.03259241580963135 0.012229681015014648
0.005734547972679138 0.035233914852142334 0.0
0.035680174827575684 0.0418374240398407 0.0
0.03657075762748718 0.04456949234008789 0.0
0.031579166650772095 0.043784111738204956 0.0
0.02859802544116974 0.039905935525894165 0.0
0.03691278398036957 0.041525691747665405 0.0
0.05679053068161011 0.046081364154815674 0.0
0.06556534767150879 0.05598682165145874 0.0
0.07680721580982208 0.06694650650024414 0.0
0.06555740535259247 0.07059791684150696 0.0
0.060490429401397705 0.06608319282531738 0.0
0.05599553883075714 0.04753166437149048 0.0
0.045515209436416626 0.04078987240791321 0.0
0.043096646666526794 0.047975122928619385 0.0
0.03733271360397339 0.053742796182632446 0.0
0.020224615931510925 0.07244384288787842 0.0
0.03977683186531067 0.0685991644859314 0.0
0.047167032957077026 0.03662842512130737 0.0
0.030716121196746826 0.03938302397727966 0.0
0.011823490262031555 0.03237104415893555 0.0015438199043273926
0.0 0.02896350622177124 0.0
0.0 0.01600736379623413 0.015637755393981934
0.0 0.0009101033210754395 0.005966365337371826
0.0 0.0 0.02160823345184326
0.0 0.0 0.03565859794616699
0.0 0.0 0.05471515655517578
0.0 0.0 0.052188754081726074
0.0 0.0 0.04366767406463623
0.0 0.0 0.04068714380264282
0.0 0.0 0.03588426113128662
0.0 0.0 0.029574215412139893
0.0 0.0 0.035730183124542236
0.0 0.0 0.03759956359863281
0.0 0.0 0.038018882274627686
0.0 0.0 0.02903437614440918
0.0 0.0 0.025750577449798584
0.0 0.005127370357513428 0.009168505668640137
0.0 0.019197732210159302 0.005513310432434082
0.0 0.031294405460357666 0.0
0.0 0.042762935161590576 0.0
0.0 0.027414172887802124 0.0
0.02820165455341339 0.0258103609085083 0.0011676549911499023
0.024673908948898315 0.04485329985618591 0.009387195110321045
0.04395925998687744 0.044806599617004395 0.013854026794433594
0.06305620819330215 0.053318679332733154 0.009773671627044678
0.06645110249519348 0.06495517492294312 0.003260195255279541
0.06445213407278061 0.06703811883926392 0.0
0.0748944878578186 0.07373803853988647 0.0
0.08884929865598679 0.07672616839408875 0.0
0.08843716979026794 0.07476133108139038 0.0
0.08034000545740128 0.06989315152168274 0.0
0.07480107247829437 0.06819808483123779 0.0
0.06872546672821045 0.06661215424537659 0.0
0.056001096963882446 0.0747741162776947 0.0
0.05882316827774048 0.07080137729644775 0.0
0.057868748903274536 0.06667295098304749 0.0
0.022986367344856262 0.060990095138549805 0.0
0.0389699786901474 0.04769110679626465 0.0
0.0 0.04281139373779297 0.006838500499725342
0.0 0.02721390128135681 0.0
0.0 0.0 0.0
0.0 0.0 0.006161749362945557
0.0 0.0 0.026604890823364258
0.0 0.0 0.04616701602935791
0.0 0.0 0.03338366746902466
0.0 0.0 0.011091828346252441
0.0 0.0 0.018848180770874023
0.0 0.0 0.040498554706573486
0.0 0.0 0.056088149547576904
0.0 0.0 0.05187368392944336
0.0 0.0 0.03854846954345703
0.0 0.0 0.028568804264068604
0.0 0.0 0.02281564474105835
0.0 0.0 0.02728736400604248
0.0 0.0 0.03598058223724365
0.0 0.00013977289199829102 0.03286111354827881
0.0 0.010601401329040527 0.028917789459228516
0.0 0.011443644762039185 0.02096378803253174
0.0 0.019800126552581787 0.01617121696472168
0.0 0.03947010636329651 0.0028840303421020508
0.014939993619918823 0.03964206576347351 0.0016459822654724121
0.03255447745323181 0.05095246434211731 0.0005648136138916016
0.03197315335273743 0.05730551481246948 0.004874765872955322
0.030985817313194275 0.046817004680633545 0.0
0.03759801387786865 0.03693950176239014 0.0
0.03784734010696411 0.036882489919662476 0.0
0.05534857511520386 0.04245203733444214 0.0
0.057307153940200806 0.04607051610946655 0.0
0.050084859132766724 0.05441170930862427 0.0
0.047571659088134766 0.06495219469070435 0.0
0.03547842800617218 0.057116925716400146 0.0
0.036935314536094666 0.04342523217201233 0.0
0.030729904770851135 0.035907477140426636 0.0
0.014324158430099487 0.027018189430236816 0.0
0.01423749327659607 0.021935373544692993 0.0
0.00887422263622284 0.02304089069366455 0.0
0.0 0.021781355142593384 0.0036821365356445312
0.0 0.01015523076057434 0.015566349029541016
0.0 0.0 0.026857495307922363
0.0 0.0 0.02943629026412964
0.0 0.0 0.023088514804840088
0.0 0.0 0.01848423480987549
0.0 0.0 0.01932889223098755
0.0 0.0 0.01685863733291626
0.0 0.0 0.018128633499145508
0.0 0.0 0.018941044807434082
0.0 0.0 0.011780261993408203
0.0 0.0 0.012240231037139893
0.0 0.0 0.00804746150970459
0.0 0.004204541444778442 0.0080949068069458
0.0 0.0022712647914886475 0.0006544589996337891
0.0 0.0010204911231994629 0.0007375478744506836
0.0 0.0011041462421417236 0.0009611248970031738
0.0 0.010363250970840454 0.0038028955459594727
0.0 0.00989428162574768 0.0018393993377685547
0.0 0.01212337613105774 0.006084442138671875
0.0 0.010977089405059814 0.0038397908210754395
0.0 0.008074313402175903 0.004977285861968994
0.0012180358171463013 0.008197367191314697 0.007643640041351318
0.0 0.010788053274154663 0.0041075944900512695
0.0 0.010000944137573242 0.00010651350021362305
0.0 0.01214781403541565 0.0
0.0 0.002300441265106201 0.0
0.0 0.006939113140106201 0.002901017665863037
0.0 0.005865126848220825 0.009542763233184814
0.0 0.006419509649276733 0.01682072877883911
0.0 0.003465592861175537 0.020367741584777832
0.0 0.00443798303604126 0.01701068878173828
0.0006952285766601562 0.010951817035675049 0.013246476650238037
0.0 0.013654232025146484 0.008450210094451904
0.0 0.008788973093032837 0.0
0.0 0.012168437242507935 0.0003132820129394531
0.0 0.0086803138256073 0.0
0.0 0.0018796920776367188 0.0
0.0 0.007078200578689575 0.009722232818603516
0.0 0.003568291664123535 0.011968553066253662
0.0 0.0 0.013490557670593262
0.0 0.0 0.018730223178863525
0.0 0.0 0.02937459945678711
0.0 0.0 0.05838865041732788
0.0 0.0 0.09409034252166748
0.0 0.0 0.14753872156143188
0.0 0.0 0.1465378999710083
0.0 0.0 0.06339263916015625
0.0 0.05596913397312164 0.020707249641418457
0.05923303961753845 0.09729784727096558 0.01014721393585205
0.08834958076477051 0.1496802121400833 0.0
0.13962438702583313 0.26247698068618774 0.0
0.23462408781051636 0.32076916098594666 0.0
0.18744570016860962 0.4682173728942871 0.0
0.20537465810775757 0.5520135760307312 0.0
0.1568673849105835 0.5394285321235657 0.0
0.10909724235534668 0.44266456365585327 0.0
0.11092418432235718 0.3312717080116272 0.0
0.07651734352111816 0.0909929871559143 0.0
0.0 0.012697070837020874 0.0
0.0 0.0510733425617218 0.0
0.0 0.14463669061660767 0.0
0.0 0.0728292167186737 0.0
0.0 0.0 0.2753918170928955
0.0 0.17074471712112427 0.4558373689651489
0.0 0.15660002827644348 0.5031253695487976
0.0 0.3127639591693878 0.6081070899963379
0.0 0.35973289608955383 0.5136860609054565
0.0 0.38907158374786377 0.44104570150375366
0.0 0.40128517150878906 0.4014649987220764
0.0 0.35853302478790283 0.48091578483581543
0.0 0.30635005235671997 0.35408008098602295
0.0 0.40333837270736694 0.3175409436225891
0.0 0.48785871267318726 0.3414073586463928
0.02884089946746826 0.4761536121368408 0.32751351594924927
0.11013446748256683 0.40189701318740845 0.35474371910095215
0.04916924238204956 0.3755156397819519 0.38946861028671265
0.03696684539318085 0.3688448667526245 0.4485852122306824
0.04801677167415619 0.3776591420173645 0.4228705167770386
0.11411578953266144 0.3199573755264282 0.357547402381897
0.12585170567035675 0.3265860676765442 0.2873528003692627
0.18183669447898865 0.28914427757263184 0.2879798412322998
0.17390353977680206 0.2941704988479614 0.24688422679901123
0.1675196886062622 0.28124648332595825 0.20653772354125977
0.13955190777778625 0.31564295291900635 0.07065832614898682
0.032123975455760956 0.2567444443702698 0.0
0.0 0.22836127877235413 0.0
0.012042015790939331 0.2075050175189972 0.0
0.06704098731279373 0.16539829969406128 0.0
0.022934257984161377 0.12558171153068542 0.0
0.0 0.04339900612831116 0.0
0.0 0.03617677092552185 0.0
0.0 0.0081787109375 0.0
0.0 0.01419326663017273 0.0
0.0 0.036176323890686035 0.0
0.0 0.030202120542526245 0.0
0.0 0.029182076454162598 0.03185540437698364
0.0 0.03497111797332764 0.07219552993774414
0.02436564862728119 0.050168514251708984 0.1169007420539856
0.03758566081523895 0.043233901262283325 0.12749415636062622
0.02580903470516205 0.03279641270637512 0.11766159534454346
0.03305298089981079 0.01909083127975464 0.12327075004577637
0.03030349314212799 0.0029294192790985107 0.09534215927124023
0.037649109959602356 0.009337931871414185 0.07248550653457642
0.03916342556476593 0.00972697138786316 0.03241991996765137
0.037348777055740356 0.0009829699993133545 0.0
0.0020077526569366455 0.005356550216674805 0.0
0.0 0.0 0.0
0.0 0.0 0.0
0.0 0.014795422554016113 0.0
0.0 0.0177040696144104 0.0
0.0 0.01889139413833618 0.0
0.0 0.011953920125961304 0.0
0.0 0.015761613845825195 0.0
0.0 0.017439723014831543 0.0
0.0 0.02209511399269104 0.02574300765991211
0.0 0.012919515371322632 0.0446850061416626
0.0 0.003467738628387451 0.04291796684265137
0.0 0.0 0.037740886211395264
0.008119314908981323 0.0 0.038248300552368164
0.0052987635135650635 0.003901928663253784 0.018176555633544922
0.0 0.006822943687438965 0.01872885227203369
0.0 0.007909536361694336 0.006371617317199707
0.0 0.005746513605117798 0.0
0.0 0.013497978448867798 0.0
0.0 0.017846405506134033 0.0
0.0 0.011651426553726196 0.0
0.0 0.0 0.05519825220108032
0.02985842525959015 0.027369409799575806 0.0
0.0 0.01118004322052002 0.024587392807006836
0.0 0.031705260276794434 0.0
0.006496652960777283 0.024523675441741943 0.0
0.0006795227527618408 0.043063998222351074 0.0
0.0 0.020869672298431396 0.0
0.0 0.019539743661880493 0.017469406127929688
0.0 0.0 0.06369805335998535
0.0 0.0 0.05676233768463135
0.016854405403137207 0.02240610122680664 0.03300034999847412
0.006825104355812073 0.0018301308155059814 0.0
0.0 0.0046464502811431885 0.0
0.0 0.0 0.03360795974731445
0.0027981698513031006 0.0 0.050349533557891846
0.011134549975395203 0.006549268960952759 0.040866851806640625
0.0 0.0021868348121643066 0.0
0.0 0.013732224702835083 0.0
0.00014021992683410645 0.0 0.0
0.005599185824394226 0.004929602146148682 0.018302738666534424
0.0 0.014520257711410522 0.022525429725646973
0.0 0.014624863862991333 0.0
0.0 0.019428551197052002 0.0
0.006005331873893738 0.023330777883529663 0.0
0.0 0.012802869081497192 0.0025394558906555176
0.0 0.0031763017177581787 0.01917445659637451
0.0 0.008536338806152344 0.023318588733673096
0.0 0.0027576982975006104 0.005875587463378906
0.0 0.009211480617523193 0.0
0.0 0.020601660013198853 0.0029384493827819824
0.0 0.01443183422088623 0.0
0.0 0.008039414882659912 0.0013408660888671875
0.008473396301269531 0.021265536546707153 0.063343346118927
0.007786259055137634 0.0 0.03774482011795044
0.0 0.0305730402469635 0.012504041194915771
0.00298859179019928 0.025599509477615356 0.0
0.005843117833137512 0.007317036390304565 0.0
0.0 0.0 0.0
0.0 0.0 0.01595127582550049
0.0 0.0 0.0
0.023488104343414307 0.0 0.0
