0.0 0.0 0.0027674436569213867
0.0 0.0 0.0
0.0 0.0 0.0
0.0 0.0 0.015874028205871582
0.0 0.0 0.04290294647216797
0.0 0.00520247220993042 0.02183842658996582
0.01694658398628235 0.0007763803005218506 0.018413424491882324
0.021315336227416992 0.0011709630489349365 0.009348094463348389
0.004449889063835144 0.014686256647109985 0.009020447731018066
0.00856037437915802 0.015685677528381348 0.0
0.005731761455535889 0.013936161994934082 0.0
0.01213371753692627 0.014375746250152588 0.0
0.01413513720035553 0.014985352754592896 0.007090866565704346
0.013033956289291382 0.011746972799301147 0.004518747329711914
0.015246599912643433 0.009416282176971436 0.010818958282470703
0.007899612188339233 0.007082611322402954 0.0
0.005994722247123718 0.007125943899154663 0.003949284553527832
0.008027434349060059 0.005819976329803467 0.002231299877166748
0.004101812839508057 0.004015982151031494 0.012130677700042725
0.0039010941982269287 0.0049783289432525635 0.01268833875656128
0.0 0.004295140504837036 0.01090782880783081
0.0 0.0 0.0022795796394348145
0.0 0.0 0.0043177008628845215
0.0010492056608200073 0.0033655762672424316 0.011988580226898193
0.005302891135215759 0.0 0.014499783515930176
0.00816771388053894 0.006314903497695923 0.016029000282287598
0.009926170110702515 0.0063194334506988525 0.012937068939208984
0.004918545484542847 0.00881969928741455 0.009660840034484863
0.0010802894830703735 0.003163576126098633 0.0
0.002478167414665222 0.002922743558883667 0.0036954283714294434
0.0003314167261123657 0.0030556917190551758 0.009289443492889404
0.002696797251701355 0.0 0.005594909191131592
0.0 0.008736491203308105 0.0
0.0 0.00524449348449707 0.00144118070602417
0.001351580023765564 0.006058394908905029 0.0051749348640441895
0.004338100552558899 0.007520884275436401 0.009311437606811523
0.005251586437225342 0.006977260112762451 0.012080073356628418
0.001220405101776123 0.004943758249282837 0.007651925086975098
0.0 0.004300475120544434 0.0025146007537841797
0.004429981112480164 0.0 0.00667119026184082
0.0005540698766708374 0.00263938307762146 0.011342406272888184
0.0 0.003367871046066284 0.005703628063201904
0.004186570644378662 0.0014766454696655273 0.005868792533874512
0.003021135926246643 0.005882620811462402 0.001782059669494629
0.00015632808208465576 0.006636977195739746 0.00467836856842041
0.004456445574760437 0.002235502004623413 0.008281230926513672
0.002612009644508362 0.00437965989112854 0.010928630828857422
0.003404468297958374 0.004721552133560181 0.008391141891479492
0.006792694330215454 0.003825634717941284 0.00799483060836792
0.001344919204711914 0.003708571195602417 0.006086528301239014
0.0 0.001790761947631836 0.0029363036155700684
0.00048354268074035645 0.0 0.007057547569274902
0.0 0.0 0.008596539497375488
0.002366110682487488 0.0005447268486022949 0.010724782943725586
0.0 0.004289865493774414 0.006282687187194824
0.0 0.0032820403575897217 0.005858421325683594
0.002526402473449707 0.004728734493255615 0.011094748973846436
0.0011060833930969238 0.0038520395755767822 0.007998764514923096
0.0 0.00019884109497070312 0.0012727975845336914
0.003307819366455078 0.0008707940578460693 0.0029852986335754395
0.001191854476928711 0.003948420286178589 0.002869904041290283
0.0 0.006085693836212158 0.005383908748626709
0.0038985610008239746 0.004156529903411865 0.007972955703735352
0.0006804764270782471 0.0047965943813323975 0.012966394424438477
0.001864507794380188 0.000920027494430542 0.007725417613983154
0.0005982369184494019 0.0 0.0067247748374938965
0.0014649629592895508 0.0 0.003271162509918213
0.0029638707637786865 0.0 0.005685985088348389
0.0006905198097229004 0.0026770830154418945 0.010107934474945068
0.00019843876361846924 0.0020125508308410645 0.005807936191558838
0.0 0.00474315881729126 0.0048084259033203125
0.003011375665664673 0.00733456015586853 0.005239605903625488
0.007485315203666687 0.007349759340286255 0.008498787879943848
0.0 0.007265836000442505 0.00177842378616333
0.0031246542930603027 0.001639038324356079 0.003721177577972412
0.001627594232559204 0.003711789846420288 0.009004294872283936
0.0 0.0018547773361206055 0.004929482936859131
0.0006323754787445068 0.0009019672870635986 0.0068138837814331055
0.0016811639070510864 0.001330941915512085 0.006365299224853516
0.0013923048973083496 0.0022649765014648438 0.006172060966491699
0.0009347349405288696 0.004667937755584717 0.0026563405990600586
0.003781452775001526 0.0012962520122528076 0.008210301399230957
0.0032359063625335693 0.004769444465637207 0.00798487663269043
0.002305358648300171 0.004203110933303833 0.007669210433959961
0.0 0.0019814372062683105 0.0026900172233581543
0.0 0.002042531967163086 0.0
0.003733724355697632 0.0009480118751525879 0.007707715034484863
0.0009962469339370728 0.0007912814617156982 0.011022627353668213
0.002212151885032654 0.0 0.01195371150970459
0.0 0.0006279051303863525 0.004129648208618164
0.0 0.0016318261623382568 0.0020078420639038086
0.0016429722309112549 0.003330707550048828 0.0029251575469970703
0.0001280456781387329 0.0029508769512176514 0.0083351731300354
0.00406704843044281 0.00024583935737609863 0.0074065327644348145
0.004364967346191406 0.003435850143432617 0.013211548328399658
0.0014930814504623413 0.0 0.005820155143737793
0.0 0.0 0.0017612576484680176
0.0 0.0 0.003410041332244873
0.0 0.00485992431640625 0.007460653781890869
0.0020198822021484375 0.0032965242862701416 0.006965279579162598
0.004420340061187744 0.0019206702709197998 0.009183704853057861
0.0 0.002164483070373535 0.0018821954727172852
0.0 0.003716021776199341 0.00654911994934082
0.0 0.0 0.004165172576904297
0.0006244629621505737 0.0015356838703155518 0.009507536888122559
0.0005927681922912598 0.0016401112079620361 0.007717788219451904
0.00229741632938385 0.00170096755027771 0.007499337196350098
0.0005477070808410645 0.004950106143951416 0.002188384532928467
0.003573700785636902 0.0035658180713653564 0.0034946203231811523
0.0033112764358520508 0.0031268298625946045 0.0065991878509521484
0.001669079065322876 0.0018652677536010742 0.007536530494689941
0.0 0.0 0.006334424018859863
0.0 0.0 0.006743192672729492
0.0 0.00015947222709655762 0.010370969772338867
0.0 0.003696918487548828 0.002255678176879883
0.001168578863143921 0.002797156572341919 0.005195677280426025
0.000790715217590332 0.005731105804443359 0.00560528039932251
0.001559913158416748 0.00429534912109375 0.0031691789627075195
0.0038781017065048218 0.0024136006832122803 0.0022547245025634766
0.0 0.006929516792297363 0.0029286742210388184
0.0021600425243377686 0.004258245229721069 0.006655097007751465
0.007990732789039612 0.0 0.009218215942382812
0.005365416407585144 0.0009936988353729248 0.006919741630554199
0.0042838454246521 0.0 0.003461480140686035
0.003330916166305542 0.0 0.005812942981719971
0.0 0.0035389065742492676 0.0028933286666870117
0.0 0.00391465425491333 0.004311084747314453
0.0 0.004579663276672363 0.007507622241973877
0.0 0.005774170160293579 0.006621420383453369
0.0032988041639328003 0.0005787014961242676 0.006357014179229736
0.0 0.0025777220726013184 0.0041429996490478516
0.000881582498550415 0.0 0.006601810455322266
0.0 0.0018466413021087646 0.005299091339111328
0.0 0.0 0.0012236833572387695
0.001372009515762329 0.0022580325603485107 0.002917051315307617
0.00745004415512085 0.0028353333473205566 0.011096656322479248
0.004708245396614075 0.004931718111038208 0.011830449104309082
0.0020142346620559692 0.0028278231620788574 0.005615711212158203
0.001521080732345581 0.00016230344772338867 0.003177344799041748
0.0 0.0018923282623291016 0.0029441118240356445
0.0007344186305999756 0.0008072555065155029 0.005395829677581787
0.0031899362802505493 0.0022904574871063232 0.009342193603515625
0.0001070946455001831 0.0005222558975219727 0.00621408224105835
0.0 0.0015651285648345947 0.00708383321762085
0.0 0.0 0.0023801326751708984
0.0 0.003788203001022339 0.006604790687561035
0.001215413212776184 0.0009754002094268799 0.00536191463470459
0.0 0.0011070966720581055 0.0053937435150146484
0.0013741552829742432 0.0 0.0013271570205688477
0.004274025559425354 0.0004203617572784424 0.002478361129760742
0.005932733416557312 0.004869818687438965 0.006553709506988525
0.007514551281929016 0.002634495496749878 0.008245289325714111
0.0038018375635147095 0.0036928951740264893 0.00794917345046997
0.0 0.0008195340633392334 0.0028619766235351562
0.0 0.0015364289283752441 0.003968477249145508
0.0 0.0016534030437469482 0.006012082099914551
0.0 0.0011075139045715332 0.007523536682128906
0.003511384129524231 0.0015652179718017578 0.007823705673217773
0.0 0.003203451633453369 0.0029607415199279785
0.0082082599401474 0.0 0.0057645440101623535
0.0012660175561904907 0.002991288900375366 0.0066190361976623535
0.0016176402568817139 0.0005914866924285889 0.002514064311981201
0.0017470866441726685 0.00285378098487854 0.0053923726081848145
0.0 0.00273856520652771 0.005633294582366943
0.0 0.0016910135746002197 0.005430877208709717
0.0010190606117248535 0.0 0.007646918296813965
0.0 0.003453582525253296 0.004173994064331055
0.0 0.0012572705745697021 0.007502079010009766
0.004321202635765076 0.0 0.0077612996101379395
0.0023368895053863525 0.005292564630508423 0.005016505718231201
0.0 0.003910422325134277 0.0012156367301940918
0.0 0.0 0.003861367702484131
0.003237694501876831 0.001021742820739746 0.008763790130615234
0.0010405033826828003 0.0002656280994415283 0.00862044095993042
0.0027060210704803467 0.0009614229202270508 0.01021420955657959
0.0 0.0006866455078125 0.008421778678894043
0.0 0.0 0.0030164718627929688
0.0 0.0 0.0013500452041625977
0.0 0.0027706027030944824 0.004518747329711914
0.0 0.0005955100059509277 0.006925761699676514
0.0021942853927612305 0.0001532435417175293 0.013055860996246338
0.0030829012393951416 0.0 0.01087862253189087
0.0 0.0008299052715301514 0.0014066696166992188
0.0008978396654129028 0.0 0.00655442476272583
0.0 0.00448232889175415 0.005592167377471924
0.0018655955791473389 0.004168987274169922 0.0
0.00857129693031311 0.006318151950836182 0.0028609037399291992
0.005251497030258179 0.009564787149429321 0.0023992061614990234
0.009511560201644897 0.00779491662979126 0.009327411651611328
0.008060231804847717 0.007049888372421265 0.007428526878356934
0.0014655441045761108 0.0024371445178985596 0.0026198625564575195
0.0 0.0033056139945983887 0.0
0.0 0.0006054341793060303 0.005447685718536377
0.002292037010192871 0.0 0.010883450508117676
0.0 0.0020751655101776123 0.009834349155426025
0.0 0.0 0.005559861660003662
0.001432269811630249 0.0 0.0034752488136291504
0.0 0.0 0.006742954254150391
0.005986452102661133 0.0 0.008920431137084961
0.0018203705549240112 0.001727074384689331 0.0069236159324646
0.0009436458349227905 0.0023396313190460205 0.004096388816833496
0.0011199116706848145 0.0018133819103240967 0.007713019847869873
0.0 0.001792818307876587 0.0029247403144836426
0.0008106380701065063 0.0036352872848510742 0.00814676284790039
0.0007597506046295166 0.0012805461883544922 0.004223287105560303
0.0010072886943817139 0.0015802979469299316 0.005005061626434326
0.0024517327547073364 0.0023217499256134033 0.0027801990509033203
0.0 0.0034688711166381836 0.0026627779006958008
0.0024340301752090454 0.003217458724975586 0.00609058141708374
0.002026602625846863 0.005729466676712036 0.007248342037200928
0.0007255077362060547 0.003199547529220581 0.005334258079528809
0.0 0.000621795654296875 0.00408250093460083
0.0 0.001185089349746704 0.005025923252105713
0.0032836049795150757 0.0 0.006847739219665527
0.0 0.0014389455318450928 0.007198691368103027
0.0 0.0004481971263885498 0.009450733661651611
0.0 0.0 0.005816280841827393
0.0 0.0 0.004230141639709473
0.0 0.001866072416305542 0.003328680992126465
0.0008897334337234497 0.0013455748558044434 0.00893336534500122
0.002217113971710205 0.0013323426246643066 0.007819533348083496
0.002136334776878357 0.0005241930484771729 0.00457531213760376
0.0 0.0020029842853546143 0.007150530815124512
0.0 0.00450897216796875 0.0
0.0 0.0010762214660644531 0.004257857799530029
0.0019929707050323486 0.0026764273643493652 0.006011009216308594
0.002036362886428833 0.0041189491748809814 0.009053587913513184
0.00484822690486908 0.005018413066864014 0.007573544979095459
0.00019255280494689941 0.002604961395263672 0.0
0.0 0.0054587721824646 0.0
0.0 0.003689795732498169 0.0
0.0035766810178756714 0.0013478100299835205 0.02037656307220459
0.002426743507385254 0.0 0.031092703342437744
0.0 0.0 0.028715550899505615
0.0 0.0 0.010377645492553711
0.0 0.0 0.0
0.0 0.0015737712383270264 0.0
0.0 0.004793211817741394 0.0
0.01359286904335022 0.010952889919281006 0.007532477378845215
0.008119970560073853 0.014790177345275879 0.012005865573883057
0.009075790643692017 0.011391550302505493 0.004854440689086914
0.012602061033248901 0.004413053393363953 0.002154827117919922
0.0 0.0037873387336730957 0.0
0.0 0.0 0.0007355809211730957
0.0 0.0 0.003994286060333252
0.0 0.0 0.014630675315856934
0.002462252974510193 0.0 0.010370433330535889
0.000878557562828064 0.004595965147018433 0.01016169786453247
0.0 0.007872611284255981 0.008746325969696045
0.0 0.0 0.0
0.0027077794075012207 0.0009157359600067139 0.0
0.0 0.00012260675430297852 0.0
0.0014736056327819824 0.0007532835006713867 0.0
0.0 0.0058623552322387695 0.007572948932647705
0.006718426942825317 0.0018443167209625244 0.0
0.00032126903533935547 0.008469432592391968 0.0
0.0 0.010593980550765991 0.0
0.0 0.0 0.0
0.0 0.0 0.006429791450500488
0.0 0.0 0.008921504020690918
0.018932491540908813 0.008672475814819336 0.02259725332260132
0.013019025325775146 0.011330872774124146 0.03530019521713257
0.008143752813339233 0.006705641746520996 0.042235732078552246
0.009708195924758911 0.0003153681755065918 0.04635000228881836
0.007547482848167419 0.00115242600440979 0.037674546241760254
0.020362600684165955 0.0009388327598571777 0.015377521514892578
0.02109241485595703 0.006731539964675903 0.006985723972320557
0.006305769085884094 0.007702559232711792 0.0
0.0 0.0012310445308685303 0.0
0.0 0.0 0.0
0.0 0.0 0.0
0.0 0.0 0.0
0.0049689412117004395 0.00038620829582214355 0.007025957107543945
0.0 0.0 0.020304322242736816
0.0 0.0 0.01779758930206299
0.0070181190967559814 0.001793891191482544 0.03131687641143799
0.010563924908638 0.0008545517921447754 0.029897868633270264
0.0 0.0 0.015590906143188477
0.0 0.0010842084884643555 0.011941254138946533
0.0 0.0 0.009486496448516846
0.0 0.0 0.00784313678741455
0.0 0.0 0.0035979151725769043
0.01096777617931366 0.0 0.0
0.01303689181804657 0.0 0.00963592529296875
0.008622720837593079 0.0 0.022394299507141113
0.04085719585418701 0.023301973938941956 0.044465065002441406
0.03687211871147156 0.0 0.0
0.029506325721740723 0.04851558804512024 0.0
0.015800923109054565 0.141140416264534 0.0
0.08906480669975281 0.18230576813220978 0.0
0.3037945032119751 0.29122477769851685 0.0
0.36902791261672974 0.42447832226753235 0.0
0.09254664182662964 0.5880151987075806 0.0
0.13478541374206543 0.5127784013748169 0.0
0.17963576316833496 0.3002873659133911 0.0
0.24052166938781738 0.15061211585998535 0.0
0.1602935791015625 0.04610234498977661 0.0
0.331676721572876 0.022092223167419434 0.0
0.21035528182983398 0.05210438370704651 0.0
0.0 0.05400821566581726 0.08612978458404541
0.0 0.02357715368270874 0.0
0.0 0.0 0.4117307662963867
0.0 0.005210220813751221 0.5129075050354004
0.0 0.1300845444202423 0.32041144371032715
0.0 0.2683182656764984 0.27756428718566895
0.0 0.29999417066574097 0.4764392375946045
0.0 0.3268282413482666 0.6708084344863892
0.0 0.3782247304916382 0.7504212856292725
0.0 0.5117385387420654 0.7537997961044312
0.0 0.6482767462730408 0.680217981338501
0.0 0.9116599559783936 0.60481858253479
0.06175455451011658 0.6256917715072632 0.34251219034194946
0.0 0.5796321630477905 0.41639381647109985
0.07843507826328278 0.09894227981567383 0.3529970645904541
0.10389247536659241 0.44438743591308594 0.6524477005004883
0.010898754000663757 0.944699764251709 0.5565902590751648
0.0 0.25083667039871216 0.39446038007736206
0.1519237756729126 0.2773837447166443 0.21933043003082275
0.17316095530986786 0.31963372230529785 0.14179474115371704
0.22418519854545593 0.21214008331298828 0.19340336322784424
0.06066225469112396 0.2718089818954468 0.04197096824645996
0.08470645546913147 0.2241920828819275 0.0
0.2702145576477051 0.25369778275489807 0.0
0.2492494434118271 0.22322353720664978 0.0
0.14372478425502777 0.14583927392959595 0.0
0.10538338124752045 0.11107665300369263 0.0
0.1851690411567688 0.017570316791534424 0.0
0.17777471244335175 0.10539761185646057 0.0
0.0 0.14046239852905273 0.0
0.0 0.1605777144432068 0.0
0.0 0.12626463174819946 0.0
0.0 0.05259890854358673 0.0
0.0 0.0 0.0
0.0 0.0 0.0
0.0 0.010316088795661926 0.0
0.0 0.0 0.0
0.06834112107753754 0.0 0.0
0.19394060969352722 0.0 0.04571753740310669
0.0 0.0 0.0
0.0 0.006036147475242615 0.0
0.0459144227206707 0.0 0.006730079650878906
0.02843649312853813 0.0 0.05292707681655884
0.0 0.009700626134872437 0.047742366790771484
0.0 0.16281449794769287 0.023077309131622314
0.0 0.028256654739379883 0.0
0.17212584614753723 0.0 0.022213339805603027
0.0 0.11903214454650879 0.046266794204711914
0.019867466762661934 0.06528171896934509 0.0069122314453125
0.05320478230714798 0.0 0.0
0.0 0.04958468675613403 0.010349571704864502
0.008363453671336174 0.016845613718032837 0.0
0.026662373915314674 0.0 0.041980624198913574
0.00012496951967477798 0.01881656050682068 0.003457307815551758
0.002642011269927025 0.00879979133605957 0.0
0.0 0.13832050561904907 0.0
0.07540664076805115 0.0 0.031297504901885986
0.0 0.0 0.010301589965820312
0.0 0.03400701284408569 0.023212790489196777
0.0 0.0 0.03651911020278931
0.016558196395635605 0.0 0.03975200653076172
0.013812445104122162 0.0 0.012976884841918945
0.004550512880086899 0.03825175762176514 0.0
0.0 0.0 0.06306302547454834
0.0 0.0 0.011409997940063477
0.004006844013929367 0.0028218626976013184 0.011192798614501953
0.012896765023469925 0.0029096007347106934 0.0
0.0 0.0066075921058654785 0.0
0.0 0.0050244927406311035 0.0004279017448425293
0.0 0.0030792057514190674 0.008890271186828613
0.014010395854711533 0.016196787357330322 0.0
0.014911402016878128 0.007345259189605713 0.0018274784088134766
0.007260352373123169 0.014196276664733887 0.0009565353393554688
0.0 0.010784894227981567 0.0051724910736083984
0.0 0.006008118391036987 0.010949373245239258
0.0014009326696395874 0.00535351037979126 0.004827022552490234
0.0 0.006431221961975098 0.0
0.0016410350799560547 0.006019890308380127 0.0
0.008293963968753815 0.0 0.0
0.0010220259428024292 0.0 0.0
0.0 0.0008377730846405029 0.0
0.0 0.0 0.00904548168182373
0.0 0.0004093945026397705 0.01132512092590332
0.0 0.00878685712814331 0.01377570629119873
0.00460275262594223 0.0 0.009631454944610596
0.00741180032491684 0.0 0.011970996856689453
0.0 0.0 0.00843966007232666
0.00306672602891922 0.0010735392570495605 0.004380583763122559
0.00027273595333099365 0.004212737083435059 0.0072743892669677734
0.0 0.0006478726863861084 0.002362668514251709
0.0003916025161743164 0.007245779037475586 0.003181278705596924
0.009640507400035858 0.004016369581222534 0.006319880485534668
0.0 0.007635563611984253 0.0006275773048400879
0.000940859317779541 0.0051337480545043945 0.006383776664733887
0.007227644324302673 0.006504535675048828 0.0053664445877075195
0.0005165785551071167 0.005380779504776001 0.0007541179656982422
0.0 0.0029595494270324707 0.004329204559326172
0.003868408501148224 0.003417283296585083 0.007243812084197998
0.0015972033143043518 0.008202075958251953 0.010230064392089844
0.0 0.006489396095275879 0.006895184516906738
0.0 0.005399942398071289 0.002938508987426758
0.0030080825090408325 0.0009444355964660645 0.004580259323120117
0.005865462124347687 0.007951438426971436 0.0
0.003375925123691559 0.00481259822845459 0.0
0.003380805253982544 0.002433300018310547 0.005619227886199951
0.0 0.00017535686492919922 0.008373260498046875
0.0 0.0016592442989349365 0.005597949028015137
0.004275321960449219 0.002327948808670044 0.006460368633270264
0.0024475231766700745 0.00431177020072937 0.0037227869033813477
0.0 0.005263477563858032 0.0038421154022216797
0.0 0.00517311692237854 0.005455732345581055
0.0 0.003570556640625 0.005111873149871826
0.0 0.0025751888751983643 0.0004221200942993164
0.006145268678665161 0.001104801893234253 0.0028997063636779785
0.005483619868755341 0.0017252564430236816 0.0021418333053588867
0.0 0.004543513059616089 0.0029752254486083984
0.0 0.0025096535682678223 0.007758140563964844
0.0011530369520187378 0.005492210388183594 0.012531757354736328
0.0 0.007195264101028442 0.010316252708435059
0.007038824260234833 0.0 0.013194799423217773
0.0070402175188064575 0.0 0.0015153884887695312
0.006466664373874664 0.0014146268367767334 0.0
0.002092421054840088 0.01512765884399414 0.0
0.0 0.015577912330627441 0.0
0.007456861436367035 0.014297544956207275 0.0
0.03057008981704712 0.0 0.008267879486083984
0.04857044667005539 0.009959489107131958 0.0
0.04857933521270752 0.04212114214897156 0.0
0.061490267515182495 0.048448532819747925 0.0
0.08148934692144394 0.07051289081573486 0.0011032819747924805
0.11891266703605652 0.09152626991271973 0.021007657051086426
0.12356656789779663 0.10208812355995178 0.024294734001159668
0.044521138072013855 0.09312820434570312 0.0
0.0 0.058906227350234985 0.0
0.0 0.0 0.0
0.0 0.0 0.0
0.0 0.0 0.0
0.0 0.0 0.0
0.0 0.0 0.010778665542602539
0.0 0.0 0.03768038749694824
0.0 0.0 0.0676124095916748
0.0 0.0 0.08372247219085693
0.0 0.0 0.07391977310180664
0.0 0.0 0.07243657112121582
0.0 0.0 0.07209640741348267
0.0 0.0 0.07755821943283081
0.0 0.015291750431060791 0.07134991884231567
0.025370873510837555 0.04578837752342224 0.04882854223251343
0.05815025418996811 0.068899005651474 0.02001732587814331
0.0982387438416481 0.08092769980430603 0.0
0.14682547748088837 0.08421435952186584 0.0
0.17411848902702332 0.10667788982391357 0.0
0.1779378056526184 0.12775924801826477 0.0
0.18154482543468475 0.12494313716888428 0.0
0.16285350918769836 0.12574589252471924 0.0
0.14393264055252075 0.11973932385444641 0.0
0.12080493569374084 0.09048807621002197 0.0
0.08455277979373932 0.07789936661720276 0.0
0.043850675225257874 0.06326481699943542 0.0
0.022300362586975098 0.04053875803947449 0.0
0.0008842051029205322 0.03306376934051514 0.020535707473754883
0.0 0.0050324201583862305 0.025682508945465088
0.0 0.0 0.011556506156921387
0.0 0.0 0.023898184299468994
0.0 0.0 0.03643554449081421
0.0 0.0 0.04187661409378052
0.0 0.0 0.05043727159500122
0.0 0.0 0.05778694152832031
0.0 0.0 0.06242191791534424
0.0 0.0 0.05462527275085449
0.0 0.0 0.046854615211486816
0.0 0.0 0.02938026189804077
0.0 0.0 0.030050158500671387
0.0 0.0 0.021586298942565918
0.0 0.0 0.014976799488067627
0.0 0.0035181939601898193 0.004955470561981201
0.0 0.02280077338218689 0.0
0.03728047013282776 0.031212419271469116 0.0
0.06725069880485535 0.0634748637676239 0.0
0.08376508951187134 0.07508870959281921 0.0
0.09501931071281433 0.08918285369873047 0.0
0.1260213851928711 0.09017500281333923 0.0
0.13970135152339935 0.09314250946044922 0.0
0.1350758671760559 0.0958109200000763 0.0
0.12916511297225952 0.09558102488517761 0.0
0.11437509953975677 0.09017014503479004 0.0
0.08230464160442352 0.08067676424980164 0.0
0.07022100687026978 0.0656936764717102 0.0
0.06523257493972778 0.04713878035545349 0.0
0.04129347205162048 0.045936644077301025 0.0
0.007279932498931885 0.027531415224075317 0.0
0.0 0.00664171576499939 0.0
0.0 0.0 0.0
0.0 0.0 0.0
0.0 0.0 0.014793038368225098
0.0 0.0 0.016158461570739746
0.0 0.0 0.027345478534698486
0.0 0.0 0.034227848052978516
0.0 0.0 0.034372687339782715
0.0 0.0 0.03012990951538086
0.0 0.0 0.033101677894592285
0.0 0.0 0.037691593170166016
0.0 0.0 0.04492145776748657
0.0 0.0 0.04967343807220459
0.0 0.0 0.04173707962036133
0.0 0.0 0.03547370433807373
0.0 0.0 0.039526939392089844
0.0 0.0 0.04392695426940918
0.0 0.0016479790210723877 0.048394083976745605
0.0 0.02231830358505249 0.03931969404220581
0.028368189930915833 0.04378575086593628 0.015996456146240234
0.0517890602350235 0.05904272198677063 0.0
0.07796312868595123 0.06727874279022217 0.0
0.09497213363647461 0.07150334119796753 0.0
0.13810141384601593 0.0883464515209198 0.0
0.16191381216049194 0.10929739475250244 0.0
0.1508825421333313 0.12115359306335449 0.0
0.10959766805171967 0.10389181971549988 0.0
0.09133641421794891 0.08597898483276367 0.0
0.09653691947460175 0.07049131393432617 0.0
0.10299314558506012 0.0662316083908081 0.0
0.07774056494235992 0.06457018852233887 0.0
0.03344431519508362 0.05633065104484558 0.0
0.0 0.03826311230659485 0.0
0.0 0.021991610527038574 0.0067708492279052734
0.0 0.0 0.02881145477294922
0.0 0.0 0.04124945402145386
0.0 0.0 0.02178323268890381
0.0 0.0 0.016218125820159912
0.0 0.0 0.02836906909942627
0.0 0.0 0.055365562438964844
0.0 0.0 0.045785367488861084
0.0 0.0 0.050831615924835205
0.0 0.0 0.03477823734283447
0.0 0.0 0.03304708003997803
0.0 0.0 0.03712058067321777
0.0 0.0 0.03861933946609497
0.0 0.0 0.041843533515930176
0.0 0.0 0.034241437911987305
0.0 0.0 0.03468960523605347
0.0 0.004637777805328369 0.03545665740966797
0.0 0.013493478298187256 0.023104965686798096
0.02726343274116516 0.04468938708305359 0.0129166841506958
0.036443695425987244 0.059502601623535156 0.0
0.05978487432003021 0.0699838399887085 0.0
0.07371297478675842 0.05816531181335449 0.0
0.08774492144584656 0.06681951880455017 0.0
0.11518308520317078 0.0818624198436737 0.0
0.14958183467388153 0.09706816077232361 0.0
0.13019217550754547 0.10400792956352234 0.0
0.09580552577972412 0.09278297424316406 0.0
0.08949470520019531 0.08496680855751038 0.0
0.09209421277046204 0.08317345380783081 0.0
0.09976953268051147 0.06561768054962158 0.0
0.07248033583164215 0.06265750527381897 0.0
0.024972662329673767 0.062270790338516235 0.0
0.0 0.04227128624916077 0.0
0.028759539127349854 0.01533392071723938 0.0035346150398254395
0.0635654628276825 0.020457178354263306 0.012897789478302002
0.03158116340637207 0.07270839810371399 0.0008939504623413086
0.0 0.050632089376449585 0.0
0.0 0.0 0.0
0.0 0.0 0.0
0.0 0.0 0.02669203281402588
0.0 0.0 0.04423564672470093
0.0 0.0 0.048678576946258545
0.0 0.0 0.05340385437011719
0.0 0.0 0.08365374803543091
0.0 0.0 0.09911489486694336
0.0 0.0 0.09794628620147705
0.0 0.0 0.08919250965118408
0.0 0.0 0.07477831840515137
0.0 0.0 0.06991761922836304
0.0 0.0 0.0691601037979126
0.0 0.0 0.058450400829315186
0.0 0.008477896451950073 0.04169255495071411
0.0 0.026066303253173828 0.017783522605895996
0.0 0.016650408506393433 0.014636814594268799
0.03731489181518555 0.03790292143821716 0.008181154727935791
0.06329360604286194 0.06014356017112732 0.0
0.07012046873569489 0.07765322923660278 0.0
0.08645372092723846 0.08785209059715271 0.0
0.11340285837650299 0.09116259217262268 0.0
0.14133667945861816 0.09812751412391663 0.0
0.15360428392887115 0.11326688528060913 0.0
0.1545879989862442 0.1207493245601654 0.0
0.13996782898902893 0.11277201771736145 0.0
0.10702131688594818 0.09780687093734741 0.0
0.0953475683927536 0.07642439007759094 0.0
0.08716705441474915 0.0629393458366394 0.0
0.0844493955373764 0.06793063879013062 0.0
0.056258514523506165 0.07309094071388245 0.005764365196228027
0.026972979307174683 0.058305561542510986 0.0
0.019036591053009033 0.04515731334686279 0.014547169208526611
0.021134555339813232 0.044722288846969604 0.03167444467544556
0.0035724788904190063 0.04184311628341675 0.03249704837799072
0.0 0.024772047996520996 0.023174285888671875
0.0 0.0 0.01908111572265625
0.0 0.0 0.023854613304138184
0.0 0.0 0.04644763469696045
0.0 0.0 0.05522871017456055
0.0 0.0 0.05558091402053833
0.0 0.0 0.052447497844696045
0.0 0.0 0.05605030059814453
0.0 0.0 0.0604131817817688
0.0 0.0 0.0637977123260498
0.0 0.0 0.05734652280807495
0.0 0.0 0.05694758892059326
0.0 0.0 0.049389779567718506
0.0 0.0 0.04798436164855957
0.0 0.0029896795749664307 0.045226991176605225
0.0 0.030764907598495483 0.01599717140197754
0.005230560898780823 0.0493718683719635 0.0076500773429870605
0.051234036684036255 0.05762037634849548 0.0
0.058337196707725525 0.06977957487106323 0.0
0.07569107413291931 0.07620552182197571 0.0
0.08832326531410217 0.08819311857223511 0.0
0.11627103388309479 0.09447920322418213 0.0
0.14236806333065033 0.10575553774833679 0.0
0.16564588248729706 0.1216132640838623 0.0
0.15386442840099335 0.11171936988830566 0.0
0.12613369524478912 0.11153653264045715 0.0
0.10351306200027466 0.10027506947517395 0.0
0.09381982684135437 0.07487320899963379 0.0
0.09901009500026703 0.06635159254074097 0.0035225749015808105
0.0863911360502243 0.07191047072410583 0.01629418134689331
0.030487313866615295 0.06619507074356079 0.0
0.0 0.0385286808013916 0.0
0.0 0.01222604513168335 0.014872312545776367
0.0035317838191986084 0.006019413471221924 0.0453835129737854
0.0 0.0012369155883789062 0.04979151487350464
0.0 0.008377701044082642 0.04741781949996948
0.0 0.0 0.034978389739990234
0.0 0.0 0.030463695526123047
0.0 0.0 0.03235018253326416
0.0 0.0 0.024904370307922363
0.0 0.0 0.023999333381652832
0.0 0.0 0.009549856185913086
0.0 0.0 0.014877378940582275
0.0 0.0 0.0217551589012146
0.0 0.0 0.030026018619537354
0.0 0.0 0.04088795185089111
0.0 0.0 0.042302846908569336
0.0 0.0 0.04168623685836792
0.0 0.0 0.04116719961166382
0.0 0.0 0.04052799940109253
0.0 0.0 0.034824252128601074
0.0 0.0 0.03728759288787842
0.0 0.007995694875717163 0.0315699577331543
0.0 0.02726691961288452 0.014160513877868652
0.0026078224182128906 0.02681007981300354 0.006668508052825928
0.022942155599594116 0.042324215173721313 0.0033473968505859375
0.04499955475330353 0.04378896951675415 0.0
0.0688139945268631 0.06005415320396423 0.0
0.0644867867231369 0.07011684775352478 0.0
0.07204806804656982 0.06351357698440552 0.0
0.0849146842956543 0.06483373045921326 0.0
0.09602770209312439 0.07830831408500671 0.0
0.1170434057712555 0.07923135161399841 0.0
0.10186447203159332 0.08712591230869293 0.0
0.06741875410079956 0.06845997273921967 0.0
0.05407315492630005 0.045862019062042236 0.0
0.0451509952545166 0.02808256447315216 0.0013445615768432617
0.033573150634765625 0.02370089292526245 0.010108232498168945
0.011085763573646545 0.01909087598323822 0.0007395744323730469
0.0 0.017658263444900513 0.0
0.0 0.008038103580474854 0.0009341239929199219
0.0 0.0 0.014054298400878906
0.0 0.0 0.02233898639678955
0.0 0.0 0.03698015213012695
0.0 0.0 0.03395801782608032
0.0 0.0 0.02155768871307373
0.0 0.0 0.01447904109954834
0.0 0.0 0.009554803371429443
0.0 0.0 0.022253215312957764
0.0 0.0 0.018737494945526123
0.0 0.0 0.014779329299926758
0.0 0.0 0.004208028316497803
0.0 0.0 0.0
0.0 0.0 0.0027924180030822754
0.0 0.0 0.01489323377609253
0.0 0.0 0.012737274169921875
0.0 0.0 0.01474696397781372
0.0 0.0 0.010931849479675293
0.0 0.0 0.008826613426208496
0.0 0.0 0.009964585304260254
0.0 0.0005605816841125488 0.014829695224761963
0.0 0.006484389305114746 0.009223222732543945
0.0 0.009197324514389038 0.0025981664657592773
0.0 0.0015503466129302979 0.004211843013763428
0.0 0.0 0.0
0.0 0.002716660499572754 0.0
0.0 0.00021702051162719727 0.0
0.0 0.0020601749420166016 0.0008171796798706055
0.0 0.0 0.008030951023101807
0.008347183465957642 0.0031903982162475586 0.012826323509216309
0.0 0.010403245687484741 0.00602191686630249
0.00013333559036254883 0.0035115182399749756 0.0
0.00990229845046997 0.011475533246994019 0.021084129810333252
0.0005146712064743042 0.006838023662567139 0.013508021831512451
0.0035230815410614014 0.0011441409587860107 0.012324690818786621
0.0 0.0031464099884033203 0.011183559894561768
0.0 0.0 0.005364179611206055
0.0 0.002720773220062256 0.004309177398681641
0.0 0.0 0.0
0.0 0.0012249350547790527 0.0012536048889160156
0.0 0.0035479068756103516 0.0
0.0 0.0 0.0002948641777038574
0.0 0.0 0.011672139167785645
0.0 0.0 0.011577069759368896
0.0 0.0 0.01008307933807373
0.0 0.0 0.010502278804779053
0.0 0.0 0.013260960578918457
0.0 0.0 0.01730811595916748
0.0 0.0 0.011896848678588867
0.0 0.000854790210723877 0.014219999313354492
0.0 0.0010886788368225098 0.007002115249633789
0.0 0.0 0.005242705345153809
0.0 0.002618134021759033 0.003894627094268799
0.0005936026573181152 0.0013540685176849365 0.0064841508865356445
0.0 0.002433568239212036 0.0056250691413879395
0.0 0.0011160075664520264 0.0071389079093933105
0.0 0.0 0.005836963653564453
0.0 0.001728147268295288 0.008198857307434082
0.0 0.000751107931137085 0.01174163818359375
0.0 0.0018501579761505127 0.010567545890808105
0.0 0.0003634989261627197 0.006956338882446289
0.0 0.0 0.006196260452270508
0.0 0.0 0.013362228870391846
0.0 0.0 0.005193829536437988
0.0 0.0 0.0
0.0 0.0 0.0
0.0 0.0 0.003692924976348877
0.0 0.0 0.015727341175079346
0.0 0.0 0.020683348178863525
0.0 0.0 0.024897456169128418
0.0 0.0 0.014895319938659668
0.0 0.0 0.014455735683441162
0.004219144582748413 0.0 0.010448455810546875
0.010200917720794678 0.0 0.011644244194030762
0.013491630554199219 0.0 0.013997852802276611
0.014940142631530762 0.012145012617111206 0.015625298023223877
0.011235952377319336 0.01881176233291626 0.020629286766052246
0.0363311767578125 0.008575201034545898 0.013060986995697021
0.025428906083106995 0.022352993488311768 0.05691933631896973
0.07289135456085205 0.03740605711936951 0.022614479064941406
0.057134032249450684 0.1369112730026245 0.0011759400367736816
0.18795150518417358 0.20293524861335754 0.0
0.2837026119232178 0.23471510410308838 0.0
0.22484344244003296 0.28926509618759155 0.0
0.17536991834640503 0.2795112133026123 0.0
0.1823587417602539 0.34551310539245605 0.0
0.15638983249664307 0.3453628420829773 0.0
0.09862500429153442 0.21926835179328918 0.0
0.0 0.06618523597717285 0.0
0.0 0.06685987114906311 0.0
0.0 0.16997352242469788 0.0
0.0 0.0974927544593811 0.0
0.0 0.07837831974029541 0.34922003746032715
0.0 0.02475130558013916 0.820472002029419
0.0 0.044046998023986816 0.7759889364242554
0.0 0.2236333191394806 0.6564829349517822
0.0 0.4358760118484497 0.4761155843734741
0.0 0.3417983055114746 0.5522803068161011
0.0 0.1943034529685974 0.620710551738739
0.0 0.18257302045822144 0.6223049759864807
0.0 0.38572728633880615 0.5662888288497925
0.0 0.7298795580863953 0.45730650424957275
0.0 0.7367756962776184 0.4080355167388916
0.0035039037466049194 0.5740130543708801 0.40376269817352295
0.0 0.4854056239128113 0.36987626552581787
0.0 0.4465523362159729 0.2893187403678894
0.0 0.4801561236381531 0.17754614353179932
0.0 0.46263134479522705 0.1835782527923584
0.09836746007204056 0.3522859811782837 0.18894493579864502
0.16534611582756042 0.25424909591674805 0.23880237340927124
0.12916530668735504 0.27206671237945557 0.1929420828819275
0.15158897638320923 0.29734331369400024 0.0536159873008728
0.16520138084888458 0.3213900327682495 0.0
0.17285683751106262 0.30717983841896057 0.0
0.2110341489315033 0.23553526401519775 0.0
0.11095556616783142 0.14566311240196228 0.0
0.04253493249416351 0.0717855840921402 0.0
0.02180369198322296 0.0 0.0
0.0 0.002110525965690613 0.0
0.0 0.033206820487976074 0.0
0.0 0.05568079650402069 0.0
0.0 0.057593271136283875 0.0
0.0 0.028338268399238586 0.0
0.0 0.022798269987106323 0.0
0.0 0.0 0.0
0.0 0.0 0.03551328182220459
0.0 0.0 0.04090183973312378
0.0 0.0 0.03610193729400635
0.0 0.0 0.034601688385009766
0.0 0.0 0.03121483325958252
0.006405055522918701 0.0 0.03378862142562866
0.012010574340820312 0.0 0.02990734577178955
0.007416486740112305 0.0 0.010776877403259277
0.0 0.0 0.0012356042861938477
0.0 0.00022804737091064453 0.0
0.0 0.0030499398708343506 0.004347026348114014
0.0 0.012753546237945557 0.00011086463928222656
0.0 0.010409682989120483 0.0022342801094055176
0.0 0.004941076040267944 0.004408836364746094
0.0015714317560195923 0.005542963743209839 0.007841706275939941
0.014184489846229553 0.007979601621627808 0.00848919153213501
0.012812718749046326 0.015814542770385742 0.0
0.015535816550254822 0.005621194839477539 0.0
0.004199221730232239 0.008479088544845581 0.0033673644065856934
0.0 0.0024757087230682373 0.006736159324645996
0.0 0.0006820261478424072 0.012343227863311768
0.0 0.003919064998626709 0.009824812412261963
0.00430944561958313 0.007818043231964111 0.009611725807189941
0.005309402942657471 0.00844484567642212 0.007435739040374756
0.00407034158706665 0.0011600852012634277 0.006621241569519043
0.0 0.0006934702396392822 0.01725316047668457
0.0 0.0 0.009139835834503174
0.0 0.0 0.014125227928161621
0.0 0.0 0.013662099838256836
0.0002749711275100708 0.002248823642730713 0.014998793601989746
0.0 0.0036838650703430176 0.015046536922454834
0.0 0.004771232604980469 0.014825701713562012
0.0 0.0 0.011831581592559814
0.0017642080783843994 0.005251586437225342 0.0036218762397766113
0.00918300449848175 0.006300866603851318 0.0
0.0 0.0008614063262939453 0.0
0.0 0.001950383186340332 0.0
0.0 0.0 0.0
0.0 0.0027360916137695312 0.0
0.0 0.005271315574645996 0.0026882290840148926
0.0 0.008067488670349121 0.003799259662628174
0.0 0.0004919469356536865 0.0
0.0 0.0019948482513427734 0.0062220096588134766
0.0 0.0017001032829284668 0.009466826915740967
0.0 0.0 0.007877886295318604
0.0 0.0 0.014673888683319092
0.0 0.0 0.018741369247436523
0.0 0.000406116247177124 0.017786264419555664
0.009685710072517395 0.016009926795959473 0.015560030937194824
0.008936628699302673 0.01411256194114685 0.0021358728408813477
0.0 0.009789049625396729 0.0
0.004580363631248474 0.007769405841827393 0.004022359848022461
0.0068158358335494995 0.004768073558807373 0.005435466766357422
0.0003351271152496338 0.0060364603996276855 0.0076485276222229
0.0007430613040924072 0.007005602121353149 0.006243705749511719
0.0020929723978042603 0.00664907693862915 0.0026990175247192383
0.0 0.0 0.0
0.0 0.0 0.0068108439445495605
0.0 0.0 0.012975692749023438
0.0 0.0 0.013501167297363281
0.0 0.00011038780212402344 0.013155460357666016
0.0 0.0015295743942260742 0.010496675968170166
0.0 0.0012623965740203857 0.014183461666107178
0.0 0.0 0.01264101266860962
0.0010559260845184326 0.005329012870788574 0.011950016021728516
0.0 0.0 0.0
0.0 0.0013302266597747803 0.0
0.0 0.008010298013687134 0.0
0.0055294036865234375 0.007701009511947632 0.0018243789672851562
0.007995039224624634 0.011546283960342407 0.0013011693954467773
0.010981947183609009 0.00838547945022583 0.0
0.011008292436599731 0.010833710432052612 0.0018234848976135254
0.006569921970367432 0.007699191570281982 0.005714476108551025
0.004586562514305115 0.009668856859207153 0.009669899940490723
0.0 0.005207151174545288 0.012338697910308838
0.0 0.004485577344894409 0.011714756488800049
0.0 0.0008872449398040771 0.010161221027374268
0.0 0.0 0.009246766567230225
0.0 0.0 0.005594134330749512
0.0 0.0 0.014970660209655762
0.0 0.0 0.015603423118591309
0.0 0.0 0.01177990436553955
0.0 0.004134148359298706 0.006383061408996582
0.0 0.0029768943786621094 0.0
0.0 0.0009447336196899414 0.0031159520149230957
0.00345630943775177 0.008905619382858276 0.0044969916343688965
0.0007313191890716553 0.006876438856124878 0.0
0.007786214351654053 0.0021773874759674072 0.0
0.0 0.0033861398696899414 0.0
0.0 0.0 0.0
0.0 0.009628981351852417 0.0
0.0 0.02947479486465454 0.0
0.0 0.05298450589179993 0.0
0.0 0.054152458906173706 0.0
0.0 0.05399036407470703 0.0
0.0 0.03981342911720276 0.028473615646362305
0.0 0.028082430362701416 0.09572207927703857
0.0 0.0343797504901886 0.13901305198669434
0.0 0.03380787372589111 0.16050857305526733
0.0 0.029101252555847168 0.16146647930145264
0.0 0.012281954288482666 0.16547727584838867
0.0006159394979476929 0.0 0.17538440227508545
0.006130397319793701 0.0 0.177479088306427
0.007686883211135864 0.00651434063911438 0.17339682579040527
0.0051836371421813965 0.01051667332649231 0.15086305141448975
0.00090799480676651 0.001004338264465332 0.12435364723205566
0.0 0.0 0.09304261207580566
0.0 0.0 0.07556241750717163
0.0 0.0 0.043588340282440186
0.0 0.0022795498371124268 0.014034569263458252
0.0 0.01010623574256897 0.0
0.002371743321418762 0.009926795959472656 0.0
0.04090127348899841 0.030606165528297424 0.0
0.011426687240600586 0.019707664847373962 0.0
0.0 0.0 0.0
0.0 0.0 0.0
0.00357818603515625 0.004384204745292664 0.0
0.0 0.006239533424377441 0.0
0.0 0.012544989585876465 0.0
0.0 0.00044852495193481445 0.0
0.0 0.0 0.0
0.0 0.011255621910095215 0.0
0.0 0.03609529137611389 0.0
0.0 0.04576113820075989 0.0
0.0 0.06953436136245728 0.0
0.0 0.06492233276367188 0.0016913414001464844
0.0052742063999176025 0.049450963735580444 0.05920451879501343
0.0 0.03137928247451782 0.08933967351913452
0.004074767231941223 0.030209481716156006 0.12721121311187744
0.011432111263275146 0.017726361751556396 0.1653549075126648
0.01180778443813324 0.012029111385345459 0.1908252239227295
0.00422339141368866 0.005513310432434082 0.18582653999328613
0.0 0.00970548391342163 0.1673494577407837
0.0 0.0 0.12193262577056885
0.0 0.0 0.08098548650741577
0.011391773819923401 0.0 0.07079952955245972
0.005178444087505341 0.0 0.06767231225967407
0.0 0.0 0.07079935073852539
0.0 0.014081388711929321 0.07339859008789062
0.0 0.02509644627571106 0.08199012279510498
0.0 0.022547751665115356 0.04721343517303467
0.018071100115776062 0.006779581308364868 0.0
0.015161216259002686 0.0 0.0
0.003126770257949829 0.0 0.0
0.0010874271392822266 0.0 0.0
0.0 0.0 0.0
0.0 0.007492288947105408 0.0
0.0 0.0124758780002594 0.0
0.0 0.016399472951889038 0.0
0.0 0.009143292903900146 0.0
0.0 0.0 0.0
0.0 0.006115376949310303 0.0
0.02062724530696869 0.00824129581451416 0.0
0.010769784450531006 0.050187498331069946 0.0
0.019254401326179504 0.04907187819480896 0.0
0.008503660559654236 0.05212065577507019 0.0
0.0 0.05779704451560974 0.0008002519607543945
0.00040606409311294556 0.04701325297355652 0.05450361967086792
0.010047420859336853 0.02107638120651245 0.10094493627548218
0.0 0.01360231637954712 0.122841477394104
0.0 0.005042672157287598 0.15312445163726807
0.0 0.0 0.17096459865570068
0.0 0.0 0.1543792486190796
0.0 0.0 0.11844569444656372
0.0 0.0 0.1039552092552185
0.0 0.0 0.08094239234924316
0.0 0.0 0.06986629962921143
0.0 0.0 0.07842648029327393
0.0051757171750068665 0.0016898810863494873 0.07908964157104492
0.01607474684715271 0.009333014488220215 0.057233572006225586
0.018461331725120544 0.019165992736816406 0.02501225471496582
0.006171047687530518 0.01160380244255066 0.0
0.01277458667755127 0.004743397235870361 0.0
0.031310975551605225 0.0022112131118774414 0.0
0.013080447912216187 0.0015347599983215332 0.0
0.0 0.0033336281776428223 0.0
0.0 0.008963137865066528 0.0
0.0 0.013324975967407227 0.0
0.0 0.013250499963760376 0.0
0.0 0.004997313022613525 0.0
0.0 0.0019723474979400635 0.0
0.0 0.0 0.0
0.0 0.017784684896469116 0.0
0.0 0.029473036527633667 0.0
0.0 0.03934350609779358 0.0
0.0 0.028276056051254272 0.0
0.0 0.024362027645111084 0.022896528244018555
0.014315247535705566 0.024327576160430908 0.06433260440826416
0.030780494213104248 0.02714627981185913 0.10790252685546875
0.012102209031581879 0.022292792797088623 0.13158351182937622
0.0 0.005571305751800537 0.15566802024841309
0.0 0.0 0.17489957809448242
0.0 0.0 0.1738794445991516
0.0 0.0 0.1469653844833374
0.0 0.0 0.1168144941329956
0.0 0.0 0.09334349632263184
0.0 0.0 0.05301409959793091
0.0 0.0 0.01709645986557007
0.019557714462280273 0.0026663243770599365 0.0
0.03878866136074066 0.0115375816822052 0.0
0.04646466672420502 0.02719619870185852 0.0
0.03852647542953491 0.03147168457508087 0.0
0.03332102298736572 0.03643961250782013 0.0
0.022888585925102234 0.03278212249279022 0.0
0.0082225501537323 0.029741793870925903 0.0
0.0 0.0 0.0
0.0 0.0 0.0
0.0 0.0 0.0
0.0 0.0 0.0
0.0 0.0 0.0
0.0 0.0 0.0
0.0 0.0 0.0
0.0 0.007496505975723267 0.0
0.0 0.01730671525001526 0.0
0.0 0.030055493116378784 0.0
0.00076255202293396 0.03868713974952698 0.014644384384155273
0.009056732058525085 0.04011315107345581 0.032342374324798584
0.007272079586982727 0.030685722827911377 0.05019503831863403
0.0 0.025063246488571167 0.067649245262146
0.0029386579990386963 0.015950024127960205 0.08098727464675903
0.007071688771247864 0.010613799095153809 0.09091693162918091
0.006184965372085571 0.01237824559211731 0.08741027116775513
0.005717441439628601 0.01164180040359497 0.0913500189781189
0.0 0.003246009349822998 0.0991712212562561
0.0 0.0 0.10401958227157593
0.0 0.0 0.10828536748886108
0.003348216414451599 0.0 0.11846625804901123
0.005166187882423401 0.005025416612625122 0.11805182695388794
0.0013796836137771606 0.009187579154968262 0.10753583908081055
0.00021585822105407715 0.008490115404129028 0.08072686195373535
0.0028281956911087036 0.0 0.034606099128723145
0.015568658709526062 0.0 0.0
0.023979321122169495 0.0 0.0
0.017581716179847717 0.0 0.0
0.0 0.0 0.0
0.0 0.0 0.0
0.0 0.00811547040939331 0.0
0.0 0.013022273778915405 0.0
0.0 0.01743948459625244 0.0
0.0 0.010298222303390503 0.0
0.0 0.0 0.0
0.0 0.0 0.0
0.0 0.0 0.0
0.0 0.004935473203659058 0.0
0.0 0.011155426502227783 0.0010557174682617188
0.0 0.018651723861694336 0.0
0.0 0.011195629835128784 0.0
0.003806278109550476 0.015913695096969604 0.0
0.0005952566862106323 0.020978569984436035 0.0
0.0 0.030223429203033447 0.011870741844177246
0.0 0.029813766479492188 0.002422332763671875
0.0 0.018543988466262817 0.0010590553283691406
0.01523241400718689 0.011276990175247192 0.03401899337768555
0.021525904536247253 0.01235133409500122 0.0577164888381958
0.0 0.012771785259246826 0.07406312227249146
0.0 0.013055413961410522 0.08757030963897705
0.0 0.00998339056968689 0.11065953969955444
0.006612226366996765 0.002212435007095337 0.12269669771194458
0.004041299223899841 0.0 0.11950331926345825
0.0 0.0 0.11176997423171997
0.0 0.0 0.07532364130020142
0.0 0.0 0.051177024841308594
0.007215574383735657 0.0 0.03113722801208496
0.012927934527397156 0.0 0.011715888977050781
0.006953433156013489 0.001084834337234497 0.0
0.001199573278427124 0.0014645159244537354 0.0
0.0020802468061447144 0.006169766187667847 0.0
0.010038867592811584 0.007209300994873047 0.0
0.013364478945732117 0.01178702712059021 0.0
0.012731686234474182 0.009936213493347168 0.0
0.0 0.006222754716873169 0.0
0.0 0.0 0.0
0.0 0.0 0.0
0.0 0.0 0.0
0.0 0.001698225736618042 0.0
0.0 0.004309117794036865 0.0
0.0 0.0 0.0
0.0 0.0 0.0
0.0 0.0 0.0
0.0 0.0 0.0
0.0 0.0 0.0
0.0 0.0026412904262542725 0.0
0.0 0.01798984408378601 0.00549161434173584
0.004300117492675781 0.012034386396408081 0.01747077703475952
0.0 0.022619783878326416 0.019396960735321045
0.00540594756603241 0.0166606605052948 0.02349919080734253
0.0056098997592926025 0.010576874017715454 0.026092588901519775
0.01178044080734253 0.005239516496658325 0.03550553321838379
0.008122563362121582 0.0022764205932617188 0.049212098121643066
0.0 0.002742856740951538 0.051940321922302246
0.0 0.0004487037658691406 0.05757385492324829
0.0 0.0 0.05506491661071777
0.0 0.0 0.040144264698028564
0.0 0.0 0.02508223056793213
0.0 0.0007151961326599121 0.012612998485565186
0.0 0.000721275806427002 0.006435215473175049
0.0 0.0 0.0
0.0 0.005357593297958374 0.0
0.005808427929878235 0.008157312870025635 0.0
0.00020107626914978027 0.005891740322113037 0.0
0.0 0.007862895727157593 0.0
0.0 0.0008536577224731445 0.0
0.002930685877799988 0.003270745277404785 0.0
0.0 0.0 0.0
0.0 0.004654914140701294 0.005523562431335449
0.0 0.005754351615905762 0.008715450763702393
0.0 0.0 0.005230367183685303
0.0 0.002948373556137085 0.013730645179748535
0.0 0.003357797861099243 0.013031244277954102
0.0 0.0019653141498565674 0.014165043830871582
0.001064017415046692 0.002493619918823242 0.017197608947753906
0.0 0.0029895901679992676 0.008056998252868652
0.0 0.0 0.0
0.0032003670930862427 0.0012713968753814697 0.004379451274871826
0.0041678547859191895 0.006354957818984985 0.008167564868927002
0.0 0.005194365978240967 0.006072342395782471
0.0 0.002822011709213257 0.008959531784057617
0.0 0.0 0.004967451095581055
0.0001391768455505371 0.004338562488555908 0.0009291172027587891
0.014886975288391113 0.00796288251876831 0.015816330909729004
0.006117656826972961 0.007889807224273682 0.01605832576751709
0.0 0.002669721841812134 0.008154153823852539
0.0 0.0015315413475036621 0.006700336933135986
0.0 0.0 0.008221983909606934
0.0 0.0 0.006554126739501953
0.0 0.0 0.008731484413146973
0.0 0.0 0.003075838088989258
0.0 0.0 0.0
0.0 0.0 0.0015069842338562012
0.015190020203590393 0.010054975748062134 0.0
0.014224201440811157 0.018594354391098022 0.0
0.017290368676185608 0.008912742137908936 0.0
0.003612011671066284 0.0036655962467193604 0.0
0.0 0.0025997161865234375 0.009668290615081787
0.0 0.0 0.02572178840637207
0.0 0.0 0.053636908531188965
0.0 0.0 0.06004059314727783
0.0 0.0 0.03858137130737305
0.0 0.0 0.04199934005737305
0.0 0.006986498832702637 0.05964416265487671
0.01930910348892212 0.021283090114593506 0.008798480033874512
0.07184314727783203 0.0835983157157898 0.0
0.14307531714439392 0.08413094282150269 0.0
0.14784061908721924 0.1107160747051239 0.0
0.12815415859222412 0.2385323941707611 0.0
0.08713012933731079 0.3238556385040283 0.0
0.0 0.29017341136932373 0.0
0.0 0.23466813564300537 0.0
0.0 0.07760444283485413 0.0
0.0 0.0 0.0
0.04839217662811279 0.0 0.0
0.0 0.0 0.0
0.0 0.20070993900299072 0.19089746475219727
0.0 0.0 0.3415963649749756
0.0 0.05703306198120117 0.3018244504928589
0.0 0.07537469267845154 0.30569303035736084
0.0 0.21250447630882263 0.3533802032470703
0.0 0.22752737998962402 0.3817638158798218
0.0 0.23917484283447266 0.45190274715423584
0.0 0.13652390241622925 0.5610329508781433
0.0 0.11953318119049072 0.7217575907707214
0.0 0.5983338952064514 0.6372689008712769
0.0 0.7319504618644714 0.518789529800415
0.0 0.5260953903198242 0.5105308890342712
0.0 0.37201619148254395 0.5050341486930847
0.0 0.4230721592903137 0.44184255599975586
0.0 0.46763622760772705 0.3299434185028076
0.0 0.39928507804870605 0.28509998321533203
0.0 0.289526104927063 0.23860955238342285
0.011302635073661804 0.2423776388168335 0.18719518184661865
0.019217297434806824 0.2563590407371521 0.1267639398574829
0.08640168607234955 0.24303823709487915 0.07733166217803955
0.0912928581237793 0.1887519359588623 0.011053740978240967
0.08023890852928162 0.2183554470539093 0.0
0.11303364485502243 0.16749581694602966 0.0
0.1292906105518341 0.1805940568447113 0.0
0.12856443226337433 0.13534080982208252 0.0
0.08428860455751419 0.10642579197883606 0.0
0.018041111528873444 0.05313172936439514 0.0
0.0 0.0 0.0
0.0 0.0 0.0
0.0 0.0 0.0
0.0 0.0006567686796188354 0.0
0.0 0.01594981551170349 0.0
0.0 0.017110079526901245 0.0
0.0 0.010451138019561768 0.0
0.0 0.030250459909439087 0.00524139404296875
0.0 0.017337173223495483 0.032020747661590576
0.006642192602157593 0.03499913215637207 0.05528908967971802
0.019633114337921143 0.026387035846710205 0.06721144914627075
0.0 0.012242108583450317 0.03840404748916626
0.0 0.0 0.018952131271362305
0.005850270390510559 0.0017080605030059814 0.0046623945236206055
0.031492382287979126 0.015665888786315918 0.012344956398010254
0.022783324122428894 0.0 0.0014818310737609863
0.015204817056655884 0.01181766390800476 0.0
0.0 0.0 0.0
0.0 0.0 0.0
0.0 0.0 0.0
0.0 0.0 0.0015485286712646484
0.0 0.00027567148208618164 0.0
0.0 0.0 0.00043505430221557617
0.0 0.0010151863098144531 0.014668881893157959
0.0 0.0013811886310577393 0.009391367435455322
0.0 0.0 0.012348175048828125
0.0030934661626815796 0.0 0.011057376861572266
0.0 0.0 0.0027109384536743164
0.0 0.0019600093364715576 0.005086004734039307
0.0 0.004689991474151611 0.009311318397521973
0.012792348861694336 0.013232171535491943 0.018931329250335693
0.0 0.0037936270236968994 0.004884600639343262
0.008658632636070251 0.00777849555015564 0.011459946632385254
0.0 0.007400214672088623 0.013289034366607666
0.0 0.0 0.0051468610763549805
0.0 0.004183977842330933 0.012371659278869629
0.0055060237646102905 0.006174296140670776 0.009814321994781494
0.0 0.005348622798919678 0.004337430000305176
0.0 0.0 0.0029259324073791504
0.0 0.0 0.005651652812957764
0.004218161106109619 0.003665536642074585 0.01012122631072998
0.0045561641454696655 0.010454624891281128 0.012306749820709229
0.0 0.0 0.0
0.0 0.0017707347869873047 0.0
0.0 0.0010564327239990234 0.0036296844482421875
0.0 0.0 0.004521012306213379
0.0 0.0 0.012446284294128418
0.0 0.0 0.0119209885597229
0.0 0.0 0.009424090385437012
0.0 0.0 0.011491835117340088
0.0 0.0 0.02249819040298462
0.0 0.0 0.01987159252166748
0.003374814987182617 0.0042480528354644775 0.020359516143798828
0.010904103517532349 0.0062011778354644775 0.01098722219467163
0.017577126622200012 0.007399082183837891 0.020630359649658203
0.018110886216163635 0.015353590250015259 0.017983615398406982
0.017838194966316223 0.02015620470046997 0.0
0.020385652780532837 0.025435924530029297 0.0
0.032604411244392395 0.03263139724731445 0.0
0.045581817626953125 0.0389268696308136 0.0
0.04295104742050171 0.05076909065246582 0.0
0.05523550510406494 0.06508484482765198 0.0
0.07291629910469055 0.07274708151817322 0.0
0.08335581421852112 0.08401739597320557 0.0
0.06220902502536774 0.07122278213500977 0.0
0.05686631798744202 0.08628013730049133 0.0
0.06422267854213715 0.08703428506851196 0.0
0.05848795175552368 0.08414983749389648 0.0
0.006442606449127197 0.07290905714035034 0.0
0.0 0.002470731735229492 0.0
0.0 0.0 0.03293794393539429
0.0 0.0 0.06358003616333008
0.0 0.0 0.10225313901901245
0.0 0.0 0.11273539066314697
0.0 0.0 0.0989944338798523
0.0 0.0 0.0870782732963562
0.0 0.0 0.0810442566871643
0.0 0.0 0.07264113426208496
0.0 0.0 0.07168585062026978
0.0 0.0 0.06237637996673584
0.0 0.0 0.03899800777435303
0.0 0.0 0.02726590633392334
0.0 0.0 0.034657835960388184
0.0 0.03378984332084656 0.024514496326446533
0.012538105249404907 0.0844871997833252 0.013704180717468262
0.05318388342857361 0.09315502643585205 0.0
0.0740811675786972 0.10707211494445801 0.0
0.1195903867483139 0.10051819682121277 0.0
0.15041212737560272 0.11248108744621277 0.0
0.17181995511054993 0.10958057641983032 0.0
0.16752983629703522 0.11412885785102844 0.0
0.14107050001621246 0.11878103017807007 0.0
0.1205594390630722 0.10707733035087585 0.0
0.11005553603172302 0.09950381517410278 0.0
0.13487018644809723 0.09253239631652832 0.0
0.1384817659854889 0.1002625823020935 0.0
0.06378908455371857 0.14393189549446106 0.0
0.0 0.09784835577011108 0.0
0.0 0.02141338586807251 0.00512009859085083
0.0 0.0 0.03138667345046997
0.0 0.0 0.04080682992935181
0.0 0.0 0.037328362464904785
0.0 0.0 0.03283029794692993
0.0 0.0 0.04327505826950073
0.0 0.0 0.06402719020843506
0.0 0.0 0.07291668653488159
0.0 0.0 0.07098722457885742
0.0 0.0 0.07366478443145752
0.0 0.0 0.06887054443359375
0.0 0.0 0.07596069574356079
0.0 0.0 0.061030685901641846
0.0 0.0 0.056402385234832764
0.0 0.0 0.05666530132293701
0.0 0.023868829011917114 0.042987167835235596
0.0 0.05385902523994446 0.016608893871307373
0.01025092601776123 0.03815719485282898 0.0
0.055848538875579834 0.06505686044692993 0.0
0.09294341504573822 0.08760735392570496 0.0
0.10745617747306824 0.10107216238975525 0.0
0.10902641713619232 0.09853807091712952 0.0
0.11176057159900665 0.08508625626564026 0.0
0.10707114636898041 0.10146155953407288 0.0
0.11303500831127167 0.09143257141113281 0.0
0.11533048748970032 0.08115983009338379 0.0
0.11631757020950317 0.08231842517852783 0.0
0.11858896911144257 0.09323287010192871 0.0
0.0970960259437561 0.10104277729988098 0.0
0.07870654761791229 0.10375037789344788 0.0
0.07602867484092712 0.0972091555595398 0.0
0.05948364734649658 0.09320774674415588 0.0
0.06028074026107788 0.08340451121330261 0.002898573875427246
0.0 0.057085245847702026 0.008357226848602295
0.0 0.0 0.00831979513168335
0.0 0.0 0.03860598802566528
0.0 0.0 0.06790679693222046
0.0 0.0 0.0816572904586792
0.0 0.0 0.08847314119338989
0.0 0.0 0.09380024671554565
0.0 0.0 0.09608685970306396
0.0 0.0 0.10254299640655518
0.0 0.0 0.09788036346435547
0.0 0.0 0.07918548583984375
0.0 0.0 0.06335186958312988
0.0 0.0 0.05224931240081787
0.0 0.0 0.04183363914489746
0.0 0.00998881459236145 0.025131821632385254
0.0 0.040820956230163574 0.000736236572265625
0.020635440945625305 0.03096964955329895 0.0
0.045008376240730286 0.056571006774902344 0.0
0.05059137940406799 0.08401939272880554 0.0
0.08730489015579224 0.07881465554237366 0.0
0.10108554363250732 0.09626054763793945 0.0
0.13128365576267242 0.10565835237503052 0.0
0.163976788520813 0.1072155237197876 0.0
0.1591019630432129 0.12111490964889526 0.0
0.12218379974365234 0.11596783995628357 0.0
0.09957057237625122 0.0877034068107605 0.0
0.08495023846626282 0.07267913222312927 0.0
0.0834892988204956 0.07285398244857788 0.0
0.08637620508670807 0.074759840965271 0.0
0.05852104723453522 0.07844072580337524 0.0
0.006384685635566711 0.0672643780708313 0.0
0.0 0.013525396585464478 0.007355213165283203
0.0 0.0 0.027965009212493896
0.0 0.0 0.043479740619659424
0.0 0.004059582948684692 0.042980074882507324
0.0 0.00568002462387085 0.038790345191955566
0.0 0.0 0.03950732946395874
0.0 0.0 0.051656901836395264
0.0 0.0 0.06471061706542969
0.0 0.0 0.063687264919281
0.0 0.0 0.057823002338409424
0.0 0.0 0.04980599880218506
0.0 0.0 0.05552387237548828
0.0 0.0 0.05901813507080078
0.0 0.0 0.05801433324813843
0.0 0.0 0.053582072257995605
0.0 0.0014242231845855713 0.04596590995788574
0.0 0.0 0.030584394931793213
0.0 0.004338711500167847 0.02012336254119873
0.0 0.02306768298149109 0.002202928066253662
0.01970292627811432 0.03155463933944702 0.0
0.004310712218284607 0.03777030110359192 0.0
0.0407891720533371 0.034899353981018066 0.0
0.05458763241767883 0.056018173694610596 0.0
0.06742727756500244 0.06969496607780457 0.0
0.08782005310058594 0.07257020473480225 0.0
0.10084052383899689 0.08074051141738892 0.0
0.10882534086704254 0.080718994140625 0.0
0.09337295591831207 0.07919317483901978 0.0
0.08272397518157959 0.06387388706207275 0.0
0.08240394294261932 0.05788421630859375 0.0
0.08588330447673798 0.06606832146644592 0.0
0.08531796932220459 0.07136678695678711 0.0
0.06898114085197449 0.06463027000427246 0.0
0.037029385566711426 0.05775344371795654 0.0
0.027464210987091064 0.04264575242996216 0.0
0.02457907795906067 0.03272780776023865 0.009423792362213135
0.008559048175811768 0.02829781174659729 0.019474506378173828
0.0 0.012070715427398682 0.012526392936706543
0.0 0.0 0.02366507053375244
0.0 0.0 0.02090984582901001
0.0 0.0 0.019759416580200195
0.0 0.0 0.02282845973968506
0.0 0.0 0.03223913908004761
0.0 0.0 0.03653216361999512
0.0 0.0 0.05840647220611572
0.0 0.0 0.063321053981781
0.0 0.0 0.05796164274215698
0.0 0.0 0.0652085542678833
0.0 0.0 0.06405723094940186
0.0 0.0 0.06311219930648804
0.0 0.0 0.05545973777770996
0.0 0.0 0.04563528299331665
0.0 0.0 0.03735238313674927
0.0 0.02082642912864685 0.02095693349838257
0.0 0.022319406270980835 0.00834721326828003
0.01726938784122467 0.030155181884765625 0.0009761452674865723
0.046829670667648315 0.04760926961898804 0.0
0.05165839195251465 0.06296408176422119 0.0
0.06959070265293121 0.07864540815353394 0.0
0.09605464339256287 0.08443674445152283 0.0
0.13295097649097443 0.09209966659545898 0.0
0.15116967260837555 0.11276581883430481 0.0
0.13316480815410614 0.10725322365760803 0.0
0.09399211406707764 0.08955958485603333 0.0
0.07061202824115753 0.07822716236114502 0.0
0.07282678782939911 0.062410324811935425 0.0
0.07473969459533691 0.05768471956253052 0.0
0.0714414119720459 0.06996893882751465 0.0
0.03933428227901459 0.07044559717178345 0.0
0.0 0.04652377963066101 0.0
0.0 0.027411282062530518 0.006079196929931641
0.025468528270721436 0.031917035579681396 0.032822251319885254
0.024866819381713867 0.04369455575942993 0.04177743196487427
0.0 0.024645477533340454 0.029959559440612793
0.0 0.0 0.027971863746643066
0.0 0.0 0.030684053897857666
0.0 0.0 0.05178731679916382
0.0 0.0 0.061647653579711914
0.0 0.0 0.05826830863952637
0.0 0.0 0.05961406230926514
0.0 0.0 0.06273198127746582
0.0 0.0 0.06799918413162231
0.0 0.0 0.07910466194152832
0.0 0.0 0.07641631364822388
0.0 0.0 0.06290209293365479
0.0 0.0 0.05189549922943115
0.0 0.0 0.04817134141921997
0.0 0.015602678060531616 0.02426445484161377
0.0014429986476898193 0.0320916473865509 0.009971380233764648
0.010359734296798706 0.041343480348587036 0.0
0.0401945561170578 0.04306292533874512 0.0
0.05924408137798309 0.0658273696899414 0.0
0.0806993842124939 0.08044740557670593 0.0
0.09714162349700928 0.08536744117736816 0.0
0.10990577936172485 0.09274435043334961 0.0
0.13180121779441833 0.1060742735862732 0.0
0.1350664496421814 0.10041001439094543 0.0
0.11792166531085968 0.10070094466209412 0.0
0.07259255647659302 0.08122789859771729 0.0
0.059490352869033813 0.047447919845581055 0.0
0.05559432506561279 0.0413355827331543 0.010661721229553223
0.057043880224227905 0.0460486114025116 0.01102757453918457
0.04377758502960205 0.04495614767074585 0.0013959407806396484
0.034076377749443054 0.05516362190246582 0.0
0.0 0.04414302110671997 0.0
0.0 0.0 0.009978055953979492
0.0 0.0 0.03141486644744873
0.0 0.010283231735229492 0.03551948070526123
0.0 0.02341771125793457 0.019916236400604248
0.0 0.0 0.006233572959899902
0.0 0.0 0.015720784664154053
0.0 0.0 0.031603455543518066
0.0 0.0 0.03908061981201172
0.0 0.0 0.03448641300201416
0.0 0.0 0.022855520248413086
0.0 0.0 0.03919327259063721
0.0 0.0 0.053843140602111816
0.0 0.0 0.06469589471817017
0.0 0.0 0.06493061780929565
0.0 0.0 0.058374762535095215
0.0 0.0 0.05213820934295654
0.0 0.0 0.05446815490722656
0.0 0.0 0.0524786114692688
0.0 0.0 0.034790754318237305
0.0 0.02097785472869873 0.011366963386535645
0.0 0.016704976558685303 0.0
0.0 0.0038153529167175293 0.0
0.025763794779777527 0.02224448323249817 0.0
0.027556106448173523 0.036146581172943115 0.0
0.04981614649295807 0.04648423194885254 0.0
0.016051650047302246 0.05467715859413147 0.0
0.04575550556182861 0.053319334983825684 0.0
0.07119914889335632 0.06141069531440735 0.0
0.08784663677215576 0.07277604937553406 0.0
0.10033860802650452 0.07357394695281982 0.0
0.08550818264484406 0.08443143963813782 0.0
0.08296515047550201 0.07523760199546814 0.0
0.06893415749073029 0.058710962533950806 0.0
0.04750189185142517 0.052033692598342896 0.0
0.053707629442214966 0.0376165509223938 0.0
0.027279719710350037 0.024895012378692627 0.0
0.0 0.006556391716003418 0.010156989097595215
0.0 0.0 0.02365022897720337
0.0 0.0 0.048350632190704346
0.0 0.0 0.061575472354888916
0.0 0.0 0.055239081382751465
0.0 0.0 0.04139631986618042
0.0 0.0 0.031451404094696045
0.0 0.0 0.031414568424224854
0.0 0.0 0.022285640239715576
0.0 0.0 0.020127058029174805
0.0 0.0 0.005363047122955322
0.0 0.0 0.0
0.0 0.0017598271369934082 0.0
0.0 0.0 0.0
0.0 0.0027830004692077637 0.0
0.0 0.0076448917388916016 0.0
0.0 0.015253663063049316 0.0
0.003495454788208008 0.005801588296890259 0.003985702991485596
0.0 0.0020789504051208496 0.0019894838333129883
0.0 0.0 0.012327790260314941
0.0 0.006241142749786377 0.013047635555267334
0.002329587936401367 0.008443892002105713 0.016436278820037842
0.0 0.0 0.01201707124710083
0.0 0.0 0.014912426471710205
0.0 0.0 0.015605270862579346
0.0 0.0 0.012846112251281738
0.0 0.005494564771652222 0.01657503843307495
0.0 0.003995805978775024 0.0139085054397583
0.0 0.004701524972915649 0.005443692207336426
0.0 0.001403212547302246 0.00041991472244262695
0.0 0.006172478199005127 0.007115960121154785
0.004071086645126343 0.007839620113372803 0.008545160293579102
0.001673579216003418 0.006467729806900024 0.0039743781089782715
0.0 0.0018792450428009033 0.0
0.0 0.002953082323074341 0.005824267864227295
0.0 0.0010586977005004883 0.01059943437576294
0.0 0.0 0.0038169026374816895
0.0 0.0 0.00858604907989502
0.0 0.0014818310737609863 0.0073302388191223145
0.0 0.0006923079490661621 0.006932497024536133
0.0 0.0 0.010015904903411865
0.0 0.0 0.0174638032913208
0.0011086463928222656 0.0 0.023288726806640625
0.0 0.0 0.01591724157333374
0.0 0.0 0.010804474353790283
0.0 0.0 0.014229297637939453
0.0 0.0 0.012117147445678711
0.0 0.0 0.010727941989898682
0.0 0.0012373626232147217 0.0
0.0 0.00636899471282959 0.0026192665100097656
0.0 0.012534350156784058 0.002269744873046875
0.0 0.04597702622413635 0.016419827938079834
0.03003096580505371 0.034956932067871094 0.031483471393585205
0.06305256485939026 0.0657179057598114 0.007744252681732178
0.10954850912094116 0.08053511381149292 0.0
0.11449068784713745 0.09434494376182556 0.0
0.1271226406097412 0.0923532247543335 0.0
0.11161404848098755 0.11992934346199036 0.0
0.12789928913116455 0.1127181351184845 0.0
0.016192376613616943 0.12877029180526733 0.0
0.004692494869232178 0.13834893703460693 0.0
0.0 0.12726318836212158 0.0
0.0 0.12746655941009521 0.0
0.009594261646270752 0.07265892624855042 0.0
0.0 0.020649760961532593 0.0
0.0294111967086792 0.06522446870803833 0.0
0.0 0.1350027322769165 0.0
0.0 0.21483126282691956 0.0
0.0 0.12477818131446838 0.0
0.0 0.025168657302856445 0.010402560234069824
0.0 0.010116487741470337 0.3228710889816284
0.0 0.07423880696296692 0.4128013849258423
0.0 0.14351212978363037 0.41180479526519775
0.0 0.19154131412506104 0.4507565498352051
0.0 0.12851989269256592 0.5780550241470337
0.0 0.20401084423065186 0.588665783405304
0.0 0.36973875761032104 0.46050846576690674
0.0 0.42552393674850464 0.41413676738739014
0.0 0.35529911518096924 0.46389126777648926
0.0 0.3744143843650818 0.5586181879043579
0.0 0.46079105138778687 0.5396708250045776
0.0 0.6361944675445557 0.3876888155937195
0.0 0.6998277306556702 0.31592750549316406
0.014792203903198242 0.4274202585220337 0.2505788803100586
0.0 0.30512309074401855 0.18155431747436523
0.015925675630569458 0.36827462911605835 0.21034151315689087
0.00332583487033844 0.2858394980430603 0.22138023376464844
0.02809324860572815 0.29170751571655273 0.23093914985656738
0.04257446527481079 0.28047508001327515 0.2190091609954834
0.07917143404483795 0.31878426671028137 0.22059035301208496
0.09410187602043152 0.3386360704898834 0.1269415020942688
0.15198728442192078 0.3203970789909363 0.005410552024841309
0.1265249252319336 0.25251880288124084 0.0
0.10040605813264847 0.13081693649291992 0.0
0.01936197280883789 0.10158391296863556 0.0
0.0 0.11347454786300659 0.0
0.0 0.005383789539337158 0.0
0.0 0.0 0.0
0.0 0.006763577461242676 0.0
0.0 0.015602514147758484 0.0
0.0 0.012533605098724365 0.0
0.0 0.04386793076992035 0.0
0.0 0.06516465544700623 0.0
0.0 0.043596118688583374 0.021574199199676514
0.0 0.03683781623840332 0.056302785873413086
0.0 0.009097591042518616 0.08508974313735962
0.006981506943702698 0.0 0.09512192010879517
0.0 0.0 0.06922256946563721
0.0 0.0 0.049633800983428955
0.0 0.0 0.026194870471954346
0.0 0.0 0.02325594425201416
0.0 0.0 0.0006887316703796387
0.0 0.0 0.0
0.0 0.0 0.0
0.0 0.01069590449333191 0.0
0.0 0.007512509822845459 0.0
0.0 0.01380668580532074 0.0
0.0 0.008428841829299927 0.0
0.0 0.012491598725318909 0.0006197690963745117
0.0 0.006074443459510803 0.0
0.004431173205375671 0.0007211416959762573 0.005352377891540527
0.0 0.006787165999412537 0.0
0.0 0.0 0.0
0.0 0.0 0.013378024101257324
0.0025679022073745728 0.002835586667060852 0.014356017112731934
0.0 0.004590511322021484 0.01802283525466919
0.0 0.0 0.006357789039611816
0.0 0.0 0.0113450288772583
0.004987597465515137 0.004856377840042114 0.01842200756072998
0.008061394095420837 0.009176492691040039 0.02522587776184082
0.0 0.003358393907546997 0.010770678520202637
0.0 0.0 0.010449826717376709
0.0 0.003948777914047241 0.011698603630065918
0.010889708995819092 0.0069689154624938965 0.01788508892059326
0.0 0.0 0.0
0.0 0.0029571354389190674 0.009397327899932861
0.0031925588846206665 0.0048787593841552734 0.017184734344482422
0.0 0.006059855222702026 0.012690305709838867
0.0 0.007048487663269043 0.0
0.0013090670108795166 0.010195910930633545 0.008557498455047607
0.003953754901885986 0.0045077502727508545 0.002597510814666748
0.0 0.0064445436000823975 0.005184173583984375
0.0 0.0 0.009150266647338867
0.0 0.0 0.00514596700668335
0.0 0.0 0.01161813735961914
0.0 0.0 0.009974837303161621
0.00011345744132995605 0.0058540403842926025 0.011454641819000244
0.0 0.006991833448410034 0.01346433162689209
0.0 0.005533933639526367 0.014414012432098389
0.0 0.0005701184272766113 0.006914973258972168
0.0007184892892837524 0.011949807405471802 0.008671581745147705
0.010990306735038757 0.0047799646854400635 0.011153817176818848
0.0051727741956710815 0.0039327144622802734 0.010762453079223633
0.001107633113861084 0.0019629597663879395 0.013425886631011963
0.0 0.00012089312076568604 0.012455582618713379
0.0 0.0 0.012828469276428223
0.0 0.001710161566734314 0.004855751991271973
0.0 0.0029415935277938843 0.004441201686859131
0.0 0.00301206111907959 0.0014504194259643555
0.0 0.0 0.0
0.0 0.0 0.0
0.0 0.0 0.0
0.0 0.0 0.0
0.0 0.0002512931823730469 0.0
0.0 0.0013121366500854492 0.0
0.0 0.0 0.0
0.0 0.011413663625717163 0.0
0.0 0.009174257516860962 0.0
0.0 0.018350303173065186 0.0
0.0 0.01879635453224182 0.0
0.0 0.023859292268753052 0.0
0.0 0.02376505732536316 0.0
0.0 0.03660973906517029 0.008824050426483154
0.0021318942308425903 0.030970394611358643 0.05585372447967529
0.004214063286781311 0.031112760305404663 0.08619052171707153
0.005240142345428467 0.03011450171470642 0.10142850875854492
0.013397499918937683 0.023085683584213257 0.13052880764007568
0.01278582215309143 0.015577375888824463 0.14614778757095337
0.010050319135189056 0.006896078586578369 0.153120756149292
0.00851421058177948 0.0037681758403778076 0.14778006076812744
0.014399632811546326 0.005485832691192627 0.14615106582641602
0.019592374563217163 0.003607124090194702 0.14562630653381348
0.01859515905380249 0.007970929145812988 0.12475705146789551
0.01642918586730957 0.011818736791610718 0.08995413780212402
0.01721145212650299 0.014709144830703735 0.03612333536148071
0.029965952038764954 0.007819533348083496 0.0
0.03562936186790466 0.008682221174240112 0.0
0.0069544315338134766 0.0057340264320373535 0.0
0.0 0.0 0.0
0.0 0.0 0.0
0.0 0.0 0.0
0.0 0.0003730952739715576 0.0
0.0 0.0 0.0
0.0 0.0 0.0
0.0 0.0 0.0
0.0 0.0 0.0
0.0 0.0 0.0
0.0 0.011855214834213257 0.0
0.0 0.013970822095870972 0.0
0.0 0.025739580392837524 0.0
0.0 0.04383447766304016 0.035316646099090576
0.01715703308582306 0.045050621032714844 0.08478546142578125
0.014604896306991577 0.047569483518600464 0.09679096937179565
0.0066511183977127075 0.04294317960739136 0.11559098958969116
0.0035969316959381104 0.03114902973175049 0.10559219121932983
0.014018058776855469 0.01822945475578308 0.11552178859710693
0.018689118325710297 0.0102405846118927 0.12251549959182739
0.02132745087146759 0.0041196346282958984 0.12711089849472046
0.017724595963954926 0.008402019739151001 0.126045823097229
0.010644227266311646 0.011307954788208008 0.12543553113937378
0.01002521812915802 0.004214048385620117 0.11728620529174805
0.01161910593509674 0.006990492343902588 0.10182434320449829
0.021421238780021667 0.007075965404510498 0.09556245803833008
0.012174278497695923 0.01248866319656372 0.06925010681152344
0.012062057852745056 0.00935429334640503 0.02795875072479248
0.008648470044136047 0.006022542715072632 0.0
0.0 0.0 0.0
0.0 0.0 0.0
0.0 0.0 0.0
0.0 0.0 0.0
0.0 0.0016408413648605347 0.0
0.0 0.002914920449256897 0.0
0.0 0.0 0.0
0.0 0.0019172132015228271 0.0
0.0 0.0 0.0
0.0 0.0 0.0
0.0 0.0 0.0
0.0 0.0 0.0
0.0 0.013050973415374756 0.0
0.0 0.020908445119857788 0.01590174436569214
0.0 0.02133515477180481 0.02421790361404419
0.0 0.02620813250541687 0.03421306610107422
0.008158251643180847 0.03285771608352661 0.05582749843597412
0.01622067391872406 0.037005096673965454 0.06682348251342773
0.01095859706401825 0.025580286979675293 0.07114529609680176
0.011352702975273132 0.02018633484840393 0.08293461799621582
0.012090042233467102 0.013194829225540161 0.09285962581634521
0.013022169470787048 0.004256993532180786 0.08599108457565308
0.016902700066566467 0.007472574710845947 0.09121543169021606
0.018587470054626465 0.0033871829509735107 0.09205090999603271
0.02385812997817993 0.009622663259506226 0.10149657726287842
0.022030487656593323 0.016834169626235962 0.1045297384262085
0.0010374188423156738 0.005603045225143433 0.08203595876693726
0.0 0.0 0.049761176109313965
0.0 0.0 0.016025185585021973
0.014450982213020325 0.0 0.0
0.011881202459335327 0.0 0.0
0.004412740468978882 0.008460819721221924 0.0
0.0 0.01985090970993042 0.0
0.0 0.0 0.0
0.0 0.0 0.0
0.0 0.0 0.0
0.0 0.0 0.0
0.0 0.0 0.0
0.0 0.0 0.0
0.0 0.0 0.0
0.0 0.0 0.0
0.0 0.0 0.0
0.0 0.009403228759765625 0.0
0.0 0.013400286436080933 0.0
0.0 0.01755070686340332 0.0
0.0 0.020657658576965332 0.007589817047119141
0.0 0.021047115325927734 0.02340233325958252
0.0 0.024464070796966553 0.044097185134887695
0.004392862319946289 0.023570477962493896 0.06317919492721558
0.011579737067222595 0.02620065212249756 0.07091915607452393
0.019491299986839294 0.02221772074699402 0.07338547706604004
0.019538849592208862 0.01727980375289917 0.08909773826599121
0.006967812776565552 0.012699633836746216 0.08820903301239014
0.004908367991447449 0.002781212329864502 0.08938205242156982
0.004497945308685303 0.004059016704559326 0.0836869478225708
0.0067920684814453125 0.0006920099258422852 0.06530940532684326
0.009914577007293701 0.005040645599365234 0.05603647232055664
0.006280422210693359 0.005489051342010498 0.05547761917114258
0.0 0.0 0.05402779579162598
0.0 0.0 0.04954791069030762
0.0032121241092681885 0.0 0.04286926984786987
0.0054997652769088745 0.0 0.015729546546936035
0.003669440746307373 0.0 0.0
0.0 0.0 0.0
0.0 0.0 0.0
0.0 0.0058501362800598145 0.0
0.0019243359565734863 0.001975923776626587 0.0
0.0 0.0 0.0
0.0 0.0 0.0
0.0 0.005034655332565308 0.0
0.0 0.004934385418891907 0.0
0.0 0.005074098706245422 0.0
0.0 0.0 0.0
0.0 0.0 0.0
0.0 0.0 0.0
0.0 0.0 0.0
0.0 0.006422162055969238 0.0
0.0 0.00693744421005249 0.0
0.0 0.021805554628372192 0.0
0.003958463668823242 0.030381500720977783 0.0
0.006874218583106995 0.036541879177093506 0.0
0.0 0.029489487409591675 0.0
0.0 0.020808011293411255 0.010657429695129395
0.0 0.02322256565093994 0.04313933849334717
0.0 0.013431251049041748 0.060902297496795654
0.0 0.009323835372924805 0.073394775390625
0.003568902611732483 0.011538326740264893 0.08686089515686035
0.0010375678539276123 0.007019668817520142 0.09408456087112427
0.0008253008127212524 0.004859030246734619 0.10686248540878296
0.0014906972646713257 0.0016269683837890625 0.10357582569122314
0.0008466839790344238 0.0023996829986572266 0.08982676267623901
0.0 0.0 0.06880354881286621
0.0 0.0 0.049089133739471436
0.0 0.0 0.038065314292907715
0.0 0.0 0.02491217851638794
0.0 0.0 0.01766371726989746
0.0018471181392669678 0.0 0.018818318843841553
0.004198744893074036 0.0003572404384613037 0.03048098087310791
0.002846047282218933 0.004278063774108887 0.04173845052719116
0.0013802051544189453 0.0036610662937164307 0.033744990825653076
0.005252256989479065 0.0026384592056274414 0.018491148948669434
0.00538046658039093 0.0 0.0
0.0050084590911865234 0.0 0.0
0.00022895634174346924 0.0 0.0
0.0 0.0 0.0
0.0 0.0017355382442474365 0.0
0.0 0.006225019693374634 0.0
0.0 0.0026665329933166504 0.0
0.0 0.0020286142826080322 0.0
0.0 0.007605895400047302 0.0
0.0 0.0 0.0
0.0 0.0027504563331604004 0.0
0.0 0.002229630947113037 0.0
0.0 0.013626247644424438 0.0
0.0 0.01131775975227356 0.0
0.0 0.012412607669830322 0.0
0.0 0.02804386615753174 0.0
0.0 0.006512433290481567 0.005128383636474609
0.0 0.017467021942138672 0.010852813720703125
0.00562739372253418 0.021790742874145508 0.038842737674713135
0.0 0.02072584629058838 0.04326564073562622
0.0 0.016345173120498657 0.046428561210632324
0.0 0.003033846616744995 0.05158841609954834
0.0 0.0031585991382598877 0.052599310874938965
0.0103655606508255 0.0057794153690338135 0.06339114904403687
0.007220625877380371 0.009242385625839233 0.05155813694000244
0.003909304738044739 0.01253405213356018 0.05760848522186279
0.0 0.002945244312286377 0.04786849021911621
0.0 0.0 0.0300789475440979
0.006470322608947754 0.00016322731971740723 0.029736876487731934
0.007944583892822266 0.0 0.02402782440185547
0.003638148307800293 0.0039007067680358887 0.024644672870635986
0.0 0.005331575870513916 0.03779172897338867
0.0 0.004000961780548096 0.05668824911117554
0.0033883601427078247 0.000739365816116333 0.07927429676055908
0.0 0.0029207170009613037 0.07416695356369019
0.0001859217882156372 0.0 0.047978878021240234
0.0 0.0 0.01917707920074463
0.0 0.0 0.0
0.0 0.0 0.0
0.000704154372215271 0.0 0.0
0.0 0.0 0.0
0.0 0.006935417652130127 0.0
0.0 0.008796364068984985 0.0
0.0 0.01152852177619934 0.0
0.0 0.0010569989681243896 0.0
0.0 0.0 0.0
0.0 0.005410701036453247 0.019030869007110596
0.0 0.01546362042427063 0.046340107917785645
0.0 0.013951331377029419 0.07626652717590332
0.0 0.0 0.04943418502807617
0.0 0.0 0.03279566764831543
0.0 0.0 0.011712491512298584
0.0025838762521743774 0.0 0.0
0.0 0.0 0.0
0.0 0.0 0.0
0.0 0.0 0.0
0.0 0.007771611213684082 0.0
0.0 0.007034957408905029 0.0
0.0 0.011767774820327759 0.0
0.0 0.010531693696975708 0.0
0.0 0.00963929295539856 0.0
0.0 0.0 0.0
0.0 0.0 0.01679772138595581
0.0 0.0 0.018081724643707275
0.0 0.0033558011054992676 0.025648295879364014
0.0 0.012402623891830444 0.03401076793670654
0.0 0.0 0.008040666580200195
0.0 0.002759307622909546 0.0
0.011219874024391174 0.008721739053726196 0.014302611351013184
0.0 0.005220234394073486 0.010056018829345703
0.002846941351890564 0.012624800205230713 0.019431591033935547
0.0019239634275436401 0.012043803930282593 0.006415009498596191
0.0012719780206680298 0.00800412893295288 0.0
0.008593052625656128 0.007441520690917969 0.0
0.0021627694368362427 0.007571607828140259 0.0014899373054504395
0.0 0.007614105939865112 0.009432494640350342
0.002686917781829834 0.007086515426635742 0.026560187339782715
0.0 0.00393328070640564 0.02771615982055664
0.0 0.0 0.0320742130279541
0.0 0.0 0.023086488246917725
0.0 0.0 0.02996879816055298
0.0 0.0 0.03167849779129028
0.0 0.0 0.019501566886901855
0.0 0.0 0.018950998783111572
0.0 0.0022153258323669434 0.00817728042602539
0.0 0.0007784664630889893 0.0
0.0 0.007668197154998779 0.0021933317184448242
0.0 0.0 0.0
0.0 0.0043829381465911865 0.0
0.0 0.0007479190826416016 0.0
0.0 0.002645432949066162 0.0
0.0 0.0015840530395507812 0.0
0.0 0.0 0.007814288139343262
0.0 0.0006909370422363281 0.007462978363037109
0.0007371008396148682 0.005051702260971069 0.008669435977935791
0.0 0.0 0.011600375175476074
0.0 0.0 0.006703972816467285
0.0 0.00589790940284729 0.01870572566986084
0.004750117659568787 0.0034987032413482666 0.016080200672149658
0.0 0.004250884056091309 0.015261054039001465
0.0 0.0 0.004009604454040527
0.0 0.0 0.009589910507202148
0.0 0.0019282102584838867 0.006382942199707031
0.0 0.0 0.0
0.0 0.0 0.0
0.0 0.0 0.007098853588104248
0.0 0.0022555291652679443 0.011913657188415527
0.0 0.0020429790019989014 0.00903254747390747
0.0 0.0 0.013978064060211182
0.005671173334121704 0.001964956521987915 0.02234351634979248
0.007768377661705017 0.006446868181228638 0.02178102731704712
0.0 0.003261744976043701 0.015055537223815918
0.0 0.0 0.014782190322875977
0.0 0.0030635297298431396 0.006337523460388184
0.0 0.0 0.003436565399169922
0.0 0.0 0.0
0.0 0.0 0.0006449222564697266
0.0 0.0016885697841644287 0.0
0.0 0.0029136240482330322 0.0015658140182495117
0.0 0.0018817782402038574 0.009757041931152344
0.0 0.0 0.013858258724212646
0.0 0.0016229450702667236 0.014486491680145264
0.0 0.0 0.009463667869567871
0.0 0.0 0.008817076683044434
0.0 0.0 0.008498609066009521
0.0 0.0 0.015841305255889893
0.0 0.0 0.0184706449508667
0.0 0.0 0.014349579811096191
0.0 0.0019997060298919678 0.012446582317352295
0.0004060715436935425 0.004014700651168823 0.007585644721984863
0.007586151361465454 0.028881102800369263 0.03815269470214844
0.04396691918373108 0.04395979642868042 0.049606502056121826
0.06377619504928589 0.0600031316280365 0.0
0.10281381011009216 0.10909998416900635 0.0
0.15943589806556702 0.14461010694503784 0.0
0.14541226625442505 0.13641870021820068 0.0
0.05958366394042969 0.14190202951431274 0.0
0.0 0.1242450475692749 0.0
0.07140994071960449 0.127778559923172 0.0
0.07621496915817261 0.23349156975746155 0.0
0.059162020683288574 0.2467823028564453 0.0
0.031250715255737305 0.16431155800819397 0.0
0.0485532283782959 0.08652770519256592 0.0
0.0 0.03494095802307129 0.0
0.0 0.00039318203926086426 0.0
0.007721602916717529 0.1749258041381836 0.0
0.0 0.17774447798728943 0.0
0.0 0.1005498468875885 0.026541829109191895
0.0 0.002360731363296509 0.42532503604888916
0.0 0.0 0.5410258769989014
0.0 0.06577646732330322 0.4278910160064697
0.0 0.1750791072845459 0.40630513429641724
0.0 0.2227463722229004 0.4226945638656616
0.0 0.27450811862945557 0.38436514139175415
0.0 0.2649557590484619 0.39268016815185547
0.0 0.23670965433120728 0.4945800304412842
0.0 0.36235666275024414 0.6082205772399902
0.0 0.6652153730392456 0.5455145239830017
0.0 0.7572507858276367 0.431918203830719
0.051202237606048584 0.6780215501785278 0.30890601873397827
0.07134227454662323 0.5384671688079834 0.24747300148010254
0.03844133019447327 0.4448643922805786 0.2325993776321411
0.008983790874481201 0.4060233235359192 0.19312995672225952
0.0 0.36177510023117065 0.041731834411621094
0.10037118196487427 0.3538021445274353 0.0
0.17925959825515747 0.32460612058639526 0.03529304265975952
0.21866723895072937 0.23789650201797485 0.08508074283599854
0.16032010316848755 0.17831724882125854 0.05943530797958374
0.09714198112487793 0.15803253650665283 0.03399217128753662
0.06361393630504608 0.15597838163375854 0.0
0.10297882556915283 0.11842942237854004 0.0
0.11170703172683716 0.052310824394226074 0.015725910663604736
0.04420338571071625 0.050141334533691406 0.0
0.0 0.023709893226623535 0.0
0.0 0.03725099563598633 0.0
0.0 0.037834376096725464 0.0
0.0 0.0 0.0
0.0 0.0 0.0
0.0 0.0 0.0
0.0 0.0 0.0
0.0 0.0 0.0
0.0 0.028656750917434692 0.0
0.0 0.00530889630317688 0.0
0.0 0.006947368383407593 0.0
0.0 0.012096524238586426 0.014297723770141602
0.0 0.0065441131591796875 0.05294239521026611
0.0 0.020525723695755005 0.07299560308456421
0.007823720574378967 0.011572152376174927 0.052908241748809814
0.02426457405090332 0.0 0.02896636724472046
0.006771981716156006 0.0 0.006738543510437012
0.0 0.0026162266731262207 0.030919313430786133
0.0025424212217330933 0.0 0.023632168769836426
0.0 0.0 0.004706978797912598
0.0 0.0037034451961517334 0.0
0.0 0.011322021484375 0.0
0.0 0.00976186990737915 0.0
0.0 0.007839113473892212 0.0
0.0 0.03155449032783508 0.009438574314117432
0.004442200064659119 0.0 0.0027273893356323242
0.009374380111694336 0.0 0.0007282495498657227
0.0 0.006414473056793213 0.01834970712661743
0.0 0.004293382167816162 0.0
0.0 0.0028002262115478516 0.022944152355194092
0.0 0.007569819688796997 0.009259939193725586
0.0 0.008520722389221191 0.007660031318664551
0.0014690607786178589 0.0 0.02035576105117798
0.0 0.0 0.03891277313232422
0.0 0.0 0.03028041124343872
0.0 0.01485896110534668 0.009594440460205078
0.0 0.018040746450424194 0.00488656759262085
0.0021190345287323 0.008765608072280884 0.00043702125549316406
0.0063783228397369385 0.0 0.0015757083892822266
0.0 0.0 0.003769099712371826
0.0 0.004200160503387451 0.0
0.0 0.006421923637390137 0.0
0.002020716667175293 0.016005724668502808 0.0
0.007700532674789429 0.007520884275436401 0.0
0.0 0.0064033567905426025 0.0017502903938293457
0.0 0.005266070365905762 0.015013158321380615
0.0 0.0037918388843536377 0.01779305934906006
0.0 0.005059272050857544 0.01699817180633545
0.0040123313665390015 0.008964747190475464 0.016552090644836426
0.0023383498191833496 0.007428109645843506 0.01773470640182495
0.0037166178226470947 0.004525989294052124 0.017086803913116455
0.0004140585660934448 0.0019897818565368652 0.016959547996520996
0.0 0.004973411560058594 0.00907355546951294
0.0010816603899002075 0.009550631046295166 0.0032691359519958496
0.0026632845401763916 0.005593687295913696 0.00015038251876831055
0.0 0.004488140344619751 0.00037354230880737305
0.0 0.002628147602081299 0.005656778812408447
0.0 0.0015414655208587646 0.01187044382095337
0.0 0.0 0.008482515811920166
0.0 0.007444798946380615 0.004788517951965332
0.0 0.003499150276184082 0.002674579620361328
0.0 0.0 0.0
0.0 0.000360339879989624 0.011144578456878662
0.0 0.0 0.01018667221069336
0.0 0.00469285249710083 0.009730756282806396
0.0 0.006245136260986328 0.0130576491355896
0.0 0.007276177406311035 0.0009582638740539551
0.0 0.0061241984367370605 0.006634116172790527
0.0 0.007179200649261475 0.008446991443634033
0.0 0.007628768682479858 0.0
0.0 0.005186319351196289 0.000700533390045166
0.0 0.0057971179485321045 0.0028421878814697266
0.0 0.0 0.010353624820709229
0.0 0.006150871515274048 0.015319645404815674
0.0 0.004496157169342041 0.009247183799743652
0.0 0.00017765164375305176 0.0011686086654663086
0.0 0.0022181570529937744 0.001257181167602539
0.0 0.0019518733024597168 0.0032546520233154297
0.0 0.0003776848316192627 0.00583040714263916
0.0 0.002488255500793457 0.012892663478851318
0.0 0.0010860562324523926 0.008135020732879639
0.0 0.0010749101638793945 0.013600051403045654
0.0 0.003080904483795166 0.009863495826721191
0.0 0.005652129650115967 0.008401274681091309
0.0020033419132232666 0.009856432676315308 0.007296860218048096
0.002850264310836792 0.011293888092041016 0.0029349327087402344
0.0 0.004931628704071045 0.0
0.0 0.0 0.001747429370880127
0.0 0.001688838005065918 0.004163563251495361
0.0 0.0019900500774383545 0.016405701637268066
0.0 0.0013889670372009277 0.010108768939971924
0.0 0.0 0.00885242223739624
0.0 0.004017621278762817 0.0076718926429748535
0.0 0.0 0.00301283597946167
0.0 0.00693783164024353 0.005387663841247559
0.0 0.006818592548370361 0.002793610095977783
0.0003193318843841553 0.004771322011947632 0.005017340183258057
0.0 0.004271596670150757 0.007688403129577637
0.0 0.005281656980514526 0.010144412517547607
0.0 0.0 0.011660635471343994
0.0 0.006370961666107178 0.0024449825286865234
0.0 0.006365150213241577 0.004237353801727295
0.0 0.0 0.009512782096862793
0.0 0.003223985433578491 0.00860583782196045
0.0 0.0 0.010203123092651367
0.0 0.0015391111373901367 0.0024639368057250977
0.0 0.003645181655883789 0.005802333354949951
0.0 0.004276841878890991 0.007774472236633301
0.0 0.005642890930175781 0.0095292329788208
0.0 0.005642920732498169 0.005428969860076904
0.0 0.0005966126918792725 0.010012328624725342
0.0 0.003067523241043091 0.0076691508293151855
0.0 0.0 0.012483775615692139
0.0 0.003796786069869995 0.0075318217277526855
0.0 0.005044102668762207 0.005808115005493164
0.0 0.002395927906036377 0.0022110939025878906
0.0 0.005153298377990723 0.0069228410720825195
0.0 0.0 0.004807591438293457
0.0 0.0010332465171813965 0.005441427230834961
0.0 0.003960698843002319 0.0059548020362854
0.0 0.0016297101974487305 0.00994187593460083
0.0 0.005398452281951904 0.0026412010192871094
0.0 0.009646832942962646 0.007349610328674316
0.0 0.0028182566165924072 0.01056063175201416
0.0 0.0026767849922180176 0.0076430439949035645
0.0 0.0 0.013019859790802002
0.0 0.0032982826232910156 0.011053085327148438
0.0 0.004343181848526001 0.002917468547821045
0.0 0.004806429147720337 0.0
0.0 0.0 0.0
0.0 0.0 0.007210731506347656
0.0 0.0036891400814056396 0.004366576671600342
0.0 0.0 0.0027581453323364258
0.0 0.004929900169372559 0.0003510117530822754
0.0 0.00943666696548462 0.010296344757080078
0.0 0.005684942007064819 0.01010274887084961
0.0008672624826431274 0.0 0.012997448444366455
0.0 0.0014284849166870117 0.019398748874664307
0.011069059371948242 0.0019050836563110352 0.020730912685394287
0.06885182857513428 0.025075525045394897 0.07458251714706421
0.0 0.0 0.0005067586898803711
0.0 0.029608577489852905 0.0
0.0 0.0 0.0
0.0 0.0 0.0
0.05273507535457611 0.03783419728279114 0.007081806659698486
