0.003216162323951721 0.0 0.1258084774017334
0.0 0.0 0.14853155612945557
0.0 0.0 0.163055419921875
0.0 0.0 0.15347367525100708
0.0 0.0 0.13242006301879883
0.0 0.0 0.11692994832992554
0.0 0.0 0.07930630445480347
0.0 0.0 0.05590587854385376
0.0 0.0 0.05591750144958496
0.0 0.0 0.03548777103424072
0.0 0.0 0.0
0.0 0.0 0.0
0.0 0.0 0.0
0.0 0.0 0.0
0.018119163811206818 0.0 0.07907295227050781
0.03899542987346649 0.008602261543273926 0.09570932388305664
0.0673132836818695 0.006032168865203857 0.09070223569869995
0.07555685937404633 0.0 0.040595173835754395
0.06568358838558197 0.0 0.00409621000289917
0.0035324841737747192 0.0 0.0
0.0 0.0 0.0
0.0 0.0 0.0
0.0 0.0 0.0
0.0 0.004061758518218994 0.0
0.0 0.01724034547805786 0.01153266429901123
0.0 0.014376640319824219 0.031596362590789795
0.0 0.0 0.03951835632324219
0.0 0.0 0.011851310729980469
0.0 0.0 0.0
0.0 0.0 0.0
0.0 0.0015877485275268555 0.002288341522216797
0.0 0.010767847299575806 0.015861153602600098
0.004831671714782715 0.011827647686004639 0.035295844078063965
0.0028694570064544678 0.0 0.03709137439727783
0.0 0.0 0.009184122085571289
0.0 0.0 0.0
0.0 0.0 0.0
0.0 0.016033321619033813 0.0
0.0 0.023005187511444092 0.023197829723358154
0.0 0.012924432754516602 0.02499067783355713
0.0 0.004423677921295166 0.023989617824554443
0.0 0.0 0.018923282623291016
0.0 0.0 0.017154157161712646
0.0 0.0 0.019786059856414795
0.0 0.0 0.013747692108154297
0.0 0.0 0.0
0.0 0.012692481279373169 0.0
0.0 0.013571053743362427 0.005953669548034668
0.0027020275592803955 0.007103681564331055 0.004770398139953613
0.0 0.007366001605987549 0.0
0.0 0.005576133728027344 0.006598055362701416
0.0 0.012361466884613037 0.011144101619720459
0.0 0.02044197916984558 0.0016412734985351562
0.0 0.027274280786514282 0.0
0.0 0.02517262101173401 0.0
0.0 0.027070850133895874 0.0
0.005808169022202492 0.01544189453125 0.0032563209533691406
0.020733611658215523 0.007041752338409424 0.014362871646881104
0.02857145294547081 0.0 0.03072953224182129
0.01681261695921421 0.0 0.027598679065704346
0.015576992183923721 0.0 0.003270745277404785
0.0003686714917421341 0.0 0.0029286742210388184
0.0 0.0 0.022220730781555176
0.005224592983722687 0.0 0.03400576114654541
0.0018799994140863419 0.00646597146987915 0.027513086795806885
0.0 0.009880751371383667 0.0
0.0 0.00881040096282959 0.0
0.0 0.013521701097488403 0.0
0.0 0.016183406114578247 0.00029265880584716797
0.0 0.011430591344833374 0.006258368492126465
0.0 0.00045934319496154785 0.010058164596557617
0.0 0.0 0.00018805265426635742
0.0 0.0 0.012927770614624023
0.011117763817310333 0.0 0.01387256383895874
0.015386179089546204 0.006681770086288452 0.020471572875976562
0.0 0.08179402351379395 0.0
0.0 0.0 0.02571338415145874
0.0 0.0022174417972564697 0.0
0.0 0.0024479329586029053 0.010974526405334473
0.0 0.00039651989936828613 0.0004709959030151367
0.0 0.010157585144042969 0.011139631271362305
0.0 0.020066052675247192 0.006765902042388916
0.0 0.012004554271697998 0.001743614673614502
0.0 0.0007371604442596436 0.00043469667434692383
0.0 0.0 0.0
0.008900388143956661 0.004030793905258179 0.013888001441955566
0.003860225435346365 0.0050369203090667725 0.009029150009155273
0.0 0.0078907310962677 0.0041953325271606445
0.0 0.00803309679031372 0.0030022263526916504
0.0 0.004723310470581055 0.0022416114807128906
0.0 0.001177072525024414 0.0023145079612731934
0.0 0.0 0.013330638408660889
0.0 0.0 0.013782024383544922
0.0 0.0 0.010272979736328125
0.0 0.00017967820167541504 0.0
0.00039630220271646976 0.007103770971298218 0.0032210350036621094
0.004259818699210882 0.011363834142684937 0.0006725788116455078
0.0 0.009870946407318115 0.005179047584533691
0.0 0.009486258029937744 0.004364967346191406
0.0 0.0009733736515045166 0.0055735111236572266
0.0 0.0 0.007652342319488525
0.0 0.0 0.009451150894165039
0.0 0.0 0.005544006824493408
0.0 0.00356137752532959 0.005630135536193848
0.002758024726063013 0.006843060255050659 0.0018778443336486816
0.0032628588378429413 0.007510781288146973 0.003373384475708008
0.004058232065290213 0.008052408695220947 0.006071925163269043
0.0015326516004279256 0.007272779941558838 0.006060302257537842
0.0 0.002235591411590576 0.0011510252952575684
0.0 0.0026147067546844482 0.003401458263397217
0.0 0.0012913346290588379 0.006556570529937744
0.0 0.004166454076766968 0.010002672672271729
0.0 0.001275569200515747 0.005844295024871826
0.0 0.0 0.0036249756813049316
0.0 0.0009034574031829834 0.006330132484436035
0.0 0.0050664544105529785 0.009130656719207764
0.0 0.0051254332065582275 0.005593299865722656
0.0003615191671997309 0.002270311117172241 0.0
0.0 0.0015212297439575195 0.0
0.0 0.002225816249847412 0.00907200574874878
0.001054116291925311 0.0029897093772888184 0.014570236206054688
0.0 0.004426836967468262 0.010546207427978516
0.0 0.0014949440956115723 0.0
0.0 0.004126816987991333 0.0015257000923156738
0.0 0.0036495327949523926 0.004577934741973877
0.0 0.004148721694946289 0.004548609256744385
0.0 0.002726614475250244 0.005510389804840088
0.0 0.006545275449752808 0.006325244903564453
0.0007682467112317681 0.005887717008590698 0.0038503408432006836
0.00025368446949869394 0.006212592124938965 0.004985392093658447
0.0020020934753119946 0.0050560832023620605 0.003489553928375244
0.0 0.0037494301795959473 0.0028438568115234375
0.0 0.007177889347076416 0.004066109657287598
0.0 0.0031575262546539307 0.008907794952392578
0.0 0.003247976303100586 0.003881394863128662
0.0 0.0046471357345581055 0.0045272111892700195
0.0019334293901920319 0.00020062923431396484 0.005812644958496094
0.0 0.0018862485885620117 0.005529642105102539
0.0 0.000328749418258667 0.008000373840332031
0.0 0.0024048984050750732 0.005896449089050293
0.0 0.005493372678756714 0.00451129674911499
0.004764880985021591 0.005992799997329712 0.006644845008850098
0.004203267861157656 0.004069685935974121 0.004305481910705566
0.0016792488750070333 0.005967825651168823 0.001042187213897705
0.0 0.0 0.0049201250076293945
0.0 0.0005480051040649414 0.008143246173858643
0.0 0.002528935670852661 0.012479841709136963
0.0 0.0 0.01197671890258789
0.0 0.0013256371021270752 0.007532477378845215
0.0 0.0 0.0
0.0 0.005748569965362549 0.0
0.0 0.007786095142364502 0.010422170162200928
0.007593918591737747 0.0 0.017058908939361572
0.0 0.0 0.012307226657867432
0.0 0.0 0.016255974769592285
0.010725114494562149 0.00033146142959594727 0.009574711322784424
0.005646286532282829 0.00922730565071106 0.0
0.004994972608983517 0.020171910524368286 0.0
0.012020928785204887 0.02009636163711548 0.0
0.0038351730909198523 0.013126254081726074 0.0
0.0 0.00801628828048706 0.0
0.0 0.004049748182296753 0.014176130294799805
0.0 0.0 0.015430033206939697
0.0 0.0 0.0077065229415893555
0.0 0.0029112398624420166 0.0
0.0 0.008231520652770996 0.0034612417221069336
0.0 0.009975820779800415 0.00812685489654541
0.00038102432154119015 0.0021495819091796875 0.010492980480194092
0.004941118415445089 0.001578211784362793 0.0018129348754882812
0.0007792932447046041 0.0 0.0
0.0038403694052249193 0.001116633415222168 0.006953001022338867
0.006918456871062517 0.0018999576568603516 0.00016677379608154297
0.0 0.006882518529891968 0.0003642439842224121
0.0003568704705685377 0.0013644993305206299 0.012333214282989502
0.006484124809503555 0.0014368891716003418 0.0151519775390625
0.0 0.00042998790740966797 0.009270131587982178
0.0 0.0019195973873138428 0.0007650256156921387
0.0 0.0009083151817321777 0.0
0.0018182897474616766 0.0006274580955505371 0.0030965805053710938
0.005648429971188307 0.0 0.015166163444519043
0.01327839307487011 0.0 0.017635822296142578
0.007288411259651184 0.0 0.006712913513183594
0.0 0.0 0.003447592258453369
0.0 0.0 0.0
0.0 0.014453917741775513 0.0
0.0 0.004126101732254028 0.0
0.0 0.0 0.0
0.0 0.00015211105346679688 0.0
0.002878345549106598 0.0 0.0
0.013740495778620243 0.0 0.0
0.017085321247577667 0.008137106895446777 0.0028200745582580566
0.016278643161058426 0.005951642990112305 0.0
0.02106194756925106 0.00243532657623291 0.0
0.028486866503953934 0.025539040565490723 0.0
0.022576937451958656 0.010929882526397705 0.0
0.01724708080291748 0.02169165015220642 0.0
0.014791319146752357 0.0 0.0
0.013143314979970455 0.0 0.0
0.0014415979385375977 0.0 0.0
0.0 0.0 0.0
0.0 0.0 0.0
0.0 0.0 0.005940854549407959
0.0 0.0 0.0
0.0 0.0 0.0
0.0 0.0 0.0
0.009267360903322697 0.0 0.0
0.00500820018351078 0.0 0.0
0.0 0.0 0.0
0.0 0.0 0.0
0.0 0.0 0.0010592937469482422
0.0 0.0 0.013117372989654541
0.0019862428307533264 0.0 0.015109360218048096
0.007082471624016762 0.0023130476474761963 0.02920389175415039
0.0 0.007894814014434814 0.039878904819488525
0.0 0.0 0.03389430046081543
0.0 0.0 0.02761244773864746
0.0 0.003625631332397461 0.03234046697616577
0.0 0.0 0.02586883306503296
0.0 0.0 0.010730624198913574
0.0 0.0 0.0
0.0 0.0 0.0
0.0 0.0 0.0
0.0 0.005573540925979614 0.0
0.0 0.003501594066619873 0.0
0.0 0.011732161045074463 0.0
0.0 0.007812976837158203 0.0
0.0 0.009670466184616089 0.0
0.0 0.018319368362426758 0.0067291259765625
0.0 0.0 0.012855350971221924
0.0 0.0 0.008678197860717773
0.0 0.004376828670501709 0.009653985500335693
0.0 0.01758214831352234 0.023024916648864746
0.0 0.018725931644439697 0.047449469566345215
0.0 0.011231690645217896 0.04942905902862549
0.0 0.015186727046966553 0.04762399196624756
0.0 0.02779373526573181 0.05072730779647827
0.0 0.03335559368133545 0.06204426288604736
0.0 0.043531209230422974 0.06900197267532349
0.0 0.05806267261505127 0.07299214601516724
0.0 0.06025180220603943 0.08117306232452393
0.0016710050404071808 0.053818345069885254 0.07141214609146118
0.0 0.04320424795150757 0.059081852436065674
0.0 0.03845939040184021 0.05836606025695801
0.019835449755191803 0.032111793756484985 0.0485571026802063
0.07192523777484894 0.0 0.037726402282714844
0.10665209591388702 0.0 0.0
0.048497918993234634 0.008369475603103638 0.0
0.0 0.09632599353790283 0.0
0.0 0.0670403242111206 0.0
0.0 0.03219190239906311 0.0181923508644104
0.0 0.0 0.03192812204360962
0.0 0.0 0.03468799591064453
0.0 0.0 0.014096975326538086
0.015329927206039429 0.0 0.0
0.03602569177746773 0.0 0.0
0.042025282979011536 0.01645559072494507 0.0
0.020894020795822144 0.013209640979766846 0.0
0.0 0.029090166091918945 0.0
0.0 0.05076602101325989 0.0
0.02665310725569725 0.02963101863861084 0.0
0.06712308526039124 0.013122320175170898 0.0
0.035055890679359436 0.014217019081115723 0.02423405647277832
0.04064766690135002 0.0 0.012189030647277832
0.0 0.0 0.033801496028900146
0.0 0.0 0.062198758125305176
0.027928205206990242 0.0006348490715026855 0.029142439365386963
0.0 0.024719804525375366 0.056861281394958496
0.06670698523521423 0.0 0.015295803546905518
0.0 0.0 0.05711972713470459
0.007101267576217651 0.0 0.02789837121963501
0.019421733915805817 0.0 0.013116002082824707
0.0 0.014768064022064209 0.0
0.0 0.041305214166641235 0.0
0.0 0.010546743869781494 0.0
0.05558769404888153 0.0 0.0
0.004360377788543701 0.0 0.0
0.0 0.008074581623077393 0.0
0.0 0.16821417212486267 0.0
0.050448983907699585 0.0 0.0
0.04218438267707825 0.0 0.030573129653930664
0.0 0.008815526962280273 0.06773573160171509
0.03651990741491318 0.02949199080467224 0.07665526866912842
0.02645554393529892 0.0 0.07783669233322144
0.0 0.0 0.0
0.0 0.04132968187332153 0.0
0.0 0.0 0.061102211475372314
0.0 0.004240840673446655 0.02032601833343506
0.0 0.0 0.030420362949371338
0.0 0.03003096580505371 0.053375244140625
0.0 0.07334372401237488 0.0
0.020268820226192474 0.0 0.0
0.005270287394523621 0.0 0.0
0.0 0.07002180814743042 0.0
0.02047986537218094 0.0 0.0
0.09618208557367325 0.046748459339141846 0.0
0.009149335324764252 0.0 0.05788916349411011
0.07653995603322983 0.005713403224945068 0.0002587437629699707
0.0 0.0 0.0
0.0 0.0 0.029156267642974854
0.005022527649998665 0.018778443336486816 0.026196718215942383
0.02053939551115036 0.006856799125671387 0.004209756851196289
0.05546020343899727 0.00645601749420166 0.014075517654418945
0.0867021381855011 0.014183998107910156 0.0
0.12047719955444336 0.09535503387451172 0.0
0.057662319391965866 0.019878506660461426 0.0
0.0 0.0 0.0
0.0 0.03547525405883789 0.0
0.0 0.024927109479904175 0.0
0.0 0.0 0.1545526385307312
0.0 0.06588351726531982 0.2573516368865967
0.0 0.0093192458152771 0.06937295198440552
0.03618399798870087 0.0 0.008249104022979736
0.00450684130191803 0.0 0.006869614124298096
0.0 0.0 0.008584082126617432
0.0653776079416275 0.0 0.12784838676452637
0.017587080597877502 0.0 0.0
0.15094459056854248 0.0 0.0
0.0 0.0 0.03479212522506714
0.0 0.012514382600784302 0.06866097450256348
0.0170927494764328 0.0 0.09484630823135376
0.0138215571641922 0.0 0.0
0.04257526993751526 0.0 0.0
0.11431147903203964 0.029109090566635132 0.05656951665878296
0.009807392954826355 0.024408161640167236 0.0
0.0 0.013136625289916992 0.0
0.046353861689567566 0.0075495243072509766 0.0
0.06397062540054321 0.042597800493240356 0.06674885749816895
0.008602693676948547 0.07970228791236877 0.0453183650970459
0.0 0.08577534556388855 0.0
0.0 0.0680723488330841 0.0
0.0 0.0 0.16245120763778687
0.05280575156211853 0.0 0.0
0.06746025383472443 0.0 0.004110515117645264
0.04433932900428772 0.014988303184509277 0.0
0.02952750027179718 0.02310064435005188 0.050759077072143555
0.03912925720214844 0.008550912141799927 0.016073763370513916
0.060809314250946045 0.03739136457443237 0.0
0.019858062267303467 0.0 0.09186124801635742
0.0 0.013171195983886719 0.1711941957473755
0.0 0.0 0.0
0.0 0.0 0.0
0.0845254510641098 0.032532185316085815 0.00010532140731811523
0.0355975478887558 0.07250252366065979 0.010991692543029785
0.0 0.013114571571350098 0.0
0.0 0.0 0.0
0.0 0.0047449469566345215 0.0
0.0 0.037314146757125854 0.007779479026794434
0.0448826402425766 0.0 0.05464237928390503
0.01445905864238739 0.0 0.03801107406616211
0.0 0.0 0.023260414600372314
0.0 0.0035649240016937256 0.03484100103378296
0.0 0.0 0.011586964130401611
0.0 0.03148454427719116 0.004189670085906982
0.008822664618492126 0.0 0.00041669607162475586
0.06600074470043182 0.0 0.0
0.0 0.00017243623733520508 0.0
0.02951761707663536 0.01064831018447876 0.0
0.027847230434417725 0.008734554052352905 0.0019757747650146484
0.04144159331917763 0.012478470802307129 0.001673877239227295
0.022180650383234024 0.010898500680923462 0.006104826927185059
0.0 0.0 0.006821155548095703
0.0 0.0004124939441680908 0.009305298328399658
0.0 0.0 0.01991748809814453
0.004737693816423416 0.008337020874023438 0.020520925521850586
0.007645012810826302 0.003983169794082642 0.014679133892059326
0.0 0.0 0.0003936886787414551
0.0 0.0 0.0
0.0 0.0 0.0
0.0 0.0 0.0
0.0036686882376670837 0.006461977958679199 0.008530795574188232
0.006266290321946144 0.0017742514610290527 0.017148196697235107
0.010266721248626709 0.011533230543136597 0.016986846923828125
0.0 0.0 0.006174147129058838
0.0 0.0052037835121154785 0.0
0.0032518506050109863 0.0 0.006769359111785889
0.0066586993634700775 0.0 0.015522360801696777
0.007908333092927933 0.0020658671855926514 0.01901918649673462
0.0 0.0 0.012128770351409912
0.0 0.0 0.017731845378875732
0.0 0.0 0.03662484884262085
0.0 0.0 0.03199797868728638
0.0 0.0 0.028385639190673828
0.003480352461338043 0.0 0.038740456104278564
0.0 0.0 0.054173171520233154
0.0034634917974472046 0.0 0.05242586135864258
0.007477808743715286 0.01522400975227356 0.022368133068084717
0.06839437782764435 0.07497251033782959 0.0
0.07476751506328583 0.15200763940811157 0.0
0.14786174893379211 0.21303614974021912 0.0
0.15575343370437622 0.2095862329006195 0.0
0.21993204951286316 0.23559856414794922 0.0
0.28442835807800293 0.34345972537994385 0.0
0.2423926591873169 0.32163572311401367 0.0
0.01624619960784912 0.30858367681503296 0.0
0.0 0.2197941541671753 0.0
0.0 0.19639885425567627 0.0
0.0 0.24048471450805664 0.0
0.0 0.05392143130302429 0.0
0.0 0.0 0.0
0.0 0.0 0.0
0.0 0.0 0.3395266532897949
0.0 0.0 0.41381192207336426
0.0 0.07950633764266968 0.45035386085510254
0.0 0.27702710032463074 0.47642338275909424
0.0 0.49813544750213623 0.5632309913635254
0.0 0.5592294335365295 0.6251804828643799
0.0 0.546161413192749 0.7142753601074219
0.0 0.5038174390792847 0.7961384057998657
0.0 0.5924587249755859 0.7490124702453613
0.0 0.7363635897636414 0.6537022590637207
0.0 0.7721714377403259 0.6249144077301025
0.0 0.5694521069526672 0.6622431874275208
0.0 0.4663655757904053 0.6516841053962708
0.0 0.4826897382736206 0.5575399994850159
0.0 0.572148859500885 0.44077157974243164
0.0 0.5198724865913391 0.43297284841537476
0.0 0.41040921211242676 0.4920869469642639
0.0 0.4202196002006531 0.4907398223876953
0.0 0.3760586380958557 0.4354202151298523
0.0 0.4332926273345947 0.32940685749053955
0.0 0.47026097774505615 0.22626709938049316
0.07652503252029419 0.4698944091796875 0.07434284687042236
0.16494490206241608 0.47489991784095764 0.0
0.11343204975128174 0.4762822091579437 0.0
0.09790930896997452 0.40668028593063354 0.0
0.08990533649921417 0.33817705512046814 0.0
0.03535975515842438 0.2446800023317337 0.0
0.0 0.1693512201309204 0.0
0.0 0.12883663177490234 0.0
0.0 0.08187821507453918 0.0
0.0 0.05821353197097778 0.0
0.0 0.039649248123168945 0.0
0.0 0.03028663992881775 0.05874300003051758
0.0 0.015782594680786133 0.10984891653060913
0.0 0.005380600690841675 0.13454604148864746
0.0 0.0 0.13375091552734375
0.0 0.0 0.11747616529464722
0.0 0.0 0.09220468997955322
0.0 0.0 0.06980443000793457
0.0 0.0 0.045437514781951904
0.0 0.0 0.02068859338760376
0.007209066301584244 0.0 0.002523958683013916
0.00508672371506691 0.0 0.0
0.0 0.0 0.0
0.0 0.003201127052307129 0.0
0.010591521859169006 0.016613245010375977 0.0
0.009232781827449799 0.020827800035476685 0.0
0.008021686226129532 0.026900887489318848 0.0
0.009496264159679413 0.02758324146270752 0.0
0.00534457340836525 0.025349587202072144 0.0
0.005414314568042755 0.020309358835220337 0.0
0.010481897741556168 0.013959914445877075 0.003861546516418457
0.004628457129001617 0.008678168058395386 0.005971848964691162
0.004429392516613007 0.00557786226272583 0.01351940631866455
0.00816650316119194 0.013143479824066162 0.01526719331741333
0.00926966592669487 0.01611146330833435 0.011591494083404541
0.012837886810302734 0.008208930492401123 0.010995268821716309
0.0071057528257369995 0.004002958536148071 0.008131086826324463
0.0017642714083194733 0.0036571919918060303 0.006449460983276367
0.002180911600589752 0.0 0.00809621810913086
0.0 0.0032057762145996094 0.006324291229248047
0.0 0.0034522414207458496 0.0025145411491394043
0.0 0.00807836651802063 0.003003835678100586
0.0 0.0014454126358032227 0.005713403224945068
0.0 0.0002798736095428467 0.020349204540252686
0.0 0.002140134572982788 0.021965086460113525
0.006608542054891586 0.006037712097167969 0.0182761549949646
0.00517856702208519 0.004664063453674316 0.014172673225402832
0.007792770862579346 0.0067765116691589355 0.013088643550872803
0.011239498853683472 0.011418759822845459 0.01712346076965332
0.008374039083719254 0.018167644739151 0.010907292366027832
0.026650503277778625 0.027876943349838257 0.010482072830200195
0.05575946718454361 0.05893075466156006 0.018604516983032227
0.0855996310710907 0.05719470977783203 0.005842030048370361
0.0747075080871582 0.06920713186264038 0.0
0.07148074358701706 0.08169946074485779 0.0
0.07181373238563538 0.07500088214874268 0.0
0.1320730745792389 0.09717762470245361 0.0007641315460205078
0.12426668405532837 0.11296451091766357 0.0
0.10608150064945221 0.13674426078796387 0.0
0.03767603635787964 0.0951484739780426 0.0
0.018772602081298828 0.06290969252586365 0.0
0.02911663055419922 0.027279704809188843 0.0
0.003757968544960022 0.018510639667510986 0.0
0.0 0.011150270700454712 0.0
0.0 0.0 0.0
0.0 0.0 0.007218539714813232
0.0 0.0 0.03142732381820679
0.0 0.0 0.0501636266708374
0.0 0.0 0.06680810451507568
0.0 0.0 0.11069965362548828
0.0 0.0 0.13124454021453857
0.0 0.0 0.11732202768325806
0.0 0.0 0.12215542793273926
0.0 0.0 0.1264551877975464
0.0 0.01703178882598877 0.10831701755523682
0.0 0.052786946296691895 0.08581244945526123
0.0 0.06805858016014099 0.050086259841918945
0.0 0.08375242352485657 0.02313840389251709
0.021065428853034973 0.0913381576538086 0.0042847394943237305
0.06184571981430054 0.09097447991371155 0.0
0.10086879134178162 0.11331504583358765 0.0
0.134102925658226 0.12391746044158936 0.0
0.16592901945114136 0.1322994828224182 0.0
0.18100395798683167 0.14008840918540955 0.0
0.19642192125320435 0.13755017518997192 0.0
0.2006818652153015 0.1398487389087677 0.0
0.1833357959985733 0.14556169509887695 0.0
0.17242565751075745 0.14534226059913635 0.0
0.15017294883728027 0.14622703194618225 0.0
0.1225755587220192 0.14070141315460205 0.0
0.09962945431470871 0.13109731674194336 0.0
0.059250012040138245 0.11593779921531677 0.0
0.030675753951072693 0.0900244414806366 0.0
0.009561672806739807 0.06480985879898071 0.0
0.0 0.05749696493148804 0.0
0.0 0.05553746223449707 0.0
0.0 0.03854548931121826 0.0
0.0 0.0055089592933654785 0.0
0.0 0.0 0.0
0.0 0.0 0.003555595874786377
0.0 0.0 0.031343698501586914
0.0 0.0 0.06460797786712646
0.0 0.0 0.09451955556869507
0.0 0.0 0.09995555877685547
0.0 0.0 0.10389626026153564
0.0 0.0 0.0978097915649414
0.0 0.0 0.08898723125457764
0.0 0.0 0.09552717208862305
0.0 0.0 0.09782367944717407
0.0 0.03117203712463379 0.08401995897293091
0.0 0.020090460777282715 0.06957966089248657
0.0 0.04485130310058594 0.056440532207489014
0.0 0.06396344304084778 0.04154825210571289
0.0 0.058923155069351196 0.015833139419555664
0.007230397313833237 0.07354292273521423 0.0
0.04353087395429611 0.0754852294921875 0.0
0.059519391506910324 0.09045591950416565 0.0
0.06980514526367188 0.10165438055992126 0.0
0.09424053132534027 0.09745335578918457 0.0
0.10210812836885452 0.11194562911987305 0.0
0.11270654946565628 0.10573413968086243 0.0
0.12284192442893982 0.11403053998947144 0.0
0.13214051723480225 0.1212070882320404 0.0
0.1508563756942749 0.11943709850311279 0.0
0.11978695541620255 0.11094653606414795 0.0
0.07511484622955322 0.09903916716575623 0.0
0.06223120912909508 0.07445564866065979 0.0
0.04629441723227501 0.06259477138519287 0.0011996626853942871
0.041074998676776886 0.056978046894073486 0.0068895816802978516
0.020458832383155823 0.03647333383560181 0.009656310081481934
0.0 0.016499727964401245 0.009202837944030762
0.0 0.0 0.021287918090820312
0.0 0.0 0.035939931869506836
0.0 0.0 0.044985413551330566
0.0 0.0 0.03747594356536865
0.0 0.0 0.024616539478302002
0.0 0.0 0.005546212196350098
0.0 0.0 0.009378552436828613
0.0 0.0 0.009852170944213867
0.0 0.0 0.012284040451049805
0.0 0.0 0.007491052150726318
0.0 0.0 0.0
0.0 0.0 0.0
0.0 0.0 0.0
0.0 0.0 0.008624851703643799
0.0 0.0013853013515472412 0.003752291202545166
0.0 0.008144617080688477 0.0050106048583984375
0.0 0.004152208566665649 0.002307295799255371
0.006421416997909546 0.0083543062210083 0.005719363689422607
0.005878627300262451 0.012516558170318604 0.006746649742126465
0.0009068399667739868 0.00048404932022094727 0.0049318671226501465
0.01970939338207245 0.004432171583175659 0.015272080898284912
0.02376474440097809 0.014053523540496826 0.007251620292663574
0.016813255846500397 0.015192121267318726 0.0005893707275390625
0.0069379135966300964 0.014240920543670654 0.0
0.013596564531326294 0.013179123401641846 0.0
0.011836923658847809 0.012481063604354858 0.0
0.006828285753726959 0.014548629522323608 0.0
0.003731846809387207 0.014816522598266602 0.0
0.005831830203533173 0.013455867767333984 0.0
0.0036861300468444824 0.011573493480682373 0.0
0.0 0.0028162896633148193 0.003378152847290039
0.0 0.0 0.007812857627868652
0.0 0.0 0.00968015193939209
0.0017062202095985413 0.00157928466796875 0.00963139533996582
0.0011737123131752014 0.0 0.011940479278564453
0.0 0.0 0.014718294143676758
0.0 0.0 0.01482301950454712
0.0 0.0 0.018045663833618164
0.0 0.0 0.029637932777404785
0.010630398988723755 0.0 0.023095011711120605
0.04968783259391785 0.014560788869857788 0.0567815899848938
0.07208310067653656 0.0665745735168457 0.02653449773788452
0.059534817934036255 0.09011012315750122 0.00676804780960083
0.050603389739990234 0.1459711194038391 0.0
0.17220261693000793 0.2034969925880432 0.0
0.2017536759376526 0.23105615377426147 0.0
0.13934051990509033 0.24121928215026855 0.0
0.07863777875900269 0.26207202672958374 0.0
0.0031923651695251465 0.2626275420188904 0.0
0.0 0.3228289484977722 0.0
0.0 0.35358476638793945 0.0
0.0 0.1515672206878662 0.0
0.0 0.0 0.0
0.0 0.0 0.0
0.0 0.0 0.0
0.0 0.01951393485069275 0.30455708503723145
0.0 0.0 0.40708065032958984
0.0 0.060182929039001465 0.3785310983657837
0.0 0.20911508798599243 0.41330623626708984
0.0 0.39537313580513 0.45677781105041504
0.0 0.5149208903312683 0.5125494003295898
0.0 0.5202877521514893 0.5749982595443726
0.0 0.5039289593696594 0.6553010940551758
0.0 0.5782903432846069 0.7143732309341431
0.0 0.6343414187431335 0.6967946290969849
0.0 0.6662036776542664 0.607572615146637
0.0 0.580103874206543 0.5623350739479065
0.0 0.4083816409111023 0.5707896947860718
0.0 0.3002815842628479 0.5630680322647095
0.0 0.43830764293670654 0.5109180212020874
0.0 0.49489402770996094 0.4789889454841614
0.0 0.49059879779815674 0.4386126399040222
0.0 0.44998598098754883 0.3902280330657959
0.0 0.37970662117004395 0.35392773151397705
0.010195285081863403 0.3879842162132263 0.30816030502319336
0.0465567409992218 0.42968201637268066 0.2350122332572937
0.06363408267498016 0.46167922019958496 0.10304015874862671
0.10172459483146667 0.4595498740673065 0.0
0.1387454867362976 0.39216485619544983 0.0
0.0817319005727768 0.3119226396083832 0.0
0.0 0.2619737982749939 0.0
0.0 0.1937408745288849 0.0
0.0 0.13921785354614258 0.0
0.0 0.1307429075241089 0.0
0.0 0.08702322840690613 0.0
0.0 0.06366074085235596 0.0
0.0 0.04750180244445801 0.0
0.0 0.04374822974205017 0.0
0.0 0.025460273027420044 0.045391201972961426
0.0 0.024168848991394043 0.10330837965011597
0.0 0.011488407850265503 0.13424444198608398
0.0 0.003591388463973999 0.1494508981704712
0.0023039672523736954 0.0 0.14507871866226196
0.021970443427562714 0.0 0.1200859546661377
0.01831384375691414 0.0 0.08891177177429199
0.012016922235488892 0.0 0.0660926103591919
0.02226175367832184 0.0 0.04237496852874756
0.029467668384313583 0.0 0.01813405752182007
0.02762269601225853 0.0 0.0
0.018062260001897812 0.011298596858978271 0.0
0.008776824921369553 0.017071843147277832 0.0
0.0016652271151542664 0.015772968530654907 0.0
0.008576493710279465 0.016552388668060303 0.0
0.003652818500995636 0.01781192421913147 0.0
0.0 0.016975611448287964 0.0
0.0 0.01749420166015625 0.0
0.0016177892684936523 0.01912480592727661 0.00888746976852417
0.004999175667762756 0.016005098819732666 0.012863397598266602
0.0035795196890830994 0.01431584358215332 0.015630006790161133
0.007923699915409088 0.007740199565887451 0.015390634536743164
0.005280107259750366 0.0 0.0197218656539917
0.005313307046890259 0.006111830472946167 0.013893425464630127
0.012451685965061188 0.009611815214157104 0.007771730422973633
0.020209230482578278 0.005340397357940674 0.0022814273834228516
0.016802381724119186 0.005590498447418213 0.002271711826324463
0.008388087153434753 0.009932130575180054 0.0008172988891601562
0.00799822062253952 0.021452516317367554 0.0010079145431518555
0.005370438098907471 0.022960186004638672 0.00391387939453125
0.007674574851989746 0.02177494764328003 0.009830474853515625
0.014157932251691818 0.014288246631622314 0.01760578155517578
0.013666585087776184 0.01036575436592102 0.02095276117324829
0.0065399035811424255 0.007521510124206543 0.014526665210723877
0.0007377341389656067 0.006755948066711426 0.005386829376220703
0.0 0.01338931918144226 0.0
0.0 0.0268954336643219 0.0
0.0 0.044046998023986816 0.0
0.010899320244789124 0.050731778144836426 0.0
0.0066366493701934814 0.07279321551322937 0.0
0.0 0.06826204061508179 0.0
0.0 0.06383264064788818 0.0
0.0 0.075460284948349 0.0
0.0 0.09818887710571289 0.0
0.0 0.11394983530044556 0.0
0.0 0.0920446515083313 0.0
0.0 0.06621325016021729 0.0
0.0 0.057037413120269775 0.03443646430969238
0.0 0.055914103984832764 0.08768677711486816
0.0 0.06930220127105713 0.13432741165161133
0.028908930718898773 0.04673844575881958 0.1794893741607666
0.044878508895635605 0.014766216278076172 0.2215988039970398
0.052802350372076035 0.003338456153869629 0.25269198417663574
0.05635080486536026 0.0 0.26486271619796753
0.050149619579315186 0.0 0.26585495471954346
0.03371371328830719 0.0 0.2547527551651001
0.028607074171304703 0.0 0.23183190822601318
0.02331600710749626 0.0 0.20562076568603516
0.015711266547441483 0.0 0.18294870853424072
0.01777753233909607 0.006064713001251221 0.1475297212600708
0.003582388162612915 0.016551434993743896 0.10004669427871704
0.0015010535717010498 0.024783998727798462 0.05090218782424927
0.0 0.030804842710494995 0.0
0.0 0.022636204957962036 0.0
0.0 0.027488380670547485 0.0
0.0 0.026888012886047363 0.0
0.0 0.03659626841545105 0.0
0.0 0.04575970768928528 0.0
0.0 0.057268738746643066 0.0
0.0 0.06494647264480591 0.0
0.0 0.06103876233100891 0.0
0.0 0.0817858874797821 0.0
0.0 0.08571970462799072 0.0
0.0 0.08987942337989807 0.0
0.0 0.08004909753799438 0.0
0.0 0.09772065281867981 0.0
0.0 0.09166914224624634 0.0
0.0 0.10218745470046997 0.0
0.019112035632133484 0.10529887676239014 0.04847121238708496
0.03179863095283508 0.08662450313568115 0.07775503396987915
0.021137811243534088 0.061183273792266846 0.11682754755020142
0.005731023848056793 0.05189204216003418 0.13616347312927246
0.01969989389181137 0.03460043668746948 0.15871024131774902
0.03854968398809433 0.03370088338851929 0.17703771591186523
0.05064234137535095 0.007944583892822266 0.18537366390228271
0.04823458194732666 0.0 0.17884987592697144
0.04110478609800339 0.0 0.1662445068359375
0.02865682542324066 0.0 0.14423060417175293
0.0186287984251976 0.0 0.11591589450836182
0.010577097535133362 0.0 0.08972430229187012
0.008170023560523987 0.0 0.07749426364898682
0.0 0.0 0.05089086294174194
0.0 0.0 0.03498709201812744
0.0 0.0 0.004959285259246826
0.0 0.0 0.0
0.0 0.003382861614227295 0.0
0.0 0.00042319297790527344 0.007484376430511475
0.0 0.0067844390869140625 0.023501217365264893
0.0030502397567033768 0.016141057014465332 0.027949810028076172
0.011855607852339745 0.021880030632019043 0.026200592517852783
0.003978250548243523 0.011030405759811401 0.02368074655532837
0.0 0.0 0.005893111228942871
0.0 0.0 0.0
0.0 0.0 0.0
0.0032982081174850464 0.002958148717880249 0.0
0.008218333125114441 0.022506356239318848 0.0
0.018236100673675537 0.03248921036720276 0.0
0.008343666791915894 0.022426694631576538 0.0
0.0 0.02163797616958618 0.0
0.0010765790939331055 0.04203474521636963 0.0
0.019298017024993896 0.0498274564743042 0.0
0.01816698908805847 0.05415904521942139 0.0
0.01532239094376564 0.04741615056991577 0.0
0.019681379199028015 0.04248690605163574 0.0
0.007991679012775421 0.04166111350059509 0.0
0.004013679921627045 0.03852054476737976 0.0
0.01875419169664383 0.04311758279800415 0.0
0.02882647141814232 0.042972177267074585 0.004276633262634277
0.017889220267534256 0.03955906629562378 0.013126015663146973
0.015085924416780472 0.03468066453933716 0.021927356719970703
0.014890097081661224 0.02267909049987793 0.026174604892730713
0.01077384501695633 0.016443848609924316 0.026401162147521973
0.010487191379070282 0.008736252784729004 0.02179121971130371
0.007172860205173492 0.011442303657531738 0.021517038345336914
0.009531006217002869 0.008900374174118042 0.031916141510009766
0.00011099129915237427 0.002176821231842041 0.03308260440826416
0.0 0.0 0.04047560691833496
0.0 0.0 0.052330613136291504
0.0 0.0 0.06257778406143188
0.005247734487056732 0.0 0.06825697422027588
0.00965583324432373 0.0017312467098236084 0.05863070487976074
0.010158650577068329 0.008189916610717773 0.04259449243545532
0.0070757269859313965 0.005765408277511597 0.02646881341934204
0.002335689961910248 0.007769763469696045 0.012871384620666504
0.003691457211971283 0.003409862518310547 0.0003781914710998535
0.0 0.0015127956867218018 0.0
0.004832088947296143 0.007361918687820435 0.0
0.0038941502571105957 0.007810473442077637 0.0
0.0007046088576316833 0.013787388801574707 0.0
0.0017947927117347717 0.01808875799179077 0.0
0.011042959988117218 0.023083597421646118 0.0
0.00917055457830429 0.021892189979553223 0.0
0.004120245575904846 0.016652703285217285 0.0
0.005467638373374939 0.01473987102508545 0.0008777976036071777
0.005082763731479645 0.0097847580909729 0.01109546422958374
0.004659786820411682 0.007779240608215332 0.015604734420776367
0.011500492691993713 0.010650396347045898 0.01900804042816162
0.015017800033092499 0.005778372287750244 0.029071331024169922
0.0 0.0 0.04791557788848877
0.0 0.0 0.07588940858840942
0.012738004326820374 0.0 0.11587154865264893
0.031305812299251556 0.0 0.13583654165267944
0.03556343913078308 0.006721913814544678 0.14934110641479492
0.04023873805999756 0.0746009349822998 0.12044429779052734
0.08238472044467926 0.11635911464691162 0.020701706409454346
0.16405341029167175 0.17234480381011963 0.0
0.15661904215812683 0.19175904989242554 0.0
0.17103582620620728 0.27952051162719727 0.0
0.17361176013946533 0.42107152938842773 0.0
0.005484104156494141 0.4063454866409302 0.0
0.0 0.33958160877227783 0.0
0.0 0.15272104740142822 0.0
0.0 0.09048905968666077 0.0
0.0 0.04921364784240723 0.0
0.0 0.014283239841461182 0.0
0.0 0.08325523138046265 0.0
0.0 0.1833726167678833 0.0
0.0 0.0 0.09317827224731445
0.0 0.0 0.4847921133041382
0.0 0.0 0.5283194780349731
0.0 0.05729937553405762 0.4976227283477783
0.0 0.15439391136169434 0.41993212699890137
0.0 0.24873650074005127 0.3483973741531372
0.0 0.4262649416923523 0.3518787622451782
0.0 0.4561622142791748 0.45720887184143066
0.0 0.5498491525650024 0.5680296421051025
0.0 0.5656014084815979 0.654679536819458
0.0 0.5278357863426208 0.7208560705184937
0.0 0.4933146834373474 0.7021746635437012
0.0 0.4962763786315918 0.5897399187088013
0.0 0.43036675453186035 0.5227296352386475
0.0 0.3214151859283447 0.47605055570602417
0.0 0.3461112976074219 0.41658973693847656
0.0 0.35552436113357544 0.34856170415878296
0.021601825952529907 0.3105320930480957 0.30164575576782227
0.04050198197364807 0.24049055576324463 0.2745596766471863
0.03240218758583069 0.2174546718597412 0.26238739490509033
0.02558302879333496 0.2299787402153015 0.24847233295440674
0.047549694776535034 0.22993189096450806 0.22194308042526245
0.03540220856666565 0.23777389526367188 0.18168771266937256
0.018400847911834717 0.2621704041957855 0.10581475496292114
0.022434860467910767 0.26853418350219727 0.0
0.042526863515377045 0.25637567043304443 0.0
0.047323077917099 0.2629615366458893 0.0
0.02197234332561493 0.2779129147529602 0.0
0.0 0.21918821334838867 0.0
0.0 0.17810437083244324 0.0
0.0 0.13318400084972382 0.0
0.0 0.08991286158561707 0.0
0.0 0.05051960051059723 0.0
0.0 0.04881547391414642 0.0
0.0 0.04504953324794769 0.0
0.0 0.047052234411239624 0.0
0.0 0.053775906562805176 0.0
0.0 0.037086695432662964 0.01807236671447754
0.0 0.01667192578315735 0.056310057640075684
0.0 0.016156554222106934 0.07273632287979126
0.012137148529291153 0.01596808433532715 0.07740747928619385
0.006391897797584534 0.0 0.06267094612121582
0.01509847305715084 0.004478901624679565 0.04868429899215698
0.024080641567707062 0.0018856525421142578 0.03802657127380371
0.018492044880986214 0.0 0.016863703727722168
0.02494938299059868 0.010072410106658936 0.008897542953491211
0.02823771722614765 0.018312662839889526 0.0
0.022425364702939987 0.022913843393325806 0.0
0.011709744110703468 0.024812132120132446 0.0
0.010076489299535751 0.02089834213256836 0.0
0.012617407366633415 0.026119738817214966 0.0
0.008345237001776695 0.02618420124053955 0.0
0.0 0.016040414571762085 0.0
0.0 0.011944025754928589 0.0026656389236450195
0.0 0.009921342134475708 0.007707118988037109
0.0 0.015190929174423218 0.01118004322052002
0.0 0.02265062928199768 0.009910404682159424
0.0392741784453392 0.048076748847961426 0.007676124572753906
0.07446303963661194 0.09239920973777771 0.0
0.11699089407920837 0.09099119901657104 0.0
0.08335595577955246 0.10778790712356567 0.0
0.0968020036816597 0.12433388829231262 0.0
0.12648212909698486 0.11396440863609314 0.0
0.14087630808353424 0.1357795000076294 0.0
0.12559768557548523 0.1146288812160492 0.0
0.013186156749725342 0.09014782309532166 0.0
0.0 0.03384363651275635 0.0022484660148620605
0.0 0.011421829462051392 0.023629426956176758
0.0 0.0 0.017604708671569824
0.0 0.0 0.019223928451538086
0.0 0.0 0.03473508358001709
0.0 0.0 0.056465864181518555
0.0 0.0 0.05055952072143555
0.0 0.0 0.04895496368408203
0.0 0.0 0.0872158408164978
0.0 0.0 0.11978721618652344
0.0 0.0 0.12846821546554565
0.0 0.045253902673721313 0.12339478731155396
0.0 0.03877362608909607 0.08761107921600342
0.0 0.02819731831550598 0.0395469069480896
0.0 0.057317107915878296 0.021568357944488525
0.0 0.08997809886932373 0.00944143533706665
0.05431544780731201 0.09838640689849854 0.0
0.08785378932952881 0.09157967567443848 0.0
0.12872132658958435 0.11313250660896301 0.0
0.16210013628005981 0.127111554145813 0.0
0.17876946926116943 0.14075148105621338 0.0
0.18977023661136627 0.16251954436302185 0.0
0.19998541474342346 0.16816231608390808 0.0
0.17770597338676453 0.1678529679775238 0.0
0.1551888883113861 0.1502428948879242 0.0
0.11530325561761856 0.13297149538993835 0.0
0.10281400382518768 0.1431642472743988 0.0
0.11513009667396545 0.09858882427215576 0.0
0.06475819647312164 0.09586268663406372 0.0
0.014014467597007751 0.08157971501350403 0.0
0.0 0.048337340354919434 0.0
0.0 0.026906609535217285 0.0
0.0 0.03200709819793701 0.0
0.0 0.06506294012069702 0.0
0.0 0.04074054956436157 0.0
0.0 0.017673790454864502 0.0
0.0 0.005815863609313965 0.0
0.0 0.0 0.03085237741470337
0.0 0.0 0.04389721155166626
0.0 0.0 0.041384875774383545
0.0 0.0 0.03920304775238037
0.0 0.0 0.06155604124069214
0.0 0.0 0.07588350772857666
0.0 0.0 0.07867431640625
0.0 0.0 0.08418834209442139
0.0 0.0 0.09543699026107788
0.0 0.0 0.10106021165847778
0.0 0.0 0.11586421728134155
0.0 0.019870758056640625 0.10471534729003906
0.0 0.03823545575141907 0.08391934633255005
0.0 0.03346598148345947 0.07566666603088379
0.0 0.043749094009399414 0.06523889303207397
0.0 0.048501014709472656 0.042645931243896484
0.014917880296707153 0.05357959866523743 0.03384733200073242
0.048630744218826294 0.055450439453125 0.0
0.0560547411441803 0.07597604393959045 0.0
0.08372128009796143 0.08622854948043823 0.0
0.11131171137094498 0.10211369395256042 0.0
0.1231393963098526 0.11173704266548157 0.0
0.1247849389910698 0.11902213096618652 0.0
0.1312253177165985 0.13416630029678345 0.0
0.12182796001434326 0.14053985476493835 0.0
0.10801642388105392 0.1379033625125885 0.0
0.09477163851261139 0.1256808340549469 0.0
0.09279080480337143 0.09494996070861816 0.0
0.09102749824523926 0.0868176817893982 0.0
0.08377514779567719 0.08899098634719849 0.0
0.04560829699039459 0.07347965240478516 0.0
0.0002632439136505127 0.06092563271522522 0.0
0.0 0.04039895534515381 0.0
0.002128884196281433 0.018995970487594604 0.01181185245513916
0.0 0.010456472635269165 0.01464533805847168
0.0 0.0 0.01657503843307495
0.0 0.0 0.017072737216949463
0.0 0.0 0.02862095832824707
0.0 0.0 0.03747326135635376
0.0 0.0 0.05428433418273926
0.0 0.0 0.04848712682723999
0.0 0.0 0.036179423332214355
0.0 0.0 0.02721703052520752
0.0 0.0 0.020578622817993164
0.0 0.00542488694190979 0.013174951076507568
0.0 0.002759307622909546 0.0007968544960021973
0.0 0.004992365837097168 0.0
0.004315480589866638 0.012688815593719482 0.0
0.011336907744407654 0.015281379222869873 0.0
0.011193588376045227 0.01101076602935791 0.0
0.004302948713302612 0.0 0.0
0.014002591371536255 0.006026029586791992 0.0
0.02294762432575226 0.015229016542434692 0.0014874935150146484
0.020315736532211304 0.014308542013168335 0.0077141523361206055
0.008774608373641968 0.013580262660980225 0.009761512279510498
0.0 0.008975505828857422 0.01426243782043457
0.0 0.005545705556869507 0.015481412410736084
0.00022178888320922852 0.010529100894927979 0.017459869384765625
0.0032947808504104614 0.00851285457611084 0.012638449668884277
0.0001236647367477417 0.006563931703567505 0.007188856601715088
0.0 0.0 0.010626077651977539
0.0 0.0 0.009148240089416504
0.0 0.0 0.014690756797790527
0.0 0.0 0.02739924192428589
0.0 0.02726343274116516 0.026582419872283936
0.019242137670516968 0.024104326963424683 0.009955286979675293
0.04740244150161743 0.06630665063858032 0.0
0.10363733768463135 0.135575532913208 0.0
0.14674335718154907 0.2049950361251831 0.0
0.12557795643806458 0.24149402976036072 0.0
0.22127705812454224 0.26434046030044556 0.0
0.17643827199935913 0.307452917098999 0.0
0.1586836576461792 0.3454418182373047 0.0
0.05913376808166504 0.3794582486152649 0.0
0.0 0.3919248580932617 0.0
0.0 0.17473971843719482 0.0
0.0 0.0 0.0
0.0 0.0 0.0
0.0 0.0 0.0
0.0 0.0 0.0
0.0 0.1365315020084381 0.3646106719970703
0.0 0.0 0.4785172939300537
0.0 0.13575413823127747 0.49085187911987305
0.0 0.20913884043693542 0.4572528600692749
0.0 0.27721258997917175 0.42306745052337646
0.0 0.3352295756340027 0.4708322286605835
0.0 0.35238686203956604 0.5259987115859985
0.0 0.318489670753479 0.5890488624572754
0.0 0.343342661857605 0.5867986679077148
0.0 0.43133771419525146 0.5306174755096436
0.0 0.47126173973083496 0.4693678617477417
0.0 0.4494190812110901 0.44941186904907227
0.0 0.40632760524749756 0.4651045799255371
0.0 0.4176632761955261 0.49675387144088745
0.0 0.4557031989097595 0.4351655840873718
0.0 0.4647499918937683 0.41919440031051636
0.0 0.41672223806381226 0.39180582761764526
0.012470066547393799 0.39310377836227417 0.3726004362106323
0.05704359710216522 0.2929224967956543 0.3414376974105835
0.08059316873550415 0.24736183881759644 0.29117006063461304
0.0734715461730957 0.24757015705108643 0.24431216716766357
0.07062864303588867 0.2773594856262207 0.19568777084350586
0.06260284781455994 0.2741702198982239 0.11933839321136475
0.07833729684352875 0.260623037815094 0.014505267143249512
0.0934327244758606 0.25325924158096313 0.0
0.11418560147285461 0.2152760624885559 0.0
0.07673192024230957 0.2254781424999237 0.0
0.05632329732179642 0.21928006410598755 0.0
0.029247064143419266 0.1935730129480362 0.0
0.0 0.18780399858951569 0.0
0.0 0.14608606696128845 0.0
0.0 0.10004651546478271 0.0
0.0 0.059505075216293335 0.0
0.0 0.031116709113121033 0.0
0.0 0.018460869789123535 0.0
0.0 0.01418253779411316 0.0
0.0 0.028058260679244995 0.0
0.0 0.034658282995224 0.0
0.0 0.03961753845214844 0.006446778774261475
0.0 0.027813732624053955 0.018217146396636963
0.012144716456532478 0.023309290409088135 0.04131430387496948
0.01732495427131653 0.01649576425552368 0.04654651880264282
0.0244922898709774 0.012457221746444702 0.05271434783935547
0.025299150496721268 0.016965776681900024 0.04371082782745361
0.02638775110244751 0.015367269515991211 0.031362712383270264
0.02722802385687828 0.014752417802810669 0.02457350492477417
0.020563580095767975 0.009411364793777466 0.018623709678649902
0.025318581610918045 0.009053707122802734 0.014563500881195068
0.012632697820663452 0.00358659029006958 0.006199538707733154
0.01443484053015709 0.004998981952667236 0.005472242832183838
0.022806312888860703 0.01697865128517151 0.0027514100074768066
0.01542629674077034 0.01673528552055359 0.0
0.011816393584012985 0.023723602294921875 0.0
0.008999727666378021 0.025892138481140137 0.0
0.010922536253929138 0.03555631637573242 0.0
0.0039045140147209167 0.025072753429412842 0.0
0.004141077399253845 0.024311214685440063 0.0
0.0038088858127593994 0.017519086599349976 0.008367061614990234
0.0 0.004469245672225952 0.021558761596679688
0.0037321485579013824 0.006299912929534912 0.030698716640472412
0.014978349208831787 0.003508955240249634 0.031688153743743896
0.005686134099960327 0.0013220608234405518 0.030197083950042725
0.00459805503487587 0.0068534910678863525 0.02945888042449951
0.012366734445095062 0.008197993040084839 0.032487452030181885
0.013601638376712799 0.009986907243728638 0.03583866357803345
0.02475365251302719 0.014609813690185547 0.037293434143066406
0.04119643568992615 0.028826802968978882 0.030752360820770264
0.04119620472192764 0.040209800004959106 0.021050691604614258
0.03619493544101715 0.05007469654083252 0.00612407922744751
0.04724830389022827 0.055528998374938965 0.0
0.04461131989955902 0.05093644559383392 0.0
0.029499538242816925 0.04318194091320038 0.0
0.015263505280017853 0.06423527002334595 0.0
0.0 0.08130699396133423 0.0
0.0 0.12016996741294861 0.0
0.0 0.17647653818130493 0.0
0.0 0.22325336933135986 0.0
0.0 0.13948523998260498 0.0
0.0011059343814849854 0.18043839931488037 0.0
0.0 0.1455310583114624 0.0
0.01090306043624878 0.1279737949371338 0.12883567810058594
0.011196672916412354 0.08802324533462524 0.20883333683013916
0.03890782594680786 0.061913251876831055 0.28329789638519287
0.03174793720245361 0.03710675239562988 0.30657410621643066
0.035812169313430786 0.032578885555267334 0.3158097267150879
0.032228484749794006 0.009522199630737305 0.3079673647880554
0.014177851378917694 0.0 0.2850003242492676
0.0 0.0 0.2525708079338074
0.0 0.0 0.24685227870941162
0.0 0.0 0.22780388593673706
0.0 0.0 0.20345920324325562
0.0 0.0 0.16714692115783691
0.0 0.0 0.1363314986228943
0.0 0.0011862218379974365 0.09831345081329346
0.0 0.01162809133529663 0.045421302318573
0.0 0.02876153588294983 0.0
0.003065105527639389 0.06019836664199829 0.0
0.021877311170101166 0.062404900789260864 0.0
0.02857157588005066 0.06732642650604248 0.0
0.023695863783359528 0.09547063708305359 0.0
0.02834261953830719 0.08227437734603882 0.0
0.017996713519096375 0.062007710337638855 0.0
0.00874386727809906 0.07905147969722748 0.0
0.02100476622581482 0.06211592257022858 0.0
0.012418180704116821 0.06518366932868958 0.0
0.0067572444677352905 0.05015882849693298 0.0
0.0 0.05538886785507202 0.0
0.0 0.07433280348777771 0.0
0.0 0.09390372037887573 0.0
0.0 0.0950469970703125 0.0
0.0 0.09834185242652893 0.0
0.0 0.10482192039489746 0.0
0.0 0.12401938438415527 0.0
0.0 0.11628401279449463 0.021703243255615234
0.021148264408111572 0.06728154420852661 0.08089017868041992
0.01892414689064026 0.04035007953643799 0.12242525815963745
0.00479656457901001 0.01767677068710327 0.15921366214752197
0.004084691405296326 0.014652252197265625 0.19058340787887573
0.016200385987758636 0.014932334423065186 0.20960021018981934
0.02565816044807434 0.014055371284484863 0.22240817546844482
0.034471333026885986 0.0 0.221449613571167
0.03985755145549774 0.0 0.20783072710037231
0.03467133641242981 0.0 0.17966341972351074
0.03548167645931244 0.0 0.16583645343780518
0.027319490909576416 0.0 0.14378023147583008
0.009596295654773712 0.0030889511108398438 0.11029833555221558
0.002947382628917694 0.0018944144248962402 0.07019728422164917
0.0 0.012624382972717285 0.029827475547790527
0.0 0.019077956676483154 0.0
0.0 0.037410885095596313 0.0
0.0 0.03126978874206543 0.0
0.020276963710784912 0.032595157623291016 0.0
0.021539703011512756 0.023942679166793823 0.0
0.0 0.013817518949508667 0.0
0.0 0.020819902420043945 0.0
0.004856869578361511 0.013892650604248047 0.0
0.0 0.01638561487197876 0.0
0.0 0.028869956731796265 0.0
0.0 0.03466063737869263 0.0
0.010483235120773315 0.05174139142036438 0.0
0.035680294036865234 0.08169585466384888 0.0
0.017548516392707825 0.09117937088012695 0.0
0.010987818241119385 0.07048311829566956 0.0
0.0 0.05921849608421326 0.0
0.0 0.06820303201675415 0.0
0.013228833675384521 0.04976588487625122 0.02438884973526001
0.01781885325908661 0.04488629102706909 0.08290225267410278
0.018283359706401825 0.03054487705230713 0.11235380172729492
0.02492445707321167 0.011110097169876099 0.1263410449028015
0.01741519570350647 0.0 0.12258696556091309
0.013300009071826935 0.0 0.1059907078742981
0.004886738955974579 0.0 0.07403409481048584
0.0016329139471054077 0.0 0.04097557067871094
0.002802819013595581 0.0 0.03273630142211914
0.010108985006809235 0.001870870590209961 0.022689104080200195
0.0030612051486968994 0.0 0.011860847473144531
0.0 0.0 0.004431307315826416
0.0 0.007126659154891968 0.003083467483520508
0.0099998340010643 0.015663474798202515 0.0059708356857299805
0.00043576210737228394 0.0136832594871521 0.0
0.006184615194797516 0.01577967405319214 0.00038951635360717773
0.004587084054946899 0.0161648690700531 0.0
0.008153185248374939 0.019127637147903442 0.0
0.0008382052183151245 0.011925458908081055 0.0
0.005734480917453766 0.021786808967590332 0.0
0.01652608811855316 0.018428564071655273 0.0
0.012946940958499908 0.020741045475006104 0.0
0.009372740983963013 0.023133844137191772 0.0
0.012835405766963959 0.021486014127731323 0.0
0.007504358887672424 0.012843132019042969 0.0
0.0 0.0028026998043060303 0.0
0.0 0.0 0.006527066230773926
0.0 0.0 0.02574855089187622
0.0 0.0 0.04053860902786255
0.008319221436977386 0.0 0.1090514063835144
0.06816121935844421 0.03672131896018982 0.15533125400543213
0.17947952449321747 0.12460806965827942 0.029617011547088623
0.09525704383850098 0.16023236513137817 0.0
0.029537320137023926 0.29976746439933777 0.0
0.2076479196548462 0.3366154134273529 0.0
0.21773874759674072 0.3887629806995392 0.0
0.10376232862472534 0.4384937286376953 0.0
0.0 0.4341546893119812 0.0
0.0 0.26439571380615234 0.0
0.0 0.0 0.0
0.0 0.0 0.0
0.0 0.0 0.0
0.0 0.041034996509552 0.0
0.0 0.08405932784080505 0.0
0.0 0.07677605748176575 0.0
0.0 0.13391345739364624 0.29532039165496826
0.0 0.0 0.418133020401001
0.0 0.0 0.3810535669326782
0.0 0.0 0.35683512687683105
0.0 0.1318102478981018 0.29216575622558594
0.0 0.2639887034893036 0.2704427242279053
0.0 0.29489266872406006 0.30886220932006836
0.0 0.25448715686798096 0.38345301151275635
0.0 0.23180001974105835 0.5037599802017212
0.0 0.3998585343360901 0.5534050464630127
0.0 0.5697614550590515 0.5532394051551819
0.0 0.5174682140350342 0.5623000860214233
0.0 0.440266489982605 0.5023590922355652
0.0 0.3146691918373108 0.4869324564933777
0.0 0.3001706004142761 0.44902104139328003
0.0 0.3627302646636963 0.3956599235534668
0.023636892437934875 0.3640446662902832 0.40107089281082153
0.09253418445587158 0.3285697102546692 0.41643667221069336
0.17506346106529236 0.272696852684021 0.4222292900085449
0.16085702180862427 0.24157851934432983 0.3611534833908081
0.08797425031661987 0.29579371213912964 0.3101358413696289
0.0051779597997665405 0.34010571241378784 0.2673835754394531
0.0 0.3031885027885437 0.21390044689178467
0.016120776534080505 0.20105254650115967 0.1054430603981018
0.07995694875717163 0.15346503257751465 0.0
0.07488322257995605 0.2034946084022522 0.0
0.06413986533880234 0.2634323835372925 0.0
0.09210848808288574 0.24523141980171204 0.0
0.01156977005302906 0.23043984174728394 0.0
0.0 0.2179293930530548 0.0
0.0 0.15502886474132538 0.0
0.0 0.12640546262264252 0.0
0.0 0.08649492263793945 0.0
0.0 0.07388971745967865 0.0
0.0 0.06435799598693848 0.0
0.0 0.055279091000556946 0.0
0.0 0.04283694922924042 0.0
0.0 0.030446186661720276 0.02359938621520996
0.0 0.01392713189125061 0.06571513414382935
0.0 0.0029830336570739746 0.09627711772918701
0.003878660500049591 0.0 0.10705322027206421
0.017453746870160103 0.0 0.0981605052947998
0.033084385097026825 0.0 0.09310859441757202
0.057267509400844574 0.016321420669555664 0.07738912105560303
0.059057172387838364 0.028878748416900635 0.06017303466796875
0.055915266275405884 0.03233158588409424 0.04630935192108154
0.0361885242164135 0.02866065502166748 0.03159290552139282
0.024251826107501984 0.015153855085372925 0.013206243515014648
0.021090105175971985 0.012016654014587402 0.005318164825439453
0.00030284374952316284 0.0 0.0
0.0 0.0 0.0
0.0 0.0 0.0
0.0 0.0 0.040865302085876465
0.0 0.0 0.03488659858703613
0.0 0.0015985071659088135 0.03883546590805054
0.05248526483774185 0.05648288130760193 0.018286287784576416
0.07546507567167282 0.08204689621925354 0.0
0.07376518100500107 0.1172235906124115 0.0
0.1035437285900116 0.127081960439682 0.0
0.09448099136352539 0.16953805088996887 0.0
0.13612385094165802 0.2048250436782837 0.0
0.20289471745491028 0.21414747834205627 0.0
0.10178995132446289 0.23195934295654297 0.0
0.04667644202709198 0.21753671765327454 0.0
0.03508615493774414 0.16151806712150574 0.0
0.0007364898920059204 0.13905209302902222 0.0
0.0 0.017303138971328735 0.0
0.0 0.0 0.03662747144699097
0.0 0.0 0.07316434383392334
0.0 0.0 0.11149746179580688
0.0 0.0 0.12888401746749878
0.0 0.0 0.13568425178527832
0.0 0.0 0.12996095418930054
0.0 0.0 0.09948337078094482
0.0 0.0 0.07387208938598633
0.0 0.0 0.10554152727127075
0.0 0.0 0.0917091965675354
0.0 0.046139925718307495 0.0937395691871643
0.0 0.09968319535255432 0.09734249114990234
0.0 0.12736013531684875 0.07326126098632812
0.0 0.11729311943054199 0.01675426959991455
0.03425467014312744 0.10099440813064575 0.0
0.07742366194725037 0.11006999015808105 0.0
0.10861484706401825 0.12179824709892273 0.0
0.12215748429298401 0.13932223618030548 0.0
0.15538644790649414 0.15535613894462585 0.0
0.1820070445537567 0.15977811813354492 0.0
0.1651540994644165 0.18107175827026367 0.0
0.17288079857826233 0.18306678533554077 0.0
0.1772257685661316 0.17975491285324097 0.0
0.14520926773548126 0.17213520407676697 0.0
0.0853838175535202 0.1789644956588745 0.0
0.05037084221839905 0.15042802691459656 0.0
0.04066011309623718 0.12337961792945862 0.0
0.006808280944824219 0.10100701451301575 0.0
0.0 0.09180992841720581 0.0
0.0 0.08382928371429443 0.0
0.0 0.0795559287071228 0.016402363777160645
0.0 0.06956645846366882 0.025373101234436035
0.0 0.04469096660614014 0.03350198268890381
0.0 0.0 0.0184975266456604
0.0 0.0 0.03865706920623779
0.0 0.0 0.06560707092285156
0.0 0.0 0.11189091205596924
0.0 0.0 0.13664191961288452
0.0 0.0 0.12987816333770752
0.0 0.0 0.13191401958465576
0.0 0.0 0.11433959007263184
0.0 0.0 0.1095736026763916
0.0 0.06000682711601257 0.10257446765899658
0.0 0.08295086026191711 0.09189152717590332
0.0 0.03598436713218689 0.0813414454460144
0.0 0.04750737547874451 0.09133201837539673
0.0 0.0784912109375 0.0945667028427124
0.05153787136077881 0.09757381677627563 0.07772070169448853
0.1258765459060669 0.12826606631278992 0.015478134155273438
0.1272205263376236 0.15784624218940735 0.0
0.13100911676883698 0.16539692878723145 0.0
0.1624317318201065 0.18075329065322876 0.0
0.19865527749061584 0.18773823976516724 0.0
0.21028576791286469 0.18967865407466888 0.0
0.1721273958683014 0.19036747515201569 0.0
0.13792607188224792 0.19050294160842896 0.0
0.12604790925979614 0.1711805760860443 0.0
0.12440000474452972 0.14477407932281494 0.0
0.098147451877594 0.1436203122138977 0.0
0.059846967458724976 0.13648831844329834 0.0
0.021789520978927612 0.13519221544265747 0.0
0.0 0.11913099884986877 0.0
0.0 0.0937221348285675 0.0
0.0 0.06785997748374939 0.0
0.0 0.06847238540649414 0.013615250587463379
0.0 0.05109184980392456 0.04097545146942139
0.0 0.03918692469596863 0.030422985553741455
0.0 0.017255783081054688 0.017089486122131348
0.0 0.008847922086715698 0.0
0.0 0.0 0.01570117473602295
0.0 0.0 0.029935181140899658
0.0 0.0 0.032520949840545654
0.0 0.0 0.05045723915100098
0.0 0.0 0.10271322727203369
0.0 0.0 0.15670067071914673
0.0 0.0 0.16858607530593872
0.0 0.0 0.17490684986114502
0.0 0.12319132685661316 0.11410069465637207
0.0 0.15992796421051025 0.09180241823196411
0.0 0.12496033310890198 0.02506786584854126
0.0 0.1073792576789856 0.0
0.0 0.09020012617111206 0.0
0.04463502764701843 0.09202146530151367 0.0
0.09907828271389008 0.08103778958320618 0.0
0.1536855399608612 0.10304880142211914 0.0
0.14776411652565002 0.13466304540634155 0.0
0.16419093310832977 0.14420375227928162 0.0
0.17719843983650208 0.16356787085533142 0.0
0.17998690903186798 0.16436567902565002 0.0
0.17476966977119446 0.15497100353240967 0.0
0.15215256810188293 0.1470220386981964 0.0
0.08969562500715256 0.12369397282600403 0.0
0.0024349838495254517 0.07553666830062866 0.0
0.0 0.01961556077003479 0.0
0.0 0.0014598667621612549 0.015206992626190186
0.0025878995656967163 0.011198997497558594 0.03161466121673584
0.0 0.013250350952148438 0.024089157581329346
0.0 0.00019443035125732422 0.01534581184387207
0.0 0.0 0.024247944355010986
0.0 0.0 0.03839653730392456
0.0 0.0 0.04272955656051636
0.0 0.0 0.0282667875289917
0.0 0.0 0.0036110281944274902
0.0 0.0 0.0
0.0 0.0 0.0013217926025390625
0.0 0.0068534016609191895 0.014015674591064453
0.0 0.0027939677238464355 0.0022582411766052246
0.0 0.011685699224472046 0.0
0.0015806704759597778 0.01728394627571106 0.0
0.012722477316856384 0.02233034372329712 0.0
0.02048303186893463 0.01800251007080078 0.0
0.025666043162345886 0.019569307565689087 0.002684354782104492
0.0229434072971344 0.015069812536239624 0.0013848543167114258
0.01885409653186798 0.015563517808914185 0.0
0.018714413046836853 0.02046862244606018 0.0
0.007554233074188232 0.01154237985610962 0.004298508167266846
0.0024140924215316772 0.0 0.012965023517608643
0.012692153453826904 0.0020132064819335938 0.04495495557785034
0.020337164402008057 0.0004710555076599121 0.05198878049850464
0.03043767809867859 0.0032197237014770508 0.07921892404556274
0.01917538046836853 0.018829941749572754 0.08632254600524902
0.040788114070892334 0.05665850639343262 0.086478590965271
0.03473973274230957 0.0858485996723175 0.007831752300262451
0.0903068482875824 0.1463325321674347 0.0
0.15061885118484497 0.2437444031238556 0.0
0.22662901878356934 0.3519420027732849 0.0
0.18549072742462158 0.519078254699707 0.0
0.10215449333190918 0.5168300271034241 0.0
0.032119154930114746 0.49122485518455505 0.0
0.0 0.2403256893157959 0.0
0.0 0.0 0.0
0.0 0.0 0.0
0.0 0.0 0.0
0.0 0.12507089972496033 0.0
0.0 0.2580187916755676 0.0
0.0 0.020618319511413574 0.0
0.0 0.1777263581752777 0.22854304313659668
0.0 0.0 0.39625298976898193
0.0 0.0013821721076965332 0.4347798824310303
0.0 0.14772796630859375 0.41880369186401367
0.0 0.3253832161426544 0.42009103298187256
0.0 0.4683256149291992 0.4100857973098755
0.0 0.3272198438644409 0.4571657180786133
0.0 0.17340975999832153 0.5332604646682739
0.0 0.1735134720802307 0.5496633052825928
0.0 0.30098217725753784 0.5538967847824097
0.0 0.5155300498008728 0.5215582251548767
0.0 0.4884915351867676 0.5358147621154785
0.0 0.4055684804916382 0.5379796028137207
0.0 0.4170401692390442 0.5383960008621216
0.0 0.38371288776397705 0.5366578102111816
0.0 0.39112579822540283 0.4735327363014221
0.0 0.3807036876678467 0.42672646045684814
0.03720477223396301 0.2895019054412842 0.4022374153137207
0.04247695207595825 0.2577829957008362 0.36066126823425293
0.0358625203371048 0.2608828544616699 0.3129667639732361
0.036454156041145325 0.2722780704498291 0.25567173957824707
0.028666287660598755 0.306492418050766 0.16441762447357178
0.02399769425392151 0.3198736608028412 0.029836416244506836
0.04196321964263916 0.2951335310935974 0.0
0.053482405841350555 0.2885116934776306 0.0
0.0619785338640213 0.3063710331916809 0.0
0.041750285774469376 0.3021538257598877 0.0
0.0 0.26503604650497437 0.0
0.0 0.22495917975902557 0.0
0.0 0.17117682099342346 0.0
0.0 0.13496556878089905 0.0
0.0 0.10475867986679077 0.0
0.0 0.0814516544342041 0.0
0.0 0.06948402523994446 0.013619661331176758
0.0 0.045329511165618896 0.05893528461456299
0.0 0.06389832496643066 0.16790896654129028
0.0 0.0 0.023776113986968994
0.10978814959526062 0.028466612100601196 0.16530930995941162
0.025784805417060852 0.0 0.05024087429046631
0.012765280902385712 0.0 0.02372497320175171
0.005818575620651245 0.0 0.043166160583496094
0.03351800888776779 0.003252774477005005 0.06923490762710571
0.042441464960575104 0.017872720956802368 0.01681417226791382
0.04242142289876938 0.008768022060394287 0.006491959095001221
0.03267653286457062 0.035001009702682495 0.0
0.015393376350402832 0.02812919020652771 0.0
0.0 0.04241740703582764 0.0
0.0 0.012294620275497437 0.0016384720802307129
0.0 0.014973878860473633 0.0
0.0 0.02654498815536499 0.0
0.0038383305072784424 0.018810927867889404 0.0
0.0 0.037801921367645264 0.0
0.0 0.029731184244155884 0.0
0.0037224143743515015 0.021809011697769165 0.007596492767333984
0.0 0.00840809941291809 0.0
0.0 0.01668184995651245 0.01358729600906372
0.015020444989204407 0.015952259302139282 0.0011679530143737793
0.0143347829580307 0.027966231107711792 0.0012102723121643066
0.01038120687007904 0.02691558003425598 0.0
0.027307435870170593 0.028490394353866577 0.0009261369705200195
0.019435077905654907 0.030564486980438232 0.007910490036010742
0.007473781704902649 0.019756972789764404 0.0
0.03072388470172882 0.02029740810394287 0.0
0.03961572051048279 0.030311375856399536 0.0
0.024388641119003296 0.03139925003051758 0.0
0.0043939948081970215 0.01681661605834961 0.0044934749603271484
0.0 0.0 0.0071599483489990234
0.0 0.021840333938598633 0.0303458571434021
0.009922519326210022 0.0 0.0381389856338501
0.0 0.023659080266952515 0.023814618587493896
0.0 0.016171574592590332 0.0021049976348876953
0.012204952538013458 0.018258363008499146 0.0
0.00985022634267807 0.03180047869682312 0.0
0.01790355145931244 0.04324918985366821 0.0
0.014984950423240662 0.04347306489944458 0.0
0.024589210748672485 0.03349986672401428 0.0
0.0034063905477523804 0.025996476411819458 0.0
0.0039045363664627075 0.022971779108047485 0.0
0.015268504619598389 0.02575579285621643 0.001973748207092285
0.019479453563690186 0.020635396242141724 0.0
0.009198307991027832 0.02215754985809326 0.0
0.018446415662765503 0.021314233541488647 0.004916250705718994
0.008800670504570007 0.022996723651885986 0.011954843997955322
0.011614203453063965 0.021199733018875122 0.014389395713806152
0.015567921102046967 0.02609369158744812 0.008663773536682129
0.011121943593025208 0.03426015377044678 0.0020502805709838867
0.0111335888504982 0.02535650134086609 0.0
0.0011266916990280151 0.02379205822944641 0.0
0.009375497698783875 0.019105195999145508 0.0
0.008672334253787994 0.02757135033607483 0.0
0.01383596658706665 0.030276000499725342 0.0025472640991210938
0.018131397664546967 0.02785232663154602 0.010110020637512207
0.011840753257274628 0.028404295444488525 0.004476726055145264
0.018010534346103668 0.015261977910995483 0.0011243820190429688
0.017455503344535828 0.01727965474128723 0.0065451860427856445
0.016593225300312042 0.020045876502990723 0.002765178680419922
0.013629525899887085 0.025136619806289673 0.0
0.0067325979471206665 0.028834491968154907 0.0
0.009476929903030396 0.02959597110748291 0.0
0.000514686107635498 0.027780354022979736 0.002914607524871826
0.0049428194761276245 0.012313365936279297 0.0009943842887878418
0.0 0.025695621967315674 0.016035020351409912
0.051587045192718506 0.0 0.02536708116531372
0.0 0.023161768913269043 0.0
0.006230682134628296 0.025555193424224854 0.0
0.0 0.020713046193122864 0.0
0.0 0.021844595670700073 0.0
0.003999672830104828 0.02217516303062439 0.0
0.03646916151046753 0.06110373139381409 0.021139681339263916
