0.007875531911849976 0.027839064598083496 0.030801475048065186
0.0058297887444496155 0.0154341459274292 0.031783223152160645
0.003211304545402527 0.006490379571914673 0.04353904724121094
0.011399529874324799 0.0 0.04842483997344971
0.0 0.0004183948040008545 0.035522639751434326
0.0 0.0 0.023221373558044434
0.0 0.0 0.014578044414520264
0.0 0.0 0.01853233575820923
0.0 0.0 0.029261350631713867
0.0 0.0 0.026665449142456055
0.0 0.0 0.022854924201965332
0.0 0.00025150179862976074 0.0028029680252075195
0.0 0.01392275094985962 0.0
0.0 0.016756653785705566 0.0
0.0 0.013832271099090576 0.0
0.0 0.018316686153411865 0.0
0.0 0.012362837791442871 0.0
0.0 0.010340839624404907 0.0
0.0 0.002539306879043579 0.0
0.0 0.010129153728485107 0.0
0.0 0.0030672550201416016 0.0013226866722106934
0.0 0.0002187490463256836 0.008712589740753174
0.0 0.00018200278282165527 0.00381314754486084
0.0 0.0 0.010112285614013672
0.0 0.0 0.01415926218032837
0.0026887431740760803 0.0 0.023306965827941895
0.005130663514137268 0.0030326247215270996 0.027282297611236572
0.013857156038284302 0.005134850740432739 0.028812825679779053
0.019973263144493103 0.01339942216873169 0.023170530796051025
0.016749441623687744 0.01843339204788208 0.014307796955108643
0.01440265029668808 0.007518202066421509 0.005117654800415039
0.010382436215877533 0.0070784687995910645 0.004472017288208008
0.0 0.008676499128341675 0.00892949104309082
0.005770258605480194 0.0 0.0
0.0029725059866905212 0.0 0.0
0.003836207091808319 0.0 0.0
0.010713867843151093 0.0 0.004061281681060791
0.014532804489135742 0.0 0.010942459106445312
0.014066696166992188 0.0027628540992736816 0.02461707592010498
0.013081185519695282 0.001834094524383545 0.013664186000823975
0.014290228486061096 0.004567861557006836 0.015931427478790283
0.00928904116153717 0.0014762282371520996 0.009965300559997559
0.006695188581943512 0.0 0.0
0.0 0.0 0.0
0.0 0.0 0.0
0.0 0.0 0.0
0.0 0.0 0.0
0.0 0.0 0.0
0.0 0.0 0.0
0.0 0.0 0.002950429916381836
0.0 0.0073788464069366455 0.02485567331314087
0.0 0.01202729344367981 0.027239561080932617
0.013875987380743027 0.0054544806480407715 0.035808563232421875
0.041578516364097595 0.05025032162666321 0.07364565134048462
0.06316225975751877 0.07038554549217224 0.08957427740097046
0.04870745539665222 0.007584810256958008 0.04865902662277222
0.0 0.0 0.002903580665588379
0.0 0.0 0.0
0.0 0.0 0.0
0.0 0.0 0.0
0.0017517879605293274 0.0 0.0
0.010331079363822937 0.0 0.001306295394897461
0.0009755492210388184 0.008212000131607056 0.002919912338256836
0.0 0.005331605672836304 0.005965054035186768
0.001453988254070282 0.012419193983078003 0.005864262580871582
0.0012750551104545593 0.010028451681137085 0.008112490177154541
0.0031171590089797974 0.006457716226577759 0.011456191539764404
0.0054334476590156555 0.0 0.00959169864654541
0.004579372704029083 0.005316615104675293 0.014077425003051758
0.013446450233459473 0.013013303279876709 0.010817110538482666
0.021247781813144684 0.014280080795288086 0.006437063217163086
0.01827569305896759 0.01210138201713562 0.004956245422363281
0.022128582000732422 0.003083556890487671 0.0037897825241088867
0.015370406210422516 0.002390056848526001 0.0019913911819458008
0.020428955554962158 0.000996232032775879 0.0
0.014419734477996826 0.0 0.0
0.017211593687534332 0.011482089757919312 0.0
0.026702620089054108 0.008032292127609253 0.0
0.021761342883110046 0.011804640293121338 0.0
0.01596026122570038 0.012199193239212036 0.0
0.008669182658195496 0.013067036867141724 0.0
0.006164915859699249 0.01843738555908203 0.0
0.003355167806148529 0.00627020001411438 0.006206929683685303
0.0032562389969825745 0.009312570095062256 0.00949937105178833
0.0003460422158241272 0.00023871660232543945 0.014086365699768066
0.01009310781955719 0.0 0.020920991897583008
0.0031704455614089966 0.0 0.02438068389892578
0.0 0.0 0.028384149074554443
0.0 0.0 0.02946031093597412
0.009137369692325592 0.0 0.022816121578216553
0.0 0.0 0.015372633934020996
0.0 0.0 0.010466337203979492
0.011136159300804138 0.0 0.016404449939727783
0.007005669176578522 0.0 0.00788336992263794
0.0088697150349617 0.005276113748550415 0.00576937198638916
0.012324929237365723 0.002117931842803955 0.0
0.014123626053333282 0.0003801882266998291 0.008814990520477295
0.012902580201625824 0.00644192099571228 0.004602491855621338
0.011428721249103546 0.0 0.00047534704208374023
0.006757162511348724 0.003353625535964966 0.0
0.008494578301906586 0.0 0.0
0.005576342344284058 0.0 0.0
0.0015654787421226501 0.0 0.005791187286376953
0.006658345460891724 0.0 0.009129524230957031
0.001229211688041687 0.0 0.00468134880065918
0.002077728509902954 0.002188444137573242 0.006774425506591797
0.004949681460857391 0.002725571393966675 0.010160267353057861
0.005200885236263275 0.004588067531585693 0.008386850357055664
0.0050290897488594055 0.003498166799545288 0.007733285427093506
0.004399344325065613 0.010439485311508179 0.012014210224151611
0.007682599127292633 0.004751026630401611 0.01423114538192749
0.013017445802688599 0.008832573890686035 0.016990363597869873
0.016695082187652588 0.011264503002166748 0.015376091003417969
0.014989107847213745 0.004959732294082642 0.004549980163574219
0.011440306901931763 0.008588850498199463 0.0
0.009771838784217834 0.007189840078353882 0.0011202692985534668
0.004743210971355438 0.00843203067779541 0.0003312230110168457
0.0034751296043395996 0.005999743938446045 0.0
0.0 0.0014347732067108154 0.0
0.0 0.0 0.0
0.0 0.0 0.0
0.0 0.0 0.0038289427757263184
0.0 0.0 0.007490336894989014
0.0 0.0 0.00808572769165039
0.0 0.0 0.01105356216430664
0.0 0.0 0.0140189528465271
0.0010743066668510437 0.0 0.013541698455810547
0.0014234259724617004 0.004254162311553955 0.011332035064697266
0.010778136551380157 0.0074731409549713135 0.00906670093536377
0.013770505785942078 0.0076132118701934814 0.007485568523406982
0.006823055446147919 0.009014397859573364 0.003821134567260742
0.011054709553718567 0.0077925026416778564 0.0024497509002685547
0.010579884052276611 0.006725966930389404 0.0025734901428222656
0.010112665593624115 0.009345710277557373 0.0030311942100524902
0.008117981255054474 0.006513744592666626 0.003653883934020996
0.007235988974571228 0.0035760700702667236 0.004922449588775635
0.007381856441497803 0.0024153590202331543 0.010904908180236816
0.003505118191242218 0.0034492015838623047 0.010738968849182129
0.0028827115893363953 0.0037386417388916016 0.015243947505950928
0.002321183681488037 0.003908127546310425 0.01174938678741455
0.004889398813247681 0.0017054378986358643 0.014190435409545898
0.00455377995967865 0.002260744571685791 0.01194077730178833
0.0 0.002847135066986084 0.010913610458374023
0.005009576678276062 0.004032820463180542 0.010246515274047852
0.0 0.003512859344482422 0.006950199604034424
0.0 0.005001693964004517 0.0016584396362304688
0.0014651864767074585 0.0028769969940185547 0.0
0.003545723855495453 0.0 0.002551853656768799
0.006757870316505432 0.0 0.0013867020606994629
0.00506957620382309 0.0003008842468261719 0.0
0.00039480626583099365 0.0 0.0012226104736328125
0.0008384734392166138 0.002283453941345215 0.0024608373641967773
0.0006667003035545349 0.002303183078765869 0.0
0.0 0.005473613739013672 0.0034468770027160645
0.0 0.0029726028442382812 0.0059770941734313965
0.0 0.0 0.008852064609527588
0.0007240474224090576 0.0 0.01287466287612915
0.0 0.0 0.018076658248901367
0.0 0.0 0.01774001121520996
0.0 0.0006980597972869873 0.011678755283355713
0.0016536936163902283 0.004110962152481079 0.008677065372467041
0.0031945332884788513 0.005494862794876099 0.0007101297378540039
0.006683066487312317 0.006259292364120483 0.0017232894897460938
0.009707354009151459 0.005415558815002441 0.0053421854972839355
0.006499484181404114 0.0027656257152557373 0.005231142044067383
0.007660813629627228 0.004681318998336792 0.008156657218933105
0.008920475840568542 0.0053095221519470215 0.008611321449279785
0.004527516663074493 0.008079767227172852 0.004724562168121338
0.0061636194586753845 0.005420088768005371 0.00048661231994628906
0.004843235015869141 0.0035558342933654785 0.004069089889526367
0.005804717540740967 0.003977686166763306 0.009639978408813477
0.0 0.00033205747604370117 0.008024215698242188
0.0 0.00019210577011108398 0.007188379764556885
0.0 0.0 0.009337842464447021
0.0 0.0 0.00822901725769043
0.0 0.00026229023933410645 0.008308708667755127
0.0024567395448684692 0.0011559724807739258 0.012935161590576172
0.0018487870693206787 0.0 0.013609468936920166
0.0020674020051956177 0.004971444606781006 0.019703328609466553
0.01838736981153488 0.014196395874023438 0.03866654634475708
0.03318534791469574 0.005246758460998535 0.04785764217376709
0.02080667018890381 0.007935106754302979 0.029644310474395752
0.010858714580535889 0.005808740854263306 0.015796661376953125
0.0 0.011751353740692139 0.0
0.00012794137001037598 0.008732855319976807 0.0
0.013435602188110352 0.01172676682472229 0.0
0.02542814612388611 0.018481671810150146 0.0
0.0270693302154541 0.02342960238456726 0.0
0.029956907033920288 0.010020792484283447 0.0
0.015785664319992065 0.014314442873001099 0.0
0.01252177357673645 0.018125593662261963 0.0
0.01829831302165985 0.015045464038848877 0.0
0.003591209650039673 0.012662261724472046 0.0
0.0 0.009174257516860962 0.0028824806213378906
0.0 0.009541481733322144 0.008666634559631348
0.0 0.008533000946044922 0.0012559294700622559
0.0 0.0 0.0
0.0 0.0 0.0
0.0 0.0 0.003520369529724121
0.0029627829790115356 0.0 0.006976783275604248
0.004412353038787842 0.0 0.005120396614074707
0.0 0.0011936426162719727 0.002221822738647461
0.0 0.0 0.002686738967895508
0.0 0.0 0.0053414106369018555
0.0 0.0 0.018089652061462402
0.00038629770278930664 0.004480600357055664 0.017218053340911865
0.0 0.010331451892852783 0.008292615413665771
0.0 0.00794064998626709 0.0012027621269226074
0.0 0.0 0.0
0.0 0.0 0.0
0.0 0.0 0.009020388126373291
0.0 0.0 0.014963746070861816
0.0 0.0 0.02029365301132202
0.0 0.0 0.010376334190368652
0.0 0.0 0.0026695728302001953
0.0 0.0 0.0002346634864807129
0.0 0.0 0.00316774845123291
0.0 0.0 0.00960540771484375
0.0 0.0 0.01196223497390747
0.0 0.0 0.016646385192871094
0.0 0.0 0.02667635679244995
0.002315223217010498 0.0 0.031204938888549805
0.0 0.004072338342666626 0.02408677339553833
0.0 0.0034935176372528076 0.015112698078155518
0.0 0.004930078983306885 0.0164831280708313
0.0 0.006697267293930054 0.02501755952835083
0.0 0.0 0.026166915893554688
0.0 0.0003517568111419678 0.025584876537322998
0.0010528564453125 0.0 0.012789905071258545
0.0 0.006538450717926025 0.0
0.0065881311893463135 0.013689368963241577 0.0
0.012736380100250244 0.01960897445678711 0.0
0.016266807913780212 0.021545201539993286 0.0
0.023514509201049805 0.026499837636947632 0.0
0.030054986476898193 0.031171202659606934 0.0
0.027859583497047424 0.03561815619468689 0.0
0.02706371247768402 0.03583112359046936 0.0
0.024598345160484314 0.03547045588493347 0.0
0.013306185603141785 0.03567194938659668 0.0
0.027582526206970215 0.031242400407791138 0.0
0.01980191469192505 0.024823755025863647 0.001557767391204834
0.024219229817390442 0.030085265636444092 0.008799850940704346
0.026575475931167603 0.03898456692695618 0.015323996543884277
0.03564681112766266 0.02523365616798401 0.01716005802154541
0.028623253107070923 0.031807154417037964 0.010890841484069824
0.01579451560974121 0.021223336458206177 0.009170949459075928
0.015099093317985535 0.013620167970657349 0.017618954181671143
0.01866018772125244 0.011930018663406372 0.028477132320404053
0.01412402093410492 0.012952625751495361 0.03418165445327759
0.009098947048187256 0.007228463888168335 0.027851581573486328
0.0036172568798065186 0.0 0.02126336097717285
0.0 0.0 0.014623522758483887
0.0 0.0 0.010457873344421387
0.0 0.0 0.008472025394439697
0.0 0.0 0.004687249660491943
0.0 0.0 0.002180337905883789
0.0 0.0 0.0
0.0 0.0 0.0
0.0 0.0 0.0
0.0 0.0 0.0
0.0 0.0 0.0
0.0 0.0 0.0
0.0 0.0 0.0033959150314331055
0.0 0.0 0.03127497434616089
0.0 0.0 0.04076254367828369
0.0 0.0 0.043101608753204346
0.0 0.0031456053256988525 0.033277034759521484
0.0019717924296855927 0.010861620306968689 0.03076183795928955
0.014315437525510788 0.01372411847114563 0.028024375438690186
0.019948698580265045 0.011764377355575562 0.02638256549835205
0.03028208762407303 0.02268734574317932 0.019419193267822266
0.03537600487470627 0.021128103137016296 0.013747990131378174
0.027319669723510742 0.01611006259918213 0.006791591644287109
0.028635352849960327 0.0196475088596344 0.0
0.030015379190444946 0.015415698289871216 0.0
0.011201739311218262 0.021975785493850708 0.0
0.008402541279792786 0.02588200569152832 0.0
0.016155466437339783 0.024157196283340454 0.0
0.016560077667236328 0.022770673036575317 0.0
0.01550990343093872 0.021634668111801147 0.0
0.009348064661026001 0.0171048641204834 0.0
0.006842851638793945 0.02088037133216858 0.0035645365715026855
0.006584033370018005 0.01315280795097351 0.009672403335571289
0.006590843200683594 0.010610193014144897 0.016893982887268066
0.01086205244064331 0.007576704025268555 0.01931709051132202
0.008925914764404297 0.010235607624053955 0.020852982997894287
0.009483471512794495 0.005757272243499756 0.018095970153808594
0.004595533013343811 0.000372469425201416 0.01972830295562744
0.005150690674781799 0.0007408261299133301 0.016549646854400635
0.0007070451974868774 0.0 0.010985851287841797
0.0 0.0 0.006015896797180176
0.0 0.0 0.0
0.0 0.0030762851238250732 0.0
0.0 0.002072960138320923 0.0
0.0 0.0 0.0
0.0 0.0 0.002261221408843994
0.0 0.0 0.00894850492477417
0.0 0.0003389120101928711 0.011227846145629883
0.0 0.004161417484283447 0.011584281921386719
0.00037172436714172363 0.0021279752254486084 0.012291371822357178
0.004314973950386047 0.004691451787948608 0.013660430908203125
0.005588516592979431 0.004282772541046143 0.0096510648727417
0.001075834035873413 0.013828635215759277 0.01901841163635254
0.012373462319374084 0.010477393865585327 0.02961277961730957
0.006219342350959778 0.0 0.01759803295135498
0.0 0.0026542842388153076 0.009218215942382812
0.0 0.0 0.0
0.0 0.0017533302307128906 0.0
0.0 0.0014149844646453857 0.0026040077209472656
0.007246583700180054 0.0011651217937469482 0.011082708835601807
0.011305347084999084 0.0043315887451171875 0.0157473087310791
0.0 0.0 0.0
0.0 0.0 0.0
0.0 0.0 0.0
0.0022771209478378296 0.004822105169296265 0.026858389377593994
0.014706730842590332 0.0030707120895385742 0.04028522968292236
0.004592925310134888 0.02193281054496765 0.05265188217163086
0.014081180095672607 0.017623603343963623 0.02106553316116333
0.022406578063964844 0.04497337341308594 0.03595376014709473
0.10768201947212219 0.04646158218383789 0.04544645547866821
0.18188169598579407 0.06299611926078796 0.0
0.11118268966674805 0.13982075452804565 0.0
0.05574619770050049 0.088348388671875 0.0
0.038173139095306396 0.06679055094718933 0.0
0.06989783048629761 0.013897061347961426 0.02525317668914795
0.12560558319091797 0.03826361894607544 0.04902064800262451
0.10039633512496948 0.04577198624610901 0.006859838962554932
0.060164451599121094 0.0848124623298645 0.0
0.0 0.0543803870677948 0.0
0.0 0.03411072492599487 0.0
0.03504633903503418 0.0227774977684021 0.0
0.05417454242706299 0.05187946557998657 0.0
0.05605888366699219 0.05790722370147705 0.0
0.01440495252609253 0.020118653774261475 0.0
0.0 0.020658761262893677 0.0
0.0 0.0 0.0
0.0 0.0 0.025081276893615723
0.012239515781402588 0.011717826128005981 0.0503230094909668
0.010709524154663086 0.009652554988861084 0.03858983516693115
0.007519125938415527 0.03398546576499939 0.00588679313659668
0.007789790630340576 0.03330335021018982 0.0
0.00585174560546875 0.02920830249786377 0.0
0.00028836727142333984 0.013446599245071411 0.0
0.00801396369934082 0.0 0.0
0.0 0.0 0.0
0.0 0.0 0.0
0.0 0.0 0.0
0.0 0.007655471563339233 0.0
0.0 0.028703302145004272 0.0
0.0 0.050484150648117065 0.0
0.0 0.05974525213241577 0.0
0.0 0.0844528079032898 0.0
0.0 0.05173569917678833 0.0
0.0 0.03442496061325073 0.0
0.0 0.029267042875289917 0.0
0.0 0.04268378019332886 0.0
0.0 0.03460049629211426 0.0
0.0 0.004320472478866577 0.0
0.0 0.0 0.04766356945037842
0.0 0.0 0.15704315900802612
0.0 0.0 0.2108691930770874
0.0 0.0 0.22854185104370117
0.0 0.0 0.19220960140228271
0.0 0.0 0.12607765197753906
0.0 0.04717057943344116 0.0457991361618042
0.0 0.09141868352890015 0.0
0.0 0.10430178046226501 0.0
0.0 0.0727386474609375 0.0
0.0 0.04800593852996826 0.0
0.0 0.02921515703201294 0.0
0.0 0.004191488027572632 0.0225294828414917
0.0 0.006517589092254639 0.04436182975769043
0.0 0.0123615562915802 0.029445886611938477
0.0 0.03496524691581726 0.011722743511199951
0.0 0.05715325474739075 0.019689857959747314
0.0 0.06738382577896118 0.04968392848968506
0.0 0.03675761818885803 0.07493394613265991
0.0 0.05295002460479736 0.08648079633712769
0.0 0.07351696491241455 0.08952230215072632
0.0 0.06638535857200623 0.08502471446990967
0.0 0.08450663089752197 0.058439433574676514
0.0 0.08605712652206421 0.05749768018722534
0.0 0.057926177978515625 0.06872141361236572
0.0 0.02033531665802002 0.10305726528167725
0.0 0.05616217851638794 0.0996505618095398
0.0 0.09383368492126465 0.0847211480140686
0.0 0.11398160457611084 0.0680701732635498
0.0 0.08251053094863892 0.07147514820098877
0.0 0.09518235921859741 0.07022517919540405
0.0 0.10172295570373535 0.07298004627227783
0.0 0.10628801584243774 0.07540571689605713
0.0 0.12137085199356079 0.06276363134384155
0.005194798111915588 0.08430927991867065 0.0717400312423706
0.006959378719329834 0.04805028438568115 0.07705700397491455
0.0 0.07148772478103638 0.05995786190032959
0.0 0.10706281661987305 0.04464995861053467
0.008556351065635681 0.10643935203552246 0.038062095642089844
0.033019185066223145 0.0856207013130188 0.03502929210662842
0.03725181519985199 0.052823662757873535 0.03771102428436279
0.019980743527412415 0.0217440128326416 0.047142982482910156
0.0 0.026016652584075928 0.03455287218093872
0.0 0.043860793113708496 0.022659361362457275
0.0 0.04183477163314819 0.03889763355255127
0.0 0.027941465377807617 0.06110095977783203
0.015163183212280273 0.03121119737625122 0.09024280309677124
0.012746870517730713 0.02548396587371826 0.10206162929534912
0.0031983256340026855 0.029198110103607178 0.08511734008789062
0.0 0.04049474000930786 0.053259849548339844
0.0 0.032361388206481934 0.03676462173461914
0.0 0.0231931209564209 0.040122389793395996
0.009330838918685913 0.014409661293029785 0.07305765151977539
0.008502781391143799 0.031951844692230225 0.07089704275131226
0.0 0.026594877243041992 0.049201786518096924
0.0 0.03250196576118469 0.03401058912277222
0.0020261481404304504 0.03322458267211914 0.03475397825241089
0.0 0.03445172309875488 0.03811079263687134
0.009682968258857727 0.025693148374557495 0.04008209705352783
0.0037298277020454407 0.03789129853248596 0.027171552181243896
0.004461182281374931 0.03835499286651611 0.02418273687362671
0.024021685123443604 0.021542221307754517 0.02888435125350952
0.03058304265141487 0.0263625830411911 0.013006865978240967
0.028533129021525383 0.022246643900871277 0.006706595420837402
0.01152317225933075 0.017755582928657532 0.0
0.005858752876520157 0.027571797370910645 0.0
0.0026299096643924713 0.04618942737579346 0.0
0.009933128952980042 0.05135330557823181 0.0
0.008776336908340454 0.052531272172927856 0.0
0.007453553378582001 0.042449161410331726 0.0
0.004561655223369598 0.03517316281795502 0.0
0.003950551152229309 0.028558164834976196 0.0
0.0032194629311561584 0.026467159390449524 0.0
0.007842347025871277 0.027502939105033875 0.0
0.0054297298192977905 0.029409259557724 0.0
0.0 0.021632209420204163 0.0
0.0 0.024895936250686646 0.0
0.0 0.019475147128105164 0.0006623268127441406
0.0 0.018737956881523132 0.014193713665008545
0.0 0.010740876197814941 0.016488850116729736
0.002575106918811798 0.009909853339195251 0.017617523670196533
0.0025074705481529236 0.00626884400844574 0.014869391918182373
0.010619305074214935 0.005094006657600403 0.01644718647003174
0.014792829751968384 0.010539904236793518 0.014322936534881592
0.00794152170419693 0.007531344890594482 0.00604015588760376
0.005599647760391235 0.012899026274681091 0.0
0.0001033395528793335 0.010984241962432861 0.0
0.0 0.008834019303321838 0.0
0.0 0.002959504723548889 0.0
0.0 0.0 0.0
0.0 0.0 0.0
0.0 0.0 0.0003339052200317383
0.0 0.0 0.0019832253456115723
0.0 0.0 0.00476384162902832
0.0 0.0 0.0080413818359375
0.0 0.0037392377853393555 0.013969957828521729
0.006443306803703308 0.011742472648620605 0.016266345977783203
0.0014448612928390503 0.01558162271976471 0.014800727367401123
0.00840439647436142 0.010696962475776672 0.019354283809661865
0.014421597123146057 0.011661112308502197 0.024397552013397217
0.012461572885513306 0.01937967538833618 0.014715790748596191
0.0062254369258880615 0.009503006935119629 0.002323150634765625
0.010053329169750214 0.01127651333808899 0.0
0.017368674278259277 0.015715450048446655 0.001461803913116455
0.01693926751613617 0.017038047313690186 0.0018087029457092285
0.009328141808509827 0.013184264302253723 0.0
0.006938934326171875 0.010727211833000183 0.0016758441925048828
0.0028600692749023438 0.007654339075088501 0.006276965141296387
0.00030478835105895996 0.0020148009061813354 0.010356128215789795
0.0 0.0 0.014560103416442871
0.0 0.0 0.018602490425109863
0.0 0.0 0.015758097171783447
0.0 0.0008071959018707275 0.01143646240234375
0.0 0.004459366202354431 0.007519960403442383
0.0 0.005070134997367859 0.0033701062202453613
0.0 0.005764171481132507 0.0021938085556030273
0.0 0.004492834210395813 0.0016320347785949707
0.0 0.0036861300468444824 0.0
0.0 0.0016633570194244385 0.0
0.000697597861289978 0.005530372262001038 0.0
0.0 0.0032985806465148926 0.0
0.00028090178966522217 0.004663974046707153 0.003986954689025879
0.001143917441368103 0.003123924136161804 0.003439962863922119
0.0 0.007647335529327393 0.0031365156173706055
0.0 0.004159614443778992 0.0038707852363586426
0.002825811505317688 0.007559463381767273 0.009635090827941895
0.005423203110694885 0.004454061388969421 0.01349860429763794
0.004662305116653442 0.005325347185134888 0.016707241535186768
0.0031868070363998413 0.0060744136571884155 0.01698213815689087
0.004104822874069214 0.009238868951797485 0.015070021152496338
0.004177168011665344 0.009259223937988281 0.013033449649810791
0.0053716301918029785 0.011580601334571838 0.013332724571228027
0.002498313784599304 0.007783621549606323 0.011497557163238525
0.003274261951446533 0.0059782713651657104 0.011772632598876953
0.00517803430557251 0.004785403609275818 0.011180460453033447
0.008621618151664734 0.004527956247329712 0.008087158203125
0.003920257091522217 0.006750926375389099 0.0006477236747741699
0.0003957599401473999 0.009636074304580688 0.0
0.0 0.010697975754737854 0.0
0.0 0.009495317935943604 0.001446366310119629
0.0 0.005002304911613464 0.0022310614585876465
0.0 0.0009115934371948242 0.0017844438552856445
0.0 0.0 0.002134978771209717
0.0 0.0 0.0069738030433654785
0.0 0.0 0.006193995475769043
0.0 0.0010428428649902344 0.0055561065673828125
0.00014084577560424805 0.002421170473098755 0.006875813007354736
0.0 0.0027960091829299927 0.008573472499847412
0.0012125670909881592 0.004516050219535828 0.009306669235229492
0.0 0.00830136239528656 0.008661210536956787
0.0009794235229492188 0.007500842213630676 0.007052183151245117
0.001645892858505249 0.009583309292793274 0.006857872009277344
0.005892276763916016 0.00754295289516449 0.00725400447845459
0.006647348403930664 0.008682698011398315 0.009780704975128174
0.004511997103691101 0.0063455551862716675 0.006161093711853027
0.0041348934173583984 0.00617554783821106 0.0063596367835998535
0.0028374046087265015 0.007102251052856445 0.005806386470794678
0.004410400986671448 0.0055015236139297485 0.007846176624298096
0.0022813528776168823 0.005818694829940796 0.008541584014892578
0.0040314048528671265 0.0075134336948394775 0.009940683841705322
0.0058392733335494995 0.011927798390388489 0.010467052459716797
0.00865095853805542 0.009324759244918823 0.01004403829574585
0.005056053400039673 0.009984970092773438 0.007404327392578125
0.004992857575416565 0.011279463768005371 0.005678653717041016
0.01010596752166748 0.01477406919002533 0.0
0.012331202626228333 0.01771925389766693 0.0
0.017383679747581482 0.027470633387565613 0.0
0.011997982859611511 0.037192538380622864 0.0
0.018623337149620056 0.042535990476608276 0.0
0.005153745412826538 0.0243547260761261 0.0
0.002894863486289978 0.016303658485412598 0.0
0.007142230868339539 0.013045459985733032 0.0
0.006006971001625061 0.011134356260299683 0.0
0.007605135440826416 0.011558175086975098 0.0047359466552734375
0.005695253610610962 0.02464461326599121 0.0
0.0 0.0366673469543457 0.0
0.0 0.02441650629043579 0.0
0.0 0.012184679508209229 0.0
0.0 0.005646944046020508 0.0012199878692626953
0.0 0.0 0.01612144708633423
0.0 0.0 0.035111308097839355
0.0 0.0 0.04982811212539673
0.0 0.0 0.06652694940567017
0.0 0.0 0.07860732078552246
0.0 0.0 0.08501672744750977
0.0 0.0 0.07911038398742676
0.0 0.0 0.07183253765106201
0.0 0.0 0.0657346248626709
0.0021969228982925415 0.0 0.06189143657684326
0.005263760685920715 0.0 0.05964052677154541
0.010351583361625671 0.0 0.0585169792175293
0.01165759563446045 0.0 0.05716133117675781
0.012154832482337952 0.0 0.052639007568359375
0.012095704674720764 0.0 0.042760252952575684
0.00231797993183136 0.0 0.024199843406677246
0.0 0.0 0.007150769233703613
0.0 0.00014609098434448242 0.0
0.0 0.0014917254447937012 0.0
0.0 0.0 0.0
0.0 0.0 0.0
0.0 0.0 0.0
0.0 0.0019713491201400757 0.0
0.0 0.0024445950984954834 0.0
0.0 0.0070677250623703 0.0
0.0 0.007242247462272644 0.0
0.0 0.011999711394309998 0.0
0.0 0.017587631940841675 0.0
0.0 0.02221810817718506 0.0
0.0 0.018621087074279785 0.0
0.0 0.012665867805480957 0.0
0.0 0.010409653186798096 0.0
0.0 0.011592835187911987 0.004489481449127197
0.0 0.011915653944015503 0.014145851135253906
0.0 0.01661732792854309 0.018155992031097412
0.0006557703018188477 0.024884074926376343 0.01929497718811035
0.0067220330238342285 0.02974650263786316 0.012066543102264404
0.013974681496620178 0.028777897357940674 0.0
0.011773854494094849 0.030588865280151367 0.0
0.016392052173614502 0.026431620121002197 0.0
0.017724081873893738 0.018479645252227783 0.0
0.006207466125488281 0.01826399564743042 0.0
0.010503098368644714 0.01623031497001648 0.014685511589050293
0.011687889695167542 0.008753567934036255 0.03372222185134888
0.009937658905982971 0.01202249526977539 0.04687774181365967
0.008742302656173706 0.005025386810302734 0.05740022659301758
0.002745687961578369 0.0009751319885253906 0.06537848711013794
0.0 0.0 0.06966716051101685
0.0 0.0 0.07462096214294434
0.0 0.0 0.07638442516326904
0.0 0.0 0.0757368803024292
0.0 0.0 0.07009756565093994
0.0 0.0 0.06646698713302612
0.0 0.0 0.0599934458732605
0.0 0.0 0.05144280195236206
0.0 0.0 0.03652316331863403
0.0 0.0 0.017652034759521484
0.0 0.0 0.0
0.0 0.0 0.0
0.0 0.0 0.0
0.004674285650253296 0.0 0.0
0.00859728455543518 0.0 0.0
0.009372010827064514 0.004375159740447998 0.0
0.012976005673408508 0.012818872928619385 0.0
0.004929825663566589 0.017399832606315613 0.0
0.0007859021425247192 0.021368861198425293 0.0
0.0 0.011927247047424316 0.0
0.0 0.014488354325294495 0.0
0.0 0.011424407362937927 0.0
0.0 0.007512420415878296 0.0
0.005848228931427002 0.01189027726650238 0.0
0.0056449174880981445 0.02919428050518036 0.0
0.0 0.028337031602859497 0.0
0.0 0.016666382551193237 0.0
0.0 0.011184841394424438 0.0
0.0 0.020598262548446655 0.0
0.0 0.02864900231361389 0.0
0.0 0.03054952621459961 0.0
0.0 0.023036956787109375 0.007092893123626709
0.00614456832408905 0.014552056789398193 0.019781291484832764
0.011744379997253418 0.012097805738449097 0.025301992893218994
0.015377402305603027 0.021523892879486084 0.03733682632446289
0.01657789945602417 0.01781564950942993 0.042754292488098145
0.005320131778717041 0.012815266847610474 0.03872936964035034
0.0 0.006192207336425781 0.04082202911376953
0.00034868717193603516 0.0038854479789733887 0.047189295291900635
0.002396032214164734 0.004691362380981445 0.05957740545272827
0.007659927010536194 0.0053736865520477295 0.06801629066467285
0.008576720952987671 0.0 0.07237905263900757
0.0034193992614746094 0.0 0.07026821374893188
0.0 0.0 0.07173430919647217
0.0032282471656799316 0.0 0.07762527465820312
0.004364147782325745 0.0 0.07450622320175171
0.008950099349021912 0.0 0.07419329881668091
0.01432541012763977 0.0010122954845428467 0.06694501638412476
0.010908424854278564 0.0021274685859680176 0.053253114223480225
0.005370050668716431 0.0017504096031188965 0.03084355592727661
0.0 0.0018945038318634033 0.0
0.0 0.0018701553344726562 0.0
0.0 0.0 0.0
0.0 0.0 0.0
0.0 0.0 0.0
0.0 0.0 0.0
0.0 0.0 0.0
0.0 0.0011331140995025635 0.0
0.0 0.0 0.0
0.0 0.003186732530593872 0.0
0.0 0.002712950110435486 0.0
0.0 0.007119372487068176 0.0
0.0 0.0026046335697174072 0.0
0.0 0.0039010345935821533 0.0
0.0 0.014615386724472046 0.0
0.0 0.01633104681968689 0.0
0.0 0.014023005962371826 0.0
0.006044939160346985 0.015988171100616455 0.003527522087097168
0.005698725581169128 0.014905393123626709 0.009874284267425537
0.003008440136909485 0.009032785892486572 0.00855565071105957
0.0016820281744003296 0.013749301433563232 0.003803849220275879
0.0069146305322647095 0.021758347749710083 0.0058026909828186035
0.011444881558418274 0.027076363563537598 0.010217845439910889
0.01970696449279785 0.017513155937194824 0.010990619659423828
0.017483115196228027 0.016716748476028442 0.011957943439483643
0.006854817271232605 0.01713407039642334 0.009906888008117676
0.007850944995880127 0.010379821062088013 0.012363433837890625
0.0035084187984466553 0.012897104024887085 0.01940971612930298
0.0 0.005266249179840088 0.03188323974609375
0.00022241473197937012 0.0008367002010345459 0.0464245080947876
0.0006505846977233887 0.0 0.05987358093261719
0.0 0.0 0.06150364875793457
0.0013628602027893066 0.0 0.05474042892456055
0.004412993788719177 0.0007430613040924072 0.05046194791793823
0.0049379318952560425 0.0 0.03621232509613037
0.0 0.0 0.022563278675079346
0.0 0.0 0.016019582748413086
0.0 0.0 0.013009190559387207
0.0 0.0 0.010965347290039062
0.0 0.0 0.007941961288452148
0.0 0.0 0.0026384592056274414
0.0 0.0 0.0
0.0 0.0 0.0
0.0 0.0 0.0008930563926696777
0.0 0.0 0.0016199350357055664
0.0 0.0 0.004941463470458984
0.0 0.0011397898197174072 0.0030423402786254883
0.0006360709667205811 0.0006906092166900635 0.0010876655578613281
0.003650262951850891 0.009668171405792236 0.0
0.008838355541229248 0.012780174612998962 0.0
0.006230682134628296 0.01125212013721466 0.0
0.007294550538063049 0.009445369243621826 0.0
0.0020634233951568604 0.009451061487197876 0.0
0.0 0.0050773024559021 0.0
0.0 0.003707379102706909 0.0
0.0 0.006323903799057007 0.0
0.0 0.005262494087219238 0.0
0.0 0.010793477296829224 0.0
0.0 0.013538956642150879 0.0
0.0 0.011300712823867798 0.004490792751312256
0.0 0.008284032344818115 0.0056313276290893555
0.0 0.007795542478561401 0.01015007495880127
0.0006841570138931274 0.006439208984375 0.02306574583053589
0.0019605159759521484 0.004048645496368408 0.0309828519821167
0.002183467149734497 0.0018777847290039062 0.03679835796356201
0.010272204875946045 0.0007277131080627441 0.03937041759490967
0.009582564234733582 0.0 0.029019713401794434
0.007689028978347778 0.002880603075027466 0.02003788948059082
0.009161442518234253 0.003286033868789673 0.013357698917388916
0.003568291664123535 0.0044138431549072266 0.005487382411956787
0.0010515451431274414 0.007058888673782349 0.001540064811706543
0.0037598013877868652 0.011857926845550537 0.0012714266777038574
0.00016514956951141357 0.007986694574356079 0.0021963119506835938
0.0 0.006018400192260742 0.0
0.0 0.006762266159057617 0.0
0.0 0.008678853511810303 0.001226961612701416
0.0 0.002185821533203125 0.003961741924285889
0.0011199712753295898 0.0018376410007476807 0.008710205554962158
0.0 0.0007309019565582275 0.009673535823822021
0.0 0.0 0.008032441139221191
0.0 0.0035751163959503174 0.007152080535888672
0.0 0.002936840057373047 0.007201433181762695
0.0014316141605377197 0.007262974977493286 0.009820759296417236
0.003999978303909302 0.0036616623401641846 0.009513616561889648
0.0 0.004995256662368774 0.002749800682067871
0.0 0.0 0.0010082721710205078
0.0 0.0007520318031311035 0.0019866228103637695
0.00077781081199646 0.003074944019317627 0.0026490092277526855
0.0 0.002430647611618042 0.00026237964630126953
0.0 0.0025190114974975586 0.0006017088890075684
0.0 0.004328370094299316 0.0010852813720703125
0.0 0.0058394670486450195 0.003675222396850586
0.0 0.004704773426055908 0.007070600986480713
0.0 0.003923624753952026 0.008650720119476318
0.0 0.007196158170700073 0.00593113899230957
0.0026719868183135986 0.006393015384674072 0.007408618927001953
0.005640402436256409 0.007919877767562866 0.009586095809936523
0.0023251324892044067 0.007636457681655884 0.00897824764251709
0.004053041338920593 0.009631067514419556 0.009674489498138428
0.00503559410572052 0.009632229804992676 0.011460661888122559
0.0064603835344314575 0.006371587514877319 0.009562253952026367
0.007079184055328369 0.003142833709716797 0.009106159210205078
0.004188239574432373 0.004734843969345093 0.0029696226119995117
0.0018887966871261597 0.0034299492835998535 0.0
0.0016260594129562378 0.003977328538894653 0.0
0.0023940354585647583 0.004444926977157593 0.002459406852722168
0.0009489506483078003 0.0027856826782226562 0.005115330219268799
0.0003499239683151245 0.0026963651180267334 0.006154239177703857
0.0 0.0 0.005939960479736328
0.0 0.0037751495838165283 0.008731603622436523
0.0 0.007261097431182861 0.008822619915008545
0.0 0.009798884391784668 0.009620845317840576
0.0 0.005222916603088379 0.01153564453125
0.0 0.004736781120300293 0.010030746459960938
0.0 0.003843545913696289 0.007486939430236816
0.0 0.0021233856678009033 0.0038948655128479004
0.0 0.0 0.004574775695800781
0.0013570636510849 0.0 0.010035276412963867
0.00020416080951690674 0.0 0.009378790855407715
0.0 0.0 0.00992804765701294
0.0003182440996170044 0.0018386542797088623 0.01159048080444336
0.0008319318294525146 0.004108637571334839 0.021580874919891357
0.01040920615196228 0.004527837038040161 0.029079139232635498
0.01431158185005188 0.017131388187408447 0.06089669466018677
0.03872479498386383 0.0 0.07539355754852295
0.02447238564491272 0.0 0.0546531081199646
0.02196839451789856 0.0 0.047756850719451904
0.028476297855377197 0.012908250093460083 0.04976367950439453
0.03457149863243103 0.03267678618431091 0.09158134460449219
0.06261149048805237 0.009139657020568848 0.06641161441802979
0.04030710458755493 0.036344707012176514 0.03413105010986328
0.029271185398101807 0.07292920351028442 0.05568969249725342
0.07191935181617737 0.06910306215286255 0.04170584678649902
0.11712908744812012 0.08152717351913452 0.016611695289611816
0.12236973643302917 0.11099913716316223 0.032622337341308594
0.14963239431381226 0.11066606640815735 0.0
0.0801091194152832 0.11292466521263123 0.0
0.057030677795410156 0.12937724590301514 0.0
0.1370025873184204 0.12089142203330994 0.0
0.093159019947052 0.15930423140525818 0.0
0.09432637691497803 0.20003503561019897 0.0
0.12739580869674683 0.2259972095489502 0.0
0.10294848680496216 0.22000807523727417 0.0
0.0015398859977722168 0.23314353823661804 0.0
0.021245896816253662 0.19849228858947754 0.0
0.0 0.1621001958847046 0.0
0.0 0.13708248734474182 0.0
0.0 0.16830503940582275 0.0
0.0 0.10789340734481812 0.0
0.0 0.17353320121765137 0.0
0.0 0.12945371866226196 0.0
0.0 0.02735590934753418 0.2085915207862854
0.0 0.0 0.49617648124694824
0.0 0.0 0.6154065132141113
0.0 0.0 0.4992266893386841
0.0 0.07855680584907532 0.2514795660972595
0.0 0.2046324908733368 0.0541154146194458
0.0 0.29169732332229614 0.0
0.0 0.3186284601688385 0.0
0.0 0.26427122950553894 0.0
0.0 0.22058391571044922 0.017074227333068848
0.0 0.18147075176239014 0.11355030536651611
0.0 0.18474459648132324 0.1454540491104126
0.0 0.3308550715446472 0.12572580575942993
0.0 0.3235580325126648 0.15489453077316284
0.0 0.2840418219566345 0.18421024084091187
0.0 0.2339036464691162 0.17382323741912842
0.0 0.261461079120636 0.15477091073989868
0.0 0.262731671333313 0.15753531455993652
0.0 0.23952293395996094 0.1460590362548828
0.0 0.1430596113204956 0.20595663785934448
0.0 0.20577973127365112 0.1811661720275879
0.0009484291076660156 0.2030242681503296 0.20590204000473022
0.012488335371017456 0.1409178376197815 0.2300729751586914
0.0 0.09581732749938965 0.22313201427459717
0.0 0.06516462564468384 0.254854679107666
0.0 0.11986005306243896 0.23145335912704468
0.0 0.19623541831970215 0.16609901189804077
0.009682774543762207 0.2157353162765503 0.09984564781188965
0.04457610845565796 0.07987016439437866 0.10060423612594604
0.015190958976745605 0.06172025203704834 0.08480328321456909
0.0 0.10329782962799072 0.0872114896774292
0.0047245025634765625 0.08160459995269775 0.14004969596862793
0.001412034034729004 0.11966300010681152 0.1530625820159912
0.005487173795700073 0.11856335401535034 0.1097913384437561
0.0 0.12113174796104431 0.08972227573394775
0.014087438583374023 0.12260371446609497 0.10022449493408203
0.03176778554916382 0.1276518553495407 0.13826066255569458
0.0006223022937774658 0.15373492240905762 0.0944070816040039
0.0 0.13001009821891785 0.0
0.021295074373483658 0.13154396414756775 0.0
0.06297433376312256 0.13304080069065094 0.0
0.06799733638763428 0.11726865917444229 0.0
0.041729994118213654 0.0969686508178711 0.0
0.0334174670279026 0.06395713984966278 0.0
0.0023703500628471375 0.03432221710681915 0.0
0.0 0.006218241527676582 0.0
0.0 0.005358152091503143 0.0
0.0 0.004668184090405703 0.0
0.0 0.010820647701621056 0.0
0.0 0.019627917557954788 0.0
0.0 0.0225544273853302 0.0
0.0 0.014532715082168579 0.003308892250061035
0.0 0.006285235285758972 0.025735080242156982
0.0 0.0049813613295555115 0.040702998638153076
0.0037511736154556274 0.0 0.04818052053451538
0.0016220808029174805 0.0 0.047281503677368164
0.012594237923622131 0.0 0.04382973909378052
0.011404052376747131 0.006731286644935608 0.030111074447631836
0.004404157400131226 0.013560764491558075 0.01618802547454834
0.017059803009033203 0.012696593999862671 0.019750356674194336
0.02229200303554535 0.016581788659095764 0.02807384729385376
0.0 0.00984087586402893 0.008639216423034668
0.0009704530239105225 0.012001968920230865 0.007811069488525391
0.015611723065376282 0.015969008207321167 0.010690808296203613
0.009869217872619629 0.016248837113380432 0.008085072040557861
0.0031726062297821045 0.01761476695537567 0.0011653900146484375
0.0004327148199081421 0.01066485047340393 0.0014973878860473633
0.0 0.00939399003982544 0.0006482601165771484
0.0028596073389053345 0.0037136971950531006 0.007008492946624756
0.0 0.008134633302688599 0.006218910217285156
0.0 0.0055055320262908936 0.0
0.0 0.003823518753051758 0.0
0.0 0.003632575273513794 0.0
0.004503905773162842 0.0033457279205322266 0.003895580768585205
0.0 0.0 0.009372413158416748
0.0 0.0 0.013323068618774414
0.0 0.0004166513681411743 0.015498638153076172
0.0 0.0030584484338760376 0.010024487972259521
0.0 0.0015148818492889404 0.0138283371925354
0.0 0.005924880504608154 0.01696145534515381
0.0 0.010347440838813782 0.01706087589263916
0.0 0.009206146001815796 0.014131307601928711
0.001259133219718933 0.009716406464576721 0.008135676383972168
0.0014117956161499023 0.009584605693817139 0.010311901569366455
0.000451698899269104 0.006553485989570618 0.007067561149597168
0.0019175857305526733 0.0047657787799835205 0.0072016119956970215
0.003139793872833252 0.005661800503730774 0.00813525915145874
0.0018122494220733643 0.0033909082412719727 0.005280017852783203
0.0 0.008221417665481567 0.0012314319610595703
0.003966182470321655 0.009453907608985901 0.0
0.0 0.007884576916694641 0.0
0.0026339441537857056 0.010638788342475891 0.0
0.0033980756998062134 0.012815862894058228 0.0
0.003602355718612671 0.012959450483322144 0.0
0.0024816393852233887 0.0077889710664749146 0.000848233699798584
0.0006204396486282349 0.009431406855583191 0.0045844316482543945
0.002947866916656494 0.01005987823009491 0.009279251098632812
0.0 0.008884906768798828 0.008230984210968018
0.0033395588397979736 0.009266629815101624 0.006947457790374756
0.009891241788864136 0.012103155255317688 0.00968170166015625
0.010331735014915466 0.010810092091560364 0.011661410331726074
0.004952937364578247 0.009034514427185059 0.009695649147033691
0.004079043865203857 0.00901523232460022 0.008794665336608887
0.005662485957145691 0.011792883276939392 0.007218599319458008
0.006321758031845093 0.00952918827533722 0.0067438483238220215
0.001767084002494812 0.007486239075660706 0.010258793830871582
0.0016067326068878174 0.0076761394739151 0.01020503044128418
0.001977965235710144 0.010953694581985474 0.00783604383468628
0.0014831721782684326 0.006896466016769409 0.00308072566986084
0.0 0.009302690625190735 0.0
0.0068703293800354 0.010914713144302368 0.0
0.011885836720466614 0.016175299882888794 0.0
0.013254880905151367 0.016186416149139404 0.0
0.01850566267967224 0.019670456647872925 0.004375636577606201
0.0198390930891037 0.019106492400169373 0.0
0.008833527565002441 0.02560649812221527 0.0
0.014861315488815308 0.02348954975605011 0.0050141215324401855
0.015695124864578247 0.022128164768218994 0.011477530002593994
0.016499578952789307 0.020885184407234192 0.013492465019226074
0.01421317458152771 0.02572236955165863 0.008198201656341553
0.01433369517326355 0.025070011615753174 0.0
0.008649662137031555 0.01875704526901245 0.0
0.0 0.01443837583065033 0.0
0.006654590368270874 0.005483523011207581 0.002251148223876953
0.0 0.011717692017555237 0.005047976970672607
0.0 0.013149663805961609 0.0007181167602539062
0.0 0.0 0.0
0.0 0.0 0.0
0.0 0.0 0.0
0.0 0.0 0.0056906938552856445
0.0 0.0 0.015424370765686035
0.0 0.0 0.021948635578155518
0.0 0.0 0.02666926383972168
0.0 0.0 0.031482160091400146
0.0 0.0 0.029613256454467773
0.0 0.0 0.0371665358543396
0.0 0.0 0.04652822017669678
0.0 0.004171684384346008 0.04344666004180908
0.008307859301567078 0.008070036768913269 0.0390697717666626
0.015885338187217712 0.018618986010551453 0.030505597591400146
0.022347792983055115 0.024288758635520935 0.016208171844482422
0.02663072943687439 0.030118510127067566 0.005410254001617432
0.03482693433761597 0.038011327385902405 0.0
0.04232308268547058 0.043080657720565796 0.0
0.04722170531749725 0.051734909415245056 0.0
0.054260626435279846 0.05548129975795746 0.0
0.06080511212348938 0.05679084360599518 0.0
0.056666284799575806 0.060694366693496704 0.0
0.05258946120738983 0.05865497887134552 0.0
0.04915393888950348 0.06043899059295654 0.0
0.04909071326255798 0.06160983443260193 0.0
0.04656679928302765 0.06111916899681091 0.0
0.03599032759666443 0.05259618163108826 0.0
0.030534684658050537 0.04450303316116333 0.0
0.009603768587112427 0.028479039669036865 0.0
0.0 0.01593843102455139 0.006392955780029297
0.0 0.008751451969146729 0.02739185094833374
0.0 0.0 0.04503464698791504
0.0 0.0 0.04876303672790527
0.0 0.0 0.05296635627746582
0.0 0.0 0.057314395904541016
0.0 0.0 0.06195706129074097
0.0 0.0 0.05794048309326172
0.0 0.0 0.04457372426986694
0.0 0.0 0.026206910610198975
0.0 0.0 0.023891210556030273
0.0 0.0 0.02812480926513672
0.0 0.0 0.03421735763549805
0.0 0.0 0.030802488327026367
0.0 0.0 0.030260682106018066
0.0 0.0 0.03336906433105469
0.0 0.0 0.044477880001068115
0.0 0.0 0.04841578006744385
0.0005641430616378784 0.01720687747001648 0.03721761703491211
0.006164267659187317 0.04587996006011963 0.018393635749816895
0.035080790519714355 0.06183885037899017 0.0
0.05930517613887787 0.07901769876480103 0.0
0.07172474265098572 0.08343298733234406 0.0
0.0781625509262085 0.0797746330499649 0.0
0.08299148082733154 0.07922706007957458 0.0
0.08319689333438873 0.08324000239372253 0.0
0.08141428232192993 0.08174917101860046 0.0
0.07075268030166626 0.07869865000247955 0.0
0.054269835352897644 0.06750527024269104 0.0
0.043568968772888184 0.056289419531822205 0.0
0.03725963830947876 0.053896963596343994 0.0
0.03765666484832764 0.04889604449272156 0.0
0.021606802940368652 0.0433039516210556 0.0
0.00888793170452118 0.039181023836135864 0.0
0.0022477060556411743 0.026581168174743652 0.0
0.0 0.02190530300140381 0.006515204906463623
0.0006377100944519043 0.02656853199005127 0.009375214576721191
0.0 0.009921878576278687 0.007414758205413818
0.0 0.01098284125328064 0.009681999683380127
0.0 0.001820892095565796 0.017777204513549805
0.0 0.0 0.02663809061050415
0.0 0.0 0.034746646881103516
0.0 0.0 0.03723418712615967
0.0 0.0 0.038134753704071045
0.0 0.0 0.04369699954986572
0.0 0.0 0.04482460021972656
0.0 0.0 0.045277178287506104
0.0 0.0 0.054756879806518555
0.0 0.0 0.06741344928741455
0.0 0.0 0.07914215326309204
0.0 0.0 0.0798947811126709
0.0 0.0 0.0757741928100586
0.0 0.0 0.07731622457504272
0.0 0.0 0.08220499753952026
0.0 0.006444886326789856 0.07727044820785522
0.0 0.024530306458473206 0.05801337957382202
0.016269758343696594 0.0561273992061615 0.028518080711364746
0.0526193231344223 0.07833676040172577 0.0
0.07430852949619293 0.10252723097801208 0.0
0.08136869966983795 0.11116623878479004 0.0
0.07520483434200287 0.10319671034812927 0.0
0.08735987544059753 0.09063594043254852 0.0
0.10998773574829102 0.09009033441543579 0.0
0.09585234522819519 0.09001128375530243 0.0
0.06734868884086609 0.08220811188220978 0.0
0.041508227586746216 0.07345332205295563 0.0
0.033406347036361694 0.05959373712539673 0.0
0.02667216956615448 0.05481076240539551 0.001379549503326416
0.027623310685157776 0.047781676054000854 0.016132116317749023
0.021536260843276978 0.041761696338653564 0.022130846977233887
0.009084314107894897 0.03597283363342285 0.020255625247955322
0.005593001842498779 0.025896266102790833 0.014122724533081055
0.011045843362808228 0.020344361662864685 0.019122958183288574
0.012696340680122375 0.016695618629455566 0.021219730377197266
0.002556413412094116 0.005154162645339966 0.021699726581573486
0.0 0.004580378532409668 0.022698640823364258
0.0 0.0071096718311309814 0.021752655506134033
0.0 0.006027638912200928 0.01947331428527832
0.0 0.0 0.012779653072357178
0.0 0.0 0.008634209632873535
0.0 0.0 0.012231230735778809
0.0 0.0 0.011744976043701172
0.0 0.0 0.013148665428161621
0.0 0.0 0.008619487285614014
0.0 0.0 0.008207201957702637
0.0 0.0 0.010334134101867676
0.0 0.0 0.02089172601699829
0.0 0.0 0.027287721633911133
0.0 0.0 0.04238539934158325
0.0 0.0 0.0663803219795227
0.0 0.0 0.07666301727294922
0.0 0.0 0.08140718936920166
0.0 0.0 0.07952278852462769
0.0 0.0 0.07007884979248047
0.0 0.011720269918441772 0.044515907764434814
0.016584694385528564 0.036279141902923584 0.012622296810150146
0.032228708267211914 0.05154015123844147 0.0
0.04775618016719818 0.06543722748756409 0.0
0.065456822514534 0.0762658417224884 0.0
0.081846222281456 0.08290109038352966 0.0
0.0744507908821106 0.07994407415390015 0.0
0.0611753910779953 0.07383447885513306 0.0
0.05102969706058502 0.06183011829853058 0.0
0.04722343385219574 0.05387742817401886 0.0
0.03568911552429199 0.051259174942970276 0.0
0.029822945594787598 0.04296866059303284 0.0
0.023285523056983948 0.03823450207710266 0.007718086242675781
0.011031419038772583 0.03208720684051514 0.00911015272140503
0.0 0.02129092812538147 0.008655428886413574
0.0 0.01358744502067566 0.007909059524536133
0.0 0.0 0.01821577548980713
0.0 0.0 0.020881354808807373
0.0 0.0 0.01820051670074463
0.0 0.0 0.026613831520080566
0.0 0.0 0.04155564308166504
0.0 0.0 0.06206977367401123
0.0 0.0 0.07478618621826172
0.0 0.0 0.07956159114837646
0.0 0.0 0.07474571466445923
0.0 0.0 0.06574589014053345
0.0 0.0 0.049157559871673584
0.0 0.0026548802852630615 0.02820718288421631
0.0051066577434539795 0.014667928218841553 0.011797487735748291
0.02349628508090973 0.036810606718063354 0.0
0.03968212008476257 0.05136609077453613 0.0
0.050182342529296875 0.06047365069389343 0.0
0.05184321105480194 0.06021949648857117 0.0
0.0527624785900116 0.054499655961990356 0.0
0.04316973686218262 0.051511406898498535 0.0
0.04265443980693817 0.04158136248588562 0.0
0.0388445109128952 0.038534581661224365 0.0
0.027916178107261658 0.03096163272857666 0.011922180652618408
0.010591879487037659 0.02122846245765686 0.019358038902282715
0.006433203816413879 0.01587623357772827 0.029586732387542725
0.009221270680427551 0.013909459114074707 0.03259676694869995
0.005507141351699829 0.00784391164779663 0.0323604941368103
0.0 0.0 0.02905893325805664
0.0 0.0 0.023693382740020752
0.0 0.0 0.018525302410125732
0.0 0.0 0.010053455829620361
0.0 0.0 0.0063934326171875
0.0 0.0 0.0
0.0 0.0 0.0
0.0 0.0 0.0
0.0 0.000438690185546875 0.0
0.0 0.0002218782901763916 0.0
0.0 0.0008978843688964844 0.0
0.0 0.0027563869953155518 0.0
0.0 0.001502007246017456 0.005016207695007324
0.0 0.0030973851680755615 0.010868728160858154
0.0 0.0 0.013002932071685791
0.002455666661262512 0.001689136028289795 0.020105719566345215
0.0 0.008496701717376709 0.01416093111038208
0.0 0.004205137491226196 0.009196996688842773
0.0037082135677337646 0.011576235294342041 0.014392733573913574
0.0048618316650390625 0.008346468210220337 0.011834979057312012
0.0038375109434127808 0.009241551160812378 0.01375514268875122
0.0019226223230361938 0.0128079354763031 0.005839645862579346
0.0037443041801452637 0.009104758501052856 0.005650520324707031
0.0 0.004601836204528809 0.0029328465461730957
0.000512242317199707 0.002361595630645752 0.002229750156402588
0.002603396773338318 0.007355362176895142 0.00125199556350708
0.004121720790863037 0.007145226001739502 0.0
0.0006547719240188599 0.009670555591583252 0.0
0.0 0.009629756212234497 0.0
0.0 0.008670449256896973 0.0032711029052734375
0.0 0.006583511829376221 0.0035895705223083496
0.0 0.0040340423583984375 0.005929410457611084
0.0003898888826370239 0.0038836300373077393 0.008977651596069336
0.0002155900001525879 0.006032198667526245 0.008537232875823975
0.0 0.006751269102096558 0.005530714988708496
0.0 0.00590437650680542 0.008481621742248535
0.0 0.005334198474884033 0.006121516227722168
0.0 0.005370587110519409 0.007247626781463623
0.0 0.006072342395782471 0.005943894386291504
0.0008782744407653809 0.005381077527999878 0.004843235015869141
0.0 0.0030320286750793457 0.004521369934082031
0.0 0.0016995370388031006 0.0026749372482299805
0.0 0.0 0.0014197826385498047
0.0 0.0 0.001771688461303711
0.0 0.0 0.004142165184020996
0.0 0.0 0.00663912296295166
0.0 0.0 0.00917518138885498
0.0 0.0 0.008929848670959473
0.0 0.0 0.01274639368057251
0.0 0.0 0.013544917106628418
0.0 0.0027556121349334717 0.013083219528198242
0.0 0.0038508176803588867 0.004939913749694824
0.0 0.0 0.0
0.0 0.0004335641860961914 0.0
0.0 0.010952800512313843 0.0
0.005518749356269836 0.01375347375869751 0.0
0.005861520767211914 0.013825416564941406 0.0
0.005904689431190491 0.01335260272026062 0.012774407863616943
0.009115874767303467 0.010423451662063599 0.019866466522216797
0.007049456238746643 0.012588173151016235 0.021593928337097168
0.008082151412963867 0.007080882787704468 0.021366119384765625
0.003255188465118408 0.00568273663520813 0.022390305995941162
0.007380738854408264 0.005545079708099365 0.025169014930725098
0.005060538649559021 0.004319667816162109 0.029563605785369873
0.0 0.007124453783035278 0.023253560066223145
0.003965824842453003 0.0111483633518219 0.020598411560058594
0.009460210800170898 0.014417409896850586 0.01856023073196411
0.011638060212135315 0.007900357246398926 0.03510713577270508
0.00012877583503723145 0.004646003246307373 0.02137470245361328
0.007665559649467468 0.0062933266162872314 0.021342992782592773
0.004529774188995361 0.012511014938354492 0.011438369750976562
0.009805828332901001 0.014369040727615356 0.0002702474594116211
0.009163975715637207 0.02038806676864624 0.0
0.006028681993484497 0.018355488777160645 0.0
0.008332595229148865 0.01207384467124939 0.0
0.004228949546813965 0.010830670595169067 0.0
0.0 0.004661038517951965 0.0
0.0 0.0018935948610305786 0.0
0.0034401416778564453 0.0 0.0
0.0 0.008525669574737549 0.0
0.0 0.003454864025115967 0.0
0.0 0.003295987844467163 0.0
0.0 0.0 0.013584673404693604
0.0 0.0 0.03220260143280029
0.0 0.0 0.04195171594619751
0.0020860880613327026 0.0 0.05909043550491333
0.01796385645866394 0.0 0.05424016714096069
0.01306714117527008 0.012453615665435791 0.033175528049468994
0.02970297634601593 0.0 0.04327923059463501
0.05058163404464722 0.0 0.06664139032363892
0.081560879945755 0.0 0.1509864330291748
0.0405677855014801 0.0020658671855926514 0.1250842809677124
0.09313395619392395 0.0 0.21081507205963135
0.12315276265144348 0.0 0.1163167953491211
0.030648261308670044 0.0 0.17787820100784302
0.11950808763504028 0.0 0.23373013734817505
0.15332373976707458 0.04691614583134651 0.07414734363555908
0.08341860771179199 0.15493108332157135 0.0
0.14966005086898804 0.2435743808746338 0.0
0.21113717555999756 0.24757283926010132 0.0
0.0334470272064209 0.3356488347053528 0.0
0.06642228364944458 0.4059573709964752 0.0
0.04691314697265625 0.16167303919792175 0.0
0.09544587135314941 0.048605307936668396 0.057919979095458984
0.11828655004501343 0.057303473353385925 0.10349428653717041
0.0485500693321228 0.06930464506149292 0.020616233348846436
0.0 0.11404243111610413 0.0
0.005924046039581299 0.20293501019477844 0.0
0.0 0.11976024508476257 0.0
0.0 0.19279751181602478 0.0
0.0 0.28974905610084534 0.0
0.0 0.24533724784851074 0.0
0.0 0.2384069859981537 0.0
0.0 0.036264896392822266 0.0
0.0 0.0 0.11183267831802368
0.0 0.0 0.1884310245513916
0.0 0.0 0.1393951177597046
0.0 0.15045195817947388 0.0
0.0 0.23936787247657776 0.0
0.0 0.19848722219467163 0.0
0.0 0.16262349486351013 0.05491149425506592
0.0 0.2106601595878601 0.11832720041275024
0.0 0.31562840938568115 0.06568348407745361
0.0 0.3682419955730438 0.04785013198852539
0.0 0.4406828284263611 0.10784357786178589
0.0 0.41818755865097046 0.12645208835601807
0.0 0.23069822788238525 0.17624562978744507
0.0 0.19467580318450928 0.18073272705078125
0.0 0.3658229112625122 0.05426228046417236
0.0 0.2825549840927124 0.06183457374572754
0.0 0.12040412425994873 0.1618136763572693
0.0 0.047260940074920654 0.20038384199142456
0.0035325586795806885 0.12559521198272705 0.2015659213066101
0.0 0.16373908519744873 0.1758589744567871
0.05168640613555908 0.23469603061676025 0.13734591007232666
0.062109142541885376 0.1369844675064087 0.1605154275894165
0.035027772188186646 0.10480892658233643 0.16662752628326416
0.0048437416553497314 0.058036208152770996 0.17914730310440063
0.0 0.04777872562408447 0.17336559295654297
0.0 0.056435227394104004 0.14435350894927979
0.0 0.0 0.20155131816864014
0.0 0.0 0.17691344022750854
0.0 0.003599703311920166 0.13888394832611084
0.0 0.07848715782165527 0.07712316513061523
0.0 0.06672722101211548 0.12702709436416626
0.0 0.05198180675506592 0.17383968830108643
0.0 0.10548129677772522 0.11179739236831665
0.0 0.10117053985595703 0.06609821319580078
0.0 0.14569681882858276 0.1264936923980713
0.024377375841140747 0.1214618980884552 0.1591668725013733
0.04970341920852661 0.13509246706962585 0.18408095836639404
0.0 0.15423250198364258 0.12868249416351318
0.0 0.14781200885772705 0.053609609603881836
0.056505635380744934 0.14104720950126648 0.08950108289718628
0.0648452416062355 0.1625368297100067 0.0659400224685669
0.06605833768844604 0.15247198939323425 0.0
0.07672750949859619 0.11239279806613922 0.0
0.05356268584728241 0.11569727212190628 0.0
0.07873721420764923 0.12849187850952148 0.0
0.015616104006767273 0.1008368581533432 0.0
0.0 0.006525710225105286 0.0
0.0 0.0 0.0
0.0 0.0 0.0
0.0 0.0 0.0
0.0 0.002602493390440941 0.0
0.0 0.007419507950544357 0.0
0.0 0.0 0.0
0.0 0.008217704482376575 0.0
0.0 0.0 0.02111947536468506
0.0 0.0 0.032926321029663086
0.0 0.0037470562383532524 0.02260768413543701
0.0 0.013878829777240753 0.0
0.0 0.022742243483662605 0.0
0.016817554831504822 0.05429573357105255 0.037281155586242676
0.043499335646629333 0.029803726822137833 0.04316997528076172
0.020681872963905334 0.012808740139007568 0.016817212104797363
0.007013961672782898 0.005618995055556297 0.0026127099990844727
0.009120672941207886 0.013508617877960205 0.012785255908966064
0.015362367033958435 0.016798947006464005 0.015013813972473145
0.012208729982376099 0.01814020797610283 0.007290780544281006
0.010436877608299255 0.011183999478816986 0.0026718974113464355
0.0036286115646362305 0.0053974054753780365 0.007821798324584961
0.0 0.0034248456358909607 0.0015265941619873047
0.0 0.0 0.0
0.0 0.0 0.004022955894470215
0.0 0.0 0.006445348262786865
0.0 0.0 0.005067765712738037
0.0 0.0022741667926311493 0.0017764568328857422
0.0 0.004681602120399475 0.0
0.0 0.00947582721710205 0.0
0.0 0.009998612105846405 0.0
0.0 0.009232692420482635 0.0
0.0 0.013306662440299988 0.010919809341430664
0.0 0.018832460045814514 0.009270012378692627
0.0 0.0218927264213562 0.009466171264648438
0.0 0.014531143009662628 0.0035979151725769043
0.0 0.0075112879276275635 0.0006524920463562012
0.0 0.0022080987691879272 0.002960026264190674
0.0013269931077957153 0.00042115896940231323 0.0
0.0 0.004511721432209015 0.0
0.001210242509841919 0.010542355477809906 0.001589953899383545
0.004895851016044617 0.012690700590610504 0.008498907089233398
0.01585473120212555 0.0169529989361763 0.014924824237823486
0.0014803707599639893 0.018305309116840363 0.015765905380249023
0.006316706538200378 0.014168202877044678 0.01924186944961548
0.010721385478973389 0.016394302248954773 0.02195131778717041
0.017436206340789795 0.014978662133216858 0.023710250854492188
0.00520344078540802 0.012181133031845093 0.022458255290985107
0.005584582686424255 0.003937870264053345 0.018314123153686523
0.0013370513916015625 0.005959376692771912 0.020532608032226562
0.0024616122245788574 0.004577308893203735 0.01882117986679077
0.007667481899261475 0.00612226128578186 0.02233707904815674
0.0065644532442092896 0.012233048677444458 0.017541050910949707
0.0033894628286361694 0.011464878916740417 0.010648727416992188
0.0051018595695495605 0.013622179627418518 0.0025444626808166504
0.0020067691802978516 0.013215214014053345 0.0
0.0012940913438796997 0.009762704372406006 0.0
0.0002641528844833374 0.01024484634399414 0.0
0.0038130581378936768 0.008676603436470032 0.0
0.003027692437171936 0.012665331363677979 0.0
0.0 0.007094264030456543 0.0
0.0 0.011631026864051819 0.0031661391258239746
0.00011104345321655273 0.011320352554321289 0.0033888816833496094
0.0 0.006371453404426575 0.000789642333984375
0.0 0.005455136299133301 0.005793750286102295
0.002579808235168457 0.0030409246683120728 0.011200308799743652
0.0029514729976654053 0.004694804549217224 0.014373481273651123
0.0018758326768875122 0.00662212073802948 0.011233747005462646
0.0005402565002441406 0.009362414479255676 0.010523676872253418
0.0 0.012767106294631958 0.008255302906036377
0.0 0.005961313843727112 0.009630322456359863
0.0 0.00720629096031189 0.008062541484832764
0.0 0.008337482810020447 0.0032961368560791016
0.0001506805419921875 0.01082254946231842 0.0
0.002599194645881653 0.006516396999359131 0.0063967108726501465
0.0012047290802001953 0.006589725613594055 0.009961307048797607
0.0 0.004336759448051453 0.0067972540855407715
0.000935778021812439 0.00955905020236969 0.003317534923553467
0.0036515146493911743 0.01035638153553009 0.0014328956604003906
0.009863927960395813 0.013534098863601685 0.00032699108123779297
0.015587449073791504 0.022297844290733337 0.0005204081535339355
0.02453431487083435 0.02928389608860016 0.000634312629699707
0.03136828541755676 0.040378376841545105 0.0
0.03178110718727112 0.035720646381378174 0.0
0.024781733751296997 0.03662241995334625 0.0
0.030522078275680542 0.03759638965129852 0.0
0.02827739715576172 0.04586529731750488 0.0
0.027539610862731934 0.044264137744903564 0.0
0.02957555651664734 0.045621976256370544 0.0
0.04358208179473877 0.06353466212749481 0.0
0.038826823234558105 0.05673256516456604 0.0
0.018426507711410522 0.051138222217559814 0.0
0.018801867961883545 0.04355648159980774 0.0
0.024390727281570435 0.04855847358703613 0.0
0.01811423897743225 0.06177613139152527 0.007266521453857422
0.004838407039642334 0.025868505239486694 0.0009891390800476074
0.0 0.0 0.0
0.0 0.0 0.016059517860412598
0.0 0.0 0.04342198371887207
0.0 0.0 0.061289191246032715
0.0 0.0 0.07004207372665405
0.0 0.0 0.08682537078857422
0.0 0.0 0.0846899151802063
0.0 0.0 0.06798475980758667
0.0 0.0 0.0474088191986084
0.0 0.0 0.03936457633972168
0.0 0.0 0.031198620796203613
0.0 0.0 0.03363609313964844
0.0 0.0 0.03999137878417969
0.0 0.0 0.04593539237976074
0.0 0.0 0.04518282413482666
0.0 0.004307270050048828 0.05107426643371582
0.0 0.029045552015304565 0.05137932300567627
0.007872849702835083 0.039130449295043945 0.025056958198547363
0.008886575698852539 0.04463982582092285 0.0
0.011864960193634033 0.04549515247344971 0.0
0.029114484786987305 0.048404544591903687 0.0
0.05581805109977722 0.060149386525154114 0.0
0.06311336159706116 0.06693455576896667 0.0
0.05922049283981323 0.06914739310741425 0.0
0.05765524506568909 0.06605620682239532 0.0
0.055533796548843384 0.0754656195640564 0.0
0.0693381130695343 0.07269731163978577 0.0
0.07038268446922302 0.07622076570987701 0.0
0.058572351932525635 0.07484233379364014 0.0
0.05831003189086914 0.06845840811729431 0.0
0.045635879039764404 0.061714231967926025 0.0
0.02973419427871704 0.0522729754447937 0.0
0.028205841779708862 0.04323956370353699 0.006795048713684082
0.02890223264694214 0.04634219408035278 0.026019513607025146
0.024550020694732666 0.04491472244262695 0.03277230262756348
0.004077017307281494 0.03642582893371582 0.02619028091430664
0.0 0.00981062650680542 0.02239203453063965
0.0 0.002274841070175171 0.028603434562683105
0.0 0.0 0.023656845092773438
0.0 0.0 0.03206896781921387
0.0 0.0 0.025067508220672607
0.0 0.0 0.019097566604614258
0.0 0.0 0.02089560031890869
0.0 0.0 0.03490030765533447
0.0 0.0 0.04751831293106079
0.0 0.0 0.05984383821487427
0.0 0.0 0.06496793031692505
0.0 0.0 0.06881541013717651
0.0 0.0 0.06443148851394653
0.0 0.0 0.057653069496154785
0.0 0.0 0.05607813596725464
0.0 0.0 0.045792460441589355
0.0 0.0 0.03365051746368408
0.0 0.0 0.018261373043060303
0.0 0.006984800100326538 0.013462245464324951
0.0 0.017472267150878906 0.0
0.0 0.026832833886146545 0.0
0.009817063808441162 0.0288982093334198 0.0
0.015788137912750244 0.03923948109149933 0.0
0.02317875623703003 0.0465942919254303 0.0
0.03073146939277649 0.048783689737319946 0.0
0.031155884265899658 0.05334138870239258 0.0
0.038849711418151855 0.055546388030052185 0.0
0.053137242794036865 0.061966657638549805 0.0
0.06338602304458618 0.06189459562301636 0.0
0.05492359399795532 0.06185755133628845 0.0
0.048637598752975464 0.05398601293563843 0.0
0.04122766852378845 0.045073822140693665 0.0
0.03226149082183838 0.04579049348831177 0.019535481929779053
0.03711974620819092 0.04557490348815918 0.02343994379043579
0.03006383776664734 0.04290975630283356 0.01667499542236328
0.013233453035354614 0.03758959472179413 0.0056035518646240234
0.0 0.014444053173065186 0.0025680065155029297
0.0 0.0 0.0
0.0 0.010518580675125122 0.002803027629852295
0.0 0.0131150484085083 0.0056879520416259766
0.0 0.005890995264053345 0.0
0.0 0.0 0.0
0.0 0.0 0.0
0.0 0.0 0.005081653594970703
0.0 0.0 0.016955256462097168
0.0 0.0 0.031768858432769775
0.0 0.0 0.040700674057006836
0.0 0.0 0.050053954124450684
0.0 0.0 0.05568575859069824
0.0 0.0 0.055179059505462646
0.0 0.0 0.052285969257354736
0.0 0.0 0.04729306697845459
0.0 0.0 0.04588061571121216
0.0 0.0 0.05079853534698486
0.0 0.0 0.039786696434020996
0.0 0.006657332181930542 0.015822887420654297
0.0 0.0016840696334838867 0.0
0.0 0.0 0.0
0.0 0.003973811864852905 0.00905907154083252
0.00984567403793335 0.004805564880371094 0.004138052463531494
0.004995465278625488 0.018698155879974365 0.0
0.006149321794509888 0.025345176458358765 0.0
0.018814295530319214 0.032678425312042236 0.0
0.03449273109436035 0.0382639616727829 0.0
0.03823959827423096 0.04151906073093414 0.0
0.04745081067085266 0.04610587656497955 0.0
0.05405241250991821 0.055663883686065674 0.0
0.05960932374000549 0.059367209672927856 0.0
0.053050845861434937 0.05187422037124634 0.0
0.04707658290863037 0.05133470892906189 0.0
0.046361833810806274 0.04900018870830536 0.0
0.03980162739753723 0.05276474356651306 0.0
0.034218549728393555 0.04881957173347473 0.0
0.020896077156066895 0.03599169850349426 0.0
0.006513655185699463 0.02820160984992981 0.0
0.0 0.01931154727935791 0.0
0.0 0.014952600002288818 0.0
0.0 0.00932738184928894 0.0
0.0 0.007273554801940918 0.0
0.0 0.0 0.003329455852508545
0.0 0.0 0.01089388132095337
0.0 0.0 0.029319703578948975
0.0 0.0 0.03518575429916382
0.0 0.0 0.023014187812805176
0.0 0.0 0.023125171661376953
0.0 0.0 0.034153759479522705
0.0 0.0 0.04762941598892212
0.0 0.0 0.05047166347503662
0.0 0.0 0.045185387134552
0.0 0.0 0.039305806159973145
0.0 0.0 0.03821831941604614
0.0 0.00859445333480835 0.02979522943496704
0.005520462989807129 0.010967999696731567 0.013351798057556152
0.0 0.009181499481201172 0.003245115280151367
0.003284633159637451 0.01603233814239502 0.002612590789794922
0.02243328094482422 0.026751220226287842 0.01548159122467041
0.03473573923110962 0.01957625150680542 0.03174549341201782
0.021496742963790894 0.01584845781326294 0.051525771617889404
0.027619600296020508 0.0015562474727630615 0.024967312812805176
0.0 0.023039281368255615 0.03240609169006348
0.03033539652824402 0.027012407779693604 0.03592085838317871
0.03493818640708923 0.024660959839820862 0.02235513925552368
0.014198601245880127 0.006351754069328308 0.0
0.005177795886993408 0.007560819387435913 0.0
0.003835618495941162 0.006889998912811279 0.0
0.005317747592926025 0.006003245711326599 0.0
0.008737027645111084 0.014728546142578125 0.0
0.0 0.007171005010604858 0.0
0.0 0.012486696243286133 0.0
0.0 0.022112786769866943 0.0
0.0 0.03743293881416321 0.0
0.0060669779777526855 0.045262306928634644 0.0
0.019210726022720337 0.03534474968910217 0.0
0.015346884727478027 0.039090514183044434 0.007810652256011963
0.009962379932403564 0.036222875118255615 0.012779176235198975
0.022291481494903564 0.043295592069625854 0.021276891231536865
0.031350404024124146 0.04625210165977478 0.03288912773132324
0.03922632336616516 0.04519614577293396 0.03941524028778076
0.05344042181968689 0.03889361023902893 0.04538929462432861
0.04649737477302551 0.03673356771469116 0.04257607460021973
0.04686683416366577 0.026792943477630615 0.04257547855377197
0.03885740041732788 0.021639138460159302 0.037047743797302246
0.036482542753219604 0.018513083457946777 0.03722876310348511
0.03302258253097534 0.021825700998306274 0.03142827749252319
0.025405824184417725 0.003917694091796875 0.02447575330734253
0.01386934518814087 0.012955278158187866 0.013932943344116211
0.012374907732009888 0.01301884651184082 0.0012574195861816406
0.0 0.018369317054748535 0.0
0.0 0.012800991535186768 0.0
0.0 0.0020481348037719727 0.0
0.0 0.0 0.0
0.0 0.0 0.0
0.0 0.0 0.0
0.0 0.0 0.0
0.0 0.0 0.0
0.0 0.0 0.013162672519683838
0.0 0.0 0.0578768253326416
0.0 0.0 0.07981455326080322
0.0 0.0 0.09068906307220459
0.0 0.0 0.09437382221221924
0.0 0.0 0.09706461429595947
0.0 0.0034002363681793213 0.10394638776779175
0.013028338551521301 0.005408197641372681 0.10295039415359497
0.018830209970474243 0.010085076093673706 0.09957343339920044
0.034829214215278625 0.010267466306686401 0.10241687297821045
0.05353297293186188 0.02258056402206421 0.10234034061431885
0.059921011328697205 0.027137547731399536 0.08632838726043701
0.0480605810880661 0.02416667342185974 0.05198240280151367
0.02233971655368805 0.025117188692092896 0.0013813972473144531
0.00483877956867218 0.02830350399017334 0.0
0.015876352787017822 0.02625715732574463 0.0
0.0159132182598114 0.010619774460792542 0.0
0.0 0.006824478507041931 0.0
0.0 0.012323543429374695 0.0
0.0 0.021442338824272156 0.0
0.0 0.031837210059165955 0.0
0.0 0.03997224569320679 0.0
0.0003349184989929199 0.02421480417251587 0.0
0.0 0.02250385284423828 0.0
0.0 0.027661919593811035 0.0
0.0 0.03684359788894653 0.0
0.02337631583213806 0.05487561225891113 0.0
0.04232972860336304 0.049059271812438965 0.0
0.028440028429031372 0.05215531587600708 0.0
0.03180548548698425 0.04863885045051575 0.0
0.03880894184112549 0.05411973595619202 0.0
0.046898335218429565 0.057089805603027344 0.0
0.05609762668609619 0.05544525384902954 0.019525766372680664
0.050596654415130615 0.04878413677215576 0.03687882423400879
0.049351781606674194 0.04177933931350708 0.0455591082572937
0.03734585642814636 0.014570951461791992 0.04925656318664551
0.030800729990005493 0.0281374454498291 0.0505790114402771
0.023425251245498657 0.011819154024124146 0.03891444206237793
0.008166968822479248 0.012382566928863525 0.030075550079345703
0.0034928321838378906 0.010256350040435791 0.01965153217315674
0.0 0.0 0.0
0.0 0.0 0.0
0.0 0.0 0.0
0.0 0.0 0.0
0.0 0.0 0.0
0.0 0.0 0.013901710510253906
0.0 0.0 0.04167437553405762
0.0 0.0 0.06525582075119019
0.0 0.0 0.07221460342407227
0.0 0.0 0.08402502536773682
0.0 0.0 0.08626598119735718
0.0 0.0 0.09232664108276367
0.0 0.0 0.09491997957229614
0.0 0.0035617947578430176 0.0893133282661438
0.02016385644674301 0.019431069493293762 0.08308988809585571
0.03540811687707901 0.02335105836391449 0.06804543733596802
0.04185047745704651 0.02656969428062439 0.055678725242614746
0.04092179238796234 0.0229128897190094 0.032236456871032715
0.037423208355903625 0.028362378478050232 0.005211591720581055
0.03464964032173157 0.02743421494960785 0.0
0.029139146208763123 0.031789571046829224 0.0
0.03260718286037445 0.03604814410209656 0.0
0.02524787187576294 0.03670676052570343 0.0
0.026234477758407593 0.03943048417568207 0.0
0.0182197242975235 0.038112252950668335 0.0
0.008184999227523804 0.03378525376319885 0.0
0.0035928338766098022 0.027002841234207153 0.0
0.0 0.016308173537254333 0.0
0.0 0.017625167965888977 0.0
0.0 0.014467552304267883 0.0
0.003910571336746216 0.025807350873947144 0.012138426303863525
0.010302156209945679 0.017115890979766846 0.017847836017608643
0.0 0.005059331655502319 0.005870521068572998
0.0 0.0008791536092758179 0.0
0.0 0.0003231614828109741 0.0
0.0 0.00606141984462738 0.006888151168823242
0.0 0.004348039627075195 0.019848406314849854
0.002435743808746338 0.003596588969230652 0.030825674533843994
0.005000263452529907 0.009096294641494751 0.03204751014709473
0.002670079469680786 0.008556202054023743 0.02521669864654541
0.0052207112312316895 0.010731816291809082 0.017507553100585938
0.010711491107940674 0.01555238664150238 0.013261854648590088
0.00920480489730835 0.014610782265663147 0.0050057172775268555
0.004343122243881226 0.010003387928009033 0.0
0.0 0.0025384873151779175 0.0018471479415893555
0.0 0.0 0.0069495439529418945
0.0 0.005012735724449158 0.00769728422164917
0.0016365349292755127 0.009039446711540222 0.012979984283447266
0.0 0.012268394231796265 0.006199061870574951
0.0 0.005994543433189392 0.006226778030395508
0.0 0.010418444871902466 0.01064079999923706
0.0 0.00795494019985199 0.005048632621765137
0.0 0.00670132040977478 0.00014400482177734375
0.0 0.009703069925308228 0.0
0.0 0.0065704286098480225 0.0
0.0012440681457519531 0.011542513966560364 0.0
0.0 0.0085773766040802 0.0
0.0 0.011841386556625366 0.0001277923583984375
0.0021828413009643555 0.013210952281951904 0.0025528669357299805
0.004204511642456055 0.014336824417114258 0.005229175090789795
0.0 0.012142136693000793 0.004447638988494873
0.0 0.008062019944190979 0.0016402602195739746
0.0 0.006985560059547424 0.002699911594390869
0.002363443374633789 0.007509082555770874 0.007071256637573242
0.00591704249382019 0.00879533588886261 0.009538769721984863
0.007298380136489868 0.007498383522033691 0.014917492866516113
0.008823364973068237 0.007540076971054077 0.018416762351989746
0.0033302605152130127 0.0027562379837036133 0.015154838562011719
0.0 0.004504755139350891 0.003738880157470703
0.0 0.008967876434326172 0.006100594997406006
0.0 0.00891093909740448 0.006105005741119385
0.0 0.009474694728851318 0.010895192623138428
0.0 0.008542194962501526 0.007813572883605957
0.0 0.004616975784301758 0.0032303929328918457
0.0 0.0030252039432525635 0.009529650211334229
0.0 0.0009257346391677856 0.009815216064453125
0.0 0.0025416314601898193 0.006184875965118408
0.0 0.005627751350402832 0.0030448436737060547
0.0016561150550842285 0.012012451887130737 0.0006849169731140137
0.004362881183624268 0.012113943696022034 0.0
0.007422447204589844 0.013427868485450745 0.005288422107696533
0.009965658187866211 0.014757826924324036 0.005538344383239746
0.009385794401168823 0.01376265287399292 0.009525597095489502
0.004073828458786011 0.00999516248703003 0.010319828987121582
0.0 0.0074915289878845215 0.01102989912033081
0.0012025237083435059 0.007055535912513733 0.010373413562774658
0.0 0.007816001772880554 0.0080147385597229
0.0 0.005782917141914368 0.002082347869873047
0.0 0.009911835193634033 0.0011675357818603516
0.0 0.006907463073730469 0.0
0.0 0.008922159671783447 0.0
0.0 0.0073229968547821045 0.005099058151245117
0.0 0.006645485758781433 0.008524060249328613
0.0 0.003689780831336975 0.009159326553344727
0.0 0.005327492952346802 0.011119186878204346
0.0 0.00839109718799591 0.00820845365524292
0.0 0.009893596172332764 0.004705369472503662
0.0 0.00902828574180603 0.00465083122253418
0.0 0.009858936071395874 0.0025686025619506836
0.0 0.008708387613296509 0.0022176504135131836
0.0 0.007258772850036621 0.003773212432861328
0.0 0.004569008946418762 0.0058092474937438965
0.0 0.003796979784965515 0.006375491619110107
0.00048655271530151367 0.005503103137016296 0.0023806095123291016
0.006835907697677612 0.012411221861839294 0.0008657574653625488
0.018533915281295776 0.020884469151496887 0.0015299320220947266
0.02539694309234619 0.02545541524887085 0.003034234046936035
0.021761804819107056 0.020657792687416077 0.0
0.0136089026927948 0.01843571662902832 0.0
0.005259215831756592 0.01302260160446167 0.0
0.0 0.010664120316505432 0.006205499172210693
0.0 0.006520107388496399 0.012524902820587158
0.0 0.004017338156700134 0.012454807758331299
0.0 0.0018863826990127563 0.010235905647277832
0.0 0.004216864705085754 0.006504654884338379
0.0 0.0 0.00019687414169311523
0.0 0.0 0.0003248453140258789
0.0 0.0 0.004074752330780029
0.0 0.002607882022857666 0.003126204013824463
0.0 0.0023939311504364014 0.0022485852241516113
0.0 0.0029020309448242188 0.0
0.0 0.00749582052230835 0.0
0.0 0.0095597505569458 0.0
0.012456417083740234 0.01819208264350891 0.00304257869720459
0.021432697772979736 0.018753230571746826 0.00740969181060791
0.021607309579849243 0.024642199277877808 0.0
0.017707735300064087 0.017222106456756592 0.01662731170654297
0.024064213037490845 0.012945473194122314 0.04801380634307861
0.02594834566116333 0.0 0.0895339846611023
0.025126606225967407 0.0 0.136025071144104
0.04938998818397522 0.0 0.17987710237503052
0.05955079197883606 0.0 0.17438554763793945
0.04898795485496521 0.019216984510421753 0.15848857164382935
0.05325806140899658 0.0 0.16975831985473633
0.11451256275177002 0.016423791646957397 0.197526216506958
0.1976267695426941 0.07967910170555115 0.13216948509216309
0.1777653694152832 0.08790969848632812 0.12385809421539307
0.18183386325836182 0.22174158692359924 0.0
0.09542697668075562 0.30827364325523376 0.0
0.10251641273498535 0.41417965292930603 0.0
0.0705491304397583 0.4958735406398773 0.0
0.021280229091644287 0.42179104685783386 0.0
0.0 0.08723399043083191 0.0
0.0 0.0 0.0
0.0 0.0 0.0
0.0 0.0565301775932312 0.0
0.0 0.16434389352798462 0.0
0.0 0.17488980293273926 0.0
0.0 0.1360018253326416 0.0
0.0 0.12987160682678223 0.0
0.0 0.06065604090690613 0.0
0.0 0.001968979835510254 0.07011795043945312
0.0 0.0 0.22143292427062988
0.0 0.10210409760475159 0.1775531768798828
0.0 0.2659692168235779 0.0
0.0 0.3525233864784241 0.0
0.0 0.39143842458724976 0.0
0.0 0.3450872004032135 0.07606637477874756
0.0 0.31807374954223633 0.16968828439712524
0.0 0.35191524028778076 0.16213548183441162
0.0 0.4418363571166992 0.11178672313690186
0.0 0.4792811870574951 0.09486627578735352
0.0 0.4315546751022339 0.1878368854522705
0.0 0.316123366355896 0.3017193675041199
0.0 0.2606618404388428 0.29041457176208496
0.0 0.14820027351379395 0.2895541787147522
0.0 0.16792762279510498 0.27518755197525024
0.0390658974647522 0.3134348392486572 0.16250097751617432
0.06563994288444519 0.19626033306121826 0.16359025239944458
0.013850986957550049 0.07356858253479004 0.20816552639007568
0.0 0.012724816799163818 0.19476419687271118
0.0 0.03994673490524292 0.1882449984550476
0.0 0.14454495906829834 0.109702467918396
0.0 0.1450200080871582 0.11765319108963013
0.03066498041152954 0.06564211845397949 0.1824817657470703
0.0 0.030111074447631836 0.21556305885314941
0.0 0.05900168418884277 0.18948447704315186
0.0 0.06919759511947632 0.20424801111221313
0.0 0.15821623802185059 0.20222359895706177
0.0 0.241335928440094 0.21765339374542236
0.0 0.23713034391403198 0.23530399799346924
0.01113981008529663 0.24430803954601288 0.2318599820137024
0.025844097137451172 0.2484409660100937 0.20968186855316162
0.02247200906276703 0.2351667284965515 0.12332803010940552
0.0 0.2260662317276001 0.04846978187561035
0.0 0.15282568335533142 0.0
0.0 0.08079454302787781 0.0
0.0 0.07786361873149872 0.0
0.0 0.09337647259235382 0.0
0.0 0.07133425027132034 0.0
0.0 0.028979778289794922 0.0
0.0 0.0 0.0
0.0 0.0 0.0
0.0 0.0 0.0
0.0 0.0 0.0
0.0 0.01729605346918106 0.0
0.0 0.03452301770448685 0.0
0.0 0.04664663225412369 0.0009452104568481445
0.0 0.04314132407307625 0.019928395748138428
0.01717129349708557 0.039216767996549606 0.04038822650909424
0.029551774263381958 0.0315457284450531 0.05780625343322754
0.0385686457157135 0.017659813165664673 0.05570375919342041
0.04807156324386597 0.006241928786039352 0.05711817741394043
0.03105616569519043 0.02173302322626114 0.04344451427459717
0.025649815797805786 0.016455985605716705 0.022090256214141846
0.018002718687057495 0.020702045410871506 0.016046345233917236
0.012471765279769897 0.023645728826522827 0.015195250511169434
0.0032854676246643066 0.01654704660177231 0.003759026527404785
0.0076721906661987305 0.01286182552576065 0.005471467971801758
0.0 0.011275604367256165 0.003008604049682617
0.0 0.006044149398803711 0.0
0.0 0.009469196200370789 0.0
0.0 0.0034744292497634888 0.0
0.0 0.006823204457759857 0.0
0.0 0.002334907650947571 0.0
0.0 0.009142927825450897 0.0002186298370361328
0.0 0.015861503779888153 0.0036473870277404785
0.0 0.014405384659767151 0.010386168956756592
0.0037331581115722656 0.012975260615348816 0.01723092794418335
0.0 0.010878436267375946 0.011496782302856445
0.004473477602005005 0.008894555270671844 0.01730048656463623
0.0058870017528533936 0.016537979245185852 0.014517366886138916
0.010606497526168823 0.014019466936588287 0.015394628047943115
0.013972938060760498 0.017174065113067627 0.016039609909057617
0.0076943039894104 0.016564778983592987 0.015203118324279785
0.009298384189605713 0.017380431294441223 0.009392023086547852
0.010473251342773438 0.01763354241847992 0.010457217693328857
0.0021642744541168213 0.013406634330749512 0.006554841995239258
0.005386382341384888 0.011035896837711334 0.012397289276123047
0.00018015503883361816 0.013750091195106506 0.00912708044052124
0.0 0.008614838123321533 0.005907893180847168
0.0019116699695587158 0.00685998797416687 0.014328479766845703
0.0 0.007461801171302795 0.007882356643676758
0.0 0.0030641406774520874 0.014093220233917236
0.0 0.009306773543357849 0.007369339466094971
0.0 0.003782793879508972 0.004725098609924316
0.00011613965034484863 0.009732738137245178 0.015586376190185547
0.0 0.012287385761737823 0.01069110631942749
0.0031702816486358643 0.014191582798957825 0.014133691787719727
0.0 0.014639712870121002 0.006848692893981934
0.00532299280166626 0.008020468056201935 0.003924429416656494
0.003467738628387451 0.010894820094108582 0.010785222053527832
0.009491264820098877 0.01907116174697876 0.005129396915435791
0.0 0.012317731976509094 0.0
0.0 0.015265218913555145 0.0
0.010653972625732422 0.021186836063861847 0.000839531421661377
0.0 0.013729393482208252 0.0
0.0 0.008644580841064453 0.0016096234321594238
0.0 0.011863261461257935 0.0024077296257019043
0.0 0.0076274871826171875 0.003724396228790283
0.0 0.009551018476486206 0.008646190166473389
0.0 0.0053113847970962524 0.0126953125
0.0 0.006916344165802002 0.01798194646835327
0.0 0.0071313828229904175 0.013882160186767578
0.0 0.008756473660469055 0.009990870952606201
0.0006808340549468994 0.014065787196159363 0.01158750057220459
0.0007253289222717285 0.013004109263420105 0.006254732608795166
0.001580357551574707 0.01327618956565857 0.008056998252868652
0.002985149621963501 0.010045647621154785 0.007708370685577393
0.005215853452682495 0.01024828851222992 0.00793987512588501
0.0017164945602416992 0.010478481650352478 0.0023404359817504883
0.005329728126525879 0.009785681962966919 0.006842494010925293
0.005566895008087158 0.01098625361919403 0.008393168449401855
0.004231810569763184 0.013067096471786499 0.005493760108947754
0.0 0.011311039328575134 0.0009216666221618652
0.004037201404571533 0.018000811338424683 0.006626725196838379
0.0022905468940734863 0.0130043625831604 0.004979431629180908
0.0028939247131347656 0.013895899057388306 0.006252884864807129
0.002037644386291504 0.010861441493034363 0.005067944526672363
0.0 0.0022674500942230225 0.008226275444030762
0.0 0.01281692087650299 0.012224733829498291
0.0008356869220733643 0.00820496678352356 0.011145412921905518
0.0 0.010356947779655457 0.011934757232666016
0.0 0.004671812057495117 0.013353109359741211
0.0 0.009717389941215515 0.00761646032333374
0.0 0.0044592320919036865 0.00043636560440063477
0.0 0.00936877727508545 0.0
0.0 0.011399731040000916 0.00040709972381591797
0.0 0.011158719658851624 0.0
0.0 0.005801767110824585 0.0
0.0 0.007842764258384705 0.0
0.0 0.007576778531074524 0.0
0.0 0.009129166603088379 0.0
0.0 0.011755108833312988 0.003979742527008057
0.0 0.013359352946281433 0.0018510818481445312
0.0 0.007689356803894043 0.005092263221740723
0.0 0.008805245161056519 0.007860422134399414
0.005578577518463135 0.01411205530166626 0.010137498378753662
0.008697837591171265 0.015169352293014526 0.013791441917419434
0.006614238023757935 0.015054136514663696 0.013291716575622559
0.00493234395980835 0.015208631753921509 0.007612824440002441
0.005710572004318237 0.019256100058555603 0.00763702392578125
0.011367499828338623 0.014961853623390198 0.00525820255279541
0.017043858766555786 0.024122118949890137 0.010858654975891113
0.01841527223587036 0.02509663999080658 0.006818652153015137
0.029576897621154785 0.02891451120376587 0.0
0.025135695934295654 0.04070216417312622 0.0
0.0378764271736145 0.056137844920158386 0.0
0.04786926507949829 0.032383158802986145 0.0
0.03643205761909485 0.05436334013938904 0.0
0.051161766052246094 0.06078895926475525 0.0
0.03259778022766113 0.04198458790779114 0.0
0.02133101224899292 0.041451454162597656 0.0
0.015645474195480347 0.023914963006973267 0.0
0.006843537092208862 0.019326508045196533 0.0
0.0007263720035552979 0.017899513244628906 0.0024402737617492676
0.0 0.008517414331436157 0.00796496868133545
0.0 0.0 0.009459197521209717
0.0 0.0 0.002482473850250244
0.0 0.0 0.010580182075500488
0.0 0.0 0.024039626121520996
0.0 0.0 0.03813374042510986
0.0 0.0 0.03841292858123779
0.0 0.0 0.038324713706970215
0.0 0.0 0.04049474000930786
0.0 0.0 0.043710410594940186
0.0 0.0 0.04560995101928711
0.0 0.0 0.04409229755401611
0.0 0.0 0.04233860969543457
0.0 0.0 0.04150116443634033
0.0 0.0 0.04580587148666382
0.0 0.0 0.04794907569885254
0.0 0.011929795145988464 0.0523378849029541
0.007410675287246704 0.01665806770324707 0.046424269676208496
0.012879282236099243 0.025340408086776733 0.035013020038604736
0.01918649673461914 0.031060457229614258 0.02085864543914795
0.029628992080688477 0.04036088287830353 0.0034769773483276367
0.03923556208610535 0.048238396644592285 0.0
0.044420331716537476 0.04865926504135132 0.0
0.04845872521400452 0.05468715727329254 0.0
0.051941126585006714 0.058511972427368164 0.0
0.05033677816390991 0.05613575875759125 0.0
0.0469093918800354 0.053812310099601746 0.0
0.04512143135070801 0.052074164152145386 0.0
0.04071396589279175 0.051985472440719604 0.0
0.0333649218082428 0.048748016357421875 0.0
0.028073877096176147 0.0462893545627594 0.0
0.027463644742965698 0.042177051305770874 0.0
0.020261436700820923 0.04346060752868652 0.0
0.02698683738708496 0.045040130615234375 0.0
0.03448718786239624 0.04905924201011658 0.0018714666366577148
0.0251939594745636 0.04347711801528931 0.0010218620300292969
0.010751128196716309 0.027153581380844116 0.0
0.0 0.008882522583007812 0.0
0.0 0.005785226821899414 0.0
0.0 0.0 0.010781049728393555
0.0 0.0 0.017727017402648926
0.0 0.0 0.021147489547729492
0.0 0.0 0.01849377155303955
0.0 0.0 0.02253437042236328
0.0 0.0 0.03534042835235596
0.0 0.0 0.0396348237991333
0.0 0.0 0.03184521198272705
0.0 0.0 0.027394771575927734
0.0 0.0 0.028156638145446777
0.0 0.0 0.023924648761749268
0.0 0.0 0.018194079399108887
0.0 0.0 0.01838243007659912
0.0 0.0 0.030178964138031006
0.0 0.004792511463165283 0.03950238227844238
0.0 0.002326875925064087 0.03815591335296631
0.0 0.004436224699020386 0.03266650438308716
0.0 0.0 0.03361701965332031
0.0 0.005593061447143555 0.031112730503082275
0.010781705379486084 0.022334471344947815 0.030577898025512695
0.01030704379081726 0.02553427219390869 0.024339735507965088
0.020388871431350708 0.025552809238433838 0.013471484184265137
0.0306549072265625 0.03656771779060364 0.012841880321502686
0.021645396947860718 0.03505651652812958 0.0022476911544799805
0.035741955041885376 0.03187492489814758 0.0
0.022080570459365845 0.049625009298324585 0.0
0.029578030109405518 0.04890395700931549 0.0
0.035436421632766724 0.051630809903144836 0.0
0.0432162880897522 0.05911573767662048 0.0
0.05006974935531616 0.05798253417015076 0.0
0.03983175754547119 0.05601043999195099 0.0
0.03553500771522522 0.05342972278594971 0.0
0.03430056571960449 0.05878874659538269 0.0
0.03600132465362549 0.04675962030887604 0.0
0.022542238235473633 0.048912033438682556 0.0
0.022393733263015747 0.0375407338142395 0.0
0.009436696767807007 0.032955244183540344 0.0
0.0 0.018050864338874817 0.006351590156555176
0.0 0.011815086007118225 0.018085837364196777
0.0 0.009410947561264038 0.028209447860717773
0.0 0.015839025378227234 0.025666773319244385
0.0 0.01485222578048706 0.020824193954467773
0.0 0.002229541540145874 0.010845482349395752
0.0 0.0 0.0
0.0 0.0 0.01416635513305664
0.0 0.0 0.0217168927192688
0.0 0.0 0.024214982986450195
0.0 0.0 0.02496105432510376
0.0 0.0 0.03139996528625488
0.0 0.0 0.03527402877807617
0.0 0.0 0.03836601972579956
0.0 0.0 0.03651273250579834
0.0 0.0 0.03138267993927002
0.0 0.0 0.028413355350494385
0.0 0.0 0.03041684627532959
0.0 0.0038670897483825684 0.032080650329589844
0.0 0.003992855548858643 0.026640713214874268
0.0 0.009487956762313843 0.027526438236236572
0.0064633190631866455 0.009704530239105225 0.02478545904159546
0.005196690559387207 0.012006491422653198 0.012398302555084229
0.005428016185760498 0.010818630456924438 0.012708485126495361
0.0015568137168884277 0.006357640027999878 0.013920187950134277
0.004491746425628662 0.00034186244010925293 0.025718390941619873
0.0 0.004074156284332275 0.024766862392425537
0.0 0.004864990711212158 0.01911383867263794
0.0 0.018137440085411072 0.009217977523803711
0.0 0.019061848521232605 0.0
0.0 0.022308439016342163 0.0
0.0039968788623809814 0.029426947236061096 0.0
0.015420883893966675 0.0297459214925766 0.0
0.018643856048583984 0.03488260507583618 0.0
0.028538167476654053 0.03267647325992584 0.0
0.03368300199508667 0.04277823865413666 0.0
0.041822999715805054 0.04558968544006348 0.0
0.045050084590911865 0.046154171228408813 0.0
0.03854784369468689 0.04105618596076965 0.0
0.028071820735931396 0.03571523725986481 0.0
0.019163459539413452 0.03140956163406372 0.0
0.011029750108718872 0.023554638028144836 0.0
0.0011437833309173584 0.016525909304618835 0.0
0.0 0.011349529027938843 0.0
0.0 0.013031840324401855 0.0
0.0 0.01670202612876892 0.0
0.004705220460891724 0.024705439805984497 0.0
0.0 0.016923367977142334 0.0
0.0 0.012643039226531982 0.0
0.0 0.008362174034118652 0.0
0.0009014010429382324 0.012644648551940918 0.008564412593841553
0.0 0.012605518102645874 0.010391652584075928
0.0026466846466064453 0.012644976377487183 0.015040457248687744
0.0 0.01035076379776001 0.01881200075149536
0.0 0.006858333945274353 0.018340349197387695
0.0 0.0 0.016644954681396484
0.0 0.0 0.027234315872192383
0.0 0.0 0.03299999237060547
0.0 0.0 0.03945624828338623
0.0 0.0 0.04019951820373535
0.0 0.0 0.035793960094451904
0.0 0.0 0.02423328161239624
0.0 0.0 0.013690531253814697
0.0 0.0 0.005256354808807373
0.0 0.0 0.0017387866973876953
0.0 0.0 0.003029346466064453
0.0 0.005049541592597961 0.0034667253494262695
0.0 0.013442888855934143 0.0008357763290405273
0.0015525221824645996 0.020586073398590088 0.0
0.0048562586307525635 0.026406913995742798 0.0
0.010222852230072021 0.021758124232292175 0.0
0.011354565620422363 0.019177407026290894 0.0
0.017443984746932983 0.023070380091667175 0.0016434192657470703
0.018825829029083252 0.023030489683151245 0.0
0.014788687229156494 0.021992266178131104 0.0
0.013410568237304688 0.02007538080215454 0.0
0.012070536613464355 0.018780022859573364 0.0
0.013209909200668335 0.017652183771133423 0.001038968563079834
0.014509260654449463 0.01811949908733368 0.0031628012657165527
0.012671858072280884 0.015785619616508484 0.0066547393798828125
0.011616528034210205 0.014211848378181458 0.007454574108123779
0.007160574197769165 0.011571913957595825 0.0064544677734375
0.0028607547283172607 0.006983697414398193 0.0042552947998046875
0.001429051160812378 0.009133607149124146 0.007965505123138428
0.0 0.008374273777008057 0.010565400123596191
0.0 0.010459989309310913 0.008793473243713379
0.0 0.009577140212059021 0.006018877029418945
0.0 0.008196786046028137 0.005658507347106934
0.0 0.00875622034072876 0.0028952360153198242
0.0 0.0091056227684021 0.002995908260345459
0.0 0.007273048162460327 0.0
0.0 0.006009161472320557 0.0
0.0 0.006269663572311401 0.004798531532287598
0.000509113073348999 0.008630931377410889 0.005288839340209961
0.0020170211791992188 0.006316229701042175 0.007799267768859863
0.0 0.004406243562698364 0.003871738910675049
0.0 0.009326726198196411 0.0025691986083984375
0.0014229416847229004 0.014441385865211487 0.0025013089179992676
0.008018255233764648 0.017232581973075867 0.0
0.014511257410049438 0.03049933910369873 0.0
0.01785174012184143 0.0374893993139267 0.0
0.019150525331497192 0.03234556317329407 0.0
0.01326790452003479 0.02481113374233246 0.0
0.009793400764465332 0.018710732460021973 0.0
0.005508452653884888 0.017278432846069336 0.0
0.0034016668796539307 0.00888824462890625 0.016502320766448975
0.002034306526184082 0.006236225366592407 0.029148340225219727
0.0 0.003628671169281006 0.0383753776550293
0.0 0.002738863229751587 0.04241907596588135
0.0 0.0002816617488861084 0.03511977195739746
0.0 0.0 0.029303133487701416
0.0 0.0005322396755218506 0.023959577083587646
0.0 0.002092301845550537 0.013507306575775146
0.0 0.0 0.002132117748260498
0.0 0.0028382837772369385 0.0
0.0 0.0045791566371917725 0.0
0.0 0.014693379402160645 0.0
0.0 0.015574485063552856 0.0
0.0 0.015861034393310547 0.0
0.0013523399829864502 0.013082236051559448 0.0
0.004975646734237671 0.012853950262069702 0.0020761489868164062
0.002905905246734619 0.013086080551147461 0.005812585353851318
0.0024067461490631104 0.010924726724624634 0.007884621620178223
0.004159033298492432 0.012167572975158691 0.009821653366088867
0.008313477039337158 0.011766374111175537 0.014113008975982666
0.004445850849151611 0.010118454694747925 0.013638436794281006
0.0034249722957611084 0.007549941539764404 0.012173771858215332
0.0006711184978485107 0.01170244812965393 0.00781261920928955
0.0012521743774414062 0.015544891357421875 0.0053969621658325195
0.00295102596282959 0.014293491840362549 0.00727391242980957
0.0045525431632995605 0.008935421705245972 0.007111072540283203
0.004150986671447754 0.003890901803970337 0.003935098648071289
0.0010885298252105713 0.005119234323501587 0.0
0.0 0.011748850345611572 0.0
0.0 0.014728426933288574 0.0
0.0 0.015152990818023682 0.0
0.0 0.009512096643447876 0.0
0.0 0.006026476621627808 0.0
0.0 0.0037831664085388184 0.0010970830917358398
0.0 0.009822726249694824 0.004308819770812988
0.0055380165576934814 0.01648840308189392 0.0
0.006610244512557983 0.020172923803329468 0.0
0.0 0.0 0.0
0.0 0.0 0.01005643606185913
0.0 0.0 0.04418700933456421
0.0 0.0 0.0683475136756897
0.0 0.0 0.07683455944061279
0.0 0.0 0.09258973598480225
0.0 0.0 0.11812549829483032
0.0 0.0 0.22170639038085938
0.08711043000221252 0.07153558731079102 0.343203604221344
0.2105410397052765 0.0 0.26907843351364136
0.0 0.06746117770671844 0.10619223117828369
0.06369516253471375 0.07582011818885803 0.04893088340759277
0.16110944747924805 0.09724500775337219 0.0955895185470581
0.20886582136154175 0.14976686239242554 0.03466314077377319
0.12875187397003174 0.13604646921157837 0.005445539951324463
0.022284865379333496 0.16656161844730377 0.0
0.06995713710784912 0.28336232900619507 0.0
0.15732890367507935 0.37987789511680603 0.0
0.08943086862564087 0.33426013588905334 0.0
0.0 0.1732737123966217 0.0
0.0 0.02458825707435608 0.0
0.0 0.03170660138130188 0.0
0.0 0.13585501909255981 0.0
0.0 0.15687048435211182 0.0
0.0 0.18471449613571167 0.0
0.0 0.19848042726516724 0.0
0.0 0.194388747215271 0.0
0.0 0.18161749839782715 0.0
0.0 0.09190326929092407 0.0
0.0 0.13796034455299377 0.0
0.0 0.0 0.1205289363861084
0.0 0.0 0.21277695894241333
0.0 0.0 0.19837450981140137
0.0 0.09296378493309021 0.06519109010696411
0.0 0.2438366413116455 0.0
0.0 0.33760154247283936 0.0
0.0 0.35893765091896057 0.0
0.0 0.3785579800605774 0.0
0.0 0.4072412848472595 0.06309926509857178
0.0 0.44018375873565674 0.11965698003768921
0.0 0.46329760551452637 0.11679786443710327
0.0 0.414742112159729 0.12665212154388428
0.0 0.3281862735748291 0.14623582363128662
0.0 0.2751230001449585 0.15998369455337524
0.0 0.14530068635940552 0.2492547631263733
0.0 0.054992079734802246 0.28362923860549927
0.0 0.14487695693969727 0.24206316471099854
0.10555702447891235 0.31759965419769287 0.15303313732147217
0.13704714179039001 0.299532949924469 0.18161022663116455
0.13382244110107422 0.2241305112838745 0.24506616592407227
0.0001647472381591797 0.12066125869750977 0.3199240565299988
0.0 0.15141081809997559 0.24162882566452026
0.0 0.2102140188217163 0.1688772439956665
0.0 0.15809285640716553 0.1892073154449463
0.0 0.10650569200515747 0.19854015111923218
0.0 0.12058764696121216 0.173129141330719
0.0 0.12429559230804443 0.11339938640594482
0.0 0.12581545114517212 0.06035816669464111
0.0 0.10970717668533325 0.03714120388031006
0.0 0.0889396071434021 0.026299893856048584
0.0 0.04609936475753784 0.0
0.0 0.11702513694763184 0.0
0.0 0.11916214227676392 0.0
0.04832664132118225 0.12144684791564941 0.0
0.12267762422561646 0.033401817083358765 0.0
0.08247101306915283 0.05567166209220886 0.0
0.034513235092163086 0.057964205741882324 0.0
0.011070549488067627 0.03937685489654541 0.0
0.03623327612876892 0.03536278009414673 0.0
0.07796686887741089 0.03630855679512024 0.00022453069686889648
0.08887806534767151 0.02961289882659912 0.0386432409286499
0.0 0.03954148292541504 0.0
0.0 0.04718467593193054 0.0
0.008459359407424927 0.0415196418762207 0.0
0.07284533977508545 0.027582302689552307 0.06677913665771484
0.045787662267684937 0.02258002758026123 0.07693648338317871
0.0 0.0 0.037236154079437256
0.0 0.0 0.0
0.0 0.023725509643554688 0.0
0.041349612176418304 0.04055692255496979 0.013588786125183105
0.04256615787744522 0.05545167997479439 0.0
0.043548475950956345 0.04086978733539581 0.0
0.03209826722741127 0.051627956330776215 0.0
0.026959128677845 0.047648027539253235 0.0
0.02199368178844452 0.04082033783197403 0.0
0.013051003217697144 0.021494030952453613 0.0
0.0078058019280433655 0.011861234903335571 0.0
0.0 0.0012463666498661041 0.0
0.0 0.008426453918218613 0.0
0.0 0.021963324397802353 0.0
0.0 0.01012788712978363 0.0
0.0 0.0 0.0
0.0 0.0 0.0
0.0 0.008225612342357635 0.026897311210632324
0.0 0.0 0.012381792068481445
0.0 0.0 0.009945273399353027
0.0 0.0 0.013257741928100586
0.0 0.001177184283733368 0.010476231575012207
0.0 0.01656625047326088 0.0032198429107666016
0.0 0.0 0.0
0.0 0.013410992920398712 0.0
0.0 0.016726680099964142 0.0
0.0 0.017122618854045868 0.0
0.008564397692680359 0.0347508005797863 0.0
0.016710028052330017 0.017463233321905136 0.0
0.01505713164806366 0.021580900996923447 0.0
0.005799680948257446 0.014987993985414505 0.0
0.003771081566810608 0.008655823767185211 0.0
0.0 0.026643827557563782 0.0
0.01318901777267456 0.02791772410273552 0.021142303943634033
0.007108569145202637 0.020298734307289124 0.013301730155944824
0.0012563467025756836 0.018449945375323296 0.0039517879486083984
0.0 0.011028943583369255 0.0
0.0 0.0215640626847744 0.0
0.0 0.01589684933423996 0.004657864570617676
0.0 0.0038821399211883545 0.002177000045776367
0.0 0.001280035823583603 0.006889700889587402
0.0 0.004294037818908691 0.0161207914352417
0.0 0.007214140146970749 0.01496797800064087
0.0 0.0094149149954319 0.0197601318359375
0.0 0.010670088231563568 0.020177900791168213
0.0 0.01775585487484932 0.014478147029876709
0.0 0.018340066075325012 0.0014319419860839844
0.004743099212646484 0.02421194314956665 0.010089218616485596
0.0005638599395751953 0.020484935492277145 0.06202125549316406
0.041791677474975586 0.0 0.0
0.015221953392028809 0.03270157426595688 0.0
0.0 0.023933596909046173 0.0
0.014420658349990845 0.026123598217964172 0.0
0.020896196365356445 0.024937685579061508 0.0
0.0 0.02272830531001091 0.010330915451049805
0.002209484577178955 0.0 0.028166890144348145
0.032217979431152344 0.0 0.02792888879776001
0.0 0.0284450501203537 0.014695465564727783
0.0 0.013591866940259933 0.028000295162200928
0.0 0.03390509635210037 0.03221243619918823
0.0 0.01784535124897957 0.024623215198516846
0.0 0.01943947747349739 0.03739750385284424
0.0 0.0012816712260246277 0.03201967477798462
0.0 0.012193996459245682 0.008170902729034424
0.0 0.012786533683538437 0.0
0.004203736782073975 0.00854189321398735 0.0
0.00938144326210022 0.015615761280059814 0.0
0.006580561399459839 0.011924974620342255 0.0
0.004099547863006592 0.015352055430412292 0.0
0.0 0.021303974092006683 0.0
0.0 0.020620271563529968 0.0
0.005890011787414551 0.01815810799598694 0.010029733180999756
0.005505383014678955 0.01518210768699646 0.021236956119537354
0.005798548460006714 0.01424647867679596 0.016700685024261475
0.0006055831909179688 0.02259458601474762 0.010374665260314941
0.00945022702217102 0.0167061910033226 0.00814741849899292
0.01723751425743103 0.015864260494709015 0.01754438877105713
0.0033088624477386475 0.0045590996742248535 0.01836150884628296
0.0 0.0008277744054794312 0.017795264720916748
0.0 0.0012116432189941406 0.0036673545837402344
0.0 0.0 0.009077906608581543
0.0 0.0011438950896263123 0.005172610282897949
0.0 0.0 0.003794252872467041
0.0 0.0 0.0
0.0 0.0 0.0
0.0 0.003343448042869568 0.0
0.0 0.0 0.0
0.0 0.012318231165409088 0.0
0.0 0.028518717736005783 0.0
0.0 0.052140310406684875 0.0
0.0025804638862609863 0.04692261666059494 0.011048436164855957
0.0 0.027743130922317505 0.003477334976196289
0.0 0.014658171683549881 0.01827472448348999
0.0 0.0066473037004470825 0.011130869388580322
0.005517229437828064 0.03552393987774849 0.030913710594177246
0.020761683583259583 0.025722309947013855 0.02469944953918457
0.008562445640563965 0.0 0.01821058988571167
0.0 0.004022073000669479 0.012688279151916504
0.003076106309890747 0.0 0.02271789312362671
0.003746926784515381 0.0 0.03386801481246948
0.009682238101959229 0.01026250422000885 0.047561705112457275
0.009508863091468811 0.02394244819879532 0.03267562389373779
0.006007403135299683 0.012037694454193115 0.020245790481567383
0.0 0.008491389453411102 0.009165465831756592
0.0017209798097610474 0.010412007570266724 0.018521368503570557
0.010244607925415039 0.029043257236480713 0.0007498860359191895
0.012363582849502563 0.028874173760414124 0.001377105712890625
0.015734970569610596 0.022066213190555573 0.0
0.0 0.02105163037776947 0.005177795886993408
0.018460363149642944 0.00972997397184372 0.005813479423522949
0.0 0.004319719970226288 0.02358335256576538
0.0 0.01127360388636589 0.04153299331665039
0.019725069403648376 0.01833672821521759 0.025788724422454834
0.002570927143096924 0.013676971197128296 0.010389089584350586
0.0 0.022337574511766434 0.01934194564819336
0.012537762522697449 0.012009941041469574 0.04068094491958618
0.030278533697128296 0.002453647553920746 0.025101900100708008
0.0 0.0045927055180072784 0.0
0.0 0.022169627249240875 0.0
0.009734362363815308 0.0 0.0
0.0 0.019966885447502136 0.007851064205169678
