0.05827542394399643 0.0 0.043576955795288086
0.04444224387407303 0.0012041330337524414 0.03175842761993408
0.033930107951164246 0.006894826889038086 0.03055626153945923
0.04485085606575012 0.0 0.03127562999725342
0.04268991947174072 0.0 0.04178762435913086
0.015504252165555954 0.0 0.037109553813934326
0.015852052718400955 0.018708765506744385 0.034194231033325195
0.004391927272081375 0.008443951606750488 0.027955055236816406
0.0 0.006703495979309082 0.04047739505767822
0.0 0.016392648220062256 0.03344869613647461
0.025189973413944244 0.007852315902709961 0.01593756675720215
0.04143594577908516 0.001412510871887207 0.0076743364334106445
0.011852283030748367 0.0011386871337890625 0.0
0.0007868967950344086 0.015330016613006592 0.005392789840698242
0.031286388635635376 0.02040785551071167 0.01619023084640503
0.031811974942684174 0.015594542026519775 0.0
0.014271624386310577 0.014348149299621582 0.0
0.03743807598948479 0.005112409591674805 0.0
0.035782743245363235 0.0 0.007685840129852295
0.03756800666451454 0.007600128650665283 0.022958457469940186
0.03738592565059662 0.0034105777740478516 0.01574838161468506
0.016998976469039917 0.004536449909210205 0.0016232728958129883
0.0224493108689785 0.0034317970275878906 0.00795292854309082
0.005680945236235857 0.0 0.01284027099609375
0.0 0.0032595396041870117 0.02542877197265625
0.0 0.0027229785919189453 0.049488842487335205
0.0 0.0030418038368225098 0.057977914810180664
0.0 0.0 0.024386882781982422
0.0 0.0 0.017994225025177002
0.0 0.0 0.0
0.0 0.0 0.005287885665893555
0.0 0.0 0.0023390650749206543
0.0 0.0 0.0
0.0 0.0 0.0
0.0 0.0 0.0
0.0 0.020370841026306152 0.0
0.031359896063804626 0.0 0.0
0.04416845738887787 0.0 0.0
0.03878390043973923 0.0 0.005666196346282959
0.01708146184682846 0.004585325717926025 0.0
0.02436673641204834 0.02273780107498169 0.0
0.03130204975605011 0.02700674533843994 0.0
0.05343042314052582 0.008388996124267578 0.0
0.053139954805374146 0.01174473762512207 0.018830537796020508
0.05652617663145065 0.010250508785247803 0.014356493949890137
0.041923463344573975 0.01141977310180664 0.011219620704650879
0.0011057555675506592 0.02244466543197632 0.032968223094940186
0.018718861043453217 0.0031516551971435547 0.018518447875976562
0.00899381935596466 0.0014857053756713867 0.03876274824142456
0.015573009848594666 0.00042498111724853516 0.0638117790222168
0.012196853756904602 0.003947794437408447 0.06028294563293457
0.011007174849510193 0.002173483371734619 0.06298947334289551
0.0 0.0063964128494262695 0.0478668212890625
0.0 0.00895380973815918 0.0534248948097229
0.0 0.005136728286743164 0.05225014686584473
0.010211959481239319 0.0067650675773620605 0.046325087547302246
0.007011055946350098 0.0 0.03356438875198364
0.010790355503559113 0.004828035831451416 0.016516685485839844
0.0149537343531847 0.0 0.0
0.0039626844227313995 0.0 0.0
0.03186114504933357 0.000996708869934082 0.0
0.010631423443555832 0.017887473106384277 0.0
0.008664142340421677 0.02384847402572632 0.0
0.0 0.015708506107330322 0.0
0.01129080355167389 0.0 0.0
0.015037253499031067 0.0 0.0
0.017832636833190918 0.007431209087371826 0.0
0.004158090800046921 0.020389795303344727 0.018246233463287354
0.0 0.01738154888153076 0.02848571538925171
0.0 0.030489742755889893 0.03062725067138672
0.0 0.021040380001068115 0.02333909273147583
0.020357143133878708 0.011782467365264893 0.011808991432189941
0.010335635393857956 0.013361454010009766 0.008289039134979248
0.003343861550092697 0.010945558547973633 0.014927446842193604
0.024742580950260162 0.009375810623168945 0.01569652557373047
0.02339261956512928 0.007161498069763184 0.011118292808532715
0.021586690098047256 0.010610818862915039 0.007524967193603516
0.019603978842496872 0.0026006698608398438 0.0021497011184692383
0.008999865502119064 0.0045354366302490234 0.0
0.0 0.00544363260269165 0.0
0.004711795598268509 0.0012738704681396484 0.009565532207489014
0.0051719751209020615 0.0 0.010608077049255371
0.0016245022416114807 0.0 0.01927006244659424
0.0 0.0 0.013521134853363037
0.0 0.0 0.01272428035736084
0.0 0.0 0.003192901611328125
0.0011489950120449066 0.0 0.0
0.0 0.0 0.0
0.0 0.009329736232757568 0.0
0.009033707901835442 0.00312960147857666 0.0002598762512207031
0.018222354352474213 0.010710179805755615 0.019149303436279297
0.0038064904510974884 0.027527153491973877 0.022260665893554688
0.005944538861513138 0.02735036611557007 0.030350923538208008
0.006250033155083656 0.038448214530944824 0.05242222547531128
0.003640146926045418 0.04224121570587158 0.0557253360748291
0.01222938671708107 0.023617804050445557 0.04304414987564087
0.020838038995862007 0.002808213233947754 0.02418595552444458
0.011976996436715126 0.0007041692733764648 0.0
0.004683941602706909 0.0007876157760620117 0.0
0.0 0.00415724515914917 0.0
0.0 0.005874693393707275 0.0
0.0 0.011239588260650635 0.0
0.0 0.007292509078979492 0.0
0.0 0.011450052261352539 0.0
0.0 0.017199337482452393 0.0
0.0 0.012317657470703125 0.0
0.010840386152267456 0.0023185014724731445 0.0
0.011042555794119835 0.0 0.0
0.004125760868191719 0.0 0.0
0.0 0.004841864109039307 0.0
0.0 0.012385010719299316 0.0
0.0024415776133537292 0.02140897512435913 0.005567729473114014
0.012805802747607231 0.012202858924865723 0.021414518356323242
0.004952479153871536 0.0 0.02248215675354004
0.0 0.0 0.02247101068496704
0.0 0.0 0.032779812812805176
0.0 0.0 0.03102433681488037
0.0 0.0 0.016249477863311768
0.0 0.0 0.007882297039031982
0.0 0.0 0.006664395332336426
0.0 0.0 0.013252615928649902
0.0 0.0 0.012889862060546875
0.0019279103726148605 0.0 0.007737398147583008
0.005295207723975182 0.010850965976715088 0.0021026134490966797
0.0030337031930685043 0.02042257785797119 0.0
0.010278867557644844 0.024426937103271484 0.0
0.01667037419974804 0.023084640502929688 0.0
0.025660643354058266 0.01613706350326538 0.0
0.02359110675752163 0.012663722038269043 0.0
0.019337626174092293 0.01683962345123291 0.0
0.016065994277596474 0.03339564800262451 0.013518810272216797
0.01881805993616581 0.03413748741149902 0.024718523025512695
0.018833907321095467 0.01885044574737549 0.02929997444152832
0.023345081135630608 0.0 0.02663564682006836
0.02435649372637272 0.0 0.018700122833251953
0.02118128351867199 0.0 0.02564138174057007
0.010919766500592232 0.011266946792602539 0.03068077564239502
0.010225534439086914 0.01030266284942627 0.030655980110168457
0.0067382752895355225 0.015049993991851807 0.034647226333618164
0.003833156079053879 0.016026437282562256 0.029273629188537598
0.0 0.010473370552062988 0.014710962772369385
0.0 0.006327509880065918 0.0
0.0 0.008411049842834473 0.0
0.0 0.015458285808563232 0.0
0.0 0.015592873096466064 0.0
0.0 0.012372493743896484 0.0
0.0 0.005008876323699951 0.0
0.0 0.000757753849029541 0.0
0.0012769680470228195 0.0 0.0
0.00269918330013752 0.0 0.0
0.006990982219576836 0.001545727252960205 0.006358742713928223
0.008872933685779572 0.011831402778625488 0.02171313762664795
0.015206634998321533 0.012523412704467773 0.033326148986816406
0.014656754210591316 0.01155543327331543 0.038224995136260986
0.010941918939352036 0.005145728588104248 0.03273189067840576
0.006883854046463966 0.010458409786224365 0.024752914905548096
0.004969300702214241 0.01032555103302002 0.015392959117889404
0.0025963131338357925 0.004111886024475098 0.008463561534881592
0.0 0.0 0.0
0.0 0.0 0.0
0.0 0.0 0.0
0.0 0.0 0.0
0.0 0.0 0.0
0.0 0.0 0.0
0.0 0.0 0.0
0.0 0.0 0.0
0.0 0.0 0.0043182373046875
0.001972626894712448 0.002350032329559326 0.011377513408660889
0.003097187727689743 0.008005321025848389 0.020224571228027344
0.002504119649529457 0.008954882621765137 0.021646618843078613
0.004566654562950134 0.011078178882598877 0.01649916172027588
0.010495465248823166 0.009763658046722412 0.017242789268493652
0.01193002425134182 0.008492350578308105 0.015038728713989258
0.007178464904427528 0.009390056133270264 0.013952255249023438
0.0025952979922294617 0.011236846446990967 0.011858522891998291
0.005882181227207184 0.016802668571472168 0.002263963222503662
0.008069491013884544 0.012984871864318848 0.005014598369598389
0.009378412738442421 0.009662508964538574 0.008119583129882812
0.016499578952789307 0.011440098285675049 0.021501898765563965
0.019049106165766716 0.021090447902679443 0.04014420509338379
0.021101925522089005 0.0 0.008971750736236572
0.0 0.0 0.0
0.0 0.0 0.0
0.06227448582649231 0.006713747978210449 0.052182674407958984
0.05087362229824066 0.010783016681671143 0.0
0.0 0.0 0.0
0.0 0.022934317588806152 0.0
0.0 0.0 0.0
0.020248185843229294 0.0 0.0
0.01345083862543106 0.0021236538887023926 0.0
0.010209187865257263 0.051429569721221924 0.012465357780456543
0.020940981805324554 0.03760617971420288 0.01682525873184204
0.0019007325172424316 0.024150729179382324 0.009554386138916016
0.006453920155763626 0.0009434223175048828 0.009099364280700684
0.020883098244667053 0.00044727325439453125 0.01505887508392334
0.0 0.0 0.019653797149658203
0.0 0.014360785484313965 0.0274621844291687
0.0 0.0 0.027407586574554443
0.0 0.005034089088439941 0.035516440868377686
0.006695728749036789 0.005732536315917969 0.03754836320877075
0.007157456129789352 0.007176041603088379 0.03357011079788208
0.0049520693719387054 0.0 0.0
0.0 0.0 0.00012564659118652344
0.0 0.004067778587341309 0.0
0.01486358791589737 0.013476729393005371 0.014077067375183105
0.0060005635023117065 0.01233375072479248 0.0031523704528808594
0.0024808794260025024 0.0009715557098388672 0.0
0.0019809380173683167 0.0040354132652282715 0.0
0.0 0.0 0.007707476615905762
0.0 0.0 0.008016407489776611
0.0009568091481924057 0.013914704322814941 0.02549964189529419
0.0 0.009726226329803467 0.009145021438598633
0.0 0.0035813450813293457 0.00646895170211792
0.001646917313337326 0.004880428314208984 0.0
0.001612197607755661 0.005402743816375732 0.007166147232055664
0.007934866473078728 0.0025259852409362793 0.014714598655700684
0.004654234275221825 0.006417214870452881 0.018665611743927002
0.005054906010627747 0.019192993640899658 0.022368192672729492
0.008983593434095383 0.015112042427062988 0.006831645965576172
0.01158144697546959 0.02280449867248535 0.006109714508056641
0.0010117106139659882 0.009743571281433105 0.013624131679534912
0.0 0.0 0.010777413845062256
0.00012359395623207092 0.0 0.009073495864868164
0.006806349381804466 0.0 0.0043487548828125
0.0 0.0 0.004442036151885986
0.0 0.0 0.002744436264038086
0.0 0.0 0.0
0.0 0.0 0.004837632179260254
0.0 0.0 0.004499673843383789
0.0028953179717063904 0.0 0.00930708646774292
0.0 0.0005844831466674805 0.0014478564262390137
0.0 0.0018178224563598633 0.007454037666320801
0.00010551325976848602 0.004356861114501953 0.007992446422576904
0.0006296467036008835 0.011456191539764404 0.013175785541534424
0.0044285692274570465 0.012338757514953613 0.011196553707122803
0.004939068108797073 0.013471007347106934 0.008235514163970947
0.009006459265947342 0.015432894229888916 0.010635614395141602
0.011185305193066597 0.010846197605133057 0.006346523761749268
0.006908897310495377 0.014175117015838623 0.00864940881729126
0.004346728324890137 0.0021862387657165527 0.0
0.0 0.007534325122833252 0.0
0.0 0.008455038070678711 0.0
0.0 0.008439958095550537 0.004039883613586426
0.0 0.007679998874664307 0.007303774356842041
0.0 0.006435573101043701 0.013179421424865723
0.0030632950365543365 0.00039702653884887695 0.00962066650390625
0.0 0.01708763837814331 0.0
0.01184648834168911 0.0 0.0
0.006698055192828178 0.0 0.0
0.0 0.015923023223876953 0.0
0.019180217757821083 0.0 0.0025472640991210938
0.00314114848151803 0.01112830638885498 0.012633860111236572
0.004541778936982155 0.009156525135040283 0.022203564643859863
0.0 0.0021035075187683105 0.01800358295440674
0.0 0.007436811923980713 0.014882564544677734
0.007159013766795397 0.011387467384338379 0.015520751476287842
0.0 0.0006112456321716309 0.007547736167907715
0.0 0.0 0.0019707679748535156
0.0 0.0 0.0
0.0 0.003003358840942383 0.0
0.006130976602435112 0.005762815475463867 0.0
0.0 0.0018315911293029785 0.0
0.0 0.00015348196029663086 0.0
0.0 0.00042003393173217773 0.0
0.006421222351491451 0.0034632086753845215 0.008749127388000488
0.00623354921117425 0.008301317691802979 0.017620623111724854
0.005891474429517984 0.007768034934997559 0.023328661918640137
0.0038804630748927593 0.010859966278076172 0.017421483993530273
0.004822554066777229 0.00917893648147583 0.013629257678985596
0.004423581995069981 0.0065538883209228516 0.0157318115234375
0.003507445566356182 0.0018427371978759766 0.019309520721435547
0.006717240437865257 0.006970405578613281 0.018863976001739502
0.004586564376950264 0.010236978530883789 0.010521650314331055
0.005568207707256079 0.006981253623962402 0.01382070779800415
0.0 0.014138281345367432 0.011895179748535156
0.0008216118440032005 0.015989959239959717 0.0
0.013900677673518658 0.004383862018585205 0.0
0.01034142542630434 0.013147234916687012 0.002533257007598877
0.013478285633027554 0.0025728344917297363 0.012711524963378906
0.001616053283214569 0.004144489765167236 0.0027675628662109375
0.0 0.005227208137512207 0.0
0.0 0.007058918476104736 0.0
0.0 0.001879572868347168 0.0
0.0 0.0 0.0013668537139892578
0.0 0.0 0.00862044095993042
0.0 0.0 0.013306856155395508
0.0 0.0 0.011128008365631104
0.0 0.0 0.0031405091285705566
0.0 0.0 0.0
0.0 0.0010509490966796875 0.0
0.005904989317059517 0.004252612590789795 0.0050591230392456055
0.0 0.009705424308776855 0.004026353359222412
0.002961970865726471 0.009267091751098633 0.0
0.0042479922994971275 0.011478900909423828 0.0
0.0022885743528604507 0.01218879222869873 0.0
0.0015849638730287552 0.00873720645904541 0.004250764846801758
0.0 0.008241832256317139 0.012097477912902832
0.0 0.0174252986907959 0.010709881782531738
0.017266925424337387 0.007088124752044678 0.0044171810150146484
0.01580394059419632 0.0 0.013565361499786377
0.014148693531751633 0.0025309324264526367 0.0225142240524292
0.0018723830580711365 0.0 0.022603988647460938
0.0 0.0012459158897399902 0.0280531644821167
0.0019669458270072937 0.0009427666664123535 0.01913142204284668
0.0034174881875514984 0.0 0.005589604377746582
0.009502865374088287 0.011939525604248047 0.0
0.015865299850702286 0.014665186405181885 0.0
0.026222918182611465 0.0 0.0
0.023214202374219894 0.0 0.015098750591278076
0.0 0.0 0.009908616542816162
0.0 0.0 0.05994760990142822
0.0 0.0 0.07175624370574951
0.0 0.029458224773406982 0.10284173488616943
0.0 0.0029965639114379883 0.0
0.17053425312042236 0.0 0.2572662830352783
0.0654001235961914 0.0 0.2545689344406128
0.054301440715789795 0.011390924453735352 0.22388726472854614
0.12246623635292053 0.06097245216369629 0.11886823177337646
0.03413158655166626 0.0692492127418518 0.06634116172790527
0.07985097169876099 0.08326637744903564 0.0
0.14331543445587158 0.09322762489318848 0.0
0.12356704473495483 0.10063278675079346 0.0
0.1251733899116516 0.06094878911972046 0.0
0.07244497537612915 0.09744763374328613 0.0
0.004225313663482666 0.14955627918243408 0.0
0.0794062614440918 0.24535924196243286 0.0
0.12095493078231812 0.32073265314102173 0.0
0.0 0.26790693402290344 0.0
0.0 0.0 0.0
0.0 0.0 0.0
0.0 0.0 0.0
0.0 0.11266502737998962 0.0
0.0 0.20224791765213013 0.0
0.0 0.24191299080848694 0.0
0.0 0.1154998242855072 0.0
0.0 0.020861119031906128 0.0
0.0 0.0 0.0
0.0 0.0 0.2522871494293213
0.0 0.0 0.3711298704147339
0.0 0.0 0.3010746240615845
0.0 0.11928898096084595 0.018646717071533203
0.0 0.22907543182373047 0.0
0.0 0.2844698429107666 0.0
0.0 0.26507115364074707 0.0
0.0 0.30187398195266724 0.0
0.0 0.3286336064338684 0.0
0.0 0.37916329503059387 0.0
0.0 0.4735046625137329 0.014790594577789307
0.0 0.4852991998195648 0.011328160762786865
0.0 0.4758341908454895 0.07540631294250488
0.0 0.4452759325504303 0.1377689242362976
0.0 0.4666610658168793 0.14165496826171875
0.0 0.45475393533706665 0.10460323095321655
0.0 0.4670870304107666 0.08413916826248169
0.0 0.394539475440979 0.09247726202011108
0.0 0.26346999406814575 0.09397321939468384
0.0 0.21538424491882324 0.029141664505004883
0.0 0.2202892303466797 0.019013524055480957
0.0 0.21063315868377686 0.060272157192230225
0.0 0.1285536289215088 0.14418518543243408
0.0 0.05391031503677368 0.22639483213424683
0.0 0.15392577648162842 0.22319704294204712
0.0 0.2241429090499878 0.14756309986114502
0.006972968578338623 0.08945357799530029 0.2198723554611206
0.0 0.0 0.22924786806106567
0.0 0.11434519290924072 0.07874393463134766
0.0 0.1462147831916809 0.07857489585876465
0.0 0.18859106302261353 0.055361151695251465
0.0 0.04916071891784668 0.1807897686958313
0.0 0.15526950359344482 0.03995013236999512
0.0 0.22932648658752441 0.0
0.0 0.11615234613418579 0.1162947416305542
0.0 0.03358936309814453 0.15531975030899048
0.0 0.04373621940612793 0.09849286079406738
0.0 0.016341865062713623 0.13974523544311523
0.0 0.10195541381835938 0.05377328395843506
0.0 0.14999377727508545 0.02609032392501831
0.010591268539428711 0.06342315673828125 0.14877849817276
0.018250346183776855 0.011168062686920166 0.20455420017242432
0.0 0.09398758411407471 0.006251335144042969
0.0 0.10311770439147949 0.0
0.07059413194656372 0.03205466270446777 0.19936591386795044
0.045086801052093506 0.026168107986450195 0.29156816005706787
0.0 0.06498438119888306 0.1560302972793579
0.0 0.1126413643360138 0.12969845533370972
0.04049253463745117 0.11915412545204163 0.21967798471450806
0.07423481345176697 0.08944183588027954 0.1989254355430603
0.04624783992767334 0.05345731973648071 0.14384770393371582
0.0476517528295517 0.056225746870040894 0.05130922794342041
0.07460904121398926 0.09354355931282043 0.05535942316055298
0.0594826266169548 0.09402476251125336 0.020672202110290527
0.0 0.0838579535484314 0.0
0.017508700489997864 0.09052759408950806 0.0
0.0 0.08978594839572906 0.0
0.0 0.13912121951580048 0.0
0.0 0.11015892773866653 0.0
0.0 0.08824064582586288 0.0
0.0 0.053418420255184174 0.0
0.0 0.06607341021299362 0.0
0.0 0.08004321157932281 0.0
0.0 0.09008927643299103 0.0
0.0 0.06536118686199188 0.0
0.0 0.004304274916648865 0.0
0.0 0.0 0.0
0.0 0.019210517406463623 0.02225327491760254
0.0 0.0 0.004119813442230225
0.0 0.0 0.0
0.0 0.0 0.008878052234649658
0.0010469481348991394 0.0 0.03160989284515381
0.0034095682203769684 0.005970016121864319 0.02457737922668457
0.004021387547254562 0.008298739790916443 0.007373332977294922
0.018080802634358406 0.016009896993637085 0.014068782329559326
0.014961034059524536 0.023160159587860107 0.0026702284812927246
0.017988435924053192 0.01547996699810028 0.0052686333656311035
0.025823278352618217 0.020482823252677917 0.005655944347381592
0.027534419670701027 0.01865285634994507 0.01717996597290039
0.02097536437213421 0.016241848468780518 0.018936455249786377
0.016810037195682526 0.022017687559127808 0.0191764235496521
0.0034887557849287987 0.007296398282051086 0.005768239498138428
0.0013296399265527725 0.01176348328590393 0.0
0.011156167834997177 0.012911424040794373 0.004374682903289795
0.015658877789974213 0.007119849324226379 0.012750744819641113
0.008345980197191238 0.009589046239852905 0.012426674365997314
0.003308456391096115 0.0 0.01669102907180786
0.0026137083768844604 0.0 0.02512955665588379
0.001517660915851593 0.0 0.0211523175239563
0.0 0.0 0.018199145793914795
0.004743639379739761 0.0061216652393341064 0.02528095245361328
0.016084780916571617 0.0017528384923934937 0.02709132432937622
0.011614009737968445 0.005663871765136719 0.022062361240386963
0.0 0.0012848079204559326 0.0023279190063476562
0.0 0.0 0.0
0.003104163333773613 0.0 0.001985609531402588
0.0 0.0 0.0
0.001010362058877945 0.0 0.004687070846557617
0.0 0.0030046701431274414 0.0
0.0 0.010524779558181763 0.0
0.0034364573657512665 0.021031677722930908 0.0
0.008835062384605408 0.027936771512031555 0.004220187664031982
0.0013599377125501633 0.01889421045780182 0.0031980276107788086
0.0017271600663661957 0.006966248154640198 0.0030150413513183594
0.007521476596593857 0.0 0.005530178546905518
0.002473697066307068 0.0 0.0
0.0 0.002388566732406616 0.0
0.002668926492333412 0.009607315063476562 0.00731348991394043
0.0 0.0037227869033813477 0.012759685516357422
0.0009096227586269379 0.008830785751342773 0.021463632583618164
0.0 0.012589648365974426 0.024630844593048096
0.0 0.003381684422492981 0.017368018627166748
0.0 0.00047300755977630615 0.014123141765594482
0.0 0.002462059259414673 0.012044131755828857
0.004818316549062729 0.006876170635223389 0.0104445219039917
0.0030831526964902878 0.0 0.018857836723327637
0.003438808023929596 0.0 0.015715301036834717
0.0033349692821502686 0.0012245923280715942 0.010839402675628662
0.002045467495918274 0.0 0.010364949703216553
0.0 0.0038930177688598633 0.004544973373413086
0.0005787834525108337 0.0022521913051605225 0.0035234689712524414
0.0005375538021326065 0.009389400482177734 0.0008111000061035156
0.01408589631319046 0.010244742035865784 0.013679087162017822
0.014301775023341179 0.005321532487869263 0.013086497783660889
0.01333615928888321 0.00833931565284729 0.013325154781341553
0.00951160117983818 0.004858672618865967 0.004230141639709473
0.0025335364043712616 0.004007846117019653 0.0
0.006470952183008194 0.009128153324127197 0.0
0.01278504729270935 0.010880380868911743 0.011044442653656006
0.008200768381357193 0.009204834699630737 0.015755534172058105
0.010308083146810532 0.00586313009262085 0.012735605239868164
0.0 0.0 0.0049283504486083984
0.0 0.00044918060302734375 0.007886946201324463
0.0 0.0 0.012244105339050293
0.0 0.0 0.009467661380767822
0.0027528777718544006 0.0014806389808654785 0.015125155448913574
0.0032929107546806335 0.005681931972503662 0.007893085479736328
0.0009153261780738831 0.009593963623046875 0.0
0.003981702029705048 0.009722381830215454 0.0
0.004967194050550461 0.005218237638473511 0.0
0.0014082156121730804 0.004331678152084351 0.002545952796936035
0.0032809823751449585 0.0036516785621643066 0.008096456527709961
0.0016907155513763428 0.0017941296100616455 0.010351479053497314
0.000623844563961029 0.0030366182327270508 0.01367884874343872
0.0013412684202194214 0.00320512056350708 0.013093650341033936
0.0031692422926425934 0.0036965906620025635 0.01418834924697876
0.003910340368747711 0.0034348666667938232 0.01619887351989746
0.005135614424943924 0.005941897630691528 0.014467835426330566
0.008636586368083954 0.007377147674560547 0.013966083526611328
0.002077266573905945 0.005579531192779541 0.009265005588531494
0.0032360851764678955 0.004526793956756592 0.005781590938568115
0.005956728011369705 0.004859119653701782 0.0042909979820251465
0.0 0.0022448599338531494 0.0
0.0017277002334594727 0.001949697732925415 0.0
0.0026848204433918 0.003908604383468628 0.004348874092102051
0.0 0.0 0.0020865201950073242
0.0 0.0003769993782043457 0.009863197803497314
0.00010003149509429932 0.0017428994178771973 0.014141857624053955
0.0 0.003409743309020996 0.00813966989517212
0.0027600564062595367 0.0034582912921905518 0.009653687477111816
0.0037177205085754395 0.0010624527931213379 0.009026288986206055
0.004882775247097015 0.0026358067989349365 0.012930095195770264
0.0024450942873954773 0.007489949464797974 0.012617945671081543
0.004207916557788849 0.0036895275115966797 0.016098976135253906
0.0 0.001750946044921875 0.0071350932121276855
0.001010071486234665 0.0035618245601654053 0.0015078186988830566
0.0076409392058849335 0.006111204624176025 0.00307542085647583
0.006138049066066742 0.006641745567321777 0.0049784183502197266
0.006390277296304703 0.003336191177368164 0.011935889720916748
0.00361613929271698 0.0009560585021972656 0.012024283409118652
0.0018302127718925476 0.0 0.013543844223022461
0.0 0.0 0.008587896823883057
0.0 0.00019609928131103516 0.01288759708404541
0.0027543380856513977 0.005125224590301514 0.014345943927764893
0.002444930374622345 0.0047203004360198975 0.007987797260284424
0.0 0.00040531158447265625 0.0028104186058044434
0.006431646645069122 0.0 0.010111033916473389
0.011704482138156891 0.007191359996795654 0.011968851089477539
0.01606852561235428 0.015927284955978394 0.008730292320251465
0.023931652307510376 0.021687686443328857 0.0027370452880859375
0.02580403909087181 0.027257710695266724 0.000993490219116211
0.026330113410949707 0.029745131731033325 0.0
0.03475572168827057 0.0372864305973053 0.0006380677223205566
0.026664167642593384 0.032374411821365356 0.0
0.020027965307235718 0.037644922733306885 0.0
0.031050316989421844 0.04526752233505249 0.0
0.04590737819671631 0.054692745208740234 0.0
0.0647590160369873 0.06018704175949097 0.005087792873382568
0.06363359838724136 0.05912363529205322 0.0
0.054795846343040466 0.06033957004547119 0.0
0.0455450713634491 0.03776669502258301 0.0
0.03246143460273743 0.019931912422180176 0.0
0.007552310824394226 0.0 0.0
0.0 0.004399240016937256 0.0
0.0 0.009428292512893677 0.005445122718811035
0.0 0.00931897759437561 0.00936204195022583
0.0 0.0 0.0075508952140808105
0.0 0.0 0.013545513153076172
0.0 0.0 0.020486414432525635
0.0 0.0 0.021031558513641357
0.0 0.0 0.019960403442382812
0.0 0.0 0.02948153018951416
0.0 0.0 0.03615677356719971
0.0 0.0 0.036761343479156494
0.0 0.0 0.034259915351867676
0.0 0.0 0.03123241662979126
0.0 0.0 0.0314640998840332
0.0 0.0 0.03184950351715088
0.0 0.0 0.044708430767059326
0.0 0.0 0.029865145683288574
0.0 0.03875395655632019 0.011913478374481201
0.0 0.05385759472846985 0.007542788982391357
0.0 0.014281868934631348 0.002041757106781006
0.007524041458964348 0.038520991802215576 0.0
0.043621670454740524 0.0662354826927185 0.011762559413909912
0.04541030526161194 0.05213475227355957 0.02362924814224243
0.04375902935862541 0.053753674030303955 0.009018778800964355
0.05600528046488762 0.0567452609539032 0.028342485427856445
0.07108592987060547 0.060713768005371094 0.05416715145111084
0.07971759885549545 0.058772265911102295 0.059341371059417725
0.08432052284479141 0.06663781404495239 0.03758007287979126
0.07454752177000046 0.07112592458724976 0.008668184280395508
0.06458795070648193 0.07285064458847046 0.0
0.06659720838069916 0.0816405713558197 0.0
0.07125537842512131 0.09327194094657898 0.0028252005577087402
0.10464145243167877 0.0778852105140686 0.0
0.06915655732154846 0.06284517049789429 0.0
0.060051530599594116 0.06453096866607666 0.0
0.057361118495464325 0.07743838429450989 0.0
0.0456903800368309 0.07328358292579651 0.0
0.04322215914726257 0.07041126489639282 0.0
0.026315368711948395 0.055069923400878906 0.0
0.0 0.024831265211105347 0.0
0.0 0.0 0.0
0.0 0.0 0.015002131462097168
0.0 0.0 0.014046132564544678
0.0 0.03396686911582947 0.0
0.0 0.04369938373565674 0.0
0.0 0.03115445375442505 0.0
0.0 0.0 0.0
0.0 0.0 0.007864892482757568
0.0 0.0 0.013627946376800537
0.0 0.0 0.02731376886367798
0.0 0.0 0.04436790943145752
0.0 0.0 0.057209789752960205
0.0 0.0 0.06934785842895508
0.0 0.0 0.072226881980896
0.0 0.0 0.07149296998977661
0.0 0.0 0.0615466833114624
0.0 0.0 0.0449102520942688
0.0 0.0 0.03444284200668335
0.0 0.003911435604095459 0.026392877101898193
0.0 0.0 0.030206501483917236
0.0 0.0 0.020971477031707764
0.0 0.0 0.026937127113342285
0.0 0.01951584219932556 0.012881875038146973
0.0 0.024352312088012695 0.008634567260742188
0.005341444164514542 0.04577922821044922 0.008512318134307861
0.042058445513248444 0.04724234342575073 0.005912840366363525
0.04276994243264198 0.057207971811294556 0.0
0.04897255450487137 0.062461286783218384 0.0
0.061214156448841095 0.05724364519119263 0.0
0.07175935804843903 0.07922309637069702 0.0
0.10126041620969772 0.1022481918334961 0.0
0.1135881096124649 0.11311617493629456 0.0
0.11347846686840057 0.11649632453918457 0.0
0.10993747413158417 0.12618768215179443 0.0
0.08325126767158508 0.11763906478881836 0.0
0.048109009861946106 0.09065103530883789 0.0
0.057163313031196594 0.08417168259620667 0.0
0.07167612016201019 0.08955183625221252 0.01920294761657715
0.04450643062591553 0.10128524899482727 0.009194254875183105
0.02171534299850464 0.09298795461654663 0.0
0.0 0.04123464226722717 0.0
0.0 0.0 0.009309589862823486
0.0 0.0 0.06708717346191406
0.0 0.0 0.08140766620635986
0.0 0.0 0.07054948806762695
0.0 0.0 0.06242173910140991
0.0 0.0 0.07438397407531738
0.0 0.0 0.09341216087341309
0.0 0.0 0.08982539176940918
0.0 0.0 0.07105851173400879
0.0 0.0 0.05521798133850098
0.0 0.0 0.056877195835113525
0.0 0.0 0.06097209453582764
0.0 0.0 0.05401313304901123
0.0 0.004774630069732666 0.03988492488861084
0.0 0.023227423429489136 0.03712916374206543
0.0 0.03412318229675293 0.02677750587463379
0.0 0.036512285470962524 0.02722686529159546
0.0 0.0 0.025846123695373535
0.0 0.006897568702697754 0.011872529983520508
0.020610332489013672 0.03134855628013611 0.0
0.0635862648487091 0.06179210543632507 0.0
0.05845370143651962 0.07655453681945801 0.0
0.0704335868358612 0.10023802518844604 0.0
0.12521125376224518 0.10474371910095215 0.0
0.14929695427417755 0.12815514206886292 0.0
0.12667009234428406 0.1426529884338379 0.0
0.08869321644306183 0.13541677594184875 0.0
0.06502465903759003 0.12413400411605835 0.0
0.07858419418334961 0.10610032081604004 0.0
0.08319787681102753 0.10066920518875122 0.002137422561645508
0.07546143233776093 0.08885622024536133 0.004998147487640381
0.047084204852581024 0.09506481885910034 0.0
0.03152385354042053 0.08338993787765503 0.0
0.00383952260017395 0.04486042261123657 0.0
0.0 0.008368104696273804 0.01883012056350708
0.0 0.0 0.05314236879348755
0.0 0.0 0.06391727924346924
0.0 0.0 0.04602539539337158
0.0 0.0 0.01562976837158203
0.0 0.0 0.021754145622253418
0.0 0.0 0.04185587167739868
0.0 0.0 0.054087698459625244
0.0 0.0 0.049255192279815674
0.0 0.0 0.04024165868759155
0.0 0.0 0.019856035709381104
0.0 0.0 0.038123369216918945
0.0 0.0 0.05889171361923218
0.0 0.0 0.09583157300949097
0.0 0.0 0.10741305351257324
0.0 0.0 0.08519446849822998
0.0 0.0 0.06988948583602905
0.0 0.0 0.06088972091674805
0.0 0.0 0.06801676750183105
0.0 0.0 0.06802338361740112
0.0 0.006767988204956055 0.06229674816131592
0.0 0.011078238487243652 0.04476594924926758
0.0 0.03298792243003845 0.036663711071014404
0.0 0.10799632966518402 0.03141164779663086
0.0792396068572998 0.12384527921676636 0.004422426223754883
0.1182362511754036 0.138736754655838 0.0
0.12965308129787445 0.16993241012096405 0.0
0.14925900101661682 0.1765146553516388 0.0
0.1772194802761078 0.18178783357143402 0.0
0.15212640166282654 0.17539453506469727 0.0
0.1259305328130722 0.14007706940174103 0.0
0.10719667375087738 0.13693535327911377 0.0
0.09783592075109482 0.1385374665260315 0.0
0.08596932888031006 0.12804757058620453 0.0
0.05058355629444122 0.11095699667930603 0.002338409423828125
0.035401515662670135 0.06752026081085205 0.013194620609283447
0.026984799653291702 0.04931280016899109 0.02426356077194214
0.022657789289951324 0.04990223050117493 0.031015217304229736
0.013045314699411392 0.05813276767730713 0.02441948652267456
0.009479157626628876 0.055161088705062866 0.016658365726470947
0.0 0.030256986618041992 0.0
0.0 0.02130526304244995 0.0
0.0 0.0 0.0041588544845581055
0.0 0.0 0.009683191776275635
0.0 0.0 0.01658087968826294
0.0 0.0 0.0160982608795166
0.0 0.0 0.012883484363555908
0.0 0.0 0.0383833646774292
0.0 0.0 0.06578093767166138
0.0 0.0 0.05560183525085449
0.0 0.0 0.03914159536361694
0.0 0.0 0.03169518709182739
0.0 0.0 0.02307736873626709
0.0 0.0 0.017321109771728516
0.0 0.0 0.01898026466369629
0.0 0.0 0.00990748405456543
0.002835407853126526 0.007556915283203125 0.0
0.01536870002746582 0.014591038227081299 0.0
0.022930413484573364 0.02579173445701599 0.0
0.020213022828102112 0.018251270055770874 0.0
0.021663159132003784 0.015431821346282959 0.0
0.015584692358970642 0.012388646602630615 0.0
0.013633400201797485 0.015727221965789795 0.012619316577911377
0.008462168276309967 0.016736745834350586 0.01662665605545044
0.008598700165748596 0.0084611177444458 0.021190166473388672
0.0023740381002426147 0.0 0.01688981056213379
0.00890648365020752 0.0022708475589752197 0.02059757709503174
0.009711727499961853 0.0 0.016361594200134277
0.009366482496261597 0.0 0.01330578327178955
0.0043775588274002075 0.0 0.0082131028175354
0.0015923604369163513 0.0023558437824249268 0.0035854578018188477
0.005067072808742523 0.0 0.007389962673187256
0.001920156180858612 0.0033207833766937256 0.010239660739898682
0.0 0.0040111243724823 0.008180618286132812
0.0 0.00310516357421875 0.0
0.0 0.0 0.0
0.0 0.0 0.00454026460647583
0.0 0.0 0.007298946380615234
0.0 0.0 0.010998845100402832
0.0 0.0016072392463684082 0.007754921913146973
0.0 0.002473771572113037 0.0
0.0 0.009435832500457764 0.0039910078048706055
0.007908985018730164 0.011348754167556763 0.021007895469665527
0.0028675124049186707 0.0 0.010972440242767334
0.0 0.0 0.0
0.0 0.0 0.0
0.0 0.0 0.0
0.0 0.0026452839374542236 0.009900569915771484
0.0 0.0 0.030237317085266113
0.0 0.0 0.029195010662078857
0.0 0.0 0.03869110345840454
0.0 0.0 0.07760339975357056
0.0 0.0 0.14324790239334106
0.0 0.0 0.20255714654922485
0.0 0.0 0.20606213808059692
0.0 0.0 0.182911217212677
0.03787195682525635 0.0 0.23125648498535156
0.09361475706100464 0.03380671143531799 0.2555389404296875
0.15475162863731384 0.019830167293548584 0.1554688811302185
0.16879284381866455 0.09304198622703552 0.07338464260101318
0.2082369327545166 0.08862203359603882 0.027373075485229492
0.20207655429840088 0.16910582780838013 0.0
0.18497538566589355 0.2769377529621124 0.0
0.13565409183502197 0.40501245856285095 0.0
0.0 0.3340311348438263 0.0
0.0 0.08473268151283264 0.0
0.0 0.0 0.0
0.002457559108734131 0.0 0.0
0.0068392157554626465 0.017611682415008545 0.0
0.0 0.018479764461517334 0.0
0.0 0.0 0.0
0.0 0.0 0.0
0.0 0.0 0.0
0.0 0.12824606895446777 0.0
0.0 0.16970989108085632 0.0
0.0 0.017496496438980103 0.0
0.0 0.0004975795745849609 0.0
0.0 0.0 0.0
0.0 0.0 0.12677597999572754
0.0 0.0 0.25271618366241455
0.0 0.0 0.22188019752502441
0.0 0.08983048796653748 0.1386430263519287
0.0 0.102225661277771 0.06324505805969238
0.0 0.12198346853256226 0.0017963647842407227
0.0 0.1352262794971466 0.0
0.0 0.14062979817390442 0.0
0.0 0.14239704608917236 0.0
0.0 0.14738693833351135 0.0200960636138916
0.0 0.18160128593444824 0.034124016761779785
0.0 0.2194233536720276 0.0286637544631958
0.0 0.23795822262763977 0.05626016855239868
0.0 0.20405596494674683 0.06613171100616455
0.0 0.19943374395370483 0.0527612566947937
0.0 0.1985674351453781 0.020709514617919922
0.0 0.20277929306030273 0.0
0.0 0.19902190566062927 0.0
0.0 0.19488808512687683 0.0
0.0 0.21781280636787415 0.001252889633178711
0.0 0.2494555115699768 0.008770644664764404
0.0 0.2275068163871765 0.0
0.0 0.21174323558807373 0.0
0.0 0.1757240891456604 0.000514984130859375
0.0 0.2053755521774292 0.010928332805633545
0.0 0.16805171966552734 0.062061965465545654
0.0 0.16239714622497559 0.09060490131378174
0.0 0.11619532108306885 0.10466271638870239
0.0 0.13713717460632324 0.09944438934326172
0.0 0.11267054080963135 0.15167558193206787
0.0 0.12819314002990723 0.17400556802749634
0.0 0.14485079050064087 0.16536295413970947
0.0 0.1751529574394226 0.19499832391738892
0.0 0.22604739665985107 0.17490947246551514
0.0 0.13798344135284424 0.19957923889160156
0.0 0.06676387786865234 0.17332983016967773
0.0 0.0667191743850708 0.12815320491790771
0.0 0.09503185749053955 0.10858309268951416
0.0 0.010403752326965332 0.14874494075775146
0.0 0.056328773498535156 0.13291817903518677
0.0 0.15418899059295654 0.1166033148765564
0.0 0.18130958080291748 0.09198564291000366
0.0 0.13383889198303223 0.04097175598144531
0.0 0.09403395652770996 0.09917312860488892
0.0 0.056331515312194824 0.20495092868804932
0.0 0.12468385696411133 0.15614956617355347
0.0 0.11322522163391113 0.06636267900466919
0.0 0.07775616645812988 0.0
0.0 0.05233657360076904 0.024625301361083984
0.014554113149642944 0.0 0.14037376642227173
0.011401861906051636 0.01082998514175415 0.10676252841949463
0.0 0.07894700765609741 0.0
0.0 0.05154186487197876 0.0
0.04033738374710083 0.02848672866821289 0.03153640031814575
0.08771875500679016 0.037251055240631104 0.08577466011047363
0.04209986329078674 0.050067126750946045 0.0043392181396484375
0.0 0.08744317293167114 0.0
0.0 0.04399627447128296 0.0
0.07638755440711975 0.030870020389556885 0.020788609981536865
0.08744634687900543 0.05140522122383118 0.08073651790618896
0.04007352888584137 0.08895507454872131 0.04254347085952759
0.005645237863063812 0.09853631258010864 0.0
0.04197759926319122 0.057710736989974976 0.0
0.037296146154403687 0.017335817217826843 0.0
0.03086565062403679 0.01974324882030487 0.0
0.03647010773420334 0.04799765348434448 0.0
0.030865326523780823 0.06676699221134186 0.0
0.0 0.05407853424549103 0.0
0.0007500611245632172 0.02373984456062317 0.0
0.0 0.019234374165534973 0.0
0.0 0.009048223495483398 0.0
0.0 0.027712151408195496 0.0
0.0 0.023093149065971375 0.0
0.0 0.02674877643585205 0.0
0.0 0.006084755063056946 0.0
0.0 0.0012916773557662964 0.0
0.0 0.0 0.0
0.0 0.0 0.0
0.0 0.0 0.0
0.0 0.0071847885847091675 0.006903409957885742
0.0 0.015555813908576965 0.024349868297576904
0.007195878773927689 0.012810692191123962 0.02788364887237549
0.0004538632929325104 0.014103561639785767 0.02148902416229248
0.0 0.00034137070178985596 0.017997682094573975
0.0009103342890739441 0.0047555118799209595 0.016311824321746826
0.0015490613877773285 0.0 0.01951545476913452
0.00014094635844230652 0.0 0.01689589023590088
0.003912564367055893 0.0017183423042297363 0.019729971885681152
0.009341150522232056 0.00031395256519317627 0.03073030710220337
0.0019875578582286835 0.004459217190742493 0.02099776268005371
0.007539838552474976 0.004990741610527039 0.022421419620513916
0.012837175279855728 0.004976332187652588 0.02365434169769287
0.011854030191898346 0.0 0.02423638105392456
0.004164412617683411 0.002931565046310425 0.012768983840942383
0.005257248878479004 0.0016333460807800293 0.012283384799957275
0.0 0.0011645853519439697 0.0
0.0008771196007728577 0.0039075762033462524 0.012962162494659424
0.0 0.0039216578006744385 0.006009101867675781
0.0 0.001888766884803772 0.0001455545425415039
0.007642224431037903 0.008252769708633423 0.003223896026611328
0.012305039912462234 0.0050191134214401245 0.006918549537658691
0.0066858381032943726 0.0017783194780349731 0.007349789142608643
0.009952597320079803 0.0 0.014295518398284912
0.007205195724964142 0.003952518105506897 0.01731431484222412
0.0018904879689216614 0.0 0.012176156044006348
0.0003703013062477112 0.0008442699909210205 0.012668132781982422
0.004583284258842468 0.005445718765258789 0.014455020427703857
0.00280018150806427 0.005868792533874512 0.008080065250396729
0.0008008107542991638 0.0011841356754302979 0.0
0.004138201475143433 0.0033059269189834595 0.005805492401123047
0.006013199687004089 0.004684507846832275 0.0030184388160705566
0.004407249391078949 0.004541933536529541 0.006448507308959961
0.0 0.005895823240280151 0.003332376480102539
0.007406536489725113 0.0057412683963775635 0.010714828968048096
0.009159818291664124 0.006522908806800842 0.019857168197631836
0.006600283086299896 0.006948158144950867 0.015544652938842773
0.004471272230148315 0.0 0.015801072120666504
0.007740296423435211 0.0008306801319122314 0.01739436388015747
0.011300850659608841 0.003430768847465515 0.024867892265319824
0.006364110857248306 0.00013116002082824707 0.01747596263885498
0.005280584096908569 0.0030980706214904785 0.012742578983306885
0.002182409167289734 0.005709260702133179 0.014530301094055176
0.010253265500068665 0.009309038519859314 0.02238178253173828
0.014484517276287079 0.0024166256189346313 0.025335371494293213
0.009342588484287262 0.0 0.02484750747680664
0.004515610635280609 0.0 0.012621402740478516
0.0029648691415786743 0.0 0.00902026891708374
0.00499550998210907 0.012339293956756592 0.00018405914306640625
0.0008626170456409454 0.022867828607559204 0.0
0.017195776104927063 0.03275224566459656 0.014981687068939209
0.0 0.013775989413261414 0.0
0.0 0.0 0.0
0.0 0.0 0.0
0.0 0.0 0.0
0.0 0.0004668235778808594 0.0
0.0 0.002492949366569519 0.0
0.0 0.012116283178329468 0.0
0.008818626403808594 0.02845202386379242 0.0
0.0 0.05515208840370178 0.0
0.0 0.049346089363098145 0.0
0.0 0.04836761951446533 0.0
0.0 0.04752275347709656 0.0
0.0 0.05808520317077637 0.0
0.0 0.046999573707580566 0.0
0.0 0.061716049909591675 0.0
0.0 0.04381906986236572 0.0
0.0 0.05858570337295532 0.0
0.0 0.061121582984924316 0.0
0.0 0.05950486660003662 0.00025653839111328125
0.0 0.057851195335388184 0.05869489908218384
0.0070342570543289185 0.042384207248687744 0.10299074649810791
0.009914658963680267 0.027268648147583008 0.1286609172821045
0.0 0.02403879165649414 0.14055931568145752
0.0 0.013674437999725342 0.15256375074386597
0.007970556616783142 0.00874781608581543 0.1678457260131836
0.02048593759536743 0.007283806800842285 0.1870911717414856
0.027158312499523163 0.01109999418258667 0.2052919864654541
0.03877253830432892 0.016051828861236572 0.2064000368118286
0.03611929714679718 0.020101606845855713 0.19490516185760498
0.0279323011636734 0.016099154949188232 0.16958749294281006
0.022637248039245605 0.014487981796264648 0.1457422375679016
0.023588724434375763 0.0 0.13524359464645386
0.030823692679405212 0.0 0.14205485582351685
0.018887102603912354 0.0 0.13901019096374512
0.0 0.0 0.1184159517288208
0.0 0.0 0.10129368305206299
0.0 0.0 0.07357925176620483
0.0 0.0 0.034705519676208496
0.0 0.0009464025497436523 0.002403080463409424
0.0 0.0 0.0
0.006286595016717911 0.0 0.0
0.0 0.004612058401107788 0.0
0.0 0.02393166720867157 0.0
0.014048323035240173 0.0476250946521759 0.0
0.037427522242069244 0.04300841689109802 0.0
0.01873626559972763 0.029511719942092896 0.0
0.0 0.025249481201171875 0.0
0.0 0.03729058802127838 0.0
0.0 0.025821149349212646 0.0
0.0 0.026887744665145874 0.0
0.005274191498756409 0.03509129583835602 0.0
0.0 0.03701016306877136 0.0
0.0 0.03981435298919678 0.0
0.0 0.05216142535209656 0.0
0.0 0.06456297636032104 0.0
0.0 0.08931654691696167 0.0
0.0 0.0753217339515686 0.0
0.0 0.06057453155517578 0.0
0.0 0.0686265230178833 0.0
0.012114427983760834 0.08128941059112549 0.002980470657348633
0.01037915050983429 0.06393015384674072 0.03246045112609863
0.006029114127159119 0.0410880446434021 0.060176730155944824
0.00977391004562378 0.032719314098358154 0.0941687822341919
0.006810344755649567 0.017883718013763428 0.11606508493423462
0.0 0.02205437421798706 0.12151038646697998
0.011290445923805237 0.007592558860778809 0.14223706722259521
0.016422033309936523 0.01211237907409668 0.1587810516357422
0.020037196576595306 0.0 0.16113078594207764
0.01753697544336319 0.0 0.15963858366012573
0.0054426416754722595 0.0 0.1358458399772644
0.0 0.0012869834899902344 0.10299670696258545
0.006968773901462555 0.0 0.10411608219146729
0.01696997880935669 0.0 0.1088065505027771
0.019237399101257324 0.0 0.12388110160827637
0.00705331563949585 0.0 0.13120007514953613
0.0 0.0 0.11981654167175293
0.0 0.0 0.09304285049438477
0.0 0.0 0.05988132953643799
0.0 0.0 0.02197045087814331
0.0 0.0 0.0
0.01650168001651764 0.006816238164901733 0.0
0.0434880256652832 0.0 0.0
0.03539358824491501 0.0 0.0
0.001165393739938736 0.01985234022140503 0.0
0.01698743924498558 0.029483258724212646 0.0
0.02698986977338791 0.034182533621788025 0.0
0.014144591987133026 0.027614235877990723 0.0
0.0 0.02123941481113434 0.0
0.0 0.023599892854690552 0.0
0.0 0.03469347953796387 0.0
0.0 0.05976700782775879 0.0
0.0 0.04810032248497009 0.0
0.0 0.0268421471118927 0.0
0.0 0.01580709218978882 0.0
0.0 0.05788689851760864 0.0
0.0 0.07705330848693848 0.0
0.0 0.08343607187271118 0.0
0.0 0.05797767639160156 0.0
0.0 0.06312763690948486 0.026542842388153076
0.027845725417137146 0.056258559226989746 0.055866539478302
0.037911489605903625 0.04197967052459717 0.06467103958129883
0.03271520137786865 0.02393871545791626 0.059320688247680664
0.026461690664291382 0.017559051513671875 0.058290064334869385
0.011260956525802612 0.014731287956237793 0.05779391527175903
0.0 0.004131972789764404 0.05117809772491455
0.0 0.0 0.0623171329498291
0.0 0.0 0.08166992664337158
0.0 0.0 0.09909576177597046
0.0 0.0 0.11222553253173828
0.0 0.0 0.11518222093582153
0.0 0.0 0.10780841112136841
0.0 0.0 0.09283483028411865
0.0 0.0 0.10287177562713623
0.01044049859046936 0.0 0.11918210983276367
0.008098319172859192 0.0 0.12981069087982178
0.012496661394834518 0.0 0.1281253695487976
0.0 0.0 0.10158729553222656
0.0 0.0 0.0646064281463623
0.0 0.0 0.03638976812362671
0.0 0.0 0.007168591022491455
0.013174612075090408 0.0 0.0
0.015091493725776672 0.0 0.0
0.0051690563559532166 0.005692392587661743 0.0
0.02274259924888611 0.0 0.0
0.010774452239274979 0.0 0.0
0.0 0.007327824831008911 0.0
0.0 0.021343350410461426 0.0
0.0 0.02756701409816742 0.0
0.0026130080223083496 0.02281847596168518 0.0
0.0018940195441246033 0.028068989515304565 0.0
0.0 0.01506119966506958 0.0
0.0 0.00732797384262085 0.0
0.004417330026626587 0.02096569538116455 0.0
0.0033377334475517273 0.02563747763633728 0.0
0.0004604160785675049 0.04183769226074219 0.0
0.0 0.06269195675849915 0.0
0.0 0.05735886096954346 0.0
0.0 0.03353843092918396 0.0
0.0 0.035492658615112305 0.0
0.0 0.044551074504852295 0.0
0.009699150919914246 0.03885620832443237 0.009454727172851562
0.00695386528968811 0.040586769580841064 0.02729320526123047
0.012438684701919556 0.036183953285217285 0.050131797790527344
0.017694443464279175 0.032245099544525146 0.06147056818008423
0.015352040529251099 0.0213775634765625 0.06438899040222168
0.005817115306854248 0.018937528133392334 0.07453048229217529
0.013572163879871368 0.013436377048492432 0.09110301733016968
0.0258609801530838 0.007686972618103027 0.10752058029174805
0.03244894742965698 0.0 0.12201333045959473
0.025636620819568634 0.0 0.12285608053207397
0.02613997459411621 0.0019933581352233887 0.12273198366165161
0.02687281370162964 0.0 0.11694788932800293
0.01857471466064453 0.0 0.0971342921257019
0.012024462223052979 0.0 0.08420610427856445
0.0 0.0 0.0779462456703186
0.004952821880578995 0.0 0.07659626007080078
0.010367900133132935 0.0 0.06679350137710571
0.012870494276285172 0.006140857934951782 0.05006057024002075
0.005407985299825668 0.0 0.017589211463928223
0.0 0.0 0.0
0.0 0.0 0.0
0.0 0.0 0.0
0.0 0.0 0.0
0.0 0.0 0.0
0.0 0.0 0.0
0.0013619903475046158 0.0 0.0
0.0 0.0 0.0
0.0 0.0054198503494262695 0.0
0.00022050552070140839 0.0 0.0
0.00477944128215313 0.009254753589630127 0.0
0.0018275715410709381 0.005116164684295654 0.0
0.0 0.020223289728164673 0.0
0.008859829977154732 0.022006511688232422 0.0
0.020483337342739105 0.021277591586112976 0.0
0.02556971088051796 0.020371213555336 0.00615006685256958
0.025657787919044495 0.001949310302734375 0.0
0.0 0.01111486554145813 0.0
0.0 0.017365872859954834 0.0
0.004480317234992981 0.02279841899871826 0.0
0.0 0.024906039237976074 0.0
0.0 0.0023572146892547607 0.0
0.0 0.011371701955795288 0.0
0.013603299856185913 0.01295173168182373 0.01019275188446045
0.02252017706632614 0.013519257307052612 0.017985284328460693
0.008142225444316864 0.0064189136028289795 0.01033240556716919
0.0 0.012935668230056763 0.007230997085571289
0.0 0.009042084217071533 0.021921873092651367
0.009388059377670288 0.007958918809890747 0.0455327033996582
0.02186085283756256 0.008695632219314575 0.06094294786453247
0.01725560426712036 0.0 0.05567288398742676
0.003895796835422516 0.0 0.03608065843582153
0.0034894943237304688 0.0 0.02815943956375122
0.003527820110321045 0.0 0.033016204833984375
0.004215925931930542 0.0 0.030667483806610107
0.0 0.0 0.013701856136322021
0.0 0.0 0.002306699752807617
0.0 0.0 0.0
0.0015823841094970703 0.0 0.0
0.0 0.003587871789932251 0.0
0.0 0.002142488956451416 0.0
0.0 0.002745389938354492 0.0
0.0 0.0002593398094177246 0.0
0.0 0.0011981427669525146 0.00019633769989013672
0.0 0.0010954439640045166 0.0050389766693115234
0.003344237804412842 0.004388242959976196 0.010660052299499512
0.005534566938877106 0.004612177610397339 0.016875028610229492
0.0 0.002739042043685913 0.018541991710662842
0.0 0.0 0.014140546321868896
0.0007100999355316162 0.0 0.01320427656173706
0.007323533296585083 0.0016512274742126465 0.0212094783782959
0.011492274701595306 0.006370872259140015 0.024592995643615723
0.005669832229614258 0.0036728382110595703 0.017561912536621094
0.0002720579504966736 0.0 0.005502104759216309
0.0 0.0 0.0
0.0022239089012145996 0.005388110876083374 0.007425189018249512
0.0052001625299453735 0.011979222297668457 0.012084543704986572
0.0 0.005353868007659912 0.006603240966796875
0.0 0.0 0.007300674915313721
0.000276811420917511 0.0017052888870239258 0.013277709484100342
0.0022529512643814087 0.00505673885345459 0.012452006340026855
0.0055761635303497314 0.002685338258743286 0.011674106121063232
0.010095715522766113 0.0012295842170715332 0.013415515422821045
0.014557018876075745 0.006462395191192627 0.013106226921081543
0.012442350387573242 0.00606730580329895 0.006415963172912598
0.00880858302116394 0.008741408586502075 0.0
0.003436371684074402 0.007748842239379883 0.0
0.006040498614311218 0.00499609112739563 0.007450699806213379
0.0037478581070899963 0.0 0.01323080062866211
0.001696467399597168 0.0 0.015368044376373291
0.0 0.0022350847721099854 0.011583566665649414
0.0 0.002877563238143921 0.0069086551666259766
0.0 0.0 0.005205512046813965
0.0 0.0 0.005313396453857422
0.0 0.0035314857959747314 0.00013828277587890625
0.0014621168375015259 0.004990756511688232 0.0013118386268615723
0.006309762597084045 0.003130108118057251 0.001264810562133789
0.0 0.0 0.0
0.0 0.0 0.0
0.0 0.0008587539196014404 0.008906006813049316
0.0 0.005191624164581299 0.012890517711639404
0.0 0.0017551779747009277 0.016879796981811523
0.0 0.0 0.01673877239227295
0.0029723793268203735 0.0 0.018581628799438477
0.008500978350639343 0.0 0.020966649055480957
0.004966363310813904 0.0 0.018958866596221924
0.00376833975315094 0.0011335015296936035 0.012106239795684814
0.0040926337242126465 0.005328476428985596 0.008009016513824463
0.0033310800790786743 0.004068821668624878 0.00424569845199585
0.0009775757789611816 0.003400146961212158 0.00030243396759033203
0.001953825354576111 0.0 0.0
0.004067257046699524 0.0 0.0037694573402404785
0.0 0.0021890103816986084 0.0003960132598876953
0.0 0.004477858543395996 0.0
0.0 0.0 0.001631617546081543
0.0 0.004411607980728149 0.01291966438293457
0.0 0.0028457045555114746 0.019858717918395996
0.000516057014465332 0.0 0.02039283514022827
0.006797634065151215 0.0 0.01804053783416748
0.0 0.0 0.013407528400421143
0.0067813098430633545 0.0 0.016244053840637207
0.003456979990005493 0.008734822273254395 0.016332268714904785
0.00815611332654953 0.003231614828109741 0.011434793472290039
0.0019931718707084656 0.0057222843170166016 0.0009087920188903809
0.0008016824722290039 0.00700339674949646 0.0
0.0018245652318000793 0.0044450461864471436 0.0019237399101257324
0.0021688491106033325 0.0 0.0075836181640625
0.0 0.0 0.011289238929748535
0.0 0.0 0.01050412654876709
0.0 0.0 0.008015155792236328
0.0 0.000564873218536377 0.009079158306121826
0.00580732524394989 0.006350427865982056 0.011553525924682617
0.002816706895828247 0.01136365532875061 0.008580565452575684
0.0 0.006278365850448608 0.005363643169403076
0.0 0.004899322986602783 0.0
0.004228070378303528 0.004307210445404053 0.006988167762756348
0.008916512131690979 0.0 0.01392519474029541
0.0064165666699409485 0.0 0.014126896858215332
0.0 0.0 0.009176075458526611
0.0 0.005576968193054199 0.004279077053070068
0.0 0.009382545948028564 0.007805526256561279
0.0 0.004859417676925659 0.01288139820098877
0.0004245862364768982 0.0002301633358001709 0.01760941743850708
0.004079170525074005 0.0 0.017209351062774658
0.004048936069011688 0.0 0.009445428848266602
0.0001447051763534546 0.0 0.0009128451347351074
0.0 0.008414745330810547 0.0
0.0025295764207839966 0.00571519136428833 0.0005473494529724121
0.0 0.0 0.0
0.0 0.0018697679042816162 0.0
0.0 0.004533737897872925 0.0007240772247314453
0.002271503210067749 0.003096342086791992 0.007719576358795166
0.0010568797588348389 0.0 0.009372949600219727
0.0 0.0 0.010947167873382568
0.0 0.0 0.01457756757736206
0.0 0.0 0.02383631467819214
0.0 0.0 0.022977352142333984
0.0 0.0 0.024539053440093994
0.0 0.0 0.01457887887954712
0.0 0.004121243953704834 0.012295961380004883
0.008446231484413147 0.005065739154815674 0.014312148094177246
0.011064939200878143 0.0 0.009517788887023926
0.004759430885314941 0.0053414106369018555 0.0
0.0024090707302093506 0.00945773720741272 0.0
0.0027191191911697388 0.006335794925689697 0.0
0.0023297667503356934 0.008327513933181763 0.0
0.000707283616065979 0.0034854114055633545 0.0
0.0 0.0 0.0010693669319152832
0.0 0.0 0.002142965793609619
0.0 0.0005155503749847412 0.004530668258666992
0.0 0.0008202791213989258 0.010985136032104492
0.0 0.0 0.011811256408691406
0.0 0.0 0.009802162647247314
0.0 0.0 0.007254242897033691
0.0 0.0 0.005552768707275391
0.0 0.0 0.0005694031715393066
0.0 0.005735278129577637 0.008039116859436035
0.004577368497848511 0.0032836198806762695 0.0165136456489563
0.0007718652486801147 0.001969277858734131 0.01499849557876587
0.0 0.003024548292160034 0.006467640399932861
0.003510013222694397 0.0 0.0027246475219726562
0.007802844047546387 0.011764973402023315 0.0
0.013544149696826935 0.015727341175079346 0.0
0.0042094886302948 0.008603841066360474 0.0
0.0027310848236083984 0.009450733661651611 0.0
0.0002614930272102356 0.007757633924484253 0.0035416483879089355
0.0 0.004816293716430664 0.01397627592086792
0.002656981348991394 0.005416154861450195 0.01264333724975586
0.0034301429986953735 0.003222256898880005 0.0034674406051635742
0.0 0.0 0.0003045797348022461
0.0 0.0 0.010104656219482422
0.0 0.0021047890186309814 0.01514047384262085
0.0 0.003630727529525757 0.0246848464012146
0.0 0.0 0.042091548442840576
0.0 0.0 0.07393848896026611
0.0 0.0 0.10977184772491455
0.0 0.0 0.15941005945205688
0.0 0.0 0.20587050914764404
0.0 0.0 0.16719800233840942
0.0 0.0 0.18865841627120972
0.006864488124847412 0.0 0.22740668058395386
0.008229315280914307 0.008309364318847656 0.21592670679092407
0.0811205804347992 0.044375717639923096 0.12841755151748657
0.07572728395462036 0.06006741523742676 0.06973528861999512
0.1237812340259552 0.08293211460113525 0.06640404462814331
0.14453348517417908 0.148781418800354 0.0
0.19854387640953064 0.1680154800415039 0.0
0.16348809003829956 0.15788039565086365 0.0
0.09183865785598755 0.16066676378250122 0.0
0.12425041198730469 0.19406157732009888 0.0
0.11882388591766357 0.20542865991592407 0.0
0.0 0.1137458086013794 0.0
0.0 0.0 0.0
0.0 0.0029713809490203857 0.0
0.0 0.029445379972457886 0.0
0.0 0.0 0.0
0.0 0.0 0.0
0.0 0.0 0.0
0.0 0.07832580804824829 0.0
0.0 0.22784936428070068 0.0
0.0 0.17956680059432983 0.0
0.0 0.14077430963516235 0.0
0.0 0.1049606204032898 0.0
0.0 0.07760816812515259 0.0
0.0 0.0 0.0
0.0 0.0 0.11851847171783447
0.0 0.0 0.2661927342414856
0.0 0.0 0.35775262117385864
0.0 0.0 0.3018050193786621
0.0 0.08929860591888428 0.15229880809783936
0.0 0.13720250129699707 0.0
0.0 0.1834011971950531 0.0
0.0 0.2044799029827118 0.0
0.0 0.20082134008407593 0.0
0.0 0.21096888184547424 0.0
0.0 0.2227882742881775 0.0
0.0 0.2511157989501953 0.0
0.0 0.23999962210655212 0.0
0.0 0.2458547055721283 0.02578788995742798
0.0 0.23785579204559326 0.04013282060623169
0.0 0.24194377660751343 0.0510287880897522
0.0 0.25730377435684204 0.00739288330078125
0.0 0.263671338558197 0.0
0.0 0.25617516040802 0.0
0.0 0.23474323749542236 0.0030776262283325195
0.0 0.2659573554992676 0.016164302825927734
0.0 0.24164509773254395 0.03912961483001709
0.0 0.23796868324279785 0.06873452663421631
0.0 0.2293393611907959 0.10390603542327881
0.050731390714645386 0.16828835010528564 0.17878806591033936
0.08168801665306091 0.14466893672943115 0.1946929693222046
0.09276959300041199 0.0722113847732544 0.23327487707138062
0.07509946823120117 0.006292104721069336 0.20959705114364624
0.059263020753860474 0.07557642459869385 0.11744213104248047
0.058108121156692505 0.026862263679504395 0.12460136413574219
0.0 0.015742242336273193 0.13059580326080322
0.0 0.042333126068115234 0.0795445442199707
0.0 0.0 0.11178970336914062
0.0 0.0 0.09079647064208984
0.0 0.007710933685302734 0.12406188249588013
0.0 0.09175646305084229 0.09985142946243286
0.0 0.19959187507629395 0.023066580295562744
0.0 0.16673064231872559 0.08635556697845459
0.0 0.15320086479187012 0.10075008869171143
0.0 0.04071056842803955 0.14405161142349243
0.0 0.043178439140319824 0.07617557048797607
0.0 0.0689396858215332 0.03498852252960205
0.0 0.08859622478485107 0.02541029453277588
0.0 0.062004029750823975 0.0781179666519165
0.01105564832687378 0.0 0.12426531314849854
0.0 0.021185636520385742 0.0479511022567749
0.0 0.07131040096282959 0.0
0.0 0.06904208660125732 0.008928835391998291
0.04770129919052124 0.024208664894104004 0.1244809627532959
0.020289838314056396 0.009291291236877441 0.13719725608825684
0.0 0.05070805549621582 0.0
0.0 0.059236884117126465 0.0
0.027962803840637207 0.023558437824249268 0.08507972955703735
0.045104384422302246 0.01009368896484375 0.17011302709579468
0.0 0.009976983070373535 0.0804370641708374
0.0 0.021857023239135742 0.0
0.0 0.016950368881225586 0.0
0.04911988973617554 0.004763364791870117 0.11784565448760986
0.04962503910064697 0.0 0.16668444871902466
0.0 0.039466142654418945 0.0
0.0 0.05732622742652893 0.0
0.025114774703979492 0.0278741717338562 0.0393291711807251
0.09548887610435486 0.014280527830123901 0.14204800128936768
0.05439019203186035 0.04245263338088989 0.1167682409286499
0.0 0.060476094484329224 0.0
0.0 0.04196131229400635 0.0
0.053183287382125854 0.008155584335327148 0.07433319091796875
0.07531380653381348 0.002146810293197632 0.09840381145477295
0.0387495756149292 0.029111921787261963 0.06530475616455078
0.018571272492408752 0.037833184003829956 0.02738940715789795
0.007880017161369324 0.023798450827598572 0.036383748054504395
0.0 0.0 0.09495604038238525
0.0 0.0 0.11530739068984985
0.006028532981872559 0.0 0.0999993085861206
0.004566267132759094 0.059343352913856506 0.01441425085067749
0.01369805634021759 0.07534177601337433 0.0
0.012611351907253265 0.07296314835548401 0.0
0.014681093394756317 0.04231888800859451 0.0
0.015350975096225739 0.0344504788517952 0.0
0.0011219680309295654 0.040393076837062836 0.0
0.0 0.05450254678726196 0.0
0.0 0.05611591041088104 0.0
0.0 0.0366324856877327 0.0
0.0 0.015356406569480896 0.0
0.0 0.005506925284862518 0.0
0.0 0.009811058640480042 0.0
0.0 0.016306377947330475 0.0
0.0 0.020074427127838135 0.0
0.0 0.017613589763641357 0.0
0.0 0.006595633924007416 0.0
0.0 0.0 0.0021720528602600098
0.0037964172661304474 0.0 0.022619187831878662
0.011031851172447205 0.006273828446865082 0.032302796840667725
0.008609350770711899 0.00625484436750412 0.034468114376068115
0.008007433265447617 0.015005216002464294 0.038710594177246094
0.002116464078426361 0.01662224531173706 0.02887934446334839
0.0 0.007778748869895935 0.011987626552581787
0.0040540751069784164 0.008228838443756104 0.020879507064819336
0.015368422493338585 0.010259270668029785 0.026564359664916992
0.006630241870880127 0.0 0.02041018009185791
0.005422163754701614 0.0 0.012678205966949463
0.014767911285161972 0.0 0.00769495964050293
0.010888881981372833 0.0038332343101501465 0.007984161376953125
0.0053393300622701645 0.0053823888301849365 0.015215575695037842
0.0003627408295869827 0.008211955428123474 0.011502385139465332
0.0 0.005660146474838257 0.006215691566467285
0.0 0.006486549973487854 0.01617908477783203
0.0 0.006161689758300781 0.01615828275680542
0.0006449911743402481 0.0033974051475524902 0.015140116214752197
0.0 0.0 0.0042449235916137695
0.0 0.0 0.011218070983886719
0.007944818586111069 0.0 0.020707011222839355
0.002156110480427742 0.0006173700094223022 0.01269298791885376
0.0 0.0 0.00952446460723877
0.0009457021951675415 0.008187875151634216 0.0006844401359558105
0.003883304074406624 0.008965685963630676 0.004652976989746094
0.0028537828475236893 0.0038879364728927612 0.009061336517333984
0.0 0.0002050846815109253 0.006689548492431641
0.0001651868224143982 0.0 0.00844430923461914
0.0012720264494419098 0.003445044159889221 0.007969975471496582
0.00037680938839912415 0.001728355884552002 0.011045217514038086
0.0 0.007997855544090271 0.009187698364257812
0.0 0.005816057324409485 0.01209557056427002
0.0019116923213005066 0.005855053663253784 0.015454411506652832
0.0 0.0 0.01246863603591919
0.0 0.001591414213180542 0.016876578330993652
0.0 0.004370555281639099 0.009842097759246826
0.0024201106280088425 0.006331846117973328 0.004249870777130127
0.0014897249639034271 0.007182851433753967 0.0
0.0037197619676589966 0.005139872431755066 0.0
0.003938371315598488 0.0004070699214935303 0.007043778896331787
0.0 0.0 0.008700251579284668
0.0 0.0 0.00812751054763794
0.0 0.005593389272689819 0.01018381118774414
0.0 0.007221519947052002 0.010147154331207275
0.0 0.0038332492113113403 0.00700223445892334
0.0 0.0 0.005681931972503662
0.003074243664741516 0.0 0.020547151565551758
0.010759273543953896 0.003752872347831726 0.027070939540863037
0.006761834025382996 0.0 0.022807002067565918
0.004999678581953049 0.008425936102867126 0.020396649837493896
0.008193773217499256 0.011417225003242493 0.01731497049331665
0.011600131168961525 0.009451285004615784 0.017711341381072998
0.012582533992826939 0.006536081433296204 0.02085012197494507
0.004740362986922264 0.0014430135488510132 0.009318768978118896
0.00657016783952713 0.00625273585319519 0.0015972256660461426
0.0 0.0037660300731658936 0.0
0.0 0.007173106074333191 0.0
0.0 0.006237983703613281 0.0
0.0 0.004467010498046875 0.0
0.0 0.0038566291332244873 0.0
0.0 0.0008901357650756836 0.0
0.001038968563079834 0.020517587661743164 0.0
0.025893356651067734 0.028467893600463867 0.0
0.01686634123325348 0.04827509820461273 0.0
0.010653771460056305 0.045345455408096313 0.0
0.0 0.024924427270889282 0.0
0.0 0.03337430953979492 0.0
0.0 0.04885032773017883 0.0
0.0 0.055633336305618286 0.0
0.0 0.06825706362724304 0.0
0.0065830908715724945 0.055072009563446045 0.0
0.010067623108625412 0.04628801345825195 0.0023487210273742676
0.0034421831369400024 0.04342958331108093 0.022606849670410156
0.0 0.026646912097930908 0.04132199287414551
0.0 0.014686942100524902 0.06714147329330444
0.0 0.0006472468376159668 0.0988115668296814
0.009001150727272034 0.0 0.13984054327011108
0.01297961175441742 0.0 0.1648382544517517
0.010094858705997467 0.0 0.15685075521469116
0.0002462640404701233 0.0 0.138408362865448
0.008612364530563354 0.0 0.1280890703201294
0.010787390172481537 0.0 0.13024717569351196
0.01981702446937561 0.0 0.13343000411987305
0.008633330464363098 0.0 0.13054877519607544
0.0 0.0 0.12002044916152954
0.0 0.0 0.08668190240859985
0.0 0.0 0.048709332942962646
0.0 0.0 0.0
0.0 0.0 0.0
0.0 0.0 0.0
0.0 0.0 0.01119929552078247
0.0 0.0 0.01304173469543457
0.0 0.0 0.0
0.0 0.01631954312324524 0.0
0.004760805517435074 0.026118919253349304 0.0
0.028566710650920868 0.040745943784713745 0.0
0.021458715200424194 0.03730824589729309 0.0
0.019160263240337372 0.034662410616874695 0.0
0.018821191042661667 0.03214766085147858 0.0
0.016932561993598938 0.030697733163833618 0.0
0.014961734414100647 0.02688157558441162 0.0
0.003101639449596405 0.03249979019165039 0.0
0.0 0.038764193654060364 0.0
0.0 0.04736703634262085 0.0
0.0 0.04184544086456299 0.0
0.0 0.0310707688331604 0.0
0.0 0.021250128746032715 0.0
0.0 0.020053505897521973 0.0
0.0 0.019848287105560303 0.012458086013793945
0.004443660378456116 0.014147013425827026 0.0202639102935791
0.0 0.023640930652618408 0.01530766487121582
0.0 0.02482593059539795 0.015018343925476074
0.0 0.02330455183982849 0.018001854419708252
0.0 0.014369696378707886 0.029112637042999268
0.0 0.015059173107147217 0.03677773475646973
0.005103789269924164 0.010070234537124634 0.043775856494903564
0.008542273193597794 0.010050654411315918 0.0507502555847168
0.00786295160651207 0.009329408407211304 0.05865204334259033
0.015952736139297485 0.010365426540374756 0.0698973536491394
0.004074819386005402 0.0 0.0690302848815918
0.0024510249495506287 0.0 0.08307713270187378
0.0040646567940711975 0.0 0.09974783658981323
0.009276017546653748 0.0 0.12098997831344604
0.0175417959690094 0.0 0.13243156671524048
0.01725795865058899 0.0 0.12969225645065308
0.009651407599449158 0.0 0.11306929588317871
0.0 0.0 0.07810032367706299
0.0 0.0 0.03981614112854004
0.0 0.0 0.040126800537109375
0.0 0.0 0.03593480587005615
0.0017618462443351746 0.0 0.03676873445510864
0.0 0.0 0.010150372982025146
0.0 0.0 0.0
0.0 0.0 0.0
0.003385208547115326 0.012596532702445984 0.0
0.016442030668258667 0.02642415463924408 0.0
0.012819137424230576 0.028582870960235596 0.0
0.0037275180220603943 0.017954066395759583 0.0
0.0 0.02968849241733551 0.0
0.0 0.027111023664474487 0.0
0.004006676375865936 0.026308879256248474 0.0
0.004119906574487686 0.020494595170021057 0.0
0.0 0.02347666025161743 0.0
0.006346601992845535 0.03434707224369049 0.0
0.021494098007678986 0.040257856249809265 0.0
0.022158712148666382 0.04472225904464722 0.0
0.005643576383590698 0.03247919678688049 0.0
0.0 0.038538604974746704 0.0
0.0 0.023167788982391357 0.0
0.0 0.031874239444732666 0.004328429698944092
0.0 0.027364641427993774 0.020673155784606934
0.0 0.033150672912597656 0.02408313751220703
0.004988647997379303 0.030519187450408936 0.025780797004699707
0.010613828897476196 0.03195446729660034 0.03006136417388916
0.016786471009254456 0.02042713761329651 0.028827667236328125
0.007383920252323151 0.01888298988342285 0.03146350383758545
0.00826193392276764 0.010620713233947754 0.03920245170593262
0.009559810161590576 0.008702635765075684 0.04899674654006958
0.015922553837299347 0.007154583930969238 0.07146114110946655
0.020204804837703705 0.007787168025970459 0.08617627620697021
0.01838722825050354 0.002665013074874878 0.09357541799545288
0.012613959610462189 0.0 0.09078919887542725
0.0 0.0 0.07836973667144775
0.0 0.0 0.07884132862091064
0.0 0.0 0.08450108766555786
0.001239873468875885 0.0 0.09195536375045776
0.0 0.0 0.07369661331176758
0.0 0.0 0.05990666151046753
0.0 0.0 0.03750741481781006
0.0 0.0 0.03394562005996704
0.0 0.0 0.02502840757369995
0.0 0.0 0.027397453784942627
0.0 0.0 0.0404052734375
0.0 0.0 0.04357677698135376
0.0 0.0 0.02603018283843994
0.003367554396390915 0.0 0.0015412569046020508
0.0 0.0007951557636260986 0.0
0.0 0.012380063533782959 0.0
0.00021068938076496124 0.009212344884872437 0.0
0.008809376507997513 0.01639707386493683 0.0
0.00948508083820343 0.01635296642780304 0.0
0.0 0.01667684316635132 0.0
0.0 0.007817894220352173 0.0
0.0 0.013588100671768188 0.0
0.0 0.012213751673698425 0.0
0.0015148520469665527 0.01654435694217682 0.0
0.011797107756137848 0.02022072672843933 0.01091301441192627
0.0028163865208625793 0.021759167313575745 0.0
0.0 0.015302389860153198 0.0
0.0 0.019434869289398193 0.0
0.0 0.01774609088897705 0.0
0.0 0.02613547444343567 0.0
0.008228905498981476 0.02877160906791687 0.0006594657897949219
0.0121995210647583 0.02619701623916626 0.019879579544067383
0.012649357318878174 0.028460919857025146 0.017727911472320557
0.013973847031593323 0.019757181406021118 0.019503116607666016
0.008608877658843994 0.010852545499801636 0.025655686855316162
0.00835321843624115 0.009404599666595459 0.03819751739501953
0.01186775416135788 0.005856364965438843 0.05606687068939209
0.0061576589941978455 0.0 0.06491780281066895
0.0 0.0 0.06844174861907959
0.0 0.0 0.06912058591842651
0.0 0.0 0.06685662269592285
0.0 0.0 0.07318145036697388
0.002002522349357605 0.0 0.06826913356781006
0.0012157857418060303 0.0 0.053430140018463135
0.007891759276390076 0.0 0.04664444923400879
0.00405237078666687 0.0 0.03062492609024048
0.005910299718379974 0.0 0.019603610038757324
0.004512779414653778 0.0 0.01480555534362793
0.007047571241855621 0.0 0.007515966892242432
0.006615206599235535 0.0 0.0
0.0015698075294494629 0.006451636552810669 0.0
0.0 0.0 0.0
0.0 0.0 0.0
0.0 0.0009013116359710693 0.0
0.0 0.0019893646240234375 0.0
0.0 0.0 0.0
0.0 0.0 0.0
0.0 0.0 0.0042247772216796875
0.0 0.0 0.00509113073348999
0.0 0.0 0.01351940631866455
0.0 0.0010907948017120361 0.027990102767944336
0.0033563002943992615 0.003752410411834717 0.03279668092727661
0.004303678870201111 0.0023694634437561035 0.027620971202850342
0.00391966849565506 0.002419978380203247 0.01978093385696411
0.0029029622673988342 0.000171661376953125 0.01390010118484497
0.003627792000770569 0.00357741117477417 0.012128114700317383
0.007025130093097687 0.004079610109329224 0.009207010269165039
0.010197706520557404 0.006308495998382568 0.009965121746063232
0.008601590991020203 0.0061747729778289795 0.010173797607421875
0.007251858711242676 0.002224832773208618 0.012723386287689209
0.0 0.0 0.005433261394500732
0.0 0.0025446414947509766 0.007260560989379883
0.0018577203154563904 0.004379451274871826 0.0134352445602417
0.0007163584232330322 0.006927996873855591 0.01226341724395752
0.0 0.00038820505142211914 0.004938244819641113
0.0 0.0 0.006422758102416992
0.0 0.0 0.004464268684387207
0.0 0.0003587007522583008 0.004631340503692627
0.0 0.0 0.006203293800354004
0.0 0.0 0.007590949535369873
0.0 0.0 0.004766523838043213
0.0 0.0 0.0030151009559631348
0.0 0.0 0.009241044521331787
0.0 0.0 0.016139984130859375
0.00385487824678421 0.0 0.014623939990997314
0.006951220333576202 0.0 0.008921980857849121
0.008511751890182495 0.006750345230102539 0.004052698612213135
0.004790857434272766 0.014361202716827393 0.0
0.0006842315196990967 0.015490323305130005 0.0
0.0 0.011415332555770874 0.0
0.0016169995069503784 0.0034763216972351074 0.0004661679267883301
0.0 0.005957365036010742 0.007318437099456787
0.0 0.0038432776927948 0.010872364044189453
0.0 0.0 0.013825178146362305
0.000363275408744812 0.0 0.021230995655059814
0.00021751970052719116 0.0003730356693267822 0.025420069694519043
0.0 0.002821415662765503 0.020891249179840088
0.0 0.0 0.018620431423187256
0.0001491457223892212 0.0 0.01487666368484497
0.006783097982406616 0.0 0.006850898265838623
0.00249655544757843 0.0009153485298156738 0.0
0.0039147064089775085 0.0004519820213317871 0.0
0.00130559504032135 0.004052251577377319 0.0
0.0016175806522369385 0.0 0.0050817131996154785
0.0 0.0 0.008858025074005127
0.0 0.0 0.012383580207824707
0.0 0.0 0.017340481281280518
0.0 0.0 0.023057878017425537
0.0 0.0 0.029620826244354248
0.0 0.0 0.028093397617340088
0.0 0.0 0.013685047626495361
0.0007641911506652832 0.003711611032485962 0.0
0.0041579753160476685 0.012297302484512329 0.0
0.0029709860682487488 0.012753874063491821 0.0
0.004789173603057861 0.007235020399093628 0.0
0.007667452096939087 0.0 0.008430659770965576
0.007545448839664459 0.0 0.013618946075439453
0.0 0.0064799487590789795 0.013724267482757568
0.004364833235740662 0.012896984815597534 0.018538475036621094
0.005572199821472168 0.008710682392120361 0.018283843994140625
0.003003358840942383 0.0013103187084197998 0.013388752937316895
0.0 0.0 0.00826716423034668
0.0 0.0 0.006335318088531494
0.0 0.0 0.00620192289352417
0.0 0.0 0.006530582904815674
0.0 0.0 0.004373490810394287
0.0 0.0009298026561737061 0.00038367509841918945
0.0 0.004529178142547607 0.0038192272186279297
0.0 0.0 0.009036719799041748
0.0 0.0 0.011820375919342041
0.0 0.0 0.013473212718963623
0.0 0.0 0.009666919708251953
0.0 0.0009944140911102295 0.009293198585510254
0.0 0.0031808018684387207 0.004329979419708252
0.0 0.0011568069458007812 0.002010941505432129
0.0 0.0 0.006450533866882324
0.0 0.0 0.01013404130935669
0.0 0.0 0.004381239414215088
0.0 0.0 0.0031399130821228027
0.0 0.0027199089527130127 0.007541358470916748
0.0020736753940582275 0.003911912441253662 0.012391984462738037
0.002263978123664856 0.00039586424827575684 0.01576066017150879
0.0018336698412895203 0.0005341470241546631 0.017603278160095215
0.0002724975347518921 0.003197282552719116 0.018191158771514893
0.0 0.0012982487678527832 0.01286989450454712
0.0017630606889724731 0.0023475587368011475 0.01012122631072998
0.006673246622085571 0.005602598190307617 0.012239813804626465
0.002825230360031128 0.005947589874267578 0.012933015823364258
0.0009205043315887451 0.0044158995151519775 0.010841012001037598
0.0 0.004046648740768433 0.004231631755828857
0.0 0.0 0.00419241189956665
0.0 0.0012333691120147705 0.007201969623565674
0.001318424940109253 0.0011242032051086426 0.0011568069458007812
0.000577583909034729 0.0035200417041778564 0.0
0.0 0.0015822947025299072 0.0
0.0 0.001012176275253296 0.00776219367980957
0.0 0.0011880099773406982 0.011887788772583008
0.0 0.0 0.013383030891418457
0.0 0.0 0.012426137924194336
0.0 0.0 0.012388288974761963
0.0 0.0 0.01298302412033081
0.0 0.0 0.008970260620117188
0.0 0.0 0.010168612003326416
0.0 0.0 0.007349967956542969
0.0 0.0 0.006336092948913574
0.0 0.0022850334644317627 0.004477560520172119
0.0005461573600769043 0.0023344755172729492 0.006978273391723633
0.0021704286336898804 0.004904359579086304 0.008629441261291504
0.0046410635113716125 0.0016171634197235107 0.011699438095092773
0.0034078508615493774 0.0015648305416107178 0.012829124927520752
0.0 0.0005577802658081055 0.009238600730895996
0.0 0.004308611154556274 0.007769346237182617
0.0 0.0035338401794433594 0.007084250450134277
0.0 0.00025159120559692383 0.005360782146453857
0.0 0.0 0.010523498058319092
0.0 0.0 0.011332154273986816
0.0 0.0 0.009469866752624512
0.0 0.000980287790298462 0.01050490140914917
0.0005733221769332886 0.0024607181549072266 0.011750459671020508
0.000994563102722168 0.0020977556705474854 0.012749731540679932
0.0010676681995391846 0.003200024366378784 0.012577235698699951
0.0010005831718444824 0.0 0.014003574848175049
0.0 0.0 0.013240575790405273
0.0 0.0 0.0031041502952575684
0.0009921565651893616 0.003999292850494385 0.0009035468101501465
0.0 0.003480762243270874 0.0010152459144592285
0.0 0.003077089786529541 0.004118204116821289
0.0 0.0 0.007701396942138672
0.0 0.0 0.010632812976837158
0.0 0.0 0.017816364765167236
0.0 0.0 0.019551515579223633
0.0 0.0 0.020789623260498047
0.0 0.0 0.014380276203155518
0.0004457607865333557 0.0021801888942718506 0.013963878154754639
0.0021958202123641968 0.0036078691482543945 0.013885438442230225
0.0 0.0015497803688049316 0.005676209926605225
0.0 0.0004609227180480957 0.0
0.0 0.002372562885284424 0.0
0.0 0.0017754137516021729 0.0
0.002524465322494507 0.007624983787536621 0.0
0.008604288101196289 0.01454991102218628 0.0
0.01567375659942627 0.01579993963241577 0.0
0.006361335515975952 0.008778274059295654 0.0
0.0 0.0 0.0
0.0 0.0 0.0
0.0 0.0 0.001379251480102539
0.0 0.0003212094306945801 0.01683872938156128
0.0 0.0005510151386260986 0.0141143798828125
0.0 0.0 0.006191730499267578
0.0 0.0 0.0
0.0 0.0 0.0
0.0 0.00571131706237793 0.012231290340423584
0.0 0.013788223266601562 0.07646375894546509
0.02814558893442154 0.03233683109283447 0.17272603511810303
0.055514171719551086 0.004842609167098999 0.19523990154266357
0.018694236874580383 0.016516804695129395 0.1726163625717163
0.03504765033721924 0.0 0.17144715785980225
0.04590576887130737 0.024677693843841553 0.17626601457595825
0.11554908752441406 0.013775527477264404 0.15761232376098633
0.1324000358581543 0.05105561017990112 0.11002564430236816
0.06380116939544678 0.03161400556564331 0.048058152198791504
0.050762057304382324 0.02061346173286438 0.0
0.0916142463684082 0.0634416937828064 0.014421582221984863
0.15788227319717407 0.08693736791610718 0.07757091522216797
0.13595366477966309 0.14104291796684265 0.0
0.0 0.052838295698165894 0.0
0.0 0.04333680868148804 0.0
0.0 0.14356979727745056 0.0
0.0 0.1242968738079071 0.0
0.054752349853515625 0.08664602041244507 0.0
0.06794995069503784 0.0 0.0
0.0577847957611084 0.0 0.0
0.14374828338623047 0.07239791750907898 0.0
0.18497800827026367 0.23786085844039917 0.0
0.1429765820503235 0.08865663409233093 0.0
0.005476534366607666 0.07710263133049011 0.0
0.0 0.038191646337509155 0.0
0.0 0.060378193855285645 0.0
0.0 0.031306564807891846 0.0
0.0 0.0 0.019108057022094727
0.0 0.0 0.22877323627471924
0.0 0.0 0.2766580581665039
0.0 0.0005404055118560791 0.20495116710662842
0.0 0.1529812514781952 0.05487620830535889
0.0 0.250432550907135 0.0
0.0 0.2241482436656952 0.0
0.0 0.2528629004955292 0.0
0.0 0.30031678080558777 0.0
0.0 0.32154616713523865 0.0
0.0 0.3448789417743683 0.0
0.0 0.33689820766448975 0.0
0.0 0.3257082998752594 0.0
0.0 0.3549460768699646 0.03312724828720093
0.0 0.3441719114780426 0.010959625244140625
0.0 0.38518500328063965 0.0
0.0 0.3542620539665222 0.042230963706970215
0.0 0.33617162704467773 0.08520668745040894
0.0 0.3307684659957886 0.10095822811126709
0.0 0.3320796489715576 0.06386202573776245
0.0 0.269542932510376 0.09505641460418701
0.0 0.09692871570587158 0.16020429134368896
0.0 0.11899256706237793 0.1664649248123169
0.00884634256362915 0.08650624752044678 0.2083646059036255
0.0 0.060907185077667236 0.21505117416381836
0.0 0.17633426189422607 0.1609744429588318
0.0 0.14238989353179932 0.20366525650024414
0.0 0.09965229034423828 0.1962631344795227
0.0 0.0661848783493042 0.16136354207992554
0.0 0.06593430042266846 0.1383151412010193
0.0 0.12875324487686157 0.08079242706298828
0.0 0.19912052154541016 0.034394919872283936
0.0 0.1272045373916626 0.11635017395019531
0.0 0.003053426742553711 0.18192076683044434
0.0 0.016516923904418945 0.12300217151641846
0.0 0.053024113178253174 0.04720604419708252
0.0 0.09707224369049072 0.05020332336425781
0.0 0.07636213302612305 0.09242081642150879
0.0 0.04692661762237549 0.08721303939819336
0.0 0.017805039882659912 0.07999014854431152
0.0 0.01963561773300171 0.08279669284820557
0.0 0.09211361408233643 0.027253270149230957
0.0 0.08923423290252686 0.0
0.0 0.06813138723373413 0.0
0.05709260702133179 0.029989957809448242 0.08981388807296753
0.05631661415100098 0.027408301830291748 0.07633805274963379
0.0 0.003648519515991211 0.005824029445648193
0.0 0.02233254909515381 0.0
0.0 0.01740431785583496 0.04964172840118408
0.023135602474212646 0.0 0.14249616861343384
0.014059901237487793 0.031057417392730713 0.13411927223205566
0.0 0.05356800556182861 0.059129953384399414
0.0 0.034980177879333496 0.025323808193206787
0.0 0.019751816987991333 0.10175561904907227
0.04089793562889099 0.040114402770996094 0.1649160385131836
0.027041465044021606 0.056673526763916016 0.15122073888778687
0.0 0.06937393546104431 0.0915764570236206
0.01399219036102295 0.05484509468078613 0.06822150945663452
0.03020249307155609 0.03516417741775513 0.06890922784805298
0.049200981855392456 0.040905505418777466 0.060241878032684326
0.06892098486423492 0.03820726275444031 0.055742740631103516
0.0487242192029953 0.040880098938941956 0.03261929750442505
0.023682743310928345 0.04938317835330963 0.0
0.0 0.0706293135881424 0.0
0.007205873727798462 0.07178859412670135 0.0
0.019265875220298767 0.0741007924079895 0.0
0.0 0.04347750544548035 0.0
0.0 0.035573363304138184 0.0
0.0 0.03293910622596741 0.0
0.0 0.027218066155910492 0.0
0.0 0.028901539742946625 0.0
0.0 0.018690146505832672 0.0
0.0 0.0182420015335083 0.0
0.0 0.006650686264038086 0.0
0.0 0.0054975152015686035 0.0
0.0 0.003746524453163147 0.0
0.0 0.002760380506515503 0.0
0.0 0.0 0.0031226277351379395
0.0 0.0 0.032670438289642334
0.0 0.0 0.04501748085021973
0.0 0.0 0.04798293113708496
0.0005807094275951385 0.004372715950012207 0.04751783609390259
0.009046677500009537 0.012719303369522095 0.04817640781402588
0.017229512333869934 0.00977887213230133 0.04090231657028198
0.01777803525328636 0.004878014326095581 0.03711205720901489
0.02250783145427704 0.009084179997444153 0.030264198780059814
0.02163097634911537 0.010890081524848938 0.021863818168640137
0.013071620836853981 0.0074212998151779175 0.009549915790557861
0.014903366565704346 0.004577323794364929 0.01332712173461914
0.00922643393278122 0.0036605000495910645 0.007697582244873047
0.006433144211769104 0.01139339804649353 0.0
0.001142287626862526 0.007292449474334717 0.0
0.0 0.005647897720336914 0.0
0.0 0.002331078052520752 0.0
0.0 0.0 0.0
0.0 0.0 0.0
0.0 0.0 0.0
0.0 0.0 0.00531238317489624
0.0 0.0 0.006627261638641357
0.0 0.0 0.010036170482635498
0.0 0.0 0.016746461391448975
0.0 0.0 0.022263646125793457
0.0 0.0 0.026463747024536133
0.0017022546380758286 0.0 0.02742701768875122
0.0030243750661611557 0.0 0.026777684688568115
0.0021257679909467697 0.0001598447561264038 0.02078455686569214
0.009094469249248505 0.008300930261611938 0.01580125093460083
0.011305944994091988 0.015210941433906555 0.011251568794250488
0.01223045215010643 0.018617987632751465 0.007887661457061768
0.004847655072808266 0.013040348887443542 0.0
0.0015587769448757172 0.006033152341842651 0.0
0.003208853304386139 0.00797608494758606 0.0024051666259765625
0.0012908577919006348 0.0 0.0
0.0 0.002515926957130432 0.004351437091827393
0.0 0.0 0.001566767692565918
0.0 0.004643157124519348 0.008626580238342285
0.0 0.0016265958547592163 0.01283949613571167
0.0 0.0007152706384658813 0.02037733793258667
0.0 0.0 0.01596653461456299
0.0 0.0004341006278991699 0.012850761413574219
0.0 0.0036763250827789307 0.005265474319458008
0.0 0.004869833588600159 0.002369523048400879
0.0006345640867948532 0.003158256411552429 0.00660628080368042
0.0035497210919857025 0.007652223110198975 0.009448111057281494
0.004679545760154724 0.005976453423500061 0.008179187774658203
0.0005732458084821701 0.005237698554992676 0.0027403831481933594
0.0 0.003425806760787964 0.0022851228713989258
0.0 0.000868871808052063 0.0038825273513793945
0.0 0.0 0.01308286190032959
0.0005871597677469254 0.001020684838294983 0.019212007522583008
0.0 0.002142980694770813 0.016527831554412842
0.0 0.002408042550086975 0.013011515140533447
0.0 0.0 0.007197558879852295
0.0 0.0 0.008544504642486572
0.0 0.0020180493593215942 0.00942850112915039
0.0 0.00031985342502593994 0.006390511989593506
0.0 0.0007008463144302368 0.006348729133605957
0.0 0.00180014967918396 0.0036621689796447754
0.0 0.004896774888038635 0.0
0.0 0.004161819815635681 0.0
0.0 0.0 0.00843125581741333
0.0 0.0 0.013948976993560791
0.0 0.0 0.012176334857940674
0.0 0.0030509978532791138 0.0086669921875
0.0 0.0 0.011491060256958008
0.0 0.0 0.014954149723052979
0.0 0.00013624131679534912 0.013005495071411133
0.002247847616672516 0.0 0.01514589786529541
0.0 0.0029069483280181885 0.017862141132354736
0.006806083023548126 0.009767428040504456 0.02171015739440918
0.011473003774881363 0.006275489926338196 0.02495265007019043
0.01166948676109314 0.0036078989505767822 0.021638095378875732
0.014064311981201172 0.0013699531555175781 0.02260500192642212
0.014877799898386002 0.0018416643142700195 0.0283815860748291
0.0039619579911231995 0.0 0.035725414752960205
0.0 0.0 0.046769559383392334
0.0 0.0 0.04997122287750244
0.0 0.0 0.05378931760787964
0.0 0.0 0.048815131187438965
0.0 0.0 0.04297369718551636
0.0 0.0 0.03776448965072632
0.0 0.0 0.020784080028533936
0.0 0.0 0.012117981910705566
0.0 0.005261600017547607 0.0
0.0 0.007866829633712769 0.0
0.0 0.016054779291152954 0.0
0.0 0.012971922755241394 0.0
0.0 0.016749337315559387 0.0
0.005285806953907013 0.04281318187713623 0.0
0.01633906364440918 0.04466664791107178 0.0
0.0 0.048026055097579956 0.0
0.0 0.01707637310028076 0.0
0.0 0.047051072120666504 0.0
0.0 0.07159224152565002 0.0
0.0 0.11877363920211792 0.0
0.0 0.11003834009170532 0.0
0.0 0.0629415512084961 0.0
0.0 0.04616755247116089 0.004963040351867676
0.0 0.05011463165283203 0.0739172101020813
0.011045798659324646 0.06244748830795288 0.10024046897888184
0.030239619314670563 0.0643349289894104 0.1331932544708252
0.02575644850730896 0.05933040380477905 0.1296987533569336
0.022319629788398743 0.049079179763793945 0.13896286487579346
0.023611783981323242 0.018948674201965332 0.15516138076782227
0.02265004813671112 0.01653057336807251 0.1573588252067566
0.012961134314537048 0.02343207597732544 0.13894832134246826
0.002171039581298828 0.009436845779418945 0.11332505941390991
0.0 0.0 0.09947383403778076
0.0 0.0 0.10991930961608887
0.0 0.0 0.13011670112609863
0.0 0.0 0.13677406311035156
0.0 0.0 0.13011586666107178
0.0 0.0 0.11066305637359619
0.0 0.0 0.09922969341278076
0.0 0.0 0.10865449905395508
0.0 0.0 0.11782073974609375
0.0 0.0 0.10712623596191406
0.0 0.0 0.07144403457641602
0.0 0.0 0.06428974866867065
0.04379112645983696 0.0 0.05639165639877319
0.036872394382953644 0.0007091164588928223 0.003243565559387207
0.0016321316361427307 0.013726651668548584 0.0
0.0 0.02507193386554718 0.0
0.005469381809234619 0.06145618110895157 0.0
0.027522221207618713 0.0650877058506012 0.0
0.009774774312973022 0.047834694385528564 0.0
0.0 0.04574847221374512 0.0
0.0 0.04654030501842499 0.0
0.0 0.04289625585079193 0.0
0.0 0.05294010043144226 0.0
0.013364888727664948 0.03635895252227783 0.0
0.029359646141529083 0.05151727795600891 0.02752155065536499
0.0 0.04609605669975281 0.0058435797691345215
0.0 0.03393584489822388 0.0
0.004299789667129517 0.03787893056869507 0.0108451247215271
0.04372505843639374 0.0576590895652771 0.047010183334350586
0.03907720744609833 0.055131375789642334 0.01895827054977417
0.022465944290161133 0.05541911721229553 0.0
0.004807144403457642 0.032009631395339966 0.0
0.0 0.0222034752368927 0.0
0.0 0.014156162738800049 0.0
0.0 0.029452502727508545 0.0
0.0 0.034415364265441895 0.028505444526672363
0.0 0.020118772983551025 0.05947035551071167
0.0 0.0025085806846618652 0.08885329961776733
0.0 0.0 0.10989075899124146
0.0 0.0 0.12664061784744263
0.0 0.0 0.14339345693588257
0.0015462487936019897 0.0 0.15505212545394897
0.0 0.0 0.14418244361877441
0.0 0.0 0.12268960475921631
0.0 0.0 0.12722426652908325
0.0 0.0 0.1248617172241211
0.0 0.0 0.09575420618057251
0.0 0.0 0.03570181131362915
0.0 0.0 0.02835094928741455
0.0 0.0 0.06290030479431152
0.013387292623519897 0.0 0.10206693410873413
0.024706855416297913 0.0 0.04283863306045532
0.0 0.01011708378791809 0.0
0.0 0.013393446803092957 0.0
0.023531287908554077 0.0 0.0
0.0 0.005720034241676331 0.0
0.0030620917677879333 0.019096776843070984 0.0
0.00700068473815918 0.019241511821746826 0.0
0.0 0.019860878586769104 0.0
0.0 0.04416327178478241 0.0
0.0 0.03143976628780365 0.0
0.012941092252731323 0.05546104907989502 0.0
0.017703041434288025 0.05637556314468384 0.0
0.0 0.05602240562438965 0.0
0.0 0.03585579991340637 0.0
0.0 0.030280321836471558 0.02542513608932495
0.013447612524032593 0.029077351093292236 0.050945281982421875
0.0315990149974823 0.029985427856445312 0.054377198219299316
0.03765115141868591 0.03810855746269226 0.03514343500137329
0.03606541454792023 0.03034120798110962 0.0
0.021391451358795166 0.02165055274963379 0.0
0.0 0.01898905634880066 0.0
0.0 0.0529685914516449 0.0
0.0 0.03712397813796997 0.012821555137634277
0.0 0.05301094055175781 0.03382277488708496
0.017724916338920593 0.027607202529907227 0.051429033279418945
0.012684792280197144 0.006467580795288086 0.07194316387176514
0.0 0.0 0.06601929664611816
0.0 0.0 0.07756686210632324
0.0 0.0 0.08582335710525513
0.0 0.0 0.09388244152069092
0.0 0.0 0.09238529205322266
0.0 0.0 0.07620620727539062
0.0 0.0 0.06229168176651001
0.0 0.0 0.06278914213180542
0.0 0.0 0.0635385513305664
0.003800332546234131 0.0 0.054863810539245605
0.0 0.0 0.037364184856414795
0.0 0.0 0.012229323387145996
0.0 0.0 0.0
0.0 0.0 0.0
0.0 0.0 0.03414011001586914
0.0005870163440704346 0.0 0.07050508260726929
0.01216202974319458 0.0 0.05420422554016113
0.0 0.0 0.0
0.0 0.0 0.0
0.019048340618610382 0.00354042649269104 0.011662781238555908
0.014267772436141968 0.006929710507392883 0.0
0.0 0.0013212114572525024 0.0
0.0 0.0 0.0
0.0 0.01544836163520813 0.0
0.0 0.011957749724388123 0.0
0.004070736467838287 0.01652728021144867 0.0
0.008126035332679749 0.030687406659126282 0.0
0.01408587396144867 0.011737093329429626 0.0
0.0 0.01595097780227661 0.0
0.0 0.02241547405719757 0.0
0.0 0.04053467512130737 0.0
0.02152693271636963 0.051792919635772705 0.013218104839324951
0.022082343697547913 0.022648930549621582 0.0
0.0 0.02923029661178589 0.0
0.0 0.05214378237724304 0.0
0.0 0.043874263763427734 0.0
0.0 0.03262355923652649 0.0
0.0 0.03451716899871826 0.0
0.0 0.040700435638427734 0.0013723373413085938
0.0 0.04179498553276062 0.017887592315673828
0.020457565784454346 0.01874363422393799 0.034300386905670166
0.007014855742454529 0.014733195304870605 0.023791909217834473
0.0 0.017088234424591064 0.011057734489440918
0.0 0.0031351447105407715 0.01216202974319458
0.0 0.005396068096160889 0.0135040283203125
0.0 0.0 0.026667296886444092
0.0 0.00437551736831665 0.05029410123825073
0.0 0.0 0.07208186388015747
0.0 0.0 0.08255094289779663
0.0 0.0 0.07920843362808228
0.0 0.0 0.07664108276367188
0.0 0.0 0.08704835176467896
0.0 0.0 0.10530745983123779
0.0 0.0 0.10521775484085083
0.0 0.0 0.09633511304855347
0.0 0.0 0.05665123462677002
0.0 0.0 0.022290349006652832
0.0 0.0 0.021761834621429443
0.0 0.0 0.024881482124328613
0.0 0.0 0.03203773498535156
0.006484251469373703 0.0 0.03869146108627319
0.0 0.0 0.03183317184448242
0.0 0.0 0.016915202140808105
0.0 0.00491487979888916 0.008117437362670898
0.007115606218576431 0.007522493600845337 0.007675349712371826
0.007437888532876968 0.015710413455963135 0.03009122610092163
0.03470989316701889 0.0 0.012886762619018555
0.002688352018594742 0.0 0.0
0.0 0.020820319652557373 0.001271069049835205
0.03987014293670654 0.013781562447547913 0.017839908599853516
0.031143486499786377 0.0026412904262542725 0.0
0.005119189620018005 0.0038142353296279907 0.0
0.005264893174171448 0.004102364182472229 0.0
0.0 0.01838211715221405 0.0
0.0 0.011626273393630981 0.0
0.0 0.012460589408874512 0.0
0.0 0.017844974994659424 0.0
0.004172399640083313 0.012455686926841736 0.0
0.004942581057548523 0.014195933938026428 0.0
0.0 0.0030974596738815308 0.0
0.0 0.0046235620975494385 0.0
0.0 0.007607489824295044 0.0
0.0 0.0188596248626709 0.011361360549926758
0.007476925849914551 0.024408340454101562 0.015223205089569092
0.00514337420463562 0.016256660223007202 0.0012613534927368164
0.0 0.019904494285583496 0.0
0.0 0.013712495565414429 0.0
0.0 0.017208188772201538 0.008823215961456299
0.0 0.01208159327507019 0.017847955226898193
0.0 0.017189472913742065 0.01851189136505127
0.0 0.010038793087005615 0.023974120616912842
0.0010027289390563965 0.005615144968032837 0.043060362339019775
0.0022942274808883667 0.004343509674072266 0.05484163761138916
0.0029356181621551514 0.0 0.05617457628250122
0.005075424909591675 0.0 0.051798880100250244
0.0 0.0 0.03825366497039795
0.0 0.0 0.02346634864807129
0.0 0.0 0.010932445526123047
0.0 0.0 0.00790548324584961
0.0 0.0 0.0023182034492492676
0.0 0.0 0.0
0.0 0.0 0.0
0.0 0.0 0.0
0.0 0.0 0.00160980224609375
0.0 0.0 0.006155848503112793
0.0 0.0 0.005339264869689941
0.0 0.0 0.011435329914093018
0.0 0.0 0.022938787937164307
0.0 0.0 0.022871553897857666
0.0 0.0 0.009259700775146484
0.0 0.008200615644454956 0.0
0.0 0.0 0.0
0.0 0.0050871968269348145 0.0
0.0008176825940608978 0.013059347867965698 0.0
0.0 0.026855438947677612 0.0
0.008895449340343475 0.016019314527511597 0.0
0.0 0.006693005561828613 0.0
0.0 0.004720479249954224 0.0
0.0 0.006600707769393921 0.006854534149169922
0.0 0.002611696720123291 0.018167972564697266
0.0 0.001824408769607544 0.028479695320129395
0.0 0.004758596420288086 0.03280156850814819
0.0 0.002339392900466919 0.03420668840408325
0.0 0.0033191144466400146 0.0431133508682251
0.0 0.0 0.04765361547470093
0.0 0.0 0.01965200901031494
0.0 0.01820388436317444 0.008649468421936035
0.0 0.0 0.0
0.0 0.0 0.0013099908828735352
0.0 0.0 0.026956558227539062
0.0 0.0 0.10055029392242432
0.0 0.0 0.1005505919456482
0.0 0.0 0.0655754804611206
0.0 0.0 0.06842982769012451
0.006107926368713379 0.0 0.11465221643447876
0.03275301679968834 0.018883973360061646 0.14975124597549438
0.07893936336040497 0.0 0.18433791399002075
0.029743071645498276 0.0 0.1298161745071411
0.045056626200675964 0.0 0.09176856279373169
0.1249786764383316 0.04978093504905701 0.197148859500885
0.18414628505706787 0.07204484939575195 0.15419787168502808
0.11634299159049988 0.08359292149543762 0.021388769149780273
0.05681633949279785 0.1335698962211609 0.0
0.12704217433929443 0.08554095029830933 0.013373494148254395
0.12291979789733887 0.13445967435836792 0.054363131523132324
0.10374504327774048 0.26836150884628296 0.0
0.031593918800354004 0.2654908299446106 0.0
0.0 0.2363365888595581 0.0
0.0 0.12716683745384216 0.0
0.000606536865234375 0.03193306922912598 0.0
0.025058627128601074 0.0 0.0
0.0 0.0 0.0
0.0 0.0017015635967254639 0.0
0.0 0.09880173206329346 0.0
0.0 0.18269217014312744 0.0
0.0 0.2034936249256134 0.0
0.0 0.07301151752471924 0.0
0.0 0.0 0.0
0.0 0.0 0.0
0.0 0.0 0.19650578498840332
0.0 0.0 0.39481282234191895
0.0 0.0 0.32894086837768555
0.0 0.0867166817188263 0.13161087036132812
0.0 0.2347690463066101 0.0
0.0 0.3649027645587921 0.0
0.0 0.33787116408348083 0.0
0.0 0.3389279544353485 0.0
0.0 0.3622552454471588 0.0
0.0 0.3579092025756836 0.0
0.0 0.37057679891586304 0.0
0.0 0.39320898056030273 0.07784074544906616
0.0 0.3492594063282013 0.10284256935119629
0.0 0.32576316595077515 0.05028176307678223
0.0 0.3387085199356079 0.04458951950073242
0.0 0.3303549289703369 0.027115225791931152
0.0 0.3241104483604431 0.06964462995529175
0.0 0.2832164764404297 0.13002198934555054
0.0 0.2506049871444702 0.19879472255706787
0.0 0.21810626983642578 0.23763608932495117
0.0 0.1673659086227417 0.13430273532867432
0.0 0.18359941244125366 0.20019465684890747
0.0 0.16421079635620117 0.16763854026794434
0.0 0.1381676197052002 0.18345797061920166
0.0 0.14841973781585693 0.1846534013748169
0.0 0.1859390139579773 0.1495143175125122
0.0 0.1259651780128479 0.2036920189857483
0.0 0.1524081826210022 0.10068345069885254
0.0 0.11362338066101074 0.11032748222351074
0.0 0.10625654458999634 0.12481510639190674
0.0 0.04671591520309448 0.1285719871520996
0.0 0.08613419532775879 0.08931183815002441
0.0 0.10184943675994873 0.07372957468032837
0.0 0.03158193826675415 0.08147668838500977
0.0 0.03083348274230957 0.06348073482513428
0.0 0.011439800262451172 0.06990492343902588
0.0 0.027393341064453125 0.036769986152648926
0.0 0.07863742113113403 0.0
0.0 0.08442950248718262 0.0
0.00817883014678955 0.042557716369628906 0.045753419399261475
0.010710299015045166 0.034524619579315186 0.0
0.025912702083587646 0.0 0.05235135555267334
0.0029927492141723633 0.0018154382705688477 0.06651824712753296
0.00018197298049926758 0.05443739891052246 0.043450236320495605
0.01222848892211914 0.02521735429763794 0.035418152809143066
0.03405874967575073 0.03827011585235596 0.0673338770866394
0.042363524436950684 0.020456552505493164 0.09437823295593262
0.002398371696472168 0.04722285270690918 0.03553211688995361
0.0 0.06535136699676514 0.0
0.0 0.047286152839660645 0.0
0.05320018529891968 0.0 0.09647095203399658
0.045259952545166016 0.0 0.21100759506225586
0.0 0.03248625993728638 0.15168654918670654
0.0 0.06836572289466858 0.0
0.0 0.006063282489776611 0.0020866990089416504
0.01342153549194336 0.0 0.1610087752342224
0.008969277143478394 0.0 0.1469128131866455
0.0 0.023118197917938232 0.02566838264465332
0.0 0.009112447500228882 0.0
0.0 0.0009922981262207031 0.025656044483184814
0.041753023862838745 0.014274686574935913 0.06259429454803467
0.049694180488586426 0.05048859119415283 0.08602792024612427
0.07189564406871796 0.026054561138153076 0.02705848217010498
0.019946247339248657 0.026487648487091064 0.0
0.02594037353992462 0.04316100478172302 0.02970665693283081
0.060199588537216187 0.030371293425559998 0.08520126342773438
0.026732534170150757 0.02943529188632965 0.040482938289642334
0.0 0.002844080328941345 0.0
0.0 0.04110826551914215 0.0
0.008794955909252167 0.02345682680606842 0.0
0.012628134340047836 0.03477320075035095 0.0
0.0 0.01583416759967804 0.0
0.0 0.0 0.0
0.0 0.0 0.0
0.0 0.0 0.0
0.0 0.011340569704771042 0.0
0.0 0.0 0.0
0.06692349165678024 0.13702240586280823 0.0
0.0 0.0 0.0
0.029851339757442474 0.24796134233474731 0.0
0.0 0.06790795922279358 0.0
0.0 0.03246097266674042 0.0
0.0 0.0 0.0
0.0 0.013629503548145294 0.0
0.0 0.013841979205608368 0.0
0.0 0.01696687936782837 0.0
0.0 0.016033396124839783 0.014403700828552246
0.0 0.0 0.026533305644989014
0.0 0.0 0.012541770935058594
0.0 0.008940864354372025 0.028461575508117676
0.018174033612012863 0.004719194024801254 0.042822301387786865
0.016588851809501648 0.0 0.04764634370803833
0.0 0.029335610568523407 0.022346079349517822
0.0 0.054478272795677185 0.052835941314697266
0.02437388151884079 0.0 0.024027705192565918
0.0 0.008740350604057312 0.0
0.01156608760356903 0.0 0.016482234001159668
0.01173398643732071 0.0 0.0
0.002493061125278473 0.0 0.0041956305503845215
0.006884075701236725 0.015523083508014679 0.0033934712409973145
0.0143604576587677 0.02048201858997345 0.0
0.0 0.02224031090736389 0.0
0.017315223813056946 0.009067520499229431 0.0023496150970458984
0.005544304847717285 0.019582495093345642 0.008878648281097412
0.013980835676193237 0.002035483717918396 0.026245415210723877
0.0 0.0035778209567070007 0.0031804442405700684
0.0 0.0 0.0018579959869384766
0.0037640556693077087 0.01612156629562378 0.0
0.017231866717338562 0.0143527090549469 0.013317286968231201
0.007095515727996826 0.006936252117156982 0.03638118505477905
0.0 0.004973903298377991 0.02933478355407715
0.0 0.0 0.03627961874008179
0.0 0.004196003079414368 0.0015636086463928223
0.0 0.0 0.00785297155380249
0.012891501188278198 0.0005023926496505737 0.027590811252593994
0.01197725534439087 0.0 0.007156074047088623
0.0 0.002643495798110962 0.0
0.0 0.008933603763580322 0.0
0.009485185146331787 0.020395413041114807 0.0
0.01166793704032898 0.014622583985328674 0.0025118589401245117
0.005639016628265381 0.009177953004837036 0.0
0.009389519691467285 0.006833165884017944 0.0
0.0020563602447509766 0.0 0.0
0.00201532244682312 0.00552581250667572 0.0
0.0 0.006120771169662476 0.0026637911796569824
0.0013922303915023804 0.0 0.0
0.001782238483428955 0.004966825246810913 0.008652925491333008
0.005490779876708984 0.0 0.014043807983398438
0.0 0.003653690218925476 0.012282490730285645
0.0 0.0005728304386138916 0.015652179718017578
0.0 0.0006984472274780273 0.014366865158081055
0.0 0.004522278904914856 0.019122302532196045
0.0 0.004965603351593018 0.016055583953857422
0.0 0.0018585771322250366 0.009838104248046875
0.00499647855758667 0.0 0.02962714433670044
0.0 0.0 0.023572266101837158
0.0 0.0 0.017118453979492188
0.0 0.0027505606412887573 0.024378657341003418
0.005622774362564087 0.0 0.017778217792510986
0.0025332868099212646 0.0021944046020507812 0.011060595512390137
0.0 0.0 0.014134109020233154
0.0 0.0 0.0212785005569458
0.0 0.0 0.018659234046936035
0.0 0.008445069193840027 0.008120298385620117
0.0 0.0024507641792297363 0.0
0.0 0.0005540251731872559 0.0
0.016196131706237793 0.013220638036727905 0.07613927125930786
0.04160486161708832 0.0 0.0
0.0 0.016921356320381165 0.0
0.0 0.039186030626297 0.0
0.0 0.02828754484653473 0.0
0.0 0.008620336651802063 0.0
0.0 0.0 0.0
