0.018935294821858406 0.036944180727005005 0.0
0.017063364386558533 0.03995707631111145 0.016036510467529297
0.03442319482564926 0.0214918851852417 0.022734403610229492
0.0050679761916399 0.018866419792175293 0.0026007890701293945
0.0 0.008667051792144775 0.0
0.0 0.0 0.0
0.0 0.0 0.0
0.0 0.0 0.0
0.0 0.0 0.0
0.0 0.015072047710418701 0.0002052783966064453
0.008887754753232002 0.01922816038131714 0.0030965805053710938
0.01744319498538971 0.015554487705230713 0.007586956024169922
0.00811031088232994 0.006195396184921265 0.01096963882446289
0.005391985177993774 0.0 0.01662987470626831
0.010512886568903923 0.0017921924591064453 0.016119539737701416
0.01718907430768013 0.01481214165687561 0.012851417064666748
0.019760187715291977 0.01931077241897583 0.005531787872314453
0.001806771382689476 0.01002553105354309 0.0
0.0 0.003084927797317505 0.0
0.0 0.0 0.00040018558502197266
0.0 0.0 0.01168590784072876
0.0 0.0 0.016116023063659668
0.0 0.0 0.014979362487792969
0.0025401003658771515 0.0 0.012348830699920654
0.00014426931738853455 0.0 0.012502431869506836
0.004691047593951225 0.004586666822433472 0.00794750452041626
0.008153453469276428 0.008362144231796265 0.002976536750793457
0.007576378062367439 0.011790573596954346 0.006016254425048828
0.01293649896979332 0.0058772265911102295 0.009244024753570557
0.008112380281090736 0.007572978734970093 0.011526763439178467
0.004759935662150383 0.004198282957077026 0.0
0.0065772682428359985 0.0012206435203552246 0.005589187145233154
0.0055626630783081055 0.0 0.008751094341278076
0.0030030719935894012 0.0 0.005588710308074951
0.0030016060918569565 0.0 0.0036929845809936523
0.0 0.0045722126960754395 0.0035968422889709473
0.004415944218635559 0.002631157636642456 0.007032513618469238
0.005391044542193413 0.009593367576599121 0.008887827396392822
0.004768798127770424 0.006964921951293945 0.011087000370025635
0.0023174863308668137 0.0 0.012256920337677002
0.0007276237010955811 0.00032639503479003906 0.00969761610031128
0.012605540454387665 0.0 0.007445096969604492
0.007774485275149345 0.0 0.012120485305786133
0.01276019960641861 0.0 0.012787997722625732
0.0 0.0 0.0031251907348632812
0.0 0.003765285015106201 0.0
0.0 0.0021465420722961426 0.0007510781288146973
0.0 0.00695076584815979 0.0
0.0 0.006177753210067749 0.0
0.004842434078454971 0.0 0.013987064361572266
0.004821889102458954 0.0 0.014545083045959473
0.0028464682400226593 0.0 0.01623213291168213
0.01128353551030159 0.0 0.02368980646133423
0.003977099433541298 0.0 0.01978921890258789
0.0 0.0032570362091064453 0.005087912082672119
0.0 0.003393232822418213 0.0
0.001934301108121872 0.008877545595169067 0.0
0.007003266364336014 0.005391299724578857 0.0
0.00144108384847641 0.0032670199871063232 0.0
0.0 0.0 0.0
0.0 0.0 0.008719921112060547
0.0 0.0 0.0179407000541687
0.0 0.0 0.022408783435821533
0.0 0.0 0.017465829849243164
0.0 0.0 0.016974270343780518
0.009591057896614075 0.0 0.008723258972167969
0.0041867271065711975 0.005060166120529175 0.0025798678398132324
0.0 0.007944107055664062 0.0
0.005051767453551292 0.012163639068603516 0.0
0.007468950003385544 0.013320088386535645 0.0
0.00011747796088457108 0.006382852792739868 0.0013262629508972168
0.003225015476346016 0.007406651973724365 0.008575439453125
0.002966254949569702 0.0019253790378570557 0.012378334999084473
0.0 0.0002091526985168457 0.009469389915466309
0.0005576927214860916 0.006224930286407471 0.0
0.004147062078118324 0.01129123568534851 0.0
0.0011767512187361717 0.0029740333557128906 0.0013194084167480469
0.0010684635490179062 0.0007477998733520508 0.008675992488861084
0.011901922523975372 0.0006215870380401611 0.015708744525909424
0.01125266682356596 0.0056909918785095215 0.014493405818939209
0.013679085299372673 0.00713154673576355 0.005243480205535889
0.004258638247847557 0.00019478797912597656 0.00030869245529174805
0.0 0.0013567805290222168 0.0015825629234313965
0.004547995515167713 0.004487127065658569 0.006606936454772949
0.0030498774722218513 0.0 0.010618925094604492
0.0 0.0 0.011151134967803955
0.0 0.0 0.007483720779418945
0.0 0.003943800926208496 0.008513033390045166
0.0 0.0 0.001061558723449707
0.006356606259942055 0.008936762809753418 0.0
0.008200222626328468 0.012556880712509155 0.0
0.004531459882855415 0.011881321668624878 0.002743363380432129
0.006741825491189957 0.0019644498825073242 0.007881700992584229
0.01597898080945015 0.0 0.011699557304382324
0.013375336304306984 0.007928133010864258 0.003908634185791016
0.008497999981045723 0.0036784708499908447 0.007161557674407959
0.0 0.014357835054397583 0.009170234203338623
0.0 0.005804896354675293 0.0032421350479125977
0.0 0.00199928879737854 0.0
0.0031645288690924644 0.002087503671646118 0.0
0.013589129783213139 0.001677781343460083 0.009241104125976562
0.0040760338306427 0.0 0.009436726570129395
0.0 0.0 0.008444130420684814
0.0 0.0 0.015236198902130127
0.0 0.0006572306156158447 0.017264842987060547
0.0021828748285770416 0.0018111765384674072 0.009854137897491455
0.006678992882370949 0.010147958993911743 0.005032360553741455
0.0029717721045017242 0.010577529668807983 0.00034862756729125977
0.0 0.007834076881408691 0.0
0.0 0.0 0.0
0.0 0.0 0.006629824638366699
0.0018658917397260666 0.0 0.010118246078491211
0.003970401361584663 0.0 0.011910080909729004
0.0023626573383808136 0.0 0.007128715515136719
0.003934357315301895 0.0008241534233093262 0.0016291141510009766
0.0 0.009153604507446289 0.001436769962310791
0.0038942378014326096 0.011059403419494629 0.0
0.008832307532429695 0.014490664005279541 0.0002589225769042969
0.006752688437700272 0.008163690567016602 0.00480729341506958
0.000910446047782898 0.003428548574447632 0.00500643253326416
0.0 0.001458585262298584 0.00736391544342041
0.0 0.0 0.0019283890724182129
0.0 0.0 0.0
0.0 0.0 0.0036777257919311523
0.0 0.00047025084495544434 0.0028600096702575684
0.0 0.0022349655628204346 0.005703389644622803
0.0 0.0 0.006368041038513184
0.0 0.0 0.004115104675292969
0.0025475025177001953 0.00037986040115356445 0.0009873509407043457
0.001276424154639244 0.010800689458847046 0.0032052993774414062
0.005405602976679802 0.005277812480926514 0.0014031529426574707
0.007804827764630318 0.000981360673904419 0.0022496581077575684
0.007358502596616745 0.005878061056137085 0.005378603935241699
0.007768359035253525 0.0024578869342803955 0.006387889385223389
0.004303593188524246 0.0001874864101409912 0.00870823860168457
0.0 0.0 0.0040038228034973145
0.0 0.0015839040279388428 0.005764424800872803
0.0 0.0008860230445861816 0.004559695720672607
0.0 0.0051267147064208984 0.005772411823272705
0.0 0.002069324254989624 0.011305510997772217
0.005954422056674957 0.007108062505722046 0.013109207153320312
0.01655481941998005 0.011468380689620972 0.005548715591430664
0.020018277689814568 0.02652078866958618 0.005047142505645752
0.04143538326025009 0.023754596710205078 0.0
0.05771179497241974 0.033755987882614136 0.008030176162719727
0.04606233164668083 0.04689723253250122 0.0
0.04603949189186096 0.04976034164428711 0.0
0.03788900747895241 0.03671151399612427 0.0
0.040683601051568985 0.03446918725967407 0.0
0.029154758900403976 0.02544984221458435 0.0
0.0 0.0 0.0
0.0 0.0 0.0
0.0 0.0 0.0
0.0 0.0 0.021455883979797363
0.0 0.0 0.024721801280975342
0.0 0.0 0.01668393611907959
0.0 0.0 0.014165997505187988
0.0 0.0 0.023192942142486572
0.0 0.0 0.029987633228302002
0.0011816099286079407 0.004567384719848633 0.026755332946777344
0.0 0.0 0.014498472213745117
0.0 0.0 0.007803559303283691
0.0 0.0 0.007786929607391357
0.0 0.0 0.008749783039093018
0.0 0.0 0.009103655815124512
0.0 0.0 0.009124219417572021
0.0 0.0 0.012642979621887207
0.0 0.0 0.012967944145202637
0.0 0.0 0.010020911693572998
0.0 0.0 0.009758591651916504
0.0 0.001346588134765625 0.0005047917366027832
0.0 0.0045486390590667725 0.0
0.004844091832637787 0.011533528566360474 0.0
0.01720329001545906 0.012559264898300171 0.0
0.016165871173143387 0.013960927724838257 0.0
0.020940355956554413 0.017673015594482422 0.0
0.029878100380301476 0.02171209454536438 0.0
0.03500596061348915 0.03086531162261963 0.0
0.043617039918899536 0.04622331261634827 0.0
0.05093953758478165 0.04991859197616577 0.0
0.045842453837394714 0.05262920260429382 0.0
0.05864887684583664 0.04170837998390198 0.0
0.049600135535001755 0.03598847985267639 0.006896555423736572
0.03325364738702774 0.027082085609436035 0.019656777381896973
0.016748620197176933 0.01152750849723816 0.02033054828643799
0.0 0.0 0.007289767265319824
0.0 0.0 0.008552968502044678
0.0 0.0 0.015405893325805664
0.0 0.0 0.02139824628829956
0.0 0.0 0.010113000869750977
0.0 0.0 0.0
0.0 0.0 0.0
0.0 0.0 0.0
0.0 0.005179792642593384 0.00043004751205444336
0.004258483648300171 0.0008594989776611328 0.0022497177124023438
0.016635682433843613 0.0017536580562591553 0.008787095546722412
0.008734628558158875 0.0 0.010127365589141846
0.0 0.0 0.00437772274017334
0.0 0.0 0.011879146099090576
0.0 0.0 0.019280314445495605
0.0 0.0 0.019337594509124756
0.0 0.0 0.01563817262649536
0.0 0.0 0.014199674129486084
0.0 0.0 0.012647032737731934
0.0 0.0 0.008881628513336182
0.0 0.0 0.005339562892913818
0.0 0.0 0.007701516151428223
0.0 0.0 0.008355140686035156
0.0 0.0 0.0034373998641967773
0.0 0.005104392766952515 0.0004481673240661621
0.010528214275836945 0.004363447427749634 0.00915616750717163
0.018523769453167915 0.013288110494613647 0.015938401222229004
0.016261085867881775 0.0124644935131073 0.019517719745635986
0.019155528396368027 0.008860200643539429 0.022458255290985107
0.017185932025313377 0.009643882513046265 0.02271711826324463
0.019629335030913353 0.011649280786514282 0.020945250988006592
0.024580329656600952 0.012844234704971313 0.01682049036026001
0.026725903153419495 0.023431628942489624 0.005760848522186279
0.03224605694413185 0.02783268690109253 0.0
0.024859819561243057 0.03437301516532898 0.0
0.03494143858551979 0.034007251262664795 0.0
0.03512120619416237 0.03226703405380249 0.0
0.02743741124868393 0.023319989442825317 0.0
0.025170203298330307 0.028813481330871582 0.0
0.03428883105516434 0.0313531756401062 0.0
0.02496703714132309 0.03448650240898132 0.0
0.020511601120233536 0.02244439721107483 0.0
0.015355564653873444 0.02189287543296814 0.0
0.0033759549260139465 0.015089720487594604 0.002347409725189209
0.004033055156469345 0.006287723779678345 0.016271471977233887
0.003144107758998871 0.008935391902923584 0.017525792121887207
0.0013545602560043335 0.015344589948654175 0.0156669020652771
0.0 0.0128154456615448 0.006941258907318115
0.0 0.0031836330890655518 0.0028461813926696777
0.0 0.0 0.002570509910583496
0.0 0.0 0.005616545677185059
0.0 0.0 0.01239997148513794
0.00705418735742569 0.0 0.017469346523284912
0.0 0.00032389163970947266 0.013689637184143066
0.0 0.0 0.0
0.0 0.0 0.011647462844848633
0.0 0.0 0.027723073959350586
0.0 0.0 0.03205239772796631
0.0 0.0 0.023914754390716553
0.0 0.0 0.01964622735977173
0.0 0.0 0.01532280445098877
0.0 0.0 0.01789402961730957
0.0 0.0 0.0182570219039917
0.0 0.0 0.016934752464294434
0.0 0.0 0.01313561201095581
0.0 0.0018028616905212402 0.014064669609069824
0.010000117123126984 0.0005518496036529541 0.014309585094451904
0.010425232350826263 0.013513624668121338 0.00950610637664795
0.022180605679750443 0.010715186595916748 0.0
0.02375982329249382 0.02246794104576111 0.0
0.02734968811273575 0.03017890453338623 0.0
0.02338084951043129 0.04034525156021118 0.0
0.0327533595263958 0.03580808639526367 0.0
0.031902559101581573 0.038753777742385864 0.0
0.028223875910043716 0.019124835729599 0.0
0.03548743948340416 0.017275720834732056 0.0
0.020051725208759308 0.004652172327041626 0.016007423400878906
0.0 0.007751673460006714 0.021238863468170166
0.0 0.020657092332839966 0.0071108341217041016
0.007077403366565704 0.0 0.03487038612365723
0.0 0.02901044487953186 0.0
0.00842507928609848 0.0 0.023926615715026855
0.0025385767221450806 0.00416138768196106 0.0
0.0 0.0 0.0
0.0 0.0 0.0
0.0 0.0 0.013268887996673584
0.0 0.0 0.019508302211761475
0.0 0.0 0.021076202392578125
0.013014033436775208 0.0 0.019814610481262207
0.00898592546582222 0.004185318946838379 0.003275632858276367
0.008043542504310608 0.0069131553173065186 0.013732433319091797
0.011463236063718796 0.00852656364440918 0.0021355748176574707
0.0031102150678634644 0.009912341833114624 0.0
0.0 0.009309560060501099 0.0
0.009216293692588806 0.011947035789489746 0.005266308784484863
0.014925733208656311 0.004125535488128662 0.007276058197021484
0.01506694033741951 0.00857517123222351 0.006655633449554443
0.0006053000688552856 0.009314358234405518 0.0
0.0 0.007352501153945923 0.0
0.0 0.008879810571670532 0.0
0.0 0.0021691620349884033 0.0
0.0 0.00011110305786132812 0.0
0.0 0.0012050271034240723 0.008528470993041992
0.0 0.0 0.0
0.0 0.007404416799545288 0.0006006360054016113
0.0 0.0 0.0067372918128967285
0.007847312837839127 0.0 0.011325180530548096
0.0024816561490297318 0.0 0.021487116813659668
0.0063748955726623535 0.0 0.02491241693496704
0.005870155990123749 0.0015330016613006592 0.01709449291229248
0.003707338124513626 0.004344135522842407 0.011379539966583252
0.00021900981664657593 0.00532117486000061 0.004581451416015625
0.00011684000492095947 0.0038193464279174805 0.0
0.0036599747836589813 0.0016456544399261475 0.0
0.0 0.0 0.0
0.0 0.0 0.0
0.0 0.00016942620277404785 0.0
0.003867853432893753 0.0028009414672851562 0.001728057861328125
0.0 0.0010930299758911133 0.004582464694976807
0.0 0.0034219026565551758 0.0002601146697998047
0.0 0.00743556022644043 0.0
0.006966579705476761 0.004088550806045532 0.010723292827606201
0.006213892251253128 0.0 0.019318103790283203
0.0 0.0 0.014918982982635498
0.0 0.0 0.005071401596069336
0.0 0.0 0.0032592415809631348
0.0 0.0 0.009665310382843018
0.0 0.0 0.005390048027038574
0.0 0.0 0.0
0.0 0.0 0.027111530303955078
0.0127941332757473 0.0 0.02456223964691162
0.043945714831352234 0.00666692852973938 0.05874067544937134
0.009789802134037018 0.016570687294006348 0.013448238372802734
0.03607604652643204 0.07389000058174133 0.007777690887451172
0.03357255458831787 0.13283491134643555 0.021948397159576416
0.10090422630310059 0.17205572128295898 0.0
0.25786077976226807 0.2328268587589264 0.0
0.19809231162071228 0.2893814146518707 0.0
0.169023334980011 0.1950826644897461 0.0
0.056620001792907715 0.30897074937820435 0.0
0.1462618112564087 0.3027571439743042 0.0
0.15007436275482178 0.3149449825286865 0.0
0.09371864795684814 0.32973194122314453 0.0
0.043222248554229736 0.2805670201778412 0.0
0.0 0.08275341987609863 0.0
0.0 0.15033036470413208 0.0
0.0 0.11274251341819763 0.0
0.0 0.0 0.15389525890350342
0.0 0.0 0.6972146034240723
0.0 0.0 0.6570563316345215
0.0 0.07717949151992798 0.545426607131958
0.0 0.2111433744430542 0.46746826171875
0.0 0.3281460404396057 0.3852800130844116
0.0 0.24205076694488525 0.3243333101272583
0.0 0.21614402532577515 0.29448652267456055
0.0 0.21233826875686646 0.353316068649292
0.0 0.31230437755584717 0.35740572214126587
0.0 0.3988344669342041 0.3336447477340698
0.0 0.36320173740386963 0.3599900007247925
0.0 0.3188897371292114 0.41029465198516846
0.0 0.22417068481445312 0.48993152379989624
0.0 0.2559002637863159 0.5204257965087891
0.0 0.2981356978416443 0.5042479634284973
0.0 0.29127341508865356 0.4688812494277954
0.0 0.2426387071609497 0.3939228653907776
0.0 0.21812808513641357 0.33138251304626465
0.0 0.2565145492553711 0.26657819747924805
0.0 0.2805253863334656 0.20390701293945312
0.0 0.27761656045913696 0.1236981749534607
0.0 0.2346007525920868 0.03610682487487793
0.0 0.2027340531349182 0.0
0.0 0.19610267877578735 0.0
0.0 0.1944979876279831 0.0
0.00759204663336277 0.17826387286186218 0.0
0.026936495676636696 0.14582395553588867 0.0
0.01810641959309578 0.1218714714050293 0.0
0.00031880076858215034 0.0801905021071434 0.0
0.023339297622442245 0.04234367609024048 0.0
0.026305535808205605 0.014922082424163818 0.0
0.0 0.0003937184810638428 0.0
0.0 0.004141688346862793 0.0
0.0 0.008408129215240479 0.0
0.0 0.02467900514602661 0.0035935640335083008
0.0 0.033653900027275085 0.046775877475738525
0.007179822772741318 0.03865028917789459 0.0846824049949646
0.018190518021583557 0.03896820545196533 0.08997726440429688
0.0042449310421943665 0.03600560128688812 0.08496427536010742
0.002167060971260071 0.0213538259267807 0.07161104679107666
0.003267444670200348 0.0068941861391067505 0.05638080835342407
0.0 0.0 0.03932392597198486
0.008685819804668427 0.0 0.027708768844604492
0.007879503071308136 0.0 0.008549690246582031
0.003979064524173737 0.0 0.0
0.0 0.0 0.0
0.0 0.0 0.0
0.0 0.004647403955459595 0.0
0.006994254887104034 0.008817359805107117 0.0
0.0 0.012095808982849121 0.0
0.0 0.012286752462387085 0.0
0.006323330104351044 0.018858686089515686 0.004586517810821533
0.010963765904307365 0.016907140612602234 0.005985856056213379
0.00858532078564167 0.01270119845867157 0.004808247089385986
0.01359451375901699 0.01339748501777649 0.006280958652496338
0.007624007761478424 0.004556730389595032 0.005912065505981445
0.005314242094755173 0.008141517639160156 0.0072217583656311035
0.0005924422293901443 0.011793717741966248 0.006517171859741211
0.006813781335949898 0.006307348608970642 0.009583771228790283
0.0 0.004616051912307739 0.010862469673156738
0.008739974349737167 0.007105931639671326 0.016716063022613525
0.0 0.01269523799419403 0.00247800350189209
0.0 0.0033412277698516846 0.0
0.0 0.0 0.0
0.0 0.0008267462253570557 0.0
0.0 0.0012034326791763306 0.0021793246269226074
0.0 0.004549488425254822 0.006950557231903076
0.0005125235766172409 0.005279451608657837 0.00931096076965332
0.0 0.002722024917602539 0.008317112922668457
0.0 0.001346483826637268 0.004958987236022949
0.003936190158128738 0.005985185503959656 0.013188660144805908
0.00905481819063425 0.00464378297328949 0.01664113998413086
0.003732752986252308 0.013107240200042725 0.005702555179595947
0.005184058099985123 0.014019951224327087 0.0
0.0052542295306921005 0.010306581854820251 0.0
0.0023806579411029816 0.008301317691802979 0.0
0.0008424604311585426 0.003594428300857544 0.0
0.00034140516072511673 0.007718339562416077 0.003435373306274414
0.0018884893506765366 0.0 0.011941671371459961
0.0021140752360224724 0.00791388750076294 0.015911519527435303
0.0 0.009279415011405945 0.004588127136230469
0.0 0.0 0.0
0.0014766198582947254 0.009490728378295898 0.0
0.002584043424576521 0.011875361204147339 0.0
0.0 0.006018847227096558 0.0
0.004949412774294615 0.011224433779716492 0.005571722984313965
0.0 0.005152687430381775 0.0034347176551818848
0.0 0.005075886845588684 0.0
0.0 0.0008677393198013306 0.0
0.00742789451032877 0.00181657075881958 0.011576354503631592
0.007674751803278923 0.0 0.014562010765075684
0.0 0.0014002323150634766 0.004882097244262695
0.0 0.0047990381717681885 0.0
0.0 0.00744900107383728 0.0
0.0 0.008208498358726501 0.0
0.0 0.005244582891464233 0.004843175411224365
0.008633609861135483 0.004224076867103577 0.011597931385040283
0.0 0.003585129976272583 0.008310079574584961
0.0 0.006178349256515503 0.00869840383529663
0.0 0.0045937299728393555 0.005044460296630859
0.00370917865075171 0.011199623346328735 0.0017744898796081543
0.008888067677617073 0.009267151355743408 0.0
0.010461091063916683 0.011796116828918457 0.00402754545211792
0.009808696806430817 0.01096382737159729 0.006145894527435303
0.0 0.008859097957611084 0.005384087562561035
0.0017776397289708257 0.004568949341773987 0.01167219877243042
0.00762379402294755 0.006032735109329224 0.017176270484924316
0.0030211959965527058 0.008035123348236084 0.007787823677062988
0.0 0.01034092903137207 0.0
0.0 0.00597633421421051 0.0
0.0 0.005697786808013916 0.0
0.0 0.0025131553411483765 0.003078937530517578
0.0 0.0 0.006657302379608154
0.0 0.0 0.006187617778778076
0.0 0.0029468536376953125 0.001213371753692627
0.004561820067465305 0.010217726230621338 0.003044307231903076
0.01303949672728777 0.008951380848884583 0.0067008137702941895
0.010172361508011818 0.014288827776908875 0.010707736015319824
0.01349383033812046 0.010482549667358398 0.010696113109588623
0.016245830804109573 0.01007184386253357 0.0169408917427063
0.011640740558505058 0.010708346962928772 0.016723930835723877
0.0 0.016424760222434998 0.0
0.028487829491496086 0.03214024007320404 0.0
0.011071402579545975 0.06013399362564087 0.0
0.0 0.047428280115127563 0.0
0.0 0.03813013434410095 0.0
0.0 0.028565019369125366 0.0
0.0 0.028505682945251465 0.0
0.0 0.04465663433074951 0.0
0.0 0.04457896947860718 0.0
0.0 0.04210361838340759 0.0
0.0 0.028148621320724487 0.0008208751678466797
0.0 0.01740163564682007 0.05234026908874512
0.0 0.00925406813621521 0.09867149591445923
0.0 0.006146162748336792 0.13553571701049805
0.0 0.0044404566287994385 0.14845067262649536
0.0 0.0 0.1552402377128601
0.0 0.0 0.1546664834022522
0.0 0.0 0.15697860717773438
0.0 0.0 0.1479608416557312
0.0 0.0 0.130609393119812
0.0 0.0 0.117642343044281
0.0 0.0 0.10037863254547119
0.0 0.0 0.0721619725227356
0.0 0.0 0.04615914821624756
0.0 0.0 0.026010870933532715
0.0 0.0 0.010373592376708984
0.000921410508453846 0.0 0.0022065043449401855
0.011468343436717987 0.0071201324462890625 0.0
0.009150547906756401 0.008523225784301758 0.0
0.010454300791025162 0.011388182640075684 0.0
0.004881571978330612 0.031151562929153442 0.0
0.009719852358102798 0.03141659498214722 0.0
0.010955743491649628 0.01977279782295227 0.0
0.0 0.02225320041179657 0.0
0.0038068480789661407 0.02182804048061371 0.0
0.000894501805305481 0.03785786032676697 0.0
0.0031898915767669678 0.036311328411102295 0.0
0.0 0.019726961851119995 0.0
0.0 0.023424386978149414 0.0
0.0 0.02088835835456848 0.0
0.0 0.02038303017616272 0.0
0.0 0.036968886852264404 0.0
0.0 0.04061645269393921 0.0
0.0 0.03890064358711243 0.01264125108718872
0.0 0.030438721179962158 0.026228904724121094
0.0 0.02175113558769226 0.05134570598602295
0.0 0.02347281575202942 0.06617140769958496
0.0 0.01361703872680664 0.07507479190826416
0.006430516019463539 0.004038482904434204 0.09318655729293823
0.006920967251062393 0.0 0.11139088869094849
0.01397784799337387 0.0 0.1184152364730835
0.014705359935760498 0.0 0.11218452453613281
0.021238651126623154 0.0 0.10957342386245728
0.017352141439914703 0.002659320831298828 0.10089290142059326
0.004741322249174118 0.0 0.08676779270172119
0.0 0.0 0.06974852085113525
0.0 0.0 0.061577558517456055
0.0011130087077617645 0.0 0.050203680992126465
0.002779553644359112 0.0 0.037079453468322754
0.0 0.0 0.022081077098846436
0.0 0.0020192861557006836 0.003032505512237549
0.0 0.010543346405029297 0.0
0.003547957167029381 0.008029311895370483 0.0
0.0 0.004046022891998291 0.0
0.0 0.009236842393875122 0.0
0.00453549437224865 0.00807926058769226 0.0
0.0017182379961013794 0.005801022052764893 0.0
0.0 0.00571712851524353 0.0
0.0 0.00915980339050293 0.0
0.0 0.009894222021102905 0.0
0.0 0.00811585783958435 0.0
0.0 0.025016218423843384 0.0
0.0 0.049065858125686646 0.0
0.0 0.03927171230316162 0.0
0.0 0.020156174898147583 0.0
0.0 0.010044693946838379 0.0
0.0 0.01603606343269348 0.0
0.0 0.019223123788833618 0.022597014904022217
0.0009676516056060791 0.023277729749679565 0.03902560472488403
0.0020011672750115395 0.018075168132781982 0.04669594764709473
0.0 0.017466485500335693 0.05403512716293335
0.009522663429379463 0.013102978467941284 0.07094794511795044
0.011278906837105751 0.01633232831954956 0.08943831920623779
0.010758019052445889 0.010669350624084473 0.09776103496551514
0.009712270461022854 0.0 0.09631472826004028
0.012766167521476746 0.0 0.08286941051483154
0.017871998250484467 0.0068399012088775635 0.07092863321304321
0.01894306391477585 0.007076948881149292 0.05953776836395264
0.020138246938586235 0.003074467182159424 0.056195735931396484
0.011221283115446568 0.0 0.04426133632659912
0.0003287559375166893 0.0 0.035183072090148926
0.0 0.0 0.023997724056243896
0.00299729872494936 0.0 0.028035223484039307
0.0 0.0 0.018366217613220215
0.0 0.0 0.00802469253540039
0.0 0.0010961592197418213 0.0
0.0 0.0 0.0
0.0 0.0 0.0
0.0038824938237667084 0.003264307975769043 0.0
0.0009856820106506348 0.006652474403381348 0.0
0.0 0.013348937034606934 0.0
0.0 0.011534839868545532 0.0
0.00012733787298202515 0.010813921689987183 0.0
0.0 0.01662653684616089 0.0
0.0 0.009782969951629639 0.0
0.0 0.010008484125137329 0.0
0.0 0.005833357572555542 0.0
0.0 0.018747478723526 0.0
0.0 0.023532122373580933 0.0
0.0 0.012813180685043335 0.0
0.0 0.01028469204902649 0.0
0.0 0.020339518785476685 0.0
0.0 0.02191704511642456 0.005056023597717285
0.0 0.026491522789001465 0.015136659145355225
0.0 0.022539794445037842 0.027051687240600586
0.0005815848708152771 0.013559967279434204 0.025718867778778076
0.0026222867891192436 0.011406183242797852 0.035330355167388916
0.008997667580842972 0.01470997929573059 0.04899871349334717
0.010813215747475624 0.00912979245185852 0.059751808643341064
0.012924760580062866 0.004554718732833862 0.07344025373458862
0.0001415824517607689 0.0018712282180786133 0.06849104166030884
0.0 0.0 0.06617635488510132
0.0 0.0 0.061347126960754395
0.004461954347789288 0.0019290447235107422 0.06203866004943848
0.005400815978646278 0.0 0.05860733985900879
0.004092362709343433 0.0 0.05773824453353882
0.01349902618676424 0.0 0.06107652187347412
0.012936959974467754 0.0 0.044964373111724854
0.006302061025053263 0.0 0.028182566165924072
0.0070310328155756 0.0 0.014882445335388184
0.002079704776406288 0.0 0.0
0.0 0.0015098750591278076 0.0
0.0 0.002486109733581543 0.0
0.0044324398040771484 0.010179460048675537 0.0
0.004561437293887138 0.010157853364944458 0.0
0.002968220040202141 0.010463744401931763 0.0
0.003718862310051918 0.004504144191741943 0.0
0.0 0.021625831723213196 0.0
0.0 0.011487454175949097 0.0
0.0 0.003969162702560425 0.0
0.0 0.0 0.0
0.0 0.0 0.0
0.0 0.03510180115699768 0.0
0.0 0.034181147813797 0.0
0.001887250691652298 0.025434494018554688 0.0
0.0029122866690158844 0.015845656394958496 0.0
0.0 0.0 0.0
0.0 0.016609400510787964 0.0
0.0 0.025423437356948853 0.025082945823669434
0.0 0.01195293664932251 0.03843820095062256
0.009994891472160816 0.019022494554519653 0.05341416597366333
0.02042289637029171 0.016718775033950806 0.06284850835800171
0.007989910431206226 0.023151248693466187 0.06543731689453125
0.00040613673627376556 0.009776532649993896 0.06657266616821289
0.0007424764335155487 0.0034613311290740967 0.06514698266983032
0.006091928109526634 0.007026970386505127 0.06652754545211792
0.01753953844308853 0.0 0.07001388072967529
0.019985446706414223 0.0042380690574646 0.06551170349121094
0.014897311106324196 0.0020125508308410645 0.042082369327545166
0.005375595763325691 0.0020468831062316895 0.025784194469451904
0.0014137388207018375 0.0033675432205200195 0.01859992742538452
0.0 0.0 0.010010123252868652
0.001587003469467163 0.0033857226371765137 0.010058462619781494
0.004321020096540451 0.0 0.009247064590454102
0.0 0.0 0.0
0.0 0.0 0.0
0.0 0.0 0.0
0.0 0.0003936886787414551 0.0
0.0 0.0015054643154144287 0.0
0.0 0.005020469427108765 0.0
0.0 0.0048484206199646 0.0
0.0 0.005548059940338135 0.0
0.004513729363679886 0.01182091236114502 0.0
0.007089875638484955 0.02282389998435974 0.0
0.008769970387220383 0.026703983545303345 0.0
0.00600636750459671 0.019190937280654907 0.0
0.0 0.01735818386077881 0.0
0.0 0.015389174222946167 0.0
0.0 0.014970868825912476 0.0
0.0 0.00562092661857605 0.0
0.0 0.009963035583496094 0.004093527793884277
0.0 0.007672518491744995 0.00841987133026123
0.0 0.017408907413482666 0.01673990488052368
0.0 0.014580219984054565 0.016509592533111572
0.0 0.016175031661987305 0.01483464241027832
0.0 0.014323562383651733 0.019347012042999268
0.0 0.009802669286727905 0.022580206394195557
0.0 0.009602218866348267 0.03036046028137207
0.0034032603725790977 0.008520007133483887 0.045188963413238525
0.004762627184391022 0.0073206424713134766 0.055873870849609375
0.007645753212273121 0.004848003387451172 0.05868816375732422
0.0 0.011439144611358643 0.04795992374420166
0.0021215667948126793 0.004955917596817017 0.039326608180999756
0.007801714353263378 0.005223572254180908 0.03197002410888672
0.009173216298222542 0.0 0.022865712642669678
0.0052544414065778255 0.0 0.02245640754699707
0.001410442404448986 0.0 0.026786863803863525
0.0055620670318603516 0.0008639395236968994 0.025951921939849854
0.009279144927859306 0.0 0.031526803970336914
0.0064854808151721954 0.0 0.025355994701385498
0.0013405382633209229 0.0 0.019595086574554443
0.005321729928255081 0.00237467885017395 0.013592302799224854
0.008413910865783691 0.0033411383628845215 0.005503535270690918
0.001869652420282364 0.007216691970825195 0.0
0.0 0.009347677230834961 0.0
0.0 0.007812052965164185 0.0
0.0 0.002478301525115967 0.0
0.0 0.007674187421798706 0.0
0.0 0.005008041858673096 0.0
0.0 0.0027179718017578125 0.0
0.0 0.0054108500480651855 0.0
0.0 0.0 0.0
0.0 0.0027647316455841064 0.0
0.0 0.008465677499771118 0.0
0.004582688212394714 0.01528620719909668 0.0
0.0 0.026328831911087036 0.0
0.0 0.022082895040512085 0.0
0.0 0.010234564542770386 0.0
0.0 0.005508214235305786 0.0
0.0 0.008674055337905884 0.0
0.0 0.007980197668075562 0.0
0.003410227596759796 0.0112018883228302 0.0048694610595703125
0.0031386390328407288 0.011872261762619019 0.019549667835235596
0.007123805582523346 0.011202037334442139 0.031762003898620605
0.01010366901755333 0.009255290031433105 0.04608273506164551
0.009804369881749153 0.0030032694339752197 0.049939632415771484
0.013155937194824219 0.008226007223129272 0.047934770584106445
0.011391554027795792 0.009305298328399658 0.037048935890197754
0.0006789043545722961 0.0035139918327331543 0.01764047145843506
0.0 0.009444773197174072 0.002047598361968994
0.0 0.007783114910125732 0.0
0.0 0.002761632204055786 0.0
0.0 0.004247069358825684 0.0
0.0004290342330932617 0.0015447139739990234 0.0
0.00026829540729522705 0.00456663966178894 0.0
0.0 0.005658268928527832 0.0
0.00122128427028656 0.001873701810836792 0.0023745298385620117
0.0006291940808296204 0.004264473915100098 0.003984928131103516
0.0032324418425559998 0.005880236625671387 0.010838687419891357
0.0035048462450504303 0.00956311821937561 0.01618415117263794
0.0 0.006707221269607544 0.012368559837341309
0.0 0.007089674472808838 0.007637739181518555
0.0 0.0059115588665008545 0.007506430149078369
0.0 0.0 0.0027366280555725098
0.0 0.0 0.0022402405738830566
0.0 0.0 0.006343245506286621
0.004203431308269501 0.00247955322265625 0.005691409111022949
0.006615959107875824 0.009917020797729492 0.00028949975967407227
0.005440704524517059 0.01400083303451538 0.0
0.003514353185892105 0.01571410894393921 0.0
0.0 0.01018330454826355 0.0
0.0007041767239570618 0.004397332668304443 0.009622335433959961
0.0007303878664970398 0.0 0.017914533615112305
0.0 0.00015997886657714844 0.014413237571716309
0.0020279735326766968 0.0029774606227874756 0.009319663047790527
0.0027358755469322205 0.01226651668548584 0.0
0.0018944144248962402 0.012345075607299805 0.0
0.0 0.008623659610748291 0.0
0.0 0.003467172384262085 0.0
0.0 0.0 0.0
0.0 0.0 0.0058855414390563965
0.0014852359890937805 0.002146422863006592 0.012332022190093994
0.007086459547281265 0.005787461996078491 0.01214665174484253
0.004309855401515961 0.010936439037322998 0.004918873310089111
0.006329137831926346 0.015221387147903442 0.0015902519226074219
0.0058875493705272675 0.010542720556259155 0.0
0.005473718047142029 0.00803464651107788 0.0
0.00010161846876144409 0.002386242151260376 0.0015462636947631836
0.0 0.003185778856277466 0.0015493035316467285
0.0 0.0026733875274658203 0.0
0.0 0.002281785011291504 0.002896428108215332
0.0 0.0 0.009710907936096191
0.0 0.0 0.008303999900817871
0.0 0.0 0.013265132904052734
0.0 0.0 0.020043015480041504
0.0 0.0 0.028296470642089844
0.0013708360493183136 0.0 0.05858069658279419
0.00704478845000267 0.0 0.11028826236724854
0.025920957326889038 0.016237586736679077 0.14625316858291626
0.0668322890996933 0.026892006397247314 0.12045109272003174
0.07970522344112396 0.13195142149925232 0.0
0.1551433801651001 0.17953389883041382 0.0
0.20911428332328796 0.24428433179855347 0.0
0.21370157599449158 0.259011447429657 0.0
0.22869712114334106 0.3288605809211731 0.0
0.1344209909439087 0.3778747320175171 0.0
0.09327757358551025 0.39154529571533203 0.0
0.11441159248352051 0.3857889175415039 0.0
0.07134246826171875 0.32642289996147156 0.0
0.0 0.11776033043861389 0.0
0.0 0.0 0.045114755630493164
0.0 0.0 0.2183569073677063
0.0 0.026464015245437622 0.15800964832305908
0.0 0.15813559293746948 0.0
0.0 0.15660575032234192 0.0
0.0 0.02134096622467041 0.2442813515663147
0.0 0.0 0.5601792335510254
0.0 0.0 0.5826244950294495
0.0 0.0 0.5142142176628113
0.0 0.23012149333953857 0.3885895013809204
0.0 0.4827191233634949 0.3229758143424988
0.0 0.40707266330718994 0.3649178743362427
0.0 0.25775814056396484 0.4547231197357178
0.0 0.25714558362960815 0.4747905731201172
0.0 0.3217233419418335 0.4017229676246643
0.0 0.3399469256401062 0.32623231410980225
0.0 0.3063852787017822 0.29980170726776123
0.016107678413391113 0.2561885714530945 0.26758134365081787
0.05314277112483978 0.20271027088165283 0.26694321632385254
0.043214261531829834 0.1758251190185547 0.2376164197921753
0.025358229875564575 0.2014371156692505 0.17325353622436523
0.008562058210372925 0.21201854944229126 0.1207038164138794
0.0208512544631958 0.16913485527038574 0.12382054328918457
0.04511949419975281 0.10246402025222778 0.12762993574142456
0.027505949139595032 0.11911147832870483 0.10380423069000244
0.005944728851318359 0.1366526484489441 0.06849122047424316
0.013124465942382812 0.14763644337654114 0.04895436763763428
0.04191608726978302 0.16316208243370056 0.0
0.04043088108301163 0.1450418382883072 0.0
0.013449547812342644 0.12727484107017517 0.0
0.0 0.13900570571422577 0.0
0.0018863407894968987 0.1335572600364685 0.0
0.023618079721927643 0.10350307822227478 0.0
0.0057747941464185715 0.0838860496878624 0.0
0.0010304665192961693 0.05335177481174469 0.0
0.0 0.02934008091688156 0.0
0.0 0.006976872682571411 0.0
0.0 0.0 0.0
0.0 0.0 0.0
0.0 0.002553611993789673 0.003038942813873291
0.0 0.011129871010780334 0.04140830039978027
0.0 0.01756906509399414 0.0730941891670227
0.0 0.01771777868270874 0.08206641674041748
0.0056096697226166725 0.02105356752872467 0.09324491024017334
0.0 0.00810176134109497 0.07713699340820312
0.0 0.01033143699169159 0.05909073352813721
0.0 0.0023043006658554077 0.024613261222839355
0.0 0.003933221101760864 0.002621948719024658
0.0009264592081308365 0.011015266180038452 0.0
0.015929536893963814 0.009744569659233093 0.0
0.0 0.006454437971115112 0.0
0.0027434900403022766 0.007869675755500793 0.0
0.008085359819233418 0.008152157068252563 0.0
0.008526505902409554 0.013448536396026611 0.0
0.0 0.015065640211105347 0.0
0.0 0.018197625875473022 0.0
0.009273245930671692 0.01738293468952179 0.0
0.004728314466774464 0.010129421949386597 0.008042097091674805
0.003338392823934555 0.01231391727924347 0.017177462577819824
0.00061758141964674 0.006486415863037109 0.019592702388763428
0.004215632565319538 0.0 0.01818627119064331
0.011034226976335049 0.0 0.01399606466293335
0.005774224177002907 0.00716044008731842 0.007822811603546143
0.0 0.01652190089225769 0.0038436055183410645
0.0 0.0176125168800354 0.0
0.0 0.012457698583602905 0.0031104087829589844
0.0 0.0 0.00597226619720459
0.0 0.00450877845287323 0.002667248249053955
0.0 0.009523123502731323 0.0009483098983764648
0.002310127019882202 0.006338983774185181 0.0007717609405517578
0.002503061667084694 0.006008446216583252 0.009018957614898682
0.006745527032762766 0.012546524405479431 0.012267112731933594
0.002245700918138027 0.016280680894851685 0.0061299800872802734
0.0 0.013023659586906433 0.005234241485595703
0.0 0.007154211401939392 0.013399183750152588
0.004428711719810963 0.008434757590293884 0.021376073360443115
0.009869103319942951 0.008085057139396667 0.020254194736480713
0.014532603323459625 0.012816175818443298 0.01603567600250244
0.00824793428182602 0.00983390212059021 0.0018752813339233398
0.004585195332765579 0.005896151065826416 0.0
0.0 0.0 0.0
0.0 0.009520426392555237 0.0
0.0 0.011774048209190369 0.0
0.0 0.010682851076126099 0.0
0.0 0.012816950678825378 0.0
0.0 0.011667400598526001 0.0
0.0 0.006291881203651428 0.0
0.0033646393567323685 0.009342610836029053 0.004631161689758301
0.005551371723413467 0.012903556227684021 0.007279157638549805
0.010245013982057571 0.01324009895324707 0.010382652282714844
0.005030125379562378 0.012813299894332886 0.011759817600250244
0.002910371869802475 0.007228046655654907 0.01315450668334961
0.0029492806643247604 0.0075113773345947266 0.013601958751678467
0.004459686577320099 0.007066264748573303 0.006073057651519775
0.002085799351334572 0.002850055694580078 0.0014333724975585938
0.0012983381748199463 0.004813447594642639 0.001620948314666748
0.0 0.004017770290374756 0.0
0.0 0.0023449361324310303 0.0
0.0 0.0057763755321502686 0.004760861396789551
0.00592767633497715 0.009411826729774475 0.010691165924072266
0.006826266646385193 0.010058194398880005 0.012483656406402588
0.006106337532401085 0.014059260487556458 0.010914862155914307
0.0034359507262706757 0.010959655046463013 0.009748399257659912
0.0 0.011251971125602722 0.006400942802429199
0.0 0.011239573359489441 0.0
0.0 0.010008171200752258 0.0
0.0 0.007608816027641296 0.0
0.0 0.006310001015663147 0.0
0.0 0.0036548078060150146 0.0030881762504577637
0.0022823475301265717 0.006338715553283691 0.008577466011047363
0.011447777971625328 0.0055861324071884155 0.010237336158752441
0.013853088021278381 0.012025952339172363 0.00885915756225586
0.015801342204213142 0.017420694231987 0.004924595355987549
0.023842087015509605 0.02360469102859497 0.0008437037467956543
0.03253529965877533 0.06952138245105743 0.0
0.07557842880487442 0.045350730419158936 0.0024368762969970703
0.08238028734922409 0.06361092627048492 0.009140968322753906
0.07536213845014572 0.06560391187667847 0.0
0.0637911856174469 0.060072287917137146 0.0
0.04043133184313774 0.05342373251914978 0.0
0.03490196913480759 0.038661301136016846 0.0
0.016041219234466553 0.03629662096500397 0.0
0.0 0.024874627590179443 0.0
0.0 0.017872348427772522 0.0
0.0 0.003161817789077759 0.0
0.0 0.0 0.0018678903579711914
0.0 0.0 0.006483316421508789
0.0 0.0 0.012982726097106934
0.0 0.0 0.023613035678863525
0.0 0.0 0.03936797380447388
0.0 0.0 0.04251307249069214
0.0 0.0 0.037438809871673584
0.0 0.0 0.028580844402313232
0.0 0.0 0.030620038509368896
0.0 0.0 0.03614962100982666
0.0 0.0 0.043125927448272705
0.0 0.00440630316734314 0.038535237312316895
0.0 0.011134743690490723 0.0336683988571167
0.02205042541027069 0.022557169198989868 0.03495478630065918
0.02487216889858246 0.02681627869606018 0.022371530532836914
0.0353284515440464 0.03347852826118469 0.013816416263580322
0.04735512286424637 0.04659979045391083 0.0035646557807922363
0.05967666208744049 0.056124404072761536 0.0
0.07255658507347107 0.06675788760185242 0.0
0.08978676795959473 0.08278843760490417 0.0
0.09629230946302414 0.09454858303070068 0.0
0.11548446863889694 0.10392703115940094 0.0
0.11165931820869446 0.11231103539466858 0.0
0.09393724799156189 0.0943106859922409 0.0
0.03907372057437897 0.07814858853816986 0.0
0.045773424208164215 0.0334651917219162 0.0
0.015933573246002197 0.025840342044830322 0.0
0.0 0.015299618244171143 0.0
0.0 0.005708545446395874 0.000878453254699707
0.0 0.0 0.00660938024520874
0.0 0.0 0.009185731410980225
0.0 0.0 0.010370492935180664
0.0 0.0 0.016649723052978516
0.0 0.0 0.014804363250732422
0.0 0.0 0.016121327877044678
0.0 0.0 0.014282047748565674
0.0 0.0 0.012490510940551758
0.0 0.0 0.015768110752105713
0.0 0.0 0.021127641201019287
0.0 0.0 0.037023723125457764
0.0 0.0 0.040935635566711426
0.0 0.0 0.03125607967376709
0.0 0.0 0.03206437826156616
0.0 0.0 0.039698004722595215
0.0 0.0 0.04353046417236328
0.003377951681613922 0.013354182243347168 0.04048430919647217
0.0012348070740699768 0.022290319204330444 0.024293959140777588
0.020041197538375854 0.02998673915863037 0.01695960760116577
0.040851444005966187 0.04641333222389221 0.019353628158569336
0.05471228063106537 0.05315349996089935 0.008000373840332031
0.061693139374256134 0.06347592175006866 0.0
0.07384201884269714 0.06995080411434174 0.0
0.08215528726577759 0.0778861939907074 0.0
0.09186623990535736 0.07983747124671936 0.0
0.09235618263483047 0.08376190066337585 0.0
0.09663066267967224 0.08666323125362396 0.0
0.10830798745155334 0.07791176438331604 0.0
0.09490682184696198 0.08214756846427917 0.0
0.05945388227701187 0.07631656527519226 0.0
0.02672768384218216 0.053780972957611084 0.0
0.0006531625986099243 0.03533485531806946 0.0
0.0 0.01796826720237732 0.0
0.0 0.014991790056228638 0.0019004344940185547
0.0 0.003859221935272217 0.0035355687141418457
0.0 0.0 0.006621301174163818
0.0 0.0 0.017162978649139404
0.0 0.0 0.025028586387634277
0.0 0.0 0.03838461637496948
0.0 0.0 0.03417009115219116
0.0 0.0 0.03600776195526123
0.0 0.0 0.04240584373474121
0.0 0.0 0.04223227500915527
0.0 0.0 0.042748987674713135
0.0 0.0 0.037687063217163086
0.0 0.0 0.026034891605377197
0.0 0.0 0.02268451452255249
0.0 0.0 0.02616429328918457
0.0 0.0004788339138031006 0.029966115951538086
0.007653065025806427 0.010798752307891846 0.026242613792419434
0.0021844208240509033 0.009342014789581299 0.010450124740600586
0.0 0.010079115629196167 0.0024721622467041016
0.00023183226585388184 0.011712640523910522 0.01052635908126831
0.02701486647129059 0.03409409523010254 0.014294624328613281
0.0339575931429863 0.039881110191345215 0.004106760025024414
0.025189973413944244 0.028046265244483948 0.0
0.030129246413707733 0.04114754498004913 0.0
0.049316078424453735 0.053631171584129333 0.0
0.05704663693904877 0.06808488070964813 0.0
0.06833977997303009 0.06851531565189362 0.0
0.06630314886569977 0.06870052218437195 0.0
0.06250570714473724 0.06600190699100494 0.0
0.05861290544271469 0.062007009983062744 0.0
0.052037887275218964 0.05248962342739105 0.0
0.048785582184791565 0.03978857398033142 0.0
0.03020072728395462 0.037664949893951416 0.0
0.02051164209842682 0.03134840726852417 0.0020071864128112793
0.00545896589756012 0.02450627088546753 0.014764666557312012
0.0 0.020108014345169067 0.0176621675491333
0.0 0.015329062938690186 0.01047968864440918
0.0 0.012027561664581299 0.007224619388580322
0.0 0.017758190631866455 0.002100825309753418
0.0 0.0018317997455596924 0.0
0.0 0.0 0.0
0.0 0.0 0.005070090293884277
0.0 0.0 0.00843125581741333
0.0 0.0 0.010449528694152832
0.0 0.0 0.020022928714752197
0.0 0.0 0.030578196048736572
0.0 0.0 0.04130607843399048
0.0 0.0 0.03879702091217041
0.0 0.0 0.032939612865448
0.0 0.0 0.029914557933807373
0.0 0.0 0.035484373569488525
0.0 0.0 0.03638267517089844
0.0 0.0016342699527740479 0.03375542163848877
0.0 0.006367713212966919 0.027654826641082764
0.0 0.009265542030334473 0.020360708236694336
0.004809848964214325 0.019297391176223755 0.012801170349121094
0.010524876415729523 0.02443939447402954 0.0056694746017456055
0.022209852933883667 0.020698368549346924 0.007340133190155029
0.04059046506881714 0.03898823261260986 0.0045858025550842285
0.046349577605724335 0.04700343310832977 0.0
0.05439652502536774 0.05797217786312103 0.0
0.06645989418029785 0.06733803451061249 0.0
0.07983820140361786 0.07189242541790009 0.0
0.07192698121070862 0.07131455838680267 0.0
0.05972811579704285 0.06713810563087463 0.0
0.053789570927619934 0.056201279163360596 0.0
0.048382118344306946 0.04860283434391022 0.0
0.0446246862411499 0.035142600536346436 0.0
0.03859082609415054 0.04277391731739044 0.0
0.027512840926647186 0.04289066791534424 0.0
0.017211169004440308 0.03695589303970337 0.0
0.006597757339477539 0.027297675609588623 0.00024825334548950195
0.01814006268978119 0.025020331144332886 0.011086761951446533
0.01786389946937561 0.032065749168395996 0.014890551567077637
0.0 0.021791845560073853 0.002114534378051758
0.0 0.0 0.0
0.0 0.0 0.0
0.0 0.0 0.01880192756652832
0.0 0.0 0.013315916061401367
0.0 0.0 0.0
0.0 0.0 0.0028351545333862305
0.0 0.0 0.02504885196685791
0.0 0.0 0.04900914430618286
0.0 0.0 0.05149245262145996
0.0 0.0 0.04067075252532959
0.0 0.0 0.029808402061462402
0.0 0.0 0.031636178493499756
0.0 0.0 0.036414265632629395
0.0 0.0031430423259735107 0.0400204062461853
0.0 0.007113277912139893 0.025087594985961914
0.007899701595306396 0.010175526142120361 0.0197029709815979
0.010595962405204773 0.018320679664611816 0.005479693412780762
0.009324371814727783 0.020934343338012695 0.0
0.014543890953063965 0.019091933965682983 0.0
0.021318785846233368 0.023412764072418213 0.0
0.015336543321609497 0.02990168333053589 0.0
0.013614639639854431 0.03144490718841553 0.0
0.02157614380121231 0.02325315773487091 0.0
0.024844154715538025 0.03089079260826111 0.0
0.028846628963947296 0.02515721321105957 0.0
0.029030732810497284 0.031187474727630615 0.0
0.02771058678627014 0.04387888312339783 0.0
0.03688133507966995 0.04689320921897888 0.0
0.03769804537296295 0.04824076592922211 0.0
0.04118216037750244 0.03812529146671295 0.0
0.03368502855300903 0.03198017179965973 0.0
0.019686169922351837 0.026912569999694824 0.0
0.012752987444400787 0.01953020691871643 0.004976212978363037
0.010182462632656097 0.008854806423187256 0.0041612982749938965
0.008452363312244415 0.011844098567962646 0.012103676795959473
0.011799409985542297 0.008964866399765015 0.013824224472045898
0.0 0.00623360276222229 0.009433448314666748
0.0 0.008031100034713745 0.0066699981689453125
0.0 0.007231816649436951 0.005261361598968506
0.0 0.004219532012939453 0.006784200668334961
0.0 0.001600116491317749 0.012133598327636719
0.0 0.0012590736150741577 0.009132325649261475
0.0 0.003976255655288696 0.004040956497192383
0.0 0.0 0.0
0.0 0.0022867321968078613 0.002150893211364746
0.0 0.00420069694519043 0.004666030406951904
0.0 0.0 0.005813241004943848
0.0 0.0 0.013666212558746338
0.0 0.0 0.01290041208267212
0.0 0.0032889842987060547 0.004477977752685547
0.0 0.0 0.0
0.0 0.009675562381744385 0.0
0.0 0.007633179426193237 0.0028228759765625
0.0 0.007920578122138977 0.004079163074493408
0.0009898021817207336 0.0094432532787323 0.0032633543014526367
0.0005316287279129028 0.004793718457221985 0.0016194581985473633
0.0 0.011962354183197021 0.003520488739013672
0.00020278245210647583 0.0072394609451293945 0.0041956305503845215
0.007798030972480774 0.010217428207397461 0.013881683349609375
0.0044136494398117065 0.007795065641403198 0.00886833667755127
0.004988722503185272 0.01067468523979187 0.0038849711418151855
0.005617156624794006 0.012763947248458862 0.0
0.008419156074523926 0.014245286583900452 0.0
0.007596835494041443 0.016645610332489014 0.0033372044563293457
0.003318294882774353 0.005777239799499512 0.0018889904022216797
0.0015584230422973633 0.010596156120300293 0.00550079345703125
0.0007041096687316895 0.006643533706665039 0.0006456971168518066
0.0 0.007916539907455444 0.0
0.0 0.0008466839790344238 0.0
0.0005013123154640198 0.0023040473461151123 0.009026288986206055
0.0 0.0031149089336395264 0.010652005672454834
0.0 0.007702291011810303 0.0013107061386108398
0.0025717243552207947 0.011094838380813599 0.006806910037994385
0.003378957509994507 0.00586816668510437 0.005355894565582275
0.0 0.004250228404998779 0.0
0.003979861736297607 0.008887171745300293 0.0
0.0 0.008884221315383911 0.0
0.0 0.009047403931617737 0.0
0.0 0.009676381945610046 0.0
0.0 0.0044125765562057495 0.0
0.0 0.00040340423583984375 0.0
0.0 0.0 0.0
0.0 0.006475523114204407 0.027800142765045166
0.0025297850370407104 0.0016640275716781616 0.05259829759597778
0.01791629195213318 0.022220030426979065 0.0722959041595459
0.05239042639732361 0.01799789071083069 0.0649905800819397
0.03754192590713501 0.02834498882293701 0.0
0.08824121952056885 0.12351325154304504 0.0
0.12465319037437439 0.18981805443763733 0.0
0.1325317621231079 0.23327800631523132 0.0
0.09631568193435669 0.2947237491607666 0.0
0.16458189487457275 0.35120055079460144 0.0
0.23363959789276123 0.3379289507865906 0.0
0.1678006649017334 0.337504506111145 0.0
0.1285635232925415 0.34247270226478577 0.0
0.0 0.0 0.0
0.0 0.0 0.0
0.0 0.0 0.06263530254364014
0.0 0.0 0.12429118156433105
0.0 0.023437589406967163 0.011624574661254883
0.0 0.032626569271087646 0.0
0.0 0.03124949336051941 0.1899029016494751
0.0 0.0 0.5593496561050415
0.0 0.0 0.5788223147392273
0.0 0.088470458984375 0.420104444026947
0.0 0.13103491067886353 0.3691442608833313
0.0 0.24628090858459473 0.29230183362960815
0.0 0.33723634481430054 0.30811721086502075
0.0 0.29360073804855347 0.3677424192428589
0.0 0.23352408409118652 0.4530314803123474
0.0 0.32319867610931396 0.4527807831764221
0.0 0.36203837394714355 0.4321478009223938
0.0 0.3419959545135498 0.45138078927993774
0.0 0.35373592376708984 0.39339393377304077
0.021031200885772705 0.26714229583740234 0.36417698860168457
0.01947617530822754 0.21751421689987183 0.3304567337036133
0.005958676338195801 0.24342864751815796 0.2623485326766968
0.0 0.24989277124404907 0.21629691123962402
0.031488656997680664 0.24236559867858887 0.2168426513671875
0.02356240153312683 0.21996301412582397 0.17163574695587158
0.01737956702709198 0.2188972532749176 0.08244156837463379
0.0024298131465911865 0.16706764698028564 0.0
0.009220913052558899 0.1708783209323883 0.0
0.02114320918917656 0.16894710063934326 0.0
0.05289803817868233 0.158913254737854 0.0
0.06739555299282074 0.13223879039287567 0.0
0.05349273234605789 0.14001038670539856 0.0
0.045172370970249176 0.12181957066059113 0.0
0.036742620170116425 0.07427768409252167 0.0
0.021704334765672684 0.04430171847343445 0.0
0.0 0.02191045880317688 0.0
0.0 0.007587626576423645 0.0
0.0 0.0 0.0
0.0 0.003004312515258789 0.0
0.0 0.016467437148094177 0.0031595826148986816
0.0 0.016249343752861023 0.03230196237564087
0.0 0.018057942390441895 0.03352320194244385
0.0 0.014242172241210938 0.06376731395721436
0.0 0.01567693054676056 0.07924842834472656
0.0 0.011097371578216553 0.08298951387405396
0.0 0.012996271252632141 0.07576727867126465
0.002753067761659622 0.009928017854690552 0.05368304252624512
0.014377910643815994 0.014074906706809998 0.02957916259765625
0.008444197475910187 0.009718194603919983 0.0
0.021030496805906296 0.009680941700935364 0.0
0.030175339430570602 0.016172826290130615 0.0
0.02410951629281044 0.017248421907424927 0.0
0.020156964659690857 0.03624466061592102 0.0
0.011605530977249146 0.03308241069316864 0.0
0.002495773136615753 0.009045228362083435 0.0
0.0 0.0 0.0
0.012037273496389389 0.01420283317565918 0.0
0.0 0.0 0.0
0.0 0.009257912635803223 0.012677550315856934
0.0 0.014611676335334778 0.010961592197418213
0.0 0.01756007969379425 0.0
0.0 0.02146179974079132 0.0011613965034484863
0.0 0.008016645908355713 0.007082939147949219
0.0023919418454170227 0.008072629570960999 0.013073503971099854
0.005881607532501221 0.007071688771247864 0.014395833015441895
0.011770054697990417 0.004499316215515137 0.01654738187789917
0.013909116387367249 0.010567426681518555 0.00921773910522461
0.010843627154827118 0.01531587541103363 0.01201540231704712
0.005166433751583099 0.01329725980758667 0.010222554206848145
0.003355585038661957 0.011001259088516235 0.0070340633392333984
0.00013413280248641968 0.013603389263153076 0.0038254857063293457
0.0013010278344154358 0.013779506087303162 0.0
0.0 0.013091877102851868 0.0
0.0 0.011854976415634155 0.0
0.0 0.009431391954421997 0.0
0.0 0.00934271514415741 0.0009208321571350098
0.0 0.006571367383003235 0.007843077182769775
0.002336859703063965 0.01084984838962555 0.006388247013092041
0.0023995861411094666 0.011349916458129883 0.011327087879180908
0.0034476444125175476 0.004729047417640686 0.00815659761428833
0.0023923516273498535 0.00839965045452118 0.010880887508392334
0.0023666471242904663 0.005772724747657776 0.00959622859954834
0.005938760936260223 0.006916150450706482 0.003466486930847168
0.002027377486228943 0.01244036853313446 0.0
0.0 0.014360174536705017 0.0
0.0 0.013529464602470398 0.0
0.0 0.0104246586561203 0.0
0.0 0.009213864803314209 0.0
0.0 0.005688667297363281 0.002837240695953369
0.0 0.010226711630821228 0.0
0.001349274069070816 0.01092672348022461 0.0001291036605834961
0.0087425597012043 0.00930805504322052 0.002435922622680664
0.017673328518867493 0.015022695064544678 0.01329338550567627
0.017842277884483337 0.015245124697685242 0.016811907291412354
0.014477033168077469 0.016233280301094055 0.015965580940246582
0.0018896982073783875 0.0162525475025177 0.013839125633239746
0.0 0.010506391525268555 0.016881823539733887
0.0 0.010456755757331848 0.015447497367858887
0.002652376890182495 0.002239540219306946 0.019049406051635742
0.0 0.0 0.019080698490142822
0.0 0.004409268498420715 0.004061102867126465
0.0 0.0014134645462036133 0.0
0.003661520779132843 0.004095345735549927 0.0
0.00962909311056137 0.010583043098449707 0.005474865436553955
0.0 0.013570845127105713 0.0
0.0 0.01216249167919159 0.0
0.0014032498002052307 0.015390709042549133 0.0
0.00928489863872528 0.017964810132980347 0.0
0.004939809441566467 0.016329869627952576 0.0
0.0016067102551460266 0.014873608946800232 0.0
0.0 0.01331852376461029 0.00015860795974731445
0.0 0.014503329992294312 0.0010374784469604492
0.0 0.014523565769195557 0.0
0.0 0.008028417825698853 0.0
0.0 0.007974013686180115 0.0
0.0 0.006605789065361023 0.0
0.0015910342335700989 0.024476364254951477 0.0
0.009073328226804733 0.021522775292396545 0.0
0.016241401433944702 0.032443493604660034 0.0
0.01629418134689331 0.023188859224319458 0.0
0.00739741325378418 0.03744259476661682 0.0
0.018840476870536804 0.03305205702781677 0.0012235045433044434
0.02271265536546707 0.03869366645812988 0.022496461868286133
0.023013584315776825 0.028164029121398926 0.028999149799346924
0.008305978029966354 0.019735336303710938 0.02364736795425415
0.0 0.018977880477905273 0.0053612589836120605
0.0017664507031440735 0.02526569366455078 0.017207026481628418
0.004763193428516388 0.006401389837265015 0.0255889892578125
0.0 0.0002969503402709961 0.0313718318939209
0.0 0.0 0.03728377819061279
0.0 0.0 0.039685726165771484
0.0 0.0 0.05222034454345703
0.0 0.0 0.06227743625640869
0.0004825666546821594 0.0 0.06366318464279175
0.0 0.0 0.05443835258483887
0.0 0.0 0.04541635513305664
0.0 0.0 0.034979283809661865
0.001600794494152069 0.0 0.0303574800491333
0.0027689188718795776 0.0017358958721160889 0.023607373237609863
0.0 0.0009862780570983887 0.009578466415405273
0.00022117793560028076 0.0022138655185699463 0.0
0.0 0.002824544906616211 0.0
0.005305126309394836 0.01296474039554596 0.0
0.009418830275535583 0.010066792368888855 0.0
0.005766712129116058 0.00877729058265686 0.0
0.001889452338218689 0.014381393790245056 0.0
0.0 0.0065466612577438354 0.0
0.0 0.007348805665969849 0.0
0.0 0.0 0.0
0.0 0.0 0.004853367805480957
0.0 0.0 0.0171014666557312
0.0 0.0 0.009289085865020752
0.0 0.0011570602655410767 0.0
0.0 0.01164621114730835 0.0
0.0 0.019016221165657043 0.0
0.0 0.018695607781410217 0.0
0.009538248181343079 0.029780611395835876 0.0
0.008589498698711395 0.0286349356174469 0.0
0.009723097085952759 0.031018346548080444 0.0
0.0023807212710380554 0.027251094579696655 0.0
0.008291102945804596 0.025161802768707275 0.0
0.00707535445690155 0.04355837404727936 0.0
0.005694659426808357 0.039921537041664124 0.0
0.005880860611796379 0.022948428988456726 0.0
0.007393199950456619 0.03565840423107147 0.010473310947418213
0.008927800692617893 0.017295092344284058 0.013560473918914795
0.014813045039772987 0.02535158395767212 0.023308396339416504
0.014046276919543743 0.024892985820770264 0.023668110370635986
0.01515701599419117 0.03415420651435852 0.027761995792388916
0.016460761427879333 0.0259382426738739 0.03416067361831665
0.016097312793135643 0.014273345470428467 0.039397358894348145
0.009095374494791031 0.0122947096824646 0.03782397508621216
0.018757415935397148 0.008750855922698975 0.04244375228881836
0.018355023115873337 0.006572991609573364 0.0438045859336853
0.016488326713442802 0.009729921817779541 0.04276704788208008
0.011291293427348137 0.00419279932975769 0.04146254062652588
0.0 0.0 0.036094605922698975
0.0 0.0 0.018628299236297607
0.0 0.0 0.015098333358764648
0.0 0.0 0.019329071044921875
0.0 0.0 0.005552232265472412
0.0 0.0010017454624176025 0.003774583339691162
0.0 0.0 0.012238264083862305
0.0 0.0 0.011410176753997803
0.0 0.005168139934539795 0.01200878620147705
0.010095451027154922 0.014814227819442749 0.008742272853851318
0.020114082843065262 0.015751302242279053 0.012568175792694092
0.01712636649608612 0.014376074075698853 0.006202042102813721
0.0031554028391838074 0.01487019658088684 0.0
0.002271220088005066 0.012300193309783936 0.0
0.007824748754501343 0.009928002953529358 0.0
0.00782061368227005 0.005503922700881958 0.0
0.004276268184185028 0.003481268882751465 0.0
0.0 0.0 0.0
0.0 0.0014284402132034302 0.0
0.0 0.010284751653671265 0.0
0.0 0.003002956509590149 0.0
0.0 0.004442468285560608 0.0
0.0 0.0 0.0
0.0 0.0 0.01389610767364502
0.0006888210773468018 0.007994428277015686 0.02143043279647827
0.0076936036348342896 0.013908833265304565 0.021167755126953125
0.009805992245674133 0.010490715503692627 0.0137559175491333
0.007402054965496063 0.009108930826187134 0.008101463317871094
0.007919341325759888 0.005367875099182129 0.007158517837524414
0.0023270994424819946 0.004423931241035461 0.00998222827911377
0.005658775568008423 0.00432722270488739 0.00606989860534668
0.0006617680191993713 0.0072285085916519165 0.0
0.0 0.005430102348327637 0.0
0.0 0.009288579225540161 0.0
0.0 0.00785374641418457 0.0
0.0 0.007984563708305359 0.0
0.0 0.010504081845283508 0.0
0.0 0.010623261332511902 0.0
0.0 0.011181488633155823 0.0
0.0 0.0027513206005096436 0.0
0.0 0.00899498164653778 0.0
0.0 0.014955922961235046 0.0
0.0023213177919387817 0.01121772825717926 0.0
0.007328346371650696 0.008959591388702393 0.0
0.010603249073028564 0.01980404555797577 0.0
0.00933767855167389 0.018838271498680115 0.0
0.0060989707708358765 0.017406731843948364 0.0
0.007907107472419739 0.02546735107898712 0.0
0.015783444046974182 0.0231960266828537 0.0036863088607788086
0.02017304301261902 0.02626727521419525 0.004774332046508789
0.01779412478208542 0.022546634078025818 0.00866711139678955
0.013663247227668762 0.01802302896976471 0.02010214328765869
0.00957825779914856 0.013207584619522095 0.02720189094543457
0.008354321122169495 0.012063413858413696 0.031022608280181885
0.008251000195741653 0.006439000368118286 0.02421283721923828
0.006574995815753937 0.005220651626586914 0.0172041654586792
0.0044630467891693115 0.0022030025720596313 0.011731564998626709
0.0 0.0054892897605896 0.0026818513870239258
0.0 0.009742319583892822 0.0
0.00354563444852829 0.013612180948257446 0.0
0.002863548696041107 0.01070055365562439 0.0
0.007820308208465576 0.01797705888748169 0.0
0.0029808804392814636 0.01392778754234314 0.0
0.004310794174671173 0.008640110492706299 0.004890561103820801
0.010004281997680664 0.01094791293144226 0.016557395458221436
0.01568659022450447 0.0172443687915802 0.02067357301712036
0.01724506914615631 0.018270760774612427 0.02152615785598755
0.007660619914531708 0.01850154995918274 0.022269606590270996
0.0 0.00961330533027649 0.023157477378845215
0.0 0.0 0.02808678150177002
0.0015683472156524658 0.0 0.024027884006500244
0.0 0.0 0.01922088861465454
0.0 0.0 0.005282580852508545
0.0 0.0 0.0
0.0 0.0 0.0
0.0 0.0014924407005310059 0.0
0.0 0.0 0.0
0.0 0.006132990121841431 0.0
0.0 0.011320158839225769 0.0
0.0026440471410751343 0.007723107933998108 0.0
0.006991110742092133 0.0067141056060791016 0.007339119911193848
0.010717891156673431 0.006740108132362366 0.024774372577667236
0.014717020094394684 0.004264757037162781 0.023265719413757324
0.012371152639389038 0.007852494716644287 0.02017068862915039
0.008477546274662018 0.007571503520011902 0.017323553562164307
0.008197352290153503 0.006121456623077393 0.01601719856262207
0.0 0.007236912846565247 0.009147822856903076
0.0 0.00813041627407074 0.0
0.0 0.012945830821990967 0.0
0.0 0.015771448612213135 0.0
0.0 0.014568090438842773 0.0
0.0 0.007933571934700012 0.0
0.0 0.005068615078926086 0.0
0.0006497204303741455 0.008243203163146973 0.0
0.0008002817630767822 0.00515592098236084 0.0
0.0 0.010658890008926392 0.0
0.0 0.016028091311454773 0.0
0.009147025644779205 0.014774560928344727 0.0
0.01103883981704712 0.018922418355941772 0.007848143577575684
0.012420706450939178 0.010878413915634155 0.007245779037475586
0.004289165139198303 0.010102987289428711 0.0
0.0 0.011014491319656372 0.0
0.007568493485450745 0.011403903365135193 0.0
0.0028779059648513794 0.01841898262500763 0.0
0.0 0.018820911645889282 0.0
0.0 0.015685558319091797 0.0
0.008303768932819366 0.011338859796524048 0.0
0.0014604628086090088 0.007842272520065308 0.0054781436920166016
0.007810749113559723 0.007598012685775757 0.018176615238189697
0.004282809793949127 0.010972052812576294 0.0171738862991333
0.006003066897392273 0.008303970098495483 0.002166152000427246
0.011874951422214508 0.021323442459106445 0.002754032611846924
0.017492108047008514 0.017993420362472534 0.009177446365356445
0.013582035899162292 0.014245837926864624 0.01480257511138916
0.006465226411819458 0.010591477155685425 0.017061829566955566
0.0 0.00923389196395874 0.014286339282989502
0.0 0.008658558130264282 0.011722683906555176
0.0 0.006575822830200195 0.008370399475097656
0.003280237317085266 0.006828874349594116 0.01155179738998413
0.0 0.0 0.008571505546569824
0.0 0.0 0.007185041904449463
0.0 0.00016769766807556152 0.010149836540222168
0.005487754940986633 0.0051115453243255615 0.011881232261657715
0.004398159682750702 0.008593231439590454 0.010107755661010742
0.002572178840637207 0.012236833572387695 0.008189499378204346
0.003966972231864929 0.01783233880996704 0.004755854606628418
0.010157011449337006 0.009893298149108887 0.012581467628479004
0.011051341891288757 0.0031481683254241943 0.02239900827407837
0.0008605420589447021 0.0 0.019437134265899658
0.0004075467586517334 0.004187911748886108 0.009505867958068848
0.0 0.0009868443012237549 0.0037654638290405273
0.0 0.002282053232192993 0.0025544166564941406
0.0 0.008586019277572632 0.0
0.0 0.0 0.0
0.0 0.0026605427265167236 0.0
0.0 0.002453833818435669 0.0
0.0 0.006812721490859985 0.0
0.0 0.011445820331573486 0.0
0.001811787486076355 0.014615833759307861 0.0
0.006929464638233185 0.009776771068572998 0.0
0.012355916202068329 0.013583511114120483 0.0
0.015875793993473053 0.014986276626586914 0.004066526889801025
0.010598376393318176 0.013086467981338501 0.010103762149810791
0.0017523765563964844 0.010735690593719482 0.012720227241516113
0.001960158348083496 0.01128166913986206 0.007871031761169434
0.0 0.012787163257598877 0.006184041500091553
0.001365765929222107 0.002770453691482544 0.0020431876182556152
0.0 0.001974940299987793 0.006084740161895752
0.0017394721508026123 0.0021759867668151855 0.009681761264801025
0.0 0.005661219358444214 0.009387373924255371
0.0 0.005310237407684326 0.006225407123565674
0.004766188561916351 0.010400354862213135 0.006518006324768066
0.003703206777572632 0.013604909181594849 0.0
0.0 0.012517362833023071 0.0
0.002113431692123413 0.010741770267486572 0.005285918712615967
0.00679972767829895 0.01095050573348999 0.01009058952331543
0.00682222843170166 0.004128307104110718 0.010199487209320068
0.0019837692379951477 0.003350168466567993 0.005418181419372559
0.004065081477165222 0.004913359880447388 0.0
0.0005693435668945312 0.009184122085571289 0.0
0.0014713406562805176 0.014243751764297485 0.0
0.001752421259880066 0.016162067651748657 0.0
0.0 0.013606846332550049 0.0
0.0 0.007100313901901245 0.005823016166687012
0.0 0.003818213939666748 0.011403322219848633
0.0 0.0013932883739471436 0.013460397720336914
0.00010378658771514893 0.0068905651569366455 0.01594698429107666
0.008846499025821686 0.0076732635498046875 0.01330411434173584
0.01153535395860672 0.01034364104270935 0.006271421909332275
0.012056849896907806 0.008536338806152344 0.00269472599029541
0.007733047008514404 0.009370654821395874 0.0013027787208557129
0.007404424250125885 0.011143386363983154 0.0014758706092834473
0.0 0.008547276258468628 0.0
0.0 0.00590139627456665 0.0
0.0 0.007127732038497925 0.0
0.0 0.003915935754776001 0.0
0.0 0.001681894063949585 0.0
0.0 0.0020252764225006104 0.005610167980194092
0.0 0.0025031864643096924 0.00712895393371582
0.0 0.006973922252655029 0.00023931264877319336
0.00011473149061203003 0.009042233228683472 0.0
0.0026287734508514404 0.011684268712997437 0.0
0.00032067298889160156 0.010237514972686768 0.0017015933990478516
0.0014276430010795593 0.009778201580047607 0.006523251533508301
0.00907956063747406 0.010156303644180298 0.010177433490753174
0.010759569704532623 0.005933642387390137 0.01218479871749878
0.009614430367946625 0.008313685655593872 0.007380962371826172
0.005049183964729309 0.008444398641586304 0.0010175704956054688
0.0030941814184188843 0.013934820890426636 0.0
0.0034158453345298767 0.01704174280166626 0.0
0.002048484981060028 0.009925544261932373 0.0
0.0 0.005849748849868774 0.003012716770172119
0.0005631893873214722 0.003028959035873413 0.005878031253814697
0.0 0.0028010904788970947 0.006697177886962891
0.0 0.008825540542602539 0.002790987491607666
0.0029671788215637207 0.0073358118534088135 0.0014843344688415527
0.002138674259185791 0.008165925741195679 0.0015738606452941895
0.0 0.00505751371383667 0.0009699463844299316
0.0002826601266860962 0.0065445005893707275 0.0034470558166503906
0.0021739378571510315 0.009277909994125366 0.0028067827224731445
0.002720646560192108 0.009320735931396484 0.0065498948097229
0.006109252572059631 0.007345110177993774 0.012300193309783936
0.0010220333933830261 0.011064261198043823 0.0033760666847229004
0.0 0.009461790323257446 0.0
0.0 0.008481651544570923 0.0
0.001409582793712616 0.0015150010585784912 0.0
0.0 0.0 0.0
0.0 0.0 0.029605984687805176
0.0017042756080627441 0.006615668535232544 0.011521577835083008
0.06257376074790955 0.06743764877319336 0.0
0.058433741331100464 0.12351986765861511 0.0
0.0 0.1504051685333252 0.0
0.1317417323589325 0.09627372026443481 0.0
0.1659896969795227 0.14645448327064514 0.0
0.11872148513793945 0.21559855341911316 0.0
0.1452733278274536 0.1379077434539795 0.0
0.14017963409423828 0.23548084497451782 0.0
0.20350635051727295 0.22936320304870605 0.0
0.1950373649597168 0.2548096776008606 0.0
0.16546356678009033 0.2772071659564972 0.0
0.0 0.06357687711715698 0.0
0.0 0.0 0.0
0.0 0.0 0.0
0.0 0.0 0.0233231782913208
0.0 0.0 0.07930576801300049
0.0 0.08214783668518066 0.0
0.0 0.12550881505012512 0.0
0.0 0.07521161437034607 0.0
0.0 0.031814396381378174 0.2038867473602295
0.0 0.008796066045761108 0.374836802482605
0.0 0.07365763187408447 0.3426337242126465
0.0 0.13452017307281494 0.32803821563720703
0.0 0.12503451108932495 0.35197484493255615
0.0 0.12058895826339722 0.3306519389152527
0.0 0.20473545789718628 0.3115406036376953
0.0 0.23288780450820923 0.3391658067703247
0.0 0.19495272636413574 0.40045684576034546
0.0 0.16027683019638062 0.47310739755630493
0.0 0.23805725574493408 0.4518857002258301
0.0 0.3211156725883484 0.4376956820487976
0.0 0.3493603467941284 0.40388137102127075
0.0 0.3349055051803589 0.3726705312728882
0.0 0.22656989097595215 0.3499799370765686
0.0 0.14412063360214233 0.2860654592514038
0.0 0.15822529792785645 0.25410252809524536
0.0 0.24056172370910645 0.1997518539428711
0.0 0.2440679669380188 0.16880780458450317
0.0 0.20206648111343384 0.15222924947738647
0.0 0.1996007263660431 0.12685084342956543
0.0 0.19541117548942566 0.09439653158187866
0.028099894523620605 0.21669518947601318 0.053877174854278564
0.08996798098087311 0.2125832736492157 0.0
0.11727941036224365 0.20305874943733215 0.0
0.08550045639276505 0.21965137124061584 0.0
0.09421612322330475 0.2308785319328308 0.0
0.06837748736143112 0.1589273065328598 0.0
0.07240257412195206 0.1607029289007187 0.0
0.049366943538188934 0.06642242521047592 0.0
0.05537163466215134 0.043909765779972076 0.0
0.002603437751531601 0.025905907154083252 0.0
0.00011312216520309448 0.0 0.0
0.0 0.0 0.0
0.0034104250371456146 0.0 0.0010077953338623047
0.0 0.015397429466247559 0.03519082069396973
0.0 0.02644398808479309 0.059076666831970215
0.0 0.032270967960357666 0.08783406019210815
0.0 0.0 0.1152336597442627
0.0 0.0023969560861587524 0.09516280889511108
0.0 0.0 0.02992856502532959
0.0 0.004748806357383728 0.013923048973083496
0.0 0.0 0.0
0.0 0.0 0.0
0.0033060871064662933 0.0 0.0
0.006386272609233856 0.0 0.0
0.011634059250354767 0.021666228771209717 0.0
0.016383282840251923 0.028695285320281982 0.0
0.019403964281082153 0.026972368359565735 0.0
0.030854668468236923 0.03873543441295624 0.004809021949768066
0.03656800836324692 0.029158860445022583 0.0144730806350708
0.021860234439373016 0.02334269881248474 0.0
0.020268570631742477 0.012498080730438232 0.007406890392303467
0.0 0.008802980184555054 0.004115879535675049
0.010644018650054932 0.008390620350837708 0.01353001594543457
0.01772097870707512 0.0020399540662765503 0.029182136058807373
0.0 0.008081912994384766 0.0030669569969177246
0.005794242024421692 0.0072567760944366455 0.006620585918426514
0.003999810665845871 0.013946160674095154 0.0038883090019226074
0.0 0.015446677803993225 0.0
0.0 0.015903934836387634 0.0
0.0016304254531860352 0.013127163052558899 0.0
0.0 0.013574838638305664 0.004531800746917725
0.004124019294977188 0.003379523754119873 0.0
0.0057800933718681335 0.01015782356262207 0.0
0.005112510174512863 0.013308092951774597 0.0
0.0030728206038475037 0.0195491760969162 0.0
0.0 0.01782149076461792 0.0
0.0002652965486049652 0.009125173091888428 0.006455540657043457
0.0 0.0031457990407943726 0.013815820217132568
0.0 0.0 0.009066581726074219
0.0 0.0 0.01375877857208252
0.0024784989655017853 0.0018662810325622559 0.017224609851837158
0.0 0.007470384240150452 0.011368274688720703
0.00979260727763176 0.012396737933158875 0.004450082778930664
0.014098364859819412 0.020337283611297607 0.0
0.01508013904094696 0.01838812232017517 0.0
0.009671356528997421 0.014368385076522827 0.0024010539054870605
0.004301685839891434 0.018502414226531982 0.0037500858306884766
0.0 0.010835930705070496 0.0021163225173950195
0.0 0.01020100712776184 0.004459083080291748
0.001635190099477768 0.007640540599822998 0.006652772426605225
0.0 0.00759655237197876 0.0
0.0 0.008244037628173828 0.0
0.003356587141752243 0.0011368095874786377 0.008375227451324463
0.0 0.006544336676597595 0.00873786211013794
0.00605836883187294 0.010792940855026245 0.00487905740737915
0.0040347762405872345 0.008687406778335571 0.002980053424835205
0.007269904017448425 0.016563862562179565 0.013436675071716309
0.005093034356832504 0.013508737087249756 0.0058547258377075195
0.0032579079270362854 0.009618431329727173 0.003957808017730713
0.003915168344974518 0.009523287415504456 0.0
0.0 0.015948966145515442 0.0
0.0 0.01665264368057251 0.0
0.003797002136707306 0.020295754075050354 0.0
0.0 0.0036810636520385742 0.0014911293983459473
0.0 0.002869337797164917 0.001062929630279541
0.0 0.00234396755695343 0.008259475231170654
0.004396889358758926 0.01039956510066986 0.00985497236251831
0.005705513060092926 0.022087857127189636 0.0026378631591796875
0.009871724992990494 0.020274922251701355 0.007522940635681152
0.006210513412952423 0.00501956045627594 0.0071585774421691895
0.002717990428209305 0.007138192653656006 0.005924522876739502
0.01147952675819397 0.008095741271972656 0.010608673095703125
0.008463859558105469 0.0071112364530563354 0.007568538188934326
0.0056480467319488525 0.008951067924499512 0.014492332935333252
0.007274232804775238 0.010839268565177917 0.01397937536239624
0.0 0.004479110240936279 0.008933961391448975
0.0 0.005980774760246277 0.0037523508071899414
0.0 0.0025408118963241577 0.00492781400680542
0.0 0.006305500864982605 0.0
0.0 0.010571032762527466 0.0
0.0029015056788921356 0.014973357319831848 0.0
0.008063513785600662 0.011982813477516174 0.0010900497436523438
0.0013405606150627136 0.010679349303245544 0.0
0.007060438394546509 0.010520994663238525 0.003495931625366211
0.009351644665002823 0.009601801633834839 0.0077811479568481445
0.0 0.008897528052330017 0.008183896541595459
0.0017659440636634827 0.013042405247688293 0.0030781030654907227
0.00041309744119644165 0.015809491276741028 0.0
0.0 0.005711659789085388 0.0
0.021853052079677582 0.024326562881469727 0.027651667594909668
0.0029726028442382812 0.0022457540035247803 0.014585018157958984
0.0 0.020856395363807678 0.0032973289489746094
0.004484526813030243 0.01139533519744873 0.0
0.0 0.010413900017738342 0.0
0.0 0.004829823970794678 0.0
0.0 0.0011777430772781372 0.0
0.0 0.0 0.037162840366363525
