0.013580981642007828 0.020007044076919556 0.020430386066436768
0.039107546210289 0.030315160751342773 0.0504072904586792
0.038344450294971466 0.0 0.03568875789642334
0.009556371718645096 0.01550590991973877 0.030962228775024414
0.0 0.007042527198791504 0.021949410438537598
0.0 0.0 0.016946852207183838
0.0 0.02259165048599243 0.013022840023040771
0.0 0.02585884928703308 0.015607357025146484
0.0 0.022883981466293335 0.013398826122283936
0.0 0.0333019495010376 0.022443950176239014
0.0 0.026132911443710327 0.01256948709487915
0.020223654806613922 0.01834583282470703 0.0
0.004709891974925995 0.017048537731170654 0.0
0.022789306938648224 0.01270228624343872 0.0
0.033122818917036057 0.00946110486984253 0.0
0.019351856783032417 0.018073976039886475 0.0
0.0181720033288002 0.017309993505477905 0.0
0.01740828901529312 0.02041730284690857 0.0
0.0 0.022458672523498535 0.0
0.0 0.01545649766921997 0.0
0.0 0.008730083703994751 0.0
0.0 0.005376219749450684 0.000660240650177002
0.0 0.003672271966934204 0.011858642101287842
0.0 0.0035676956176757812 0.017154216766357422
0.0 0.008847355842590332 0.008364975452423096
0.0 0.006518691778182983 0.015018343925476074
0.0 0.003376603126525879 0.021460652351379395
0.0 0.0 0.03362560272216797
0.0 0.0 0.027000069618225098
0.0 0.0 0.021151483058929443
0.0 0.0007999837398529053 0.014484882354736328
0.0 0.0 0.015032470226287842
0.0 0.0 0.015530109405517578
0.0 0.0014100968837738037 0.011893808841705322
0.004699597135186195 0.009454160928726196 0.002535879611968994
0.009635448455810547 0.00951540470123291 0.0
0.006845057010650635 0.009373396635055542 0.004354119300842285
0.009342610836029053 0.002908945083618164 0.009517490863800049
0.007642360404133797 0.0009302496910095215 0.011370182037353516
0.009267957881093025 0.0008778572082519531 0.011483430862426758
0.002301761880517006 0.0027597546577453613 0.0055332183837890625
0.0 0.0 0.0
0.004682930186390877 0.0 0.004733443260192871
0.007245521992444992 0.0 0.005664825439453125
0.019034365192055702 0.0020759105682373047 0.00519639253616333
0.006771087646484375 0.0 0.004931032657623291
0.009872930124402046 0.0 0.0009758472442626953
0.0014168471097946167 0.0 0.0
0.005615148693323135 0.005105763673782349 0.0
0.00831042230129242 0.006388872861862183 0.0
0.010197054594755173 0.013236314058303833 0.002690911293029785
0.002074252814054489 0.006814002990722656 0.009484529495239258
0.0 0.0 0.012958407402038574
0.0 0.0011067092418670654 0.01849520206451416
0.0 0.0 0.02373284101486206
0.0 0.0026601850986480713 0.023894190788269043
0.0 0.010755479335784912 0.013135969638824463
0.0 0.009619563817977905 0.012987256050109863
0.0 0.00935247540473938 0.007035195827484131
0.0 0.011558115482330322 0.001634359359741211
0.001118481159210205 0.0083770751953125 0.0006860494613647461
0.0 0.003686070442199707 0.0030115842819213867
0.003084057942032814 0.0 0.006744742393493652
0.0 0.0023751258850097656 0.00820004940032959
0.0 0.0 0.008581578731536865
0.0 0.0 0.012280285358428955
0.0 0.0014913976192474365 0.012779474258422852
0.0002080760896205902 0.0012899935245513916 0.009058892726898193
0.0 0.008003950119018555 0.006396889686584473
0.0037961620837450027 0.009154349565505981 0.005981802940368652
0.008316600695252419 0.005002766847610474 0.005060732364654541
0.006214164197444916 0.004103511571884155 0.0072866082191467285
0.012681227177381516 0.0012401938438415527 0.01110851764678955
0.007702914997935295 0.005275756120681763 0.006842970848083496
0.002564862370491028 0.006608426570892334 0.0004888176918029785
0.0015870556235313416 0.0029081404209136963 0.007861435413360596
0.0065500009804964066 0.0007128417491912842 0.015913009643554688
0.006073545664548874 0.0015184283256530762 0.01761108636856079
0.00396384671330452 0.0 0.014165282249450684
0.00869976356625557 0.000337451696395874 0.010921001434326172
0.006876319646835327 0.003906339406967163 0.008683860301971436
0.0 0.0009755790233612061 0.005285024642944336
0.0 0.0031497180461883545 0.0049980878829956055
0.0 0.00812619924545288 0.0033316612243652344
0.0 0.0026262402534484863 0.0062503814697265625
0.0 0.0 0.008760631084442139
0.0 0.0 0.006002366542816162
0.00028465501964092255 0.0011150836944580078 0.007269799709320068
0.0 0.0 0.009813010692596436
0.0 0.0010059475898742676 0.005985736846923828
0.0 0.0036301612854003906 0.003829777240753174
0.0 0.0020577609539031982 0.006028175354003906
0.0006366297602653503 0.0017049610614776611 0.007924795150756836
0.0 0.0 0.01088935136795044
0.0024929195642471313 0.0 0.009544610977172852
0.0 0.0010738968849182129 0.00576704740524292
0.0 0.0019393861293792725 0.0017670392990112305
0.0 0.0020830929279327393 0.0007215142250061035
0.002488311380147934 0.0013388097286224365 0.0021973848342895508
0.003018692135810852 0.0 0.0016300678253173828
0.0 0.0 0.0
0.0 0.0044224560260772705 0.0
0.0 0.00544312596321106 0.0
0.0 0.003809213638305664 0.0009657740592956543
0.0 0.006939589977264404 0.00613933801651001
0.0 0.005211234092712402 0.013817250728607178
0.0 0.0009014904499053955 0.02428966760635376
0.0 0.0 0.030177414417266846
0.002145472913980484 0.0 0.024311959743499756
0.0007136929780244827 0.0015211403369903564 0.02619314193725586
0.006400475278496742 0.0008738338947296143 0.0231781005859375
0.005179153755307198 0.003636956214904785 0.01216667890548706
0.0 0.00010311603546142578 0.004325270652770996
0.002647530287504196 0.0026007890701293945 0.0
0.0009134411811828613 0.007156342267990112 0.0
0.002381419762969017 0.0019351541996002197 0.0
0.0 0.0 0.00248110294342041
0.0 0.0 0.0
0.0 0.0 0.00013518333435058594
0.0 0.002561807632446289 0.004862308502197266
0.004693083465099335 0.003883659839630127 0.01338416337966919
0.006065351888537407 0.002056121826171875 0.017559289932250977
0.0023785550147295 0.001773834228515625 0.017245054244995117
0.003974759951233864 0.005151569843292236 0.015209615230560303
0.002535788342356682 0.008536934852600098 0.01226794719696045
0.0009309072047472 0.00947543978691101 0.009603559970855713
0.004527071490883827 0.006160348653793335 0.0099143385887146
0.009057199582457542 0.008364289999008179 0.010639727115631104
0.007941234856843948 0.009640157222747803 0.005937755107879639
0.004521651193499565 0.008424311876296997 0.0015373826026916504
0.00956340879201889 0.009297758340835571 0.0038800835609436035
0.0038119573146104813 0.007033437490463257 0.007010281085968018
0.00513632595539093 0.0033915340900421143 0.006004452705383301
0.004624225199222565 0.0034931600093841553 0.004902303218841553
0.0 0.0 0.004507303237915039
0.0 0.0 0.007220089435577393
0.0 0.0 0.01434415578842163
0.0 0.0 0.011837542057037354
0.0 0.0 0.009463131427764893
0.0 0.0 0.004301190376281738
0.0 0.0 0.0016579627990722656
0.0012148749083280563 0.004975080490112305 0.0016677379608154297
0.0 0.007562458515167236 0.003007173538208008
0.004378164187073708 0.00432923436164856 0.007601380348205566
0.0063319131731987 0.00520777702331543 0.015610218048095703
0.006066005676984787 0.004888564348220825 0.013353168964385986
0.0 0.0035496950149536133 0.013675391674041748
0.0 0.0 0.014911413192749023
0.0001520104706287384 0.0 0.00847536325454712
0.0 0.006034821271896362 0.005856215953826904
0.0006425343453884125 0.005050748586654663 0.0
0.0015497319400310516 0.0 0.004733860492706299
0.0024684127420186996 0.00021511316299438477 0.01706594228744507
0.008787538856267929 0.0 0.020041942596435547
0.008476680144667625 0.008136928081512451 0.02544724941253662
0.019125498831272125 0.0077360570430755615 0.020540058612823486
0.0364699587225914 0.024120688438415527 0.01052314043045044
0.028628334403038025 0.035569995641708374 0.0
0.01628190279006958 0.03125554323196411 0.0
0.0176212340593338 0.014800071716308594 0.0
0.016129564493894577 0.014132112264633179 0.0
0.015190299600362778 0.011439085006713867 0.0
0.0051125697791576385 0.006757199764251709 0.0
0.0 0.012573957443237305 0.0
0.0023081712424755096 0.009494930505752563 0.0
0.0 0.006531745195388794 0.0
0.0 0.007218599319458008 0.0
0.0 0.006709873676300049 0.0
0.0 0.0 0.0
0.0 0.0005097389221191406 0.0
0.0 0.0 0.0
0.0 0.0 0.017984211444854736
0.0 0.0 0.03570735454559326
0.0 0.0 0.0
0.0 0.0 0.011034369468688965
0.0 0.0 0.018730640411376953
0.0 0.0 0.021328985691070557
0.0 0.0 0.035869479179382324
0.0 0.0 0.04994326829910278
0.0 0.0 0.0641622543334961
0.0 0.0 0.052817463874816895
0.0 0.0 0.05436205863952637
0.0 0.0 0.04654580354690552
0.0 0.0014121532440185547 0.024226784706115723
0.0 0.009607195854187012 0.014304280281066895
0.0005258172750473022 0.005708366632461548 0.011434078216552734
0.00037363171577453613 0.015187054872512817 0.0
0.0 0.022978007793426514 0.0
0.0 0.015793919563293457 0.0
0.0 0.004093438386917114 0.0
0.0040225014090538025 0.0027708113193511963 0.0
0.007751762866973877 0.0027908384799957275 0.0
0.007878911681473255 0.01140904426574707 0.002135157585144043
0.017520973458886147 0.0075730979442596436 0.0002467036247253418
0.009891532361507416 0.0038199424743652344 0.0
0.01680457778275013 0.006966233253479004 0.0
0.011059518903493881 0.006888151168823242 0.0
0.010919641703367233 0.011457622051239014 0.0008881688117980957
0.017961349338293076 0.010209411382675171 0.006925046443939209
0.013899311423301697 0.010309725999832153 0.0038771629333496094
0.011815674602985382 0.0029748380184173584 0.0
0.004329271614551544 0.0 0.002574622631072998
0.0 0.0047612786293029785 0.0005558133125305176
0.0044443607330322266 0.004282563924789429 0.002607285976409912
0.00778624415397644 0.012563377618789673 0.0
0.014443576335906982 0.018348485231399536 0.0005057454109191895
0.02055438607931137 0.017065107822418213 0.0
0.020816929638385773 0.014470815658569336 0.0037474632263183594
0.019044794142246246 0.01717516779899597 0.007509469985961914
0.024754598736763 0.014681369066238403 0.008580684661865234
0.022347331047058105 0.017930954694747925 0.0042310357093811035
0.025006651878356934 0.01167336106300354 0.00149613618850708
0.0010735690593719482 0.015294969081878662 0.0
0.0 0.026526927947998047 0.0
0.03130000829696655 0.00805392861366272 0.010486781597137451
0.007587358355522156 0.02741965651512146 0.004377245903015137
0.002116769552230835 0.0022211074829101562 0.0
0.0 0.010190606117248535 0.0
0.0 0.0 0.003234684467315674
0.0 0.0 0.005293011665344238
0.0 0.0 0.0036880970001220703
0.0 0.0 0.00853639841079712
0.0 0.0 0.010116636753082275
0.0 0.0 0.0034016966819763184
0.0 0.0 0.0
0.0 0.0 0.0
0.0 0.0 0.020039141178131104
0.0 0.0 0.027864396572113037
0.0 0.0 0.02956104278564453
0.0 0.0 0.03347432613372803
0.0 0.0 0.033089399337768555
0.0 0.0 0.039990365505218506
0.0 0.0 0.042384207248687744
0.0 0.0 0.032659709453582764
0.0 0.0 0.012064099311828613
0.0 0.0 0.003422677516937256
0.0 0.0014889836311340332 0.0012627243995666504
0.0 0.00536501407623291 0.009010255336761475
0.0 0.006713986396789551 0.012256443500518799
0.0 0.013342171907424927 0.017156243324279785
0.0 0.01919570565223694 0.01217573881149292
0.0028689689934253693 0.012130051851272583 0.0058019161224365234
0.008710116147994995 0.0063995420932769775 0.005867481231689453
0.01721308007836342 0.006562680006027222 0.010564148426055908
0.017609279602766037 0.012525975704193115 0.0
0.01733708381652832 0.0051229000091552734 0.0
0.013831466436386108 0.009964317083358765 0.0
0.006662324070930481 0.012036651372909546 0.0
0.014909960329532623 0.010398775339126587 0.0
0.015227362513542175 0.009200632572174072 0.0
0.01191885769367218 0.007349759340286255 0.0
0.007480308413505554 0.006504356861114502 0.0
0.0087195485830307 0.00875389575958252 0.0
0.008636154234409332 0.009363353252410889 0.003634810447692871
0.010368220508098602 0.011730611324310303 0.006540417671203613
0.015408270061016083 0.010368764400482178 0.006962478160858154
0.006977401673793793 0.009615689516067505 0.008684337139129639
0.00043586641550064087 0.008274197578430176 0.011049926280975342
0.0035007894039154053 0.0025897622108459473 0.005430102348327637
0.0036130473017692566 0.01000949740409851 0.011188387870788574
0.004391960799694061 0.002490222454071045 0.015342772006988525
0.0 0.003449171781539917 0.01225590705871582
0.0 0.004316151142120361 0.013345837593078613
0.0 0.0009966790676116943 0.012301087379455566
0.0 0.00647464394569397 0.00730443000793457
0.0 0.0015846490859985352 0.0015648603439331055
0.0 0.005619138479232788 0.0004970431327819824
0.0 0.001549839973449707 0.00405651330947876
0.0 0.0012029409408569336 0.0
0.0 0.0 0.0
0.0 0.0 0.0
0.0 0.0 0.00010001659393310547
0.0 0.0 0.010881662368774414
0.0 0.0 0.022259235382080078
0.0 0.0 0.034015655517578125
0.0 0.0 0.02873098850250244
0.0 0.0 0.010478019714355469
0.0 0.0 0.0
0.0 0.011605679988861084 0.0
0.0 0.0038174986839294434 0.0
0.0 0.0 0.0
0.0 0.0 0.0
0.008395485579967499 0.0 0.024102985858917236
0.03865140676498413 0.0 0.08203762769699097
0.04828333109617233 0.0 0.10371434688568115
0.039996176958084106 0.0 0.13027167320251465
0.0 0.03075885772705078 0.08742380142211914
0.0 0.018816262483596802 0.06007540225982666
0.027473032474517822 0.041828155517578125 0.11952865123748779
0.046767741441726685 0.026380091905593872 0.04142141342163086
0.0 0.05894392728805542 0.0
0.0 0.09433397650718689 0.06332409381866455
0.161063551902771 0.04966980218887329 0.0
0.1889621615409851 0.06067252159118652 0.0
0.06206601858139038 0.08618146181106567 0.0
0.10175228118896484 0.11493527889251709 0.0
0.2188340425491333 0.30237555503845215 0.0
0.23175418376922607 0.4245360493659973 0.0
0.067027747631073 0.46635526418685913 0.0
0.0 0.0 0.0
0.0 0.0 0.0
0.0 0.0 0.0
0.0 0.18774476647377014 0.0
0.0 0.3219769597053528 0.0
0.0 0.24258562922477722 0.0
0.0 0.11082053184509277 0.0
0.0 0.0 0.0
0.0 0.0 0.10616898536682129
0.0 0.0 0.3642899990081787
0.0 0.0 0.4105015993118286
0.0 0.12502598762512207 0.22402799129486084
0.0 0.38306909799575806 0.08938390016555786
0.0 0.479574590921402 0.04763686656951904
0.0 0.41957956552505493 0.11615240573883057
0.0 0.3071480393409729 0.18490540981292725
0.0 0.27605336904525757 0.19561147689819336
0.0 0.3316357433795929 0.1411178708076477
0.0 0.3516671657562256 0.1084635853767395
0.0 0.33991295099258423 0.1170688271522522
0.0 0.330488383769989 0.12353628873825073
0.0 0.3054002523422241 0.15429174900054932
0.0 0.29290711879730225 0.14281147718429565
0.0 0.2546071410179138 0.1490163803100586
0.0 0.17654913663864136 0.18650031089782715
0.0 0.09114789962768555 0.23631316423416138
0.0 0.0725778341293335 0.26802313327789307
0.0 0.14803290367126465 0.2671188712120056
0.0 0.24402278661727905 0.23550105094909668
0.0 0.217454195022583 0.2256268858909607
0.0 0.1524951457977295 0.24794530868530273
0.0 0.08373904228210449 0.2611364722251892
0.0 0.07851117849349976 0.2233065366744995
0.0 0.11501514911651611 0.22324395179748535
0.0 0.14732825756072998 0.2124260663986206
0.0 0.13603782653808594 0.25661957263946533
0.0 0.10757279396057129 0.3225826025009155
0.0 0.13329285383224487 0.36782753467559814
0.0 0.15596380829811096 0.3875132203102112
0.0 0.20242342352867126 0.3228909373283386
0.0 0.2275015413761139 0.2094496488571167
0.0 0.2616402506828308 0.07253283262252808
0.0 0.23354791104793549 0.0
0.0 0.19639985263347626 0.0
0.0 0.16439709067344666 0.0
0.0 0.1227797344326973 0.0
0.0 0.07260846346616745 0.0
0.0 0.02425612136721611 0.0
0.0 0.005938772112131119 0.0
0.0 0.014186473563313484 0.0
0.0 0.0 0.0
0.0 0.0006922315806150436 0.0
0.0 0.0025911517441272736 0.0
0.0 0.005935937166213989 0.0
0.0030333586037158966 0.012195011600852013 0.0
0.006931275129318237 0.013120785355567932 0.0
0.0 0.0014505721628665924 0.0
0.0 0.0029626786708831787 0.0
0.0 0.00432460755109787 0.006192266941070557
0.0 0.0037226341664791107 0.018238544464111328
0.00527244433760643 0.0099339559674263 0.03068399429321289
0.0048028863966465 0.008969493210315704 0.03415709733963013
0.0 0.005586300045251846 0.018941521644592285
0.0 0.0 0.01996016502380371
0.0 0.00231204554438591 0.02213960886001587
0.0 0.011138610541820526 0.014507293701171875
0.0 0.0 0.0
0.0 0.0 0.002106010913848877
0.0021549127995967865 0.0 0.005074560642242432
0.008038736879825592 0.005695007741451263 0.0072138309478759766
0.0 0.0 0.0
0.0 0.0 0.0
0.0 0.0 0.008159816265106201
0.0 0.0 0.012442708015441895
0.0 0.0 0.014222443103790283
0.0 0.0028207004070281982 0.010793149471282959
0.0 0.0016552284359931946 0.003600895404815674
0.0 0.0038544684648513794 0.017259061336517334
0.0 0.009394459426403046 0.008052229881286621
0.0 0.0 0.007377445697784424
0.0 0.0038667097687721252 0.010026752948760986
0.006973683834075928 0.007455088198184967 0.02218794822692871
0.0 0.0005483180284500122 0.015535235404968262
0.0 0.0037802383303642273 0.0
0.0 0.0 0.0
0.0013226792216300964 0.0 0.0009786486625671387
0.0 0.0 0.01186370849609375
0.0 0.0 0.011932015419006348
0.0 0.0 0.011071741580963135
0.0029603242874145508 0.0 0.01489478349685669
0.005613282322883606 0.004675708711147308 0.015453100204467773
0.01040184497833252 0.009733878076076508 0.01586174964904785
0.010350674390792847 0.009628787636756897 0.02109205722808838
0.006354130804538727 0.008775219321250916 0.003541409969329834
0.0 0.008984401822090149 0.0
0.0 0.0051673054695129395 0.0
0.0 0.008402809500694275 0.006428062915802002
0.0 0.005983695387840271 0.01239389181137085
0.0 0.006416887044906616 0.008797287940979004
0.0 0.0020524486899375916 0.0
0.0 0.0 0.007920444011688232
0.0 0.003544554114341736 0.009531974792480469
0.0 0.0 0.008884787559509277
0.0 0.0030097588896751404 0.012389421463012695
0.0014629513025283813 0.00397220253944397 0.011412739753723145
0.0 0.0041340067982673645 0.007355809211730957
0.0 0.0 0.005041062831878662
0.0 0.0 0.011443138122558594
0.0007590129971504211 0.0 0.015686392784118652
0.0008114427328109741 0.0 0.0167732834815979
0.0 0.0 0.012636423110961914
0.0015981942415237427 0.003418639302253723 0.010294437408447266
0.002959422767162323 0.001402541995048523 0.008774995803833008
0.004313379526138306 0.003536701202392578 0.012215495109558105
0.007271908223628998 0.002048209309577942 0.01680612564086914
0.006889693439006805 0.0 0.014340400695800781
0.0036313533782958984 0.0 0.014862656593322754
0.005082830786705017 0.0009534060955047607 0.014927268028259277
0.006286635994911194 0.005918070673942566 0.013553082942962646
0.0038030222058296204 0.007284238934516907 0.006465792655944824
0.003173455595970154 0.007286563515663147 0.010273337364196777
0.0 0.006510898470878601 0.016208767890930176
0.000979296863079071 0.0 0.0131148099899292
0.0 0.0 0.006646573543548584
0.0 0.0 0.0
0.0 0.0 0.0
0.0 0.0 0.0
0.0 0.016078531742095947 0.0
0.0 0.0354437381029129 0.0
0.0 0.06271681189537048 0.0
0.0 0.044050782918930054 0.0
0.0 0.011890113353729248 0.0
0.0 0.00887027382850647 0.0
0.0 0.028873980045318604 0.0
0.0 0.025558024644851685 0.0
0.0 0.03355136513710022 0.0
0.002175644040107727 0.036046773195266724 0.022461295127868652
0.013353109359741211 0.02458900213241577 0.056992292404174805
0.013901926577091217 0.022468477487564087 0.08433645963668823
0.01085229218006134 0.025071263313293457 0.10610127449035645
0.013706386089324951 0.02038446068763733 0.1213151216506958
0.005763031542301178 0.010197371244430542 0.12987828254699707
0.0 0.00588303804397583 0.1413058042526245
0.0 0.0 0.15236449241638184
0.0 0.0 0.14742958545684814
0.0 0.0 0.1429576873779297
0.0 0.0 0.13438570499420166
0.0 0.0 0.12668156623840332
0.0 0.0 0.11581438779830933
0.0 0.0 0.09772789478302002
0.0 0.0 0.06532102823257446
0.0 0.0 0.030548393726348877
0.0 0.0 0.004812657833099365
0.0 0.00465141236782074 0.0
0.0 0.011512920260429382 0.0
0.0 0.01021304726600647 0.0
0.0 0.008905179798603058 0.0
0.0 0.006905995309352875 0.0
0.0007441416382789612 0.008437171578407288 0.0
0.005968768149614334 0.007803119719028473 0.0
0.0 0.0 0.0
0.0 0.0 0.0
0.0 0.01811894029378891 0.0
0.0 0.01349020004272461 0.0
0.0029547251760959625 0.021806105971336365 0.0
0.00559476763010025 0.03190129995346069 0.0
0.0003432072699069977 0.04255475103855133 0.0
0.006208144128322601 0.04606296122074127 0.0
0.004397347569465637 0.053391873836517334 0.0
0.0 0.057575613260269165 0.0
0.0 0.044565826654434204 0.012751221656799316
0.016057796776294708 0.03797397017478943 0.05144965648651123
0.01373802125453949 0.032661259174346924 0.07279753684997559
0.0 0.040179550647735596 0.08064329624176025
0.0 0.026194244623184204 0.08789646625518799
0.0 0.019731372594833374 0.0949242115020752
0.0 0.005938142538070679 0.10700297355651855
0.0 0.0 0.11575746536254883
0.0 0.0 0.1217043399810791
0.0 0.0 0.12439733743667603
0.0 0.0 0.11405640840530396
0.0 0.0 0.10007554292678833
0.0 0.0 0.08859896659851074
0.0 0.0 0.06592679023742676
0.0 0.0 0.05976378917694092
0.0 0.0 0.04442781209945679
0.0 0.0 0.0235632061958313
0.0 0.0 0.0005161762237548828
0.0 0.0 0.0
0.0 0.0 0.0
0.0026000207290053368 0.008804269134998322 0.0
0.009722460061311722 0.009951464831829071 0.0
0.0021562292240560055 0.01069670170545578 0.0
0.0 0.0056495144963264465 0.0
0.0 0.0 0.0
0.0 0.0 0.0
0.0049956683069467545 0.003727458417415619 0.0
0.005042683333158493 0.026486381888389587 0.0
0.014561690390110016 0.030888229608535767 0.0
0.017720986157655716 0.03755280375480652 0.0
0.024190455675125122 0.044622793793678284 0.0
0.020350009202957153 0.04853713512420654 0.0
0.017176374793052673 0.04478791356086731 0.0
0.02959485352039337 0.04018786549568176 0.0015423893928527832
0.0203036367893219 0.041058480739593506 0.032093584537506104
0.02490288019180298 0.03251752257347107 0.054335832595825195
0.018461361527442932 0.026501476764678955 0.07258158922195435
0.011049047112464905 0.01666310429573059 0.07241988182067871
0.004144147038459778 0.017446011304855347 0.0729745626449585
0.0 0.012824594974517822 0.07867825031280518
0.0 0.00655287504196167 0.08223605155944824
0.0 0.0 0.08601886034011841
0.0 0.0 0.08830016851425171
0.0 0.0 0.08309847116470337
0.0 0.0 0.09137284755706787
0.0 0.0 0.09271001815795898
0.0 0.0 0.07946068048477173
0.0 0.0 0.06767654418945312
0.0 0.0 0.05418652296066284
0.0 0.0 0.03527712821960449
0.0 0.0 0.01910388469696045
0.0 0.0 0.0
0.0 0.0 0.0
0.001507006585597992 0.007237657904624939 0.0
0.00305759534239769 0.01392906904220581 0.0
0.00276203453540802 0.01275189220905304 0.0
0.00402957946062088 0.004284977912902832 0.0
0.0 0.0015307515859603882 0.0
0.0 0.0 0.0
0.002685070037841797 0.0 0.0
0.0 0.0 0.0
0.0 0.0 0.0
0.0 0.0 0.0
0.0 0.0 0.0
0.0 0.0 0.00044286251068115234
0.004787057638168335 0.001464739441871643 0.0
0.003628164529800415 0.01732468605041504 0.0
0.010216474533081055 0.021432295441627502 0.0
0.017231471836566925 0.017918765544891357 0.001980304718017578
0.011694371700286865 0.014536693692207336 0.003632187843322754
0.0006185099482536316 0.01073533296585083 0.0
0.003548853099346161 0.00630226731300354 0.0
0.0 0.022554844617843628 0.006803035736083984
0.005740053951740265 0.017749637365341187 0.019854605197906494
0.005084216594696045 0.0077597349882125854 0.028824329376220703
0.0 0.0 0.03346914052963257
0.0 0.0 0.02512526512145996
0.0 0.0 0.01938927173614502
0.0 0.0003191828727722168 0.019765853881835938
0.0 0.0032266080379486084 0.017783045768737793
0.0 0.0 0.005631804466247559
0.0 0.0 0.002530992031097412
0.0 0.0 0.0074530839920043945
0.0 0.0 0.00883704423904419
0.0 0.0 0.011536836624145508
0.0 0.0 0.017186641693115234
0.0 0.0 0.016901016235351562
0.0 0.0015050172805786133 0.012219011783599854
0.0 0.00768008828163147 0.011008620262145996
0.0 0.005941510200500488 0.006367683410644531
0.0 0.0032366514205932617 0.008139729499816895
0.0 0.0048683881759643555 0.006184577941894531
0.0 0.0 0.0
0.0 0.0 0.0
0.0 0.0 0.0042040348052978516
0.0 0.0 0.004800856113433838
0.0 0.0 0.004218399524688721
0.00015885382890701294 0.0 0.0012502074241638184
0.0 0.0 0.0
0.00242508202791214 0.0026251375675201416 0.0
0.004051178693771362 0.002896636724472046 0.006740868091583252
0.005609743297100067 0.0 0.011899173259735107
0.007250331342220306 0.0002192854881286621 0.008962631225585938
0.0018458664417266846 0.0 0.005828559398651123
0.0010832622647285461 0.0018555819988250732 0.000497281551361084
0.0 0.01069536805152893 0.005425751209259033
0.00016640126705169678 0.007827192544937134 0.0025347471237182617
0.0 0.007387906312942505 0.0022426843643188477
0.0 0.007983803749084473 0.0020543336868286133
0.0 0.003085523843765259 0.0
0.0 0.006986677646636963 0.0
0.0 0.005441397428512573 0.01493525505065918
0.0 0.0038196146488189697 0.022392868995666504
0.0 0.0 0.02293306589126587
0.0 0.0 0.01394963264465332
0.0 0.0 0.00997626781463623
0.0012616366147994995 0.0 0.024879872798919678
0.0 0.0 0.021127283573150635
0.0 0.004193425178527832 0.013963520526885986
0.0 0.0070747435092926025 0.005279600620269775
0.0 0.008280664682388306 0.0016440749168395996
0.0 0.0073126256465911865 0.00045430660247802734
0.0 0.006970196962356567 0.0064272284507751465
0.00684984028339386 0.012566626071929932 0.014857113361358643
0.004368692636489868 0.00516510009765625 0.014100730419158936
0.0 0.0017876923084259033 0.007616877555847168
0.0 0.0001138150691986084 0.0024268031120300293
0.0 0.0 0.0
0.0 0.0 0.004005253314971924
0.0 0.0 0.01743417978286743
0.0 0.0 0.025647342205047607
0.0 0.0 0.01734018325805664
0.0 0.0 0.012685298919677734
0.0 0.0056882500648498535 0.0064362287521362305
0.0 0.003898411989212036 0.0029134154319763184
0.0 0.0 0.008435964584350586
0.0036736279726028442 0.0 0.01690673828125
0.005004629492759705 0.0 0.011835098266601562
0.0025259777903556824 0.0 0.0038886666297912598
0.0005264207720756531 0.0 0.0
0.0 0.0 0.0
0.0 0.0 0.0
0.0007027611136436462 0.0 0.0
0.012094177305698395 0.0 0.009602487087249756
0.02193475514650345 0.0 0.024434328079223633
0.03965570032596588 0.0 0.04085361957550049
0.041476547718048096 0.0 0.08293581008911133
0.022529304027557373 0.0 0.12722152471542358
0.017422586679458618 0.0 0.1802327036857605
0.02126297354698181 0.0 0.20201563835144043
0.0 0.0 0.1534116268157959
0.0 0.0 0.12563550472259521
0.1311841607093811 0.0 0.06020933389663696
0.08260953426361084 0.06277919560670853 0.054298341274261475
0.052913010120391846 0.07902485877275467 0.035406410694122314
0.0356999933719635 0.17148210108280182 0.0
0.02196204662322998 0.22763097286224365 0.0
0.022621452808380127 0.2728804051876068 0.0
0.06365245580673218 0.2938835918903351 0.0
0.033172667026519775 0.33218079805374146 0.0
0.08959698677062988 0.40475037693977356 0.011833906173706055
0.00034606456756591797 0.3432927131652832 0.0
0.01280832290649414 0.2775152623653412 0.0
0.0 0.1334744095802307 0.0
0.0 0.0 0.0
0.0 0.0 0.0
0.0 0.20006942749023438 0.0
0.0 0.28506773710250854 0.0
0.08311808109283447 0.12221994996070862 0.0
0.0 0.04274529218673706 0.0
0.0 0.0 0.1442754864692688
0.0 0.0 0.2734489440917969
0.0 0.0 0.28955233097076416
0.0 0.06588351726531982 0.1648857593536377
0.0015586018562316895 0.30776819586753845 0.07387590408325195
0.0 0.27036434412002563 0.05032986402511597
0.0 0.11874338984489441 0.04143482446670532
0.0 0.10735753178596497 0.04156374931335449
0.0 0.15855222940444946 0.09694302082061768
0.0 0.2591749429702759 0.1166154146194458
0.0 0.22763746976852417 0.10031592845916748
0.0 0.18297195434570312 0.059709906578063965
0.0 0.14940762519836426 0.06336915493011475
0.0 0.19558334350585938 0.08874267339706421
0.0 0.2184290885925293 0.10677629709243774
0.0 0.18378424644470215 0.10924458503723145
0.0 0.1317911148071289 0.10864782333374023
0.0 0.036970317363739014 0.13114416599273682
0.0 0.023747920989990234 0.12188351154327393
0.0 0.09725141525268555 0.08205050230026245
0.0 0.15972185134887695 0.057591915130615234
0.006215333938598633 0.16219300031661987 0.059204816818237305
0.006511956453323364 0.06518661975860596 0.1173851490020752
0.0 0.0 0.13569653034210205
0.0 0.08594727516174316 0.05569624900817871
0.0 0.09724318981170654 0.025737285614013672
0.0 0.16881245374679565 0.0
0.0 0.046201229095458984 0.02303624153137207
0.0 0.0 0.06169259548187256
0.0 0.0 0.04660189151763916
0.0 0.003132343292236328 0.07346886396408081
0.0 0.08941370248794556 0.03359353542327881
0.0 0.07920515537261963 0.040184974670410156
0.0 0.009429931640625 0.06985211372375488
0.0 0.0 0.11988592147827148
0.0 0.04443913698196411 0.09212779998779297
0.0 0.018264949321746826 0.13841384649276733
0.0 0.052973031997680664 0.1468595266342163
0.0 0.09114664793014526 0.12133431434631348
0.0 0.1094849705696106 0.0703248381614685
0.0 0.0615612268447876 0.02544987201690674
0.03604811429977417 0.04189974069595337 0.08143484592437744
0.06394103169441223 0.05613599717617035 0.15069103240966797
0.039502084255218506 0.12063255906105042 0.08354634046554565
0.0 0.1181742399930954 0.0
0.007172614336013794 0.06818065047264099 0.0
0.05317673087120056 0.04774397611618042 0.03873765468597412
0.043064966797828674 0.04904818534851074 0.06776618957519531
0.03638473153114319 0.057642966508865356 0.0408632755279541
0.036750517785549164 0.046602264046669006 0.0
0.0068549662828445435 0.034108348190784454 0.0
0.0 0.040017351508140564 0.0
0.0 0.028055302798748016 0.0
0.017800524830818176 0.005951359868049622 0.0
0.03527381271123886 0.0 0.0
0.0 0.0 0.0
0.0 0.0 0.0
0.0 0.0 0.0
0.0 0.0 0.0
0.0 0.0 0.0
0.0 0.0 0.0
0.0 0.0 0.0
0.0 0.0 0.0
0.0 0.0 0.0
0.0 0.0027564018964767456 0.0
0.0 0.01005689799785614 0.0
0.0 0.010613203048706055 0.004162311553955078
0.0 0.016380518674850464 0.018363118171691895
0.0 0.008508443832397461 0.02006840705871582
0.0 0.004567757248878479 0.019073486328125
0.0 0.0005618631839752197 0.026784777641296387
0.0 0.0 0.026993274688720703
0.0 0.0 0.031375885009765625
0.0 0.0 0.034057796001434326
0.0 0.0 0.034487009048461914
0.0 0.0 0.03532010316848755
0.0021009519696235657 0.0008347481489181519 0.030905187129974365
0.0012281090021133423 0.0078020840883255005 0.01690131425857544
0.0 0.011534184217453003 0.005708098411560059
0.0006804615259170532 0.009270742535591125 0.004352211952209473
0.007448114454746246 0.008895710110664368 0.011170029640197754
0.006458014249801636 0.0 0.010302186012268066
0.010664321482181549 0.0 0.01842367649078369
0.010146036744117737 0.004790440201759338 0.012722492218017578
0.0042879655957221985 0.0 0.006690323352813721
0.0007424131035804749 0.00813758373260498 0.0024598240852355957
0.004164859652519226 0.012371227145195007 0.0017498135566711426
0.0005356892943382263 0.00984741747379303 0.0032240748405456543
0.0 0.004410505294799805 0.007983684539794922
0.0017681270837783813 0.00042717158794403076 0.012233376502990723
0.0 0.0014529526233673096 0.009225547313690186
0.0 0.0 0.00419086217880249
0.0 0.0 0.005411267280578613
0.0 0.0 0.0142059326171875
0.0 0.0 0.012376844882965088
0.0 0.0 0.01037687063217163
0.0 0.0015863627195358276 0.0
0.0 0.0033520013093948364 0.0
0.0 0.007825896143913269 0.0010207891464233398
0.0 0.0018666088581085205 0.004117488861083984
0.0 0.0 0.012853026390075684
0.0007613301277160645 0.001932099461555481 0.012781798839569092
0.002800203859806061 0.0 0.00393909215927124
0.007306680083274841 0.008482128381729126 0.0034584999084472656
0.00890495628118515 0.009184032678604126 0.00040072202682495117
0.002445027232170105 0.003570854663848877 0.0015167593955993652
0.0 0.0 0.00839245319366455
0.0 0.0 0.008655190467834473
0.0 0.0 0.008162856101989746
0.0 0.0 0.007377684116363525
0.0 0.0 0.0
0.0 0.0 0.01275557279586792
0.0 0.0 0.031200170516967773
0.0 0.0 0.03703957796096802
0.0 0.0 0.03991049528121948
0.0 0.0 0.03890424966812134
0.0 0.0 0.0475347638130188
0.001742853783071041 0.006834506988525391 0.022975504398345947
0.0 0.009322211146354675 0.0006448030471801758
0.000616149976849556 0.024555549025535583 0.0
0.004045828245580196 0.028237909078598022 0.0
0.04881349578499794 0.03295676410198212 0.0
0.04934512823820114 0.037983253598213196 0.0
0.042455676943063736 0.03765024244785309 0.0
0.04077756404876709 0.04206287860870361 0.0
0.06684544682502747 0.058670878410339355 0.0
0.06658763438463211 0.0876346230506897 0.0
0.0663955956697464 0.09820747375488281 0.002345263957977295
0.11579626798629761 0.10839122533798218 0.015278935432434082
0.10872788727283478 0.11548887193202972 0.015455305576324463
0.047083936631679535 0.09626463055610657 0.0012505650520324707
0.005648870021104813 0.06938523054122925 0.0
0.0 0.0627058893442154 0.0
0.0008652433753013611 0.04898962378501892 0.0
0.0 0.022769182920455933 0.0
0.0 0.0026362091302871704 0.0
0.0 0.0 0.0051419734954833984
0.0 0.0 0.015398025512695312
0.0 0.0 0.010590195655822754
0.0 0.0 0.009645223617553711
0.0 0.0 0.014245808124542236
0.0 0.0 0.023872673511505127
0.0 0.0 0.039736390113830566
0.0 0.0 0.03253668546676636
0.0 0.0 0.03146564960479736
0.0 0.0 0.03810948133468628
0.0 0.0 0.05408060550689697
0.0 0.0 0.05877327919006348
0.0 0.0 0.06215012073516846
0.0 0.0 0.06829780340194702
0.0 0.0 0.06852555274963379
0.0 0.01250101625919342 0.05866140127182007
0.0 0.0 0.04790550470352173
0.0 0.0 0.03188204765319824
0.0 0.0 0.026228249073028564
0.0 0.0 0.02655208110809326
0.0007252544164657593 0.016539767384529114 0.010697782039642334
0.015032090246677399 0.041063934564590454 0.0
0.027530543506145477 0.05100642144680023 0.0
0.044562555849552155 0.06065340340137482 0.0
0.06768782436847687 0.07448507845401764 0.0
0.10449597984552383 0.09083419293165207 0.0
0.12146363407373428 0.11578299105167389 0.0
0.08835446089506149 0.14234456419944763 0.0
0.05689529329538345 0.10851851105690002 0.0
0.0477275550365448 0.06159453094005585 0.0
0.042850613594055176 0.0392417311668396 0.0
0.06276349723339081 0.0341016948223114 0.03063523769378662
0.04189065098762512 0.03584831953048706 0.031356632709503174
0.01882150024175644 0.029683828353881836 0.0
0.0 0.02456405758857727 0.006869792938232422
0.0024005919694900513 0.01794123649597168 0.012759804725646973
0.0009447336196899414 0.0103549063205719 0.031708598136901855
0.0 0.008221790194511414 0.03386038541793823
0.0 0.0 0.014397799968719482
0.0 0.0 0.018838882446289062
0.0 0.0 0.035172104835510254
0.0 0.0 0.04966646432876587
0.0 0.0 0.045279860496520996
0.0 0.0 0.03416895866394043
0.0 0.0 0.035449087619781494
0.0 0.0 0.04671931266784668
0.0 0.0 0.05300033092498779
0.0 0.0 0.045644521713256836
0.0 0.0 0.043231427669525146
0.0 0.0 0.04121178388595581
0.0 0.0 0.03832697868347168
0.0 0.0 0.037461936473846436
0.0 0.0 0.03324323892593384
0.0 0.0 0.0228157639503479
0.0 0.00705505907535553 0.021259069442749023
0.0 0.0158846378326416 0.026198744773864746
0.0 0.029241099953651428 0.022329270839691162
0.007560417056083679 0.02994529902935028 0.022810161113739014
0.03143363445997238 0.04104459285736084 0.014302194118499756
0.03339085727930069 0.046739593148231506 0.0
0.03774195909500122 0.04337252676486969 0.0
0.04463940113782883 0.05101427435874939 0.0
0.06438054144382477 0.05957977473735809 0.0
0.07682852447032928 0.07909423112869263 0.0
0.07163863629102707 0.09018996357917786 0.0
0.0583980530500412 0.08472460508346558 0.0
0.05111844837665558 0.06074495613574982 0.0
0.049140267074108124 0.05577123165130615 0.0
0.045802123844623566 0.04774703085422516 0.0
0.03968802094459534 0.03557722270488739 0.0
0.030114755034446716 0.021788060665130615 0.0
0.01976625621318817 0.018373742699623108 0.0
0.00556589663028717 0.026066556572914124 0.0
0.01968272775411606 0.03154824674129486 0.0019212961196899414
0.0 0.015420839190483093 0.0
0.0 0.0 0.004152357578277588
0.0 0.0 0.02844303846359253
0.0 0.0 0.05097454786300659
0.0 0.0 0.05107361078262329
0.0 0.002889871597290039 0.030886709690093994
0.0 0.0 0.019103586673736572
0.0 0.0 0.015929579734802246
0.0 0.0 0.030468106269836426
0.0 0.0 0.04399305582046509
0.0 0.0 0.03098464012145996
0.0 0.0 0.008944272994995117
0.0 0.0 0.015605390071868896
0.0 0.0 0.021801352500915527
0.0 0.0 0.0318179726600647
0.0 0.0 0.026887714862823486
0.0 0.0 0.03210127353668213
0.0 0.0 0.02940356731414795
0.0 0.0 0.029264509677886963
0.0 0.0 0.031947553157806396
0.0 0.0 0.03157544136047363
0.0 0.0 0.03435111045837402
0.0 0.0 0.03731083869934082
0.0 0.0 0.03873264789581299
0.0 0.0 0.03796648979187012
0.0 0.0 0.029707372188568115
0.0 0.0 0.02671283483505249
0.007737740874290466 0.014246582984924316 0.012762129306793213
0.019883975386619568 0.02918344736099243 0.0
0.024045772850513458 0.041743144392967224 0.0
0.04552064836025238 0.06190571188926697 0.0
0.0652126744389534 0.0741162896156311 0.0
0.07361669093370438 0.0719531774520874 0.0
0.07036728411912918 0.07519890367984772 0.0
0.06551787257194519 0.0666835755109787 0.0
0.058195337653160095 0.06110495328903198 0.0
0.05150258541107178 0.05028817057609558 0.0
0.03001987934112549 0.03881731629371643 0.0
0.024312183260917664 0.024200469255447388 0.0
0.01394721120595932 0.01975308358669281 0.0
0.005691461265087128 0.010357961058616638 0.0
0.0 0.004913330078125 0.0008595585823059082
0.0 0.0016129016876220703 0.009777426719665527
0.0 0.0 0.012561261653900146
0.0 0.0 0.017229437828063965
0.0 0.0 0.02255070209503174
0.0 0.0 0.029474377632141113
0.0 0.0 0.029647767543792725
0.0 0.0 0.027985990047454834
0.0 0.0 0.02456951141357422
0.0 0.0 0.02292191982269287
0.0 0.0 0.0209389328956604
0.0 0.0 0.011095762252807617
0.0 0.0 0.0070084333419799805
0.0 0.0 0.004072606563568115
0.0 0.0 0.00943005084991455
0.0 0.0 0.0
0.0 0.0 0.0
0.0 0.006168738007545471 0.0
0.0 0.008551836013793945 0.00018280744552612305
0.002258025109767914 0.010068684816360474 0.008800685405731201
0.0 0.008995160460472107 0.011844217777252197
0.0 0.00824175775051117 0.011083722114562988
0.0 0.004951253533363342 0.01414632797241211
0.0 0.004024147987365723 0.021237552165985107
0.0 0.004050880670547485 0.022591829299926758
0.0 0.002917468547821045 0.008540868759155273
0.0 0.010336920619010925 0.0
0.002270326018333435 0.015243560075759888 0.0
0.0033509060740470886 0.01903758943080902 0.0
0.0 0.011686578392982483 0.0
0.0 0.00969405472278595 0.0
0.0008266419172286987 0.006173491477966309 0.0
0.0 0.0007349252700805664 0.004095256328582764
0.0 0.0 0.010440468788146973
0.0 0.0 0.009246587753295898
0.0 0.0 0.0060024261474609375
0.0 0.003270268440246582 0.006438791751861572
0.0 0.0029573440551757812 0.009723424911499023
0.0 0.0 0.008782923221588135
0.0 0.0 0.009838223457336426
0.0 0.0 0.019271492958068848
0.0 0.0 0.023965775966644287
0.0 0.0 0.015308558940887451
0.0 0.0 0.026440203189849854
0.0 0.0 0.04548025131225586
0.0 0.0 0.0744849443435669
0.0 0.0 0.09883588552474976
0.022385329008102417 0.0 0.11599713563919067
0.0 0.0 0.0666036605834961
0.0 0.0 0.05824172496795654
0.0 0.011049538850784302 0.07219541072845459
0.07565012574195862 0.026812657713890076 0.0
0.09330269694328308 0.07138015329837799 0.0
0.051774799823760986 0.0825698971748352 0.0
0.037801146507263184 0.07410404086112976 0.0
0.009735703468322754 0.06762662529945374 0.0
0.032749831676483154 0.1125025749206543 0.0
0.07358568906784058 0.2312367558479309 0.0
0.09043842554092407 0.2097921371459961 0.0
0.09504377841949463 0.18772396445274353 0.0
0.09009623527526855 0.13746222853660583 0.0
0.0723181962966919 0.01980459690093994 0.0
0.0 0.0 0.0
0.0 0.0 0.0
0.0 0.08739113807678223 0.0
0.0411074161529541 0.1857345700263977 0.0
0.013917922973632812 0.1638404130935669 0.0
0.0 0.04147821664810181 0.0
0.0 0.0 0.0
0.0 0.0 0.02698838710784912
0.0 0.026008665561676025 0.05376690626144409
0.0 0.05166873335838318 0.002899348735809326
0.0 0.0 0.0
0.0 0.0 0.11188614368438721
0.0 0.0 0.2059636116027832
0.0 0.02781739830970764 0.18526387214660645
0.0 0.07637876272201538 0.06257617473602295
0.0 0.16540271043777466 0.004358172416687012
0.0 0.21047332882881165 0.0
0.0 0.2157185673713684 0.0
0.0 0.22628912329673767 0.059969305992126465
0.0 0.24639850854873657 0.08665621280670166
0.0 0.24779880046844482 0.07570755481719971
0.0 0.2021365761756897 0.07346606254577637
0.0 0.17780250310897827 0.1322287917137146
0.0 0.19215476512908936 0.19545668363571167
0.0 0.19046974182128906 0.19853049516677856
0.0 0.16461670398712158 0.1785781979560852
0.0 0.18724995851516724 0.1639994978904724
0.0 0.15021604299545288 0.1560766100883484
0.0 0.08561372756958008 0.1753721833229065
0.0 0.1138991117477417 0.17443758249282837
0.0 0.14381641149520874 0.12131106853485107
0.0 0.08915472030639648 0.09360122680664062
0.0 0.03495585918426514 0.1036713719367981
0.0 0.03783273696899414 0.12574493885040283
0.0 0.0 0.13010704517364502
0.0 0.03158295154571533 0.0968816876411438
0.0 0.051084160804748535 0.026950538158416748
0.0 0.05774998664855957 0.056198179721832275
0.0 0.014519274234771729 0.12596720457077026
0.0 0.04792439937591553 0.14404284954071045
0.0 0.0958935022354126 0.12336456775665283
0.0 0.13974756002426147 0.14188241958618164
0.0 0.16332310438156128 0.11877477169036865
0.0 0.1268252730369568 0.13100218772888184
0.0 0.11706390976905823 0.11096227169036865
0.0 0.14894092082977295 0.05030333995819092
0.0013986825942993164 0.17703762650489807 0.0
0.06881144642829895 0.18455344438552856 0.0
0.0913306176662445 0.1750582456588745 0.0
0.0828944742679596 0.13322928547859192 0.0
0.05425417423248291 0.07603082060813904 0.0
0.05022566020488739 0.04138290882110596 0.0
0.056670770049095154 0.02960643172264099 0.0
0.04654560983181 0.029791325330734253 0.0
0.005148932337760925 0.027318477630615234 0.0
0.01163899153470993 0.022348731756210327 0.0
0.01912008598446846 0.02484690397977829 0.0
0.029292874038219452 0.02490387111902237 0.0
0.014603422954678535 0.016065523028373718 0.0
0.0017624497413635254 0.0 0.0
0.0 0.0 0.0
0.0014751479029655457 0.0 0.0
0.0 0.0 0.0
0.0 0.0 0.0
0.0 0.0 0.0
0.0 0.0 0.0
0.0 0.0 0.0
0.0020678862929344177 0.0 0.0
0.007459558546543121 0.002871103584766388 0.0
0.008927255868911743 0.004019126296043396 0.0
0.012176260352134705 0.019855469465255737 0.0
0.00546659529209137 0.0 0.0
0.002783738076686859 0.0043103620409965515 0.0
0.009507492184638977 0.007144063711166382 0.0
0.0 0.0057215020060539246 0.0
0.0 0.00941091775894165 0.0
0.0 0.007366955280303955 0.0
0.0 0.0 0.0
0.0 0.005769200623035431 0.0
0.0 0.01322152465581894 0.022771894931793213
0.0 0.021990299224853516 0.038299381732940674
0.003599010407924652 0.015090912580490112 0.05075490474700928
0.0032734759151935577 0.010435998439788818 0.04365205764770508
0.009290345013141632 0.000581204891204834 0.03750878572463989
0.003602750599384308 0.0 0.029064059257507324
0.0 0.0 0.02694946527481079
0.019542884081602097 0.0 0.03502964973449707
0.008070945739746094 0.0 0.023165464401245117
0.005939468741416931 0.0 0.0
0.0016588158905506134 0.0 0.0
0.0 0.0 0.0
0.0 0.0 0.0
0.0 0.0 0.0
0.0 0.0 0.0
0.0 0.006375402212142944 0.0
0.0 0.014948949217796326 0.0
0.0 0.03250707685947418 0.0030670762062072754
0.0 0.04454706609249115 0.03171569108963013
0.0 0.0497182160615921 0.04937082529067993
0.0 0.05461439490318298 0.06157100200653076
0.0040267109870910645 0.053778648376464844 0.07545089721679688
0.0001800917088985443 0.043062105774879456 0.07465881109237671
0.0 0.01984536647796631 0.06334537267684937
0.000443432480096817 0.0 0.06345057487487793
0.007736295461654663 0.0 0.054947495460510254
0.005990609526634216 0.0 0.029152512550354004
0.0 0.0 0.0013410449028015137
0.0 0.0 0.0
0.0 0.0 0.0
0.0 0.0 0.0
0.0 0.0 0.0
0.0 0.0 0.0
0.0 0.0 0.013586640357971191
0.0183698870241642 0.0022158175706863403 0.008795738220214844
0.03792108595371246 0.0 0.006294965744018555
0.044345200061798096 0.007709234952926636 0.008186757564544678
0.032517433166503906 0.009366512298583984 0.0
0.026311472058296204 0.010026007890701294 0.0
0.012987572699785233 0.02116343379020691 0.0
0.0 0.008101359009742737 0.0
0.0 0.008738934993743896 0.0023463964462280273
0.0 0.0011992305517196655 0.0140608549118042
0.0 0.0 0.027505874633789062
0.0017140097916126251 0.0 0.02587229013442993
0.008887983858585358 0.0 0.01812112331390381
0.006349582225084305 0.0 0.005302250385284424
0.010280586779117584 0.0 0.0009969472885131836
0.011406313627958298 0.0 0.0036596059799194336
0.010903213173151016 0.0 0.003512263298034668
0.0042098090052604675 0.0025732219219207764 0.004797875881195068
0.0 0.006980344653129578 0.0019870400428771973
0.0 0.01157049834728241 0.0
0.0 0.014077425003051758 0.0040223002433776855
0.0 0.015605166554450989 0.004378855228424072
0.0 0.025561541318893433 0.0
0.0 0.02177754044532776 0.0
0.0 0.02384856343269348 0.0
0.0 0.02311733365058899 0.0020716190338134766
0.0 0.02611425518989563 0.022678375244140625
0.0 0.0271303653717041 0.03728795051574707
0.0 0.024604201316833496 0.0449981689453125
0.0 0.01637113094329834 0.046616554260253906
0.0012041181325912476 0.016482189297676086 0.03240698575973511
0.012668877840042114 0.01815582811832428 0.0
0.008793897926807404 0.016889750957489014 0.0
0.0 0.0005823969841003418 0.0
0.0 0.0 0.0
0.0 0.0 0.0
0.0 0.0010131299495697021 0.0
0.0 0.02364051342010498 0.0
0.0050376951694488525 0.03318735957145691 0.0
0.010541096329689026 0.028902769088745117 0.0
0.0 0.015381157398223877 0.0
0.0005939602851867676 0.011404246091842651 0.0
0.0031702518463134766 0.02274143695831299 0.0
0.011711210012435913 0.027788549661636353 0.0
0.02014094591140747 0.0316062867641449 0.018846333026885986
0.030464202165603638 0.024662792682647705 0.03127974271774292
0.020028293132781982 0.012260794639587402 0.03490316867828369
0.01548980176448822 0.025866925716400146 0.038113176822662354
0.011261940002441406 0.03363049030303955 0.03935188055038452
0.012963905930519104 0.03110194206237793 0.04726606607437134
0.011275723576545715 0.023354768753051758 0.06378346681594849
0.01133185625076294 0.01820528507232666 0.08258116245269775
0.01242634654045105 0.019808530807495117 0.10369622707366943
0.007846608757972717 0.012478470802307129 0.11497515439987183
0.0006972402334213257 0.0046787261962890625 0.12695252895355225
0.0 0.0 0.13228213787078857
0.0 0.0 0.14129483699798584
0.0 0.0 0.14570647478103638
0.0 0.0 0.13828355073928833
0.0 0.0 0.12232613563537598
0.0 0.009359151124954224 0.09366899728775024
0.0 0.01644766330718994 0.055554747581481934
0.0 0.01821836829185486 0.02575582265853882
0.0 0.02458140254020691 0.0
0.0 0.022862017154693604 0.0
0.0 0.022725611925125122 0.0
0.0 0.006960570812225342 0.0
0.0 0.0 0.0
0.000961601734161377 0.0 0.0
0.007170766592025757 0.0 0.0
0.005449287593364716 0.0 0.0
0.0030357912182807922 0.0 0.0
0.0 0.0 0.0
0.0 0.0 0.0
0.0 0.0 0.0
0.0 0.0 0.0
0.0 0.01755383610725403 0.0
0.0 0.022998183965682983 0.0
0.0 0.018043294548988342 0.0
0.0 0.010020151734352112 0.0
0.0 0.010092809796333313 0.0
0.0002817884087562561 0.03426648676395416 0.0
0.010797347873449326 0.055135294795036316 0.0
0.00894395262002945 0.04662269353866577 0.0
0.005288384854793549 0.02790999412536621 0.0
0.0 0.0 0.0
0.0 0.0 0.010903239250183105
0.0009236037731170654 0.0022693872451782227 0.03229182958602905
0.009402722120285034 0.006175816059112549 0.05365210771560669
0.019936546683311462 0.009324699640274048 0.07475066184997559
0.020577237010002136 0.009393095970153809 0.07524549961090088
0.0159405916929245 0.005464911460876465 0.06643080711364746
0.01418720930814743 0.003709942102432251 0.06930851936340332
0.010144732892513275 0.00247076153755188 0.06178683042526245
0.01063372939825058 0.015690743923187256 0.06084263324737549
0.004440486431121826 0.025487929582595825 0.06596893072128296
0.001335635781288147 0.03211021423339844 0.07592445611953735
0.0 0.028775066137313843 0.08492743968963623
0.0 0.01728031039237976 0.09873348474502563
0.0 0.00529557466506958 0.1001775860786438
0.0 0.006657004356384277 0.09790802001953125
0.0005441606044769287 0.014642685651779175 0.08459007740020752
0.0 0.008896350860595703 0.07108139991760254
0.0 0.00762861967086792 0.0531994104385376
0.0 0.001964569091796875 0.04116702079772949
0.005398862063884735 0.0 0.03591477870941162
0.007053464651107788 0.0 0.04565012454986572
0.021441049873828888 0.0 0.02005624771118164
0.0 0.0 0.0
0.0 0.0 0.0
0.0 0.0 0.0
0.0 0.003951743245124817 0.0
0.0 0.007478199899196625 0.0
0.0 0.0 0.0
0.0 0.0 0.0
0.0 0.0 0.0
0.0 0.0 0.0
0.0 0.0 0.0
0.019094116985797882 0.003332182765007019 0.0
0.024456799030303955 0.0 0.0
0.01221735030412674 0.0012303739786148071 0.0
0.0036757737398147583 0.01081305742263794 0.0
0.0 0.023893266916275024 0.0
0.0049468278884887695 0.055919989943504333 0.0
0.008572161197662354 0.06248988211154938 0.0
0.0 0.048317790031433105 0.0
0.0 0.02492743730545044 0.0
0.0 0.01935860514640808 0.0
0.0022208839654922485 0.026619702577590942 0.020475149154663086
0.0049794018268585205 0.02522730827331543 0.04270416498184204
0.004954025149345398 0.012539684772491455 0.05646592378616333
0.0011274516582489014 0.0031187236309051514 0.06659674644470215
0.00018322467803955078 0.00871780514717102 0.07507139444351196
0.0 0.01481136679649353 0.08516532182693481
0.0 0.019430607557296753 0.0914696455001831
0.0 0.015372753143310547 0.0965961217880249
0.0 0.019555896520614624 0.10442465543746948
0.0 0.01769140362739563 0.11953204870223999
0.0 0.01036006212234497 0.12651973962783813
0.0031285807490348816 0.004447191953659058 0.11892414093017578
0.0 0.0 0.08785945177078247
0.0 0.0 0.05124509334564209
0.0 0.0 0.027325749397277832
0.0 0.0 0.020952165126800537
0.0 0.0 0.01999354362487793
0.0 0.0 0.023444771766662598
0.00827903300523758 0.0 0.005239248275756836
0.006163753569126129 0.0 0.0
0.00606691837310791 0.008436009287834167 0.0
0.0 0.02150629460811615 0.0
0.0 0.03246508538722992 0.0
0.0 0.021776095032691956 0.0
0.0 0.021725594997406006 0.0
0.0 0.006668314337730408 0.0
0.0 0.0 0.0
0.0 0.0 0.0
0.0 0.0 0.0
0.0016976669430732727 0.0 0.0
0.0036544278264045715 0.01006615161895752 0.0
0.0016510933637619019 0.015703707933425903 0.0
0.0 0.009165152907371521 0.0
0.0 0.020454734563827515 0.0
0.0 0.03283536434173584 0.0
0.008957549929618835 0.040310055017471313 0.0
0.007407382130622864 0.04847919940948486 0.02466791868209839
0.0029214024543762207 0.03969937562942505 0.04338425397872925
0.0 0.03365585207939148 0.061126649379730225
0.0 0.023964673280715942 0.07781875133514404
0.0005495548248291016 0.013931304216384888 0.07980120182037354
0.0 0.0016011297702789307 0.0798330307006836
0.0 0.0 0.08548253774642944
0.0 0.004489094018936157 0.0930107831954956
0.0 0.002363532781600952 0.09409034252166748
0.0 0.0005375444889068604 0.09420192241668701
0.0 0.00021761655807495117 0.09198182821273804
0.0 0.005079209804534912 0.08752357959747314
0.0 0.0019525885581970215 0.07263290882110596
0.0 0.0017634332180023193 0.06573015451431274
0.0 0.0023023784160614014 0.04964190721511841
0.0 0.0 0.029891610145568848
0.0 0.0 0.015095055103302002
0.0 0.0 0.0
0.0 0.0 0.0
0.0 0.0 0.0
0.0 0.0 0.0
0.0 0.0 0.0
0.0 0.0 0.0
0.0 0.0 0.0
0.0 0.0 0.0
0.00580543652176857 0.004049226641654968 0.0
0.00977606326341629 0.008079275488853455 0.003634214401245117
0.016608942300081253 0.007302328944206238 0.008562207221984863
0.014620207250118256 0.003109872341156006 0.007188618183135986
0.013588964939117432 0.004259482026100159 0.0089263916015625
0.011630639433860779 0.0 0.007756233215332031
0.007378041744232178 0.0028956979513168335 0.00604015588760376
0.0038567259907722473 0.007865220308303833 0.005350053310394287
0.005295746028423309 0.005595341324806213 0.0006951093673706055
0.004213735461235046 0.0005729645490646362 0.007083773612976074
0.0 0.0 0.003329634666442871
0.0 0.0 0.017257869243621826
0.0 0.0 0.02130913734436035
0.0 0.0 0.016579091548919678
0.0 0.0 0.011151134967803955
0.0 0.0 0.0
0.0 0.0 0.0
0.0 0.0 0.0
0.0 0.0 0.0
0.0 0.0 0.0
0.0 0.0 0.0
0.0 0.0 0.0
0.0 0.006381392478942871 0.0
0.0 0.012555524706840515 0.0
0.0 0.020351216197013855 0.0
0.0 0.021883755922317505 0.007073521614074707
0.0 0.02187788486480713 0.015462279319763184
0.006803393363952637 0.013209819793701172 0.02664130926132202
0.006770025938749313 0.0004477649927139282 0.027643144130706787
0.005072832107543945 0.0 0.02572697401046753
0.008489139378070831 0.0033646374940872192 0.024317622184753418
0.007344931364059448 0.006449997425079346 0.01706981658935547
0.007187902927398682 0.014212995767593384 0.008986353874206543
0.007989540696144104 0.021600738167762756 0.0045656561851501465
0.003109171986579895 0.015028223395347595 0.004163026809692383
0.0 0.0063298046588897705 0.0
0.0 0.0 0.0
0.0 0.0 0.0
0.0 0.0 0.005325496196746826
0.0 0.0 0.012025773525238037
0.0 0.0 0.01810157299041748
0.0 0.0 0.02274787425994873
0.0 0.0 0.024861693382263184
0.0 0.0 0.015150725841522217
0.0 0.006593942642211914 0.010862767696380615
0.0 0.014947980642318726 0.013987183570861816
0.0 0.02007877826690674 0.013639867305755615
0.0 0.019365668296813965 0.01697486639022827
0.0 0.017060697078704834 0.019813954830169678
0.0 0.010444402694702148 0.018857300281524658
0.0 0.010504722595214844 0.015859127044677734
0.0 0.009183377027511597 0.017133235931396484
0.0 0.005582660436630249 0.01245337724685669
0.0 0.0 0.011454105377197266
0.0 0.0 0.010284483432769775
0.0 0.0006620585918426514 0.005544304847717285
0.0 0.0012495219707489014 0.0
0.0 0.0025835633277893066 0.0
0.0 0.0 0.0
0.0 0.0 0.0
0.0 0.0 0.0
0.0 0.0035715699195861816 0.0
0.006901681423187256 0.005498051643371582 0.0048479437828063965
0.00881434977054596 0.008572906255722046 0.016373813152313232
0.009465880692005157 0.00367167592048645 0.025270044803619385
0.0007448047399520874 0.0008209347724914551 0.027932465076446533
0.0 0.0 0.03503376245498657
0.0 0.0 0.03391575813293457
0.0 0.0 0.024025440216064453
0.0 0.00154191255569458 0.015430569648742676
0.0 0.0011425614356994629 0.011381149291992188
0.0 0.0 0.005662262439727783
0.0 0.0010700225830078125 0.0040670037269592285
0.0 0.0036190152168273926 0.000935673713684082
0.0 0.002410203218460083 0.0049204230308532715
0.0 0.002830415964126587 0.00791233777999878
0.0 0.0 0.012575387954711914
0.0 0.0 0.01010751724243164
0.0 0.0 0.011939167976379395
0.0 0.0019180774688720703 0.013615190982818604
0.0 0.0 0.0185164213180542
0.0 0.0 0.03678327798843384
0.0 0.0 0.06152033805847168
0.0 0.0 0.058979928493499756
0.0 0.0 0.08421117067337036
0.0 0.0 0.12468266487121582
0.022754937410354614 0.0 0.11333304643630981
0.0 0.007789522409439087 0.0573386549949646
0.0 0.03819724917411804 0.03546750545501709
0.0 0.032517462968826294 0.0
0.04810348153114319 0.051159560680389404 0.029927313327789307
0.07717832922935486 0.04740741848945618 0.0
0.0 0.07247355580329895 0.0
0.0 0.10756504535675049 0.0
0.05729478597640991 0.14722689986228943 0.0
0.03357672691345215 0.19225984811782837 0.0
0.046373844146728516 0.22447168827056885 0.0
0.014971315860748291 0.1700524091720581 0.0
0.06899142265319824 0.10205362737178802 0.0
0.02574777603149414 0.028569787740707397 0.0
0.0 0.02994018793106079 0.0
0.010878503322601318 0.09611684083938599 0.0
0.024780988693237305 0.15983369946479797 0.0
0.0033930540084838867 0.11962643265724182 0.0
0.0 0.01204061508178711 0.0
0.0 0.0 0.0
0.0 0.0 0.01803511381149292
0.0 0.0 0.0822635293006897
0.0 0.0 0.09510242938995361
0.0 0.0 0.13243627548217773
0.0 0.0318131148815155 0.066078782081604
0.0 0.2059774398803711 0.044706881046295166
0.0 0.301286518573761 0.0
0.0 0.33772149682044983 0.001103043556213379
0.0 0.2840287685394287 0.0
0.0 0.28263059258461 0.04377889633178711
0.0 0.324849009513855 0.05885589122772217
0.0 0.31965839862823486 0.11062681674957275
0.0 0.28974878787994385 0.14101767539978027
0.0 0.32356083393096924 0.14892470836639404
0.0 0.32663679122924805 0.09320306777954102
0.0 0.31457972526550293 0.05728393793106079
0.014128804206848145 0.17363238334655762 0.12030196189880371
0.0 0.026073336601257324 0.18622136116027832
0.0 0.0373152494430542 0.17320823669433594
0.0 0.05444210767745972 0.1397944688796997
0.0 0.10232436656951904 0.10505735874176025
0.0 0.10795331001281738 0.11116921901702881
0.0 0.008286714553833008 0.1846410632133484
0.0 0.0 0.2125900387763977
0.0 0.17024612426757812 0.08207643032073975
0.0 0.18178987503051758 0.06030762195587158
0.0 0.132895827293396 0.06117898225784302
0.0 0.06014227867126465 0.09125441312789917
0.0 0.018181562423706055 0.15810900926589966
0.0 0.09413653612136841 0.16713684797286987
0.0 0.062192678451538086 0.20823270082473755
0.0 0.07696938514709473 0.20751577615737915
0.0 0.12040174007415771 0.1640288233757019
0.0 0.13376986980438232 0.1051589846611023
0.0 0.08147680759429932 0.15949106216430664
0.0 0.09980320930480957 0.2138637900352478
0.0 0.1642136573791504 0.13351154327392578
0.0 0.21607771515846252 0.04810011386871338
0.0023768991231918335 0.16501128673553467 0.0
0.014575973153114319 0.10005298256874084 0.0
0.011860586702823639 0.101221963763237 0.0
0.0 0.08832839131355286 0.0
0.0 0.018167227506637573 0.0
0.0 0.0 0.0
0.0 0.01999378204345703 0.0
0.0 0.04883784055709839 0.0
0.0 0.05713604390621185 0.0
0.0 0.029695510864257812 0.0
0.0 0.0 0.0
0.0 0.0 0.0
0.0 0.0 0.0
0.0 0.0 0.005603969097137451
0.0 0.0 0.0
0.0 0.0 0.0
0.0 0.0009487485513091087 0.0
0.0 0.0045387037098407745 0.0
0.0 0.0038069169968366623 0.0
0.019615456461906433 0.006626803427934647 0.0
0.009442955255508423 0.0025298669934272766 0.0
0.0 0.0018110573291778564 0.0
0.0 0.00032057613134384155 0.0
0.0 0.0 0.0
0.0 0.0031335242092609406 0.0
0.011795125901699066 0.008941344916820526 0.0
0.0 0.0 0.0
0.0 0.0 0.0
0.0 0.0 0.0
0.0038573816418647766 0.002434171736240387 0.0
0.0 0.008087597787380219 0.0
0.0008729696273803711 0.0012886486947536469 0.009404122829437256
0.0 0.0065941885113716125 0.0185854434967041
0.0 0.0017192736268043518 0.016939878463745117
0.00088471919298172 0.0034814253449440002 0.02273428440093994
0.0 0.005394626408815384 0.02022451162338257
0.0 0.011797549203038216 0.026846349239349365
0.0 0.006485467776656151 0.026981890201568604
0.0 0.003789648413658142 0.02747422456741333
0.0 0.0012271367013454437 0.03790092468261719
0.006725214421749115 0.0 0.03268861770629883
0.007189951837062836 0.0 0.018706560134887695
0.025693364441394806 0.0 0.008630037307739258
0.023282229900360107 0.009357266128063202 0.0
0.02724553644657135 0.01211046427488327 0.0
0.014856323599815369 0.008788947016000748 0.0
0.004866704344749451 0.015931718051433563 0.0
0.0 0.01667037606239319 0.0
0.0 0.015148291364312172 0.0
0.0 0.013917990028858185 0.0
0.0 0.0 0.0014900565147399902
0.0 0.0 0.004804253578186035
0.0 0.0 0.017104506492614746
0.0 0.0 0.02028191089630127
0.0 0.0 0.01949983835220337
0.0 0.0 0.022061407566070557
0.0 0.003159846179187298 0.010767698287963867
0.0 0.016335459426045418 0.008230328559875488
0.0 0.014375765807926655 0.0049648284912109375
0.0 0.015934882685542107 0.001185297966003418
0.0 0.01179987471550703 0.0002741813659667969
0.0 0.0038844244554638863 0.0012691020965576172
0.0 0.0 0.0058005452156066895
0.0 0.0018942691385746002 0.0027011632919311523
0.0 0.004622582346200943 0.0032669901847839355
0.0 0.00673708226531744 0.00737917423248291
0.0 0.0006376337260007858 0.0017625093460083008
0.003444470465183258 0.004534068517386913 0.011000633239746094
0.0029851719737052917 0.0 0.0031014084815979004
0.0 0.0073409304022789 0.0017091035842895508
0.0029777660965919495 0.008588057942688465 0.00016099214553833008
0.006219074130058289 0.004580043256282806 0.009401321411132812
0.0024437308311462402 0.0 0.00977325439453125
0.0031817108392715454 0.0 0.007054507732391357
0.004639916121959686 0.0 0.01096576452255249
0.0021421685814857483 0.0 0.005547523498535156
0.0025232061743736267 0.004877101629972458 0.007003605365753174
0.0 0.011728271842002869 0.00020521879196166992
0.0 0.01686040312051773 0.0
0.0 0.01585131697356701 0.0
0.0 0.015520475804805756 0.0
0.0 0.007208043709397316 0.011706292629241943
0.0 0.0 0.027037441730499268
0.0 0.0 0.0
0.0 0.005290213041007519 0.011529684066772461
0.0 0.015239509753882885 0.0
0.0 0.026580754667520523 0.0
0.010048151016235352 0.0 0.015512526035308838
