0.0 0.0 0.0
0.0 0.014051754027605057 0.02888592705130577
0.0 0.0033836630173027515 0.03532438352704048
0.0 0.05341940000653267 0.02780734747648239
0.0 0.031118355691432953 0.016080383211374283
0.032547205686569214 0.0 0.0
0.08491667360067368 0.0 0.0
0.11139807850122452 0.0 0.0
0.1142740249633789 0.0 0.02195025607943535
0.12028584629297256 0.0 0.056106362491846085
0.10455322265625 0.0 0.02815276011824608
0.039114560931921005 0.03855443373322487 0.0
0.0 0.054602377116680145 0.0
0.005680971313267946 0.0 0.0
0.009756140410900116 0.0 0.014486745931208134
0.0 0.0033482438884675503 0.03026038408279419
0.0 0.0 0.041904523968696594
0.0 0.0 0.014014833606779575
0.0 0.0 0.0
0.0 0.0 0.0
0.0 0.0 0.0
0.0 0.0 0.0
0.019621819257736206 0.0 0.0
0.0066900430247187614 0.0 0.0
0.002305148169398308 0.0 0.006810185499489307
0.01209199894219637 0.0 0.0
0.0 0.0 0.0
0.0 0.0 0.0
0.040140412747859955 0.0 0.0
0.0313892662525177 0.0 0.0
0.028167106211185455 0.0 0.0
0.023179803043603897 0.0 0.0
0.0 0.0 0.0
0.0 0.0 0.0
0.0 0.0 0.0
0.005937167443335056 0.0 0.0
0.0 0.0 0.03780032694339752
0.0 0.0 0.03977532684803009
0.008892210200428963 0.006612213794142008 0.0
0.03663356229662895 0.0 0.0
0.01705107092857361 0.0 0.03055999055504799
0.013661932200193405 0.014894912019371986 0.053050119429826736
0.024484219029545784 0.006428455468267202 0.03710604086518288
0.016414066776633263 0.03137914463877678 0.0
0.01849799044430256 0.019668426364660263 0.0
0.017087047919631004 0.0014814329333603382 0.023158017545938492
0.011923179030418396 0.006867676507681608 0.007099156267940998
0.0015688084531575441 0.014442771673202515 0.0
0.003693478414788842 0.008059706538915634 0.0
0.0 0.0 0.0
0.01977391168475151 0.0 0.0
0.02079416811466217 0.0 0.0
0.0 0.0 0.0
0.0 0.005841560196131468 0.01005526352673769
0.01188935711979866 0.0 0.00593402236700058
0.03963470086455345 0.0 0.006210991181433201
0.01838959939777851 0.0 0.0
0.0 0.022802699357271194 0.0187414288520813
0.0022425882052630186 0.006858887616544962 0.014480638317763805
0.021618416532874107 0.023882612586021423 0.0008412599563598633
0.0034173084422945976 0.005833570379763842 0.003805890679359436
0.008653616532683372 0.0 0.009103183634579182
0.018352847546339035 0.0 0.0
0.0 0.0 0.011122127063572407
0.011752469465136528 0.0 0.02092335745692253
0.01206565834581852 0.021795492619276047 0.0
0.0035816256422549486 0.020769376307725906 0.0
0.0354069322347641 0.0 0.002981109544634819
0.03325696289539337 0.0 0.004017611965537071
0.004598154220730066 0.0016228468157351017 0.0
0.003659922629594803 0.0 0.0
0.019674574956297874 0.0 0.0
0.012885378673672676 0.0 0.015617276541888714
0.0031459324527531862 0.0067968363873660564 0.030514199286699295
0.0066237542778253555 0.01645452342927456 0.00494066346436739
0.0 0.0069952416233718395 0.0
0.0 0.007044510450214148 0.0
0.0025136980693787336 0.0 0.0
0.014028673991560936 0.0 0.007058142684400082
0.008624320849776268 0.0 0.013407119549810886
0.008617930114269257 0.0 0.013393270783126354
0.016303280368447304 0.030276063829660416 0.0
0.0 0.0 0.006833904422819614
0.014022814109921455 0.0 0.0026780422776937485
0.01227897685021162 0.011248042806982994 0.0
0.0 0.041039228439331055 0.0
0.006643994711339474 0.015399377793073654 0.002800813876092434
0.025801708921790123 0.0 0.0050666313618421555
0.0055891163647174835 0.009030696004629135 0.0006330003961920738
0.0 0.027155105024576187 0.0004361933097243309
0.0 0.042064279317855835 0.0
0.0 0.05170811712741852 0.0
0.0 0.07941404730081558 0.0
0.0 0.05697551369667053 0.0027516139671206474
0.05361779406666756 0.0026435651816427708 0.0
0.09200193732976913 0.0 0.0
0.019385255873203278 0.0 0.005013703368604183
0.0 0.03897041454911232 0.0
0.0 0.011328401044011116 0.0
0.017269108444452286 0.0 0.0006642285734415054
0.008607709780335426 0.0 0.014503611251711845
0.0 0.0 0.012199711054563522
0.01416119933128357 0.0 0.0
0.01952507160604 0.0 0.0
0.0 0.0027644732035696507 0.0035793250426650047
0.0 0.020897671580314636 0.0
0.0 0.0 0.0
0.016228877007961273 0.0 0.0
0.027741190046072006 0.0 0.02217617817223072
0.001020896015688777 0.0 0.026186099275946617
0.0 0.026170730590820312 0.0
0.0 0.0006760219112038612 0.0
0.019295508041977882 0.0 0.010278506204485893
0.0055274972692132 0.021839898079633713 0.007091235369443893
0.0 0.02296987734735012 0.0015193698927760124
0.0 0.0 0.005710386671125889
0.0 0.0 0.008914701640605927
0.0 0.003771414514631033 0.017490612342953682
0.0 0.0 0.014226909726858139
0.0 0.021850816905498505 0.008084861561655998
0.015025127679109573 0.052595678716897964 0.022242223843932152
0.06567472219467163 0.04909628629684448 0.07828924804925919
0.0784405842423439 0.029930315911769867 0.0794229581952095
0.055470556020736694 0.02591240406036377 0.02896963618695736
0.021847881376743317 0.019797518849372864 0.0
0.0007436610758304596 0.011426936835050583 0.0
0.0 0.01032412238419056 0.0
0.0 0.0 0.0
0.003282186109572649 0.0 0.010104868561029434
0.0 0.0 0.016446653753519058
0.0 0.0 0.011801835149526596
0.0 0.0 0.00013505853712558746
0.0 0.009144874289631844 0.009881429374217987
0.006406340282410383 0.0 0.020888008177280426
0.04282267019152641 0.0 0.007346365600824356
0.0259022768586874 0.008022617548704147 0.0
0.018514135852456093 0.0 0.0
0.040007974952459335 0.0 0.0
0.01638067699968815 0.004884349647909403 0.0
0.0 0.0 0.00796981155872345
0.0 0.0 0.011117668822407722
0.0 0.0 0.0
0.0 0.0 0.0
0.0 0.0 0.002461640164256096
0.0 0.0 0.008970937691628933
0.01305487658828497 0.0 0.0
0.0 0.0 0.0
0.0013526801485568285 0.0 0.0
0.00893842801451683 0.007020571269094944 0.0
0.014133456163108349 0.0005831788294017315 0.0
0.024624979123473167 0.0 0.01358699519187212
0.0001619807444512844 0.0 0.004782584495842457
0.0 0.0 0.0
0.0 0.021991265937685966 0.0
0.0 0.0 0.005273139104247093
0.045192837715148926 0.053690072149038315 0.0
0.023465173318982124 0.015340020880103111 0.026477761566638947
0.027557386085391045 0.0 0.037056900560855865
0.0013201895635575056 0.002731017768383026 0.0
0.010913960635662079 0.0 0.0
0.009692901745438576 0.0 0.012362740002572536
0.00962925236672163 0.0 0.01986779272556305
0.010602904483675957 0.0 0.02295146882534027
0.020388156175613403 0.0 0.005970087833702564
0.0 0.0 0.0
0.0 0.0 0.0045908372849226
0.016301002353429794 0.015466786921024323 0.0
0.0033575077541172504 0.0 0.006985551677644253
0.02578345499932766 0.0 0.0017851963639259338
0.0227048397064209 0.0016412525437772274 0.0
0.0 0.0027094464749097824 0.005884867161512375
0.0035484565887600183 0.014449192211031914 0.0
0.0 0.026185743510723114 0.0
0.0 0.0 0.0
0.0 0.0 0.010007706470787525
0.0 0.0 0.0
0.0 0.018802929669618607 0.0
0.0 0.0 0.0
0.038567960262298584 0.0 0.0073267025873064995
0.027749134227633476 0.011086951941251755 0.024370133876800537
0.0010205840226262808 0.0 0.02727031707763672
0.016169175505638123 0.0 0.00603480264544487
0.005557012744247913 0.0 0.0
0.0 0.00811033695936203 0.0
0.0 0.02296624891459942 0.0
0.006566083990037441 0.0 0.0037575336173176765
0.008652138523757458 0.0 0.0091336565092206
0.0 0.0 0.013068477623164654
0.0 0.0 0.0
0.0 0.009185987524688244 0.0
0.022676611319184303 0.0 0.0
0.017195560038089752 0.0 0.009232726879417896
0.0 0.0 0.005853707902133465
0.0 0.002844585105776787 0.0
0.0 0.0 0.0
0.00014129560440778732 0.0 0.006948141381144524
0.0 0.0 0.011158334091305733
0.0 0.0 0.00470336340367794
0.0 0.0 0.003545687533915043
0.0 0.009162935428321362 0.0036889659240841866
0.0013711433857679367 0.007053178735077381 0.0
0.020511815324425697 0.0 0.0
0.02352917566895485 0.0 0.01572459004819393
0.0043757217936217785 0.0 0.011284301057457924
0.0 0.0 0.0026575233787298203
0.013046441599726677 0.0 0.0
0.008837847970426083 0.004911997355520725 0.0
0.0 0.007039597257971764 0.0
0.004450822714716196 0.005939710885286331 0.004895910620689392
0.00015461118891835213 0.0 0.0026095863431692123
0.0 0.009207676164805889 0.0
0.0 0.0 0.001386929303407669
0.006536077708005905 0.0 0.006994746625423431
0.017377007752656937 0.020833972841501236 0.0
0.003459327854216099 0.027220498770475388 0.0006817243993282318
0.016159143298864365 0.0 0.006039737723767757
0.030073627829551697 0.0 0.0008095558732748032
0.00015567662194371223 0.002750841900706291 0.006979301571846008
0.0 0.0 0.010045930743217468
0.0012385179288685322 0.005942108109593391 0.005932146683335304
0.0054564327001571655 0.0 0.008048826828598976
0.0 0.0 0.0
0.0 0.01342612411826849 0.0036495504900813103
0.0 0.0 0.003673252649605274
0.01516658440232277 0.0 0.0
0.013987069949507713 0.0 0.008120199665427208
0.004522728268057108 0.010216214694082737 0.0
0.0 0.026225008070468903 0.0
0.012013668194413185 0.0 0.0
0.012932725250720978 0.0 0.008137242868542671
0.0 0.0 0.013325082138180733
0.0 0.0006820987910032272 0.0
0.0 0.0 0.0
0.0 0.0 0.0015501808375120163
0.00018949899822473526 0.0 0.0015933243557810783
0.00018843356519937515 0.002762826159596443 0.003774719312787056
0.002330680377781391 0.008074235171079636 0.003813335672020912
0.005514489486813545 0.0 0.003807210363447666
0.007681503426283598 0.0 0.0006239339709281921
0.0 0.016620583832263947 0.0
0.0 0.0474538654088974 0.007915934547781944
0.0 0.009156810119748116 0.004767811857163906
0.01944282092154026 0.0 0.0
0.01728248782455921 0.0 0.0
0.0 0.0027778330259025097 0.003732752986252308
0.00980779342353344 0.0 0.0
0.0 0.0049299332313239574 0.0
0.0 0.013437934219837189 0.0
0.004478808492422104 0.0 0.0005926201120018959
0.008726816624403 0.0 0.001682652160525322
0.008692728355526924 0.0 0.005976200103759766
0.010856546461582184 0.0 0.0027859993278980255
0.0056498004123568535 0.02193102240562439 0.0
0.005590145476162434 0.01128370314836502 0.0
0.018321920186281204 0.0 0.0039426106959581375
0.00020869635045528412 0.0 0.0005465475842356682
0.0033038221299648285 0.0 0.010174939408898354
0.0 0.012372404336929321 0.0
0.0 0.01881086267530918 0.0
0.017183952033519745 0.0 0.008145878091454506
0.005426627583801746 0.0 0.009079581126570702
0.0 0.025220824405550957 0.0
0.0 0.0 0.0
0.03326757997274399 0.0 0.0019207382574677467
0.02659476362168789 0.0 0.027476167306303978
0.004382135812193155 0.0 0.01020982675254345
0.0 0.012463483959436417 0.0
0.0035315221175551414 0.0 0.0
0.017059314996004105 0.0 0.02097805216908455
0.0 0.01446671411395073 0.006943460553884506
0.0 0.013482142239809036 0.0
0.0 0.0 0.0004836972802877426
0.006411198526620865 0.0 0.017646173015236855
0.0 0.0 0.012303603813052177
0.0 0.01983511447906494 0.0
0.001288075465708971 0.0 0.0
0.018450284376740456 0.01127811148762703 0.0
0.0022228448651731014 0.0 0.01231798529624939
0.007574200630187988 0.0 0.011313442140817642
0.0 0.0006030956283211708 0.014450378715991974
0.007620805874466896 0.0 0.005955161526799202
0.004435132723301649 0.0 0.004865395836532116
0.00014264974743127823 0.0 0.0047708535566926
0.0 0.0007165460847318172 0.0
0.0 0.013495724648237228 0.0
0.00021854974329471588 0.009156104177236557 0.0016597490757703781
0.01937653124332428 0.0 0.005017994903028011
0.0 0.007066054735332727 0.0
0.0 0.0049176826141774654 0.0
0.010799022391438484 0.0 0.009212473407387733
0.021520376205444336 0.003785839769989252 0.005060072988271713
0.007758758030831814 0.012354560196399689 0.0
0.0 0.00491395452991128 0.0005457485094666481
0.0 0.0006055757403373718 0.015519214794039726
0.0 0.0 0.011070137843489647
0.0 0.0 0.0
0.0 0.0 0.0
0.0 0.0038176141679286957 0.012271756306290627
0.0 0.0 0.021890029311180115
0.010939661413431168 0.0 0.0
0.0067632924765348434 0.002826918847858906 0.0
0.016299273818731308 0.015533393248915672 0.0
0.016383962705731392 0.028314966708421707 0.0
0.02389593981206417 0.02725289762020111 0.0
0.007866640575230122 0.012400982901453972 0.0
0.0 0.0 0.0
0.0 0.0 0.0
0.0 0.0 0.0
0.0 0.0 0.00125079695135355
0.0 0.0 0.016474757343530655
0.004269775003194809 0.0 0.019796518608927727
0.003389067482203245 0.011270470917224884 0.004903855733573437
0.006644781678915024 0.0038461098447442055 0.0
0.02251455746591091 0.006951622664928436 0.012559112161397934
0.01631205715239048 0.024038463830947876 0.0
0.0 0.011389248073101044 0.0
0.009878658689558506 0.0 0.0
0.0 0.0 0.003702237270772457
0.0 0.0 0.0
0.0 0.0 0.0
0.0 0.0 0.0
0.0 0.0 0.0015085916966199875
0.009822199121117592 0.0 0.0
0.002475869609043002 0.0 0.0
0.0 0.011331191286444664 0.0
0.018525410443544388 0.011312548071146011 0.0
0.008889826945960522 0.004944930784404278 0.0
0.006609894335269928 0.0 0.0
0.038371022790670395 0.0 0.011301035061478615
0.07669337838888168 0.0 0.004929155111312866
0.031064903363585472 0.0 0.0
0.0 0.0 0.0
0.0 0.0 0.0
0.0 0.0 0.0
0.0 0.0 0.0
0.0 0.02423287369310856 0.0
0.0 0.03062818944454193 0.0
0.0 0.035894591361284256 0.0
0.011172155849635601 0.04537171497941017 0.0
0.0 0.05597322806715965 0.0
0.0 0.1080944836139679 0.013210520148277283
0.0 0.14531348645687103 0.033201273530721664
0.0 0.23054742813110352 0.01579059101641178
0.0 0.0 0.0270269475877285
0.0 0.0 0.0
0.0 0.0 0.0
0.0 0.0 0.0
0.0 0.0 0.17319826781749725
0.0 0.0 1.5448025465011597
0.0 0.0 2.740382194519043
0.0 0.0 3.4292685985565186
1.4569171667099 0.0 4.559118747711182
3.538238763809204 0.0 4.315601348876953
4.938205242156982 0.0 3.9574966430664062
5.622645378112793 0.0 4.101578712463379
6.371535778045654 0.0 3.8610527515411377
7.55869197845459 0.0 2.3295884132385254
8.753275871276855 0.0 0.2582298219203949
8.210762023925781 0.0 0.0
6.52011251449585 0.0 0.0
5.519208908081055 0.0 0.0
5.013765335083008 0.42386844754219055 0.0
4.895136833190918 0.0696089044213295 0.0
4.16509485244751 0.0 0.0
2.4099292755126953 0.5974623560905457 0.0
0.11165305227041245 1.4458322525024414 0.0
0.0 0.9390409588813782 0.0
0.0 0.1290232241153717 0.0
0.0 0.18118949234485626 0.0
0.0 1.872710943222046 0.0
0.0 2.4446022510528564 0.0
0.0 1.6520813703536987 0.0
0.0 0.0 0.0
0.0 0.0 0.0
0.0 0.0 0.0
0.0 0.0 0.0
0.0 0.0 0.0
0.0 0.0 0.0
0.0 0.0 0.0
0.0 0.0 0.0
0.0 0.0 0.0
0.0 0.0 0.06446726620197296
0.0 0.0 0.43420565128326416
0.0 0.0 0.34794852137565613
0.0 0.0 0.4056997001171112
0.0 0.5052496194839478 0.13388974964618683
0.0 0.20328573882579803 0.0
0.0 0.0 0.0
0.0 0.0 0.0
0.0 0.0 0.08479011803865433
0.010512587614357471 0.0 0.03249947726726532
0.41503745317459106 0.0 0.023614637553691864
0.5056514739990234 0.0 0.08534698188304901
0.4837411642074585 0.0 0.15924501419067383
0.14898712933063507 0.0 0.0
0.0 0.0 0.273513525724411
0.14230819046497345 0.0 1.502728819847107
0.8197322487831116 0.0 0.8491904139518738
0.8394612073898315 0.0 0.5951347351074219
0.5401884317398071 0.0 0.4799857437610626
0.27583110332489014 0.0 0.15416449308395386
0.021867528557777405 0.1947954148054123 0.10396924614906311
0.0 0.6179879903793335 0.2612057328224182
0.0 0.6773796677589417 0.07650566101074219
0.0 0.06907929480075836 0.0
0.2074139565229416 0.0 0.0
0.5481800436973572 0.0 0.07900397479534149
0.5005131959915161 0.0 0.0
0.33893123269081116 0.0 0.0941871851682663
0.1952480971813202 0.0 0.0
0.20919853448867798 0.0 0.0
0.14613355696201324 0.00039210543036460876 0.0
0.0 0.6332913041114807 0.0
0.0 0.5355391502380371 0.0
0.0 0.0876401960849762 0.0
0.032044000923633575 0.0 0.0
0.0 0.12290763854980469 0.0
0.0 0.10143563151359558 0.0
0.0 0.1328529417514801 0.0
0.04008141905069351 0.05279672145843506 0.0
0.05332931503653526 0.03486965596675873 0.0
0.15785731375217438 0.0 0.0
0.07273257523775101 0.0016861353069543839 0.0
0.0 0.11575518548488617 0.0
0.0 0.19547025859355927 0.0
0.0 0.2686440646648407 0.0
0.0 0.23838922381401062 0.0
0.0 0.14570456743240356 0.0
0.0 0.13646286725997925 0.0
0.0 0.11569926142692566 0.0
0.0 0.20846541225910187 0.0
0.0 0.24863441288471222 0.0
0.0 0.2655145823955536 0.0
0.0 0.3133159279823303 0.0
0.0 0.31203654408454895 0.0
0.0 0.2850658893585205 0.0
0.0 0.15825390815734863 0.005119096487760544
0.0 0.0 0.04282066971063614
0.0 0.0 0.08321656286716461
0.0 0.014489548280835152 0.06246201694011688
0.0 0.2169012427330017 0.02225440740585327
0.0 0.3012816309928894 0.0
0.0 0.18133686482906342 0.0
0.0 0.05788987874984741 0.0
0.0 0.0 0.0
0.0 0.0 0.0
0.0 0.0 0.0
0.0 0.0 0.0
0.0 0.0 0.0
0.0 0.0 0.0
0.0 0.0 0.0
0.0 0.0 0.3360210955142975
0.6581529378890991 0.0 0.8528144359588623
1.9825018644332886 0.0 1.7482565641403198
3.747157335281372 0.0 2.6647801399230957
5.948525428771973 0.0 3.2872862815856934
8.0944242477417 0.0 3.55466890335083
10.122111320495605 0.0 3.0701613426208496
10.240586280822754 0.0 1.8829262256622314
9.293187141418457 0.0 1.0181165933609009
7.736762523651123 0.0 0.04634162783622742
7.121295928955078 0.0 0.0
6.392792224884033 0.0 0.0
4.92921257019043 0.0 0.0
3.779999017715454 3.14089035987854 0.0
1.941719889640808 5.85073709487915 0.0
0.5315271019935608 5.824626922607422 0.0
0.4760308265686035 4.564389228820801 0.0
0.2626229524612427 2.922791004180908 0.0
0.0 1.8954068422317505 0.0
0.0 1.7925866842269897 0.0
0.0 2.272491931915283 0.0
0.0 2.607832431793213 0.0
0.0 2.454242706298828 0.0
0.0 2.1110856533050537 0.0
0.0 1.7309931516647339 0.0
0.0 0.5740635395050049 0.0
0.0 0.0 0.0
0.0 0.0 0.0
0.0 0.0 0.0
0.0 0.0 0.0
0.0 0.0 0.0
0.0 0.0 0.0
0.0 0.0 0.0
0.0 0.0 0.0
0.0 0.0 0.0
0.0 0.0 0.0
0.0 0.0 0.011716006323695183
0.0 0.0 0.18383318185806274
0.0 0.0 0.6179766654968262
0.0 0.0 0.9018712043762207
0.5843088030815125 0.0 0.7629120349884033
1.0177001953125 0.47539281845092773 0.45027631521224976
0.9458767175674438 0.5736924409866333 0.07810483872890472
0.7424130439758301 0.3008776605129242 0.0
0.6117839217185974 0.05804557353258133 0.0
0.4618849456310272 0.0 0.0
0.29342642426490784 0.0 0.005143279209733009
0.216713547706604 0.0 0.07767340540885925
0.14432962238788605 0.0 0.06533045321702957
0.01086211483925581 0.0 0.07802734524011612
0.0 0.0 0.05196857452392578
0.0 0.0 0.009973455220460892
0.0 0.0 0.0
0.0 0.0 0.0
0.0 0.0 0.0
0.0 0.0 0.0
0.0 0.0 0.0
0.0 0.0 0.0
0.02901022508740425 0.0 0.0
0.0040247151628136635 0.0 0.0
0.0028830177616328 0.0 0.0
0.046620115637779236 0.0 0.0
0.07376518100500107 0.0 0.0
0.02179412543773651 0.0 0.0
0.0 0.0 0.0
0.0 0.014528719708323479 0.0067214686423540115
0.0 0.0 0.012078683823347092
0.0 0.0 0.005443950183689594
0.005152829922735691 0.0 0.020505990833044052
0.03850945830345154 0.0 0.0
0.01830245368182659 0.0 0.0
0.02389162965118885 0.0 0.0
0.04091828316450119 0.0 0.0
0.03963384032249451 0.0 0.0
0.07899323105812073 0.0 0.0
0.10799451917409897 0.0 0.0
0.09312982112169266 0.0 0.0
0.040659427642822266 0.0 0.0
0.0 0.04107724130153656 0.006957158446311951
0.0 0.061275988817214966 0.012268034741282463
0.021571749821305275 0.0 0.0
0.06037214398384094 0.0 0.0
0.049905650317668915 0.0 0.0
0.005765623413026333 0.0 0.0
0.0 0.14734934270381927 0.02952238731086254
0.004056673031300306 0.2406444102525711 0.0783005803823471
0.0801013708114624 0.22253172099590302 0.04908863455057144
0.11563699692487717 0.10888584703207016 0.001000998541712761
0.08070111274719238 0.026179516687989235 0.0
0.01245654933154583 0.0 0.0
0.0 0.0 0.0
0.0 0.0 0.0
0.0 0.0 0.0
0.0 0.0 0.0
0.0 0.0 0.0
0.0 0.0 0.0
0.041066430509090424 0.0 0.0
0.05149803310632706 0.0 0.0
0.015368255786597729 0.0 0.0
0.026762057095766068 0.0 0.03538353741168976
0.2650345265865326 0.0 0.2595899999141693
0.5461642146110535 0.0 0.36570125818252563
0.7935562133789062 0.0 0.6010816097259521
1.172355055809021 0.0 1.3561383485794067
1.9299101829528809 0.0 2.227158308029175
3.9770658016204834 0.0 2.8568918704986572
6.338808059692383 0.0 3.3224802017211914
7.0328192710876465 0.0 3.721726894378662
7.55666971206665 0.0 4.261138439178467
8.742568969726562 0.0 3.5953593254089355
9.202113151550293 0.0 1.9840800762176514
9.507189750671387 0.0 0.0
9.271492958068848 0.0 0.0
8.300736427307129 0.0 0.0
5.746952533721924 1.9143470525741577 0.0
2.7077529430389404 4.025941848754883 0.0
1.8447660207748413 3.0846312046051025 0.0
2.087491035461426 1.1566988229751587 0.0
1.9920611381530762 0.4260331690311432 0.0
0.7047890424728394 1.4393168687820435 0.0
0.0 2.599790096282959 0.0
0.0 3.028787612915039 0.0
0.0 2.1074085235595703 0.0
0.0 0.8853091597557068 0.0
0.0 0.16463857889175415 0.0
0.0 0.0 0.0
0.0 0.09934346377849579 0.0
0.0 0.059497516602277756 0.0
0.0 0.0 0.0
0.0 0.0 0.0
0.0 0.0 0.0
0.0 0.0 0.0
0.0 0.0 0.0
0.0 0.0 0.0
0.0 0.0 0.0
0.0 0.0 0.0
0.0 0.0 0.0
0.0 0.0 0.0
0.0 0.0 0.0
0.0 0.0 0.0
0.0 0.0 0.04591607302427292
0.0 0.0 0.5053683519363403
0.0 0.0 0.6602940559387207
0.9649930596351624 0.792698085308075 0.6420109272003174
1.044891595840454 1.1853543519973755 0.506269097328186
0.8358606100082397 0.8890893459320068 0.23827838897705078
0.7134867906570435 0.4992278516292572 0.0
0.6034873127937317 0.30323705077171326 0.0
0.5003976821899414 0.22988958656787872 0.0
0.3091406226158142 0.2021639496088028 0.0
0.11576395481824875 0.017190642654895782 0.07869484275579453
0.06112334877252579 0.0 0.0853242501616478
0.12474280595779419 0.0 0.11455883830785751
0.019424907863140106 0.0 0.09565305709838867
0.0 0.0 0.03083624318242073
0.0 0.0 0.0
0.0 0.0 0.0
0.012544896453619003 0.0 0.0
0.0 0.0 0.0
0.08233143389225006 0.0 0.0
0.14425978064537048 0.0 0.0
0.06399184465408325 0.0 0.0
0.08019398152828217 0.0 0.0
0.18013016879558563 0.0 0.0
0.25596368312835693 0.0 0.0
0.2617696225643158 0.0 0.0
0.2554113268852234 0.0 0.0
0.2210746705532074 0.0 0.0
0.20435774326324463 0.0 0.0
0.32887595891952515 0.0 0.0
0.5781747698783875 0.0 0.0
0.7364405989646912 0.0 0.0
0.4708935618400574 0.0 0.0
0.12660010159015656 0.0 0.0
0.0 0.08832180500030518 0.0
0.0 0.20520953834056854 0.0
0.0 0.22865761816501617 0.0
0.0 0.0807722806930542 0.0
0.021504037082195282 0.0 0.0
0.0 0.0 0.0
0.0 0.0 0.0
0.0 0.0 0.0
0.0 0.0 0.0
0.0 0.0 0.0
0.0 0.0 0.0
0.0 0.0 0.0
0.21556192636489868 0.0 0.0
0.6135846972465515 0.0 0.4103478789329529
1.4667272567749023 0.0 1.3773078918457031
2.8444292545318604 0.0 2.304938554763794
4.544621467590332 0.0 2.887336015701294
6.2745280265808105 0.0 3.298488140106201
7.710745334625244 0.0 3.6146128177642822
8.633990287780762 0.0 3.7353460788726807
9.252152442932129 0.0 3.4323017597198486
9.23708438873291 0.0 2.042623519897461
8.730466842651367 0.0 0.0
8.600607872009277 0.0 0.0
7.75091552734375 0.0 0.0
5.068744659423828 2.0819313526153564 0.0
2.2360336780548096 4.978972911834717 0.0
0.9478011727333069 4.436380863189697 0.0
1.462059736251831 2.0180184841156006 0.0
2.6912660598754883 0.0 0.0
2.49743390083313 0.0 0.0
0.0 1.4372782707214355 0.0
0.0 2.345644474029541 0.0
0.0 1.896250605583191 0.0
0.0 1.742183804512024 0.0
0.0 1.5567798614501953 0.0
0.0 1.5145490169525146 0.0
0.0 1.5707470178604126 0.0
0.0 1.7617570161819458 0.0
0.0 1.5727635622024536 0.0
0.0 0.953833281993866 0.0
0.0 0.28422456979751587 0.0
0.0 0.0 0.0
0.0 0.0 0.0
0.0 0.0 0.0
0.0 0.0 0.0
0.0 0.0 0.0
0.0 0.0 0.0
0.0 0.0 0.0
0.0 0.0 0.0
0.0 0.0 0.0
0.0 0.0 0.0
0.0 0.0 0.0
0.0 0.0 0.0
0.0 0.0 0.27788177132606506
0.533325731754303 0.0 0.7443722486495972
0.8649736642837524 0.2792719006538391 0.9534311890602112
0.8755674958229065 0.4408448338508606 0.6720253229141235
0.8499257564544678 0.3546558618545532 0.1394684910774231
0.9167609810829163 0.17492178082466125 0.0
0.6690102815628052 0.25224748253822327 0.0
0.4778888523578644 0.17675669491291046 0.0
0.5029047131538391 0.1452813297510147 0.01994529366493225
0.33403047919273376 0.28683900833129883 0.06572317332029343
0.21118442714214325 0.2466609627008438 0.07077571749687195
0.17158402502536774 0.08200196921825409 0.05702661722898483
0.13191677629947662 0.0 0.02457120642066002
0.0704406350851059 0.0 0.0
0.0 0.0 0.0
0.0 0.0 0.0
0.0 0.0 0.0
0.0 0.0 0.0
0.02605450339615345 0.0 0.0
0.09014533460140228 0.0 0.0
0.20356430113315582 0.0 0.0
0.06701897829771042 0.0 0.0
0.0 0.0 0.0
0.0 0.008782001212239265 0.0
0.04104676842689514 0.0 0.0
0.12652705609798431 0.0 0.0
0.16041231155395508 0.0 0.0
0.09720165282487869 0.0 0.0
0.0035198999103158712 0.0 0.0
0.060258544981479645 0.0 0.0
0.4311591386795044 0.0 0.0
0.9006323218345642 0.0 0.0
0.722139298915863 0.0 0.0
0.13432905077934265 0.0 0.0
0.0 0.0 0.02491091750562191
0.0 0.0 0.0
0.01167556457221508 0.0 0.0
0.018582472577691078 0.0 0.0
0.0 0.0 0.0
0.0 0.0 0.0
0.0 0.0 0.0
0.0 0.0 0.0
0.0 0.0 0.0
0.0 0.0 0.0
0.0 0.0 0.0
0.0 0.0 0.0
1.020334243774414 0.0 0.7397907376289368
3.041930675506592 0.0 1.4226465225219727
4.967083930969238 0.0 2.0427639484405518
6.133049011230469 0.0 2.520369529724121
6.635729789733887 0.0 2.9944310188293457
7.401068210601807 0.0 3.403611660003662
8.063127517700195 0.0 2.660916328430176
7.892093658447266 0.0 2.122211217880249
7.2204790115356445 0.0 1.0472729206085205
6.550909519195557 0.0 0.0
5.919631481170654 0.0 0.0
5.469010829925537 1.0840750932693481 0.0
5.229980945587158 1.9317518472671509 0.0
4.841841220855713 2.442103862762451 0.0
3.814842700958252 3.8051252365112305 0.0
2.259404182434082 4.428642272949219 0.0
1.5044647455215454 3.8709094524383545 0.0
1.0240163803100586 3.4515182971954346 0.0
0.6248536109924316 3.194889545440674 0.0
0.03435277193784714 2.8948352336883545 0.0
0.0 2.2910242080688477 0.0
0.0 1.7948638200759888 0.0
0.0 1.0893239974975586 0.0
0.0 1.3546403646469116 0.0
0.0 1.304198980331421 0.0
0.0 0.745359480381012 0.0
0.0 0.20655377209186554 0.0
0.0 0.0 0.0
0.0 0.0 0.0
0.0 0.0 0.0
0.0 0.0 0.0
0.0 0.0 0.0
0.0 0.0 0.0
0.0 0.0 0.0
0.0 0.0 0.0
0.0 0.0 0.0
0.0 0.0 0.0
0.0 0.0 0.0
0.0 0.0 0.13580261170864105
0.2578476369380951 0.0 0.60916668176651
0.9153602719306946 0.1736738532781601 1.019827961921692
0.8208968639373779 0.8608498573303223 0.9676960706710815
0.6252605319023132 1.0026601552963257 0.3946525454521179
0.6955602765083313 0.6899199485778809 0.0
0.7679479122161865 0.32922855019569397 0.0
0.8262455463409424 0.0 0.0
0.8001953363418579 0.0 0.0
0.6972415447235107 0.0939372107386589 0.0024906182661652565
0.611599326133728 0.20518331229686737 0.14942334592342377
0.510286271572113 0.16251467168331146 0.24014818668365479
0.40989601612091064 0.0 0.21822796761989594
0.10706266015768051 0.0 0.08370718359947205
0.0 0.0 0.0423075407743454
0.0 0.0 0.03742862865328789
0.0 0.0 0.05613520368933678
0.0 0.0 0.0
0.0 0.0 0.0
0.0 0.0 0.0
0.0 0.0 0.0
0.0 0.062120161950588226 0.0
0.0 0.03770323470234871 0.0
0.0767686739563942 0.0 0.0
0.10764776170253754 0.0 0.0
0.026402702555060387 0.0 0.0
0.11429794132709503 0.0 0.0
0.12637217342853546 0.0 0.0
0.05361727997660637 0.0 0.0
0.01119525358080864 0.0 0.0
0.01146239135414362 0.0 0.0
0.0 0.0 0.0
0.0 0.0 0.0
0.0 0.0 0.0
0.0 0.0 0.0
0.0 0.0 0.0
0.0 0.0 0.0
0.0 0.0 0.0
0.0 0.0 0.0
0.1005920022726059 0.0 0.0
0.14468462765216827 0.0 0.0
0.3385193347930908 0.0 0.0
0.6140784621238708 0.0 0.0
0.9938859939575195 0.0 0.0
1.731980323791504 0.0 0.5915822386741638
3.1151506900787354 0.0 1.2533774375915527
5.144505500793457 0.0 2.0646793842315674
6.54986047744751 0.0 2.735180616378784
7.0898661613464355 0.0 3.0852091312408447
8.07040786743164 0.0 2.8112666606903076
8.033195495605469 0.0 1.8233869075775146
7.537657737731934 0.0 0.636769711971283
7.238389015197754 0.0 0.0
6.978819847106934 0.19276747107505798 0.0
6.582414627075195 1.3084492683410645 0.0
5.924771308898926 2.583096504211426 0.0
4.462613105773926 3.055199384689331 0.0
2.4728095531463623 3.6266701221466064 0.0
1.029266595840454 3.160794258117676 0.0
0.4046613276004791 2.1316378116607666 0.0
0.033967435359954834 0.7987311482429504 0.0
0.0 0.06778213381767273 0.0
0.0 0.21441151201725006 0.0
0.0 0.7429496645927429 0.0
0.0 1.0859744548797607 0.0
0.0 1.090232253074646 0.0
0.0 0.9840046167373657 0.0
0.0 0.3685899078845978 0.0
0.0 0.10721635818481445 0.0
0.0 0.0 0.0
0.0 0.0 0.0
0.0 0.0 0.0
0.0 0.0 0.0
0.0 0.0 0.0
0.0 0.0 0.0
0.0 0.0 0.0
0.0 0.0 0.0
0.0 0.0 0.14810891449451447
0.0 0.0 0.2267453968524933
0.0 0.0 0.11380527168512344
0.0 0.0 0.09040966629981995
0.2475111335515976 0.0 0.24339787662029266
0.6892791986465454 0.301923543214798 0.3951578438282013
0.6481631994247437 0.9046556949615479 0.43622857332229614
0.7312604784965515 0.9558336734771729 0.3538958728313446
0.8387725949287415 0.6726049184799194 0.12970541417598724
0.8772369027137756 0.22347985208034515 0.0
0.798994243144989 0.037956591695547104 0.0
0.613086998462677 0.061620377004146576 0.0
0.37722545862197876 0.15519346296787262 0.0
0.283816397190094 0.07614951580762863 0.1435948610305786
0.284562885761261 0.0 0.15164558589458466
0.21776175498962402 0.0 0.08529879152774811
0.057735614478588104 0.0 0.07724326103925705
0.0 0.0 0.0
0.0 0.0 0.0
0.0 0.0 0.0
0.0 0.0 0.0
0.012058140709996223 0.0 0.0
0.03131306171417236 0.0 0.0
0.0539318211376667 0.0 0.0
0.03081558272242546 0.0 0.0
0.08094106614589691 0.0 0.0
0.20221929252147675 0.0 0.0
0.18008361756801605 0.0 0.0
0.040964093059301376 0.0 0.0
0.11827751994132996 0.0 0.01948382705450058
0.2535130977630615 0.0 0.004922994412481785
0.5336747169494629 0.0 0.0
0.4410366714000702 0.0 0.0
0.0 0.2404918521642685 0.0
0.0 0.6848735809326172 0.08688417077064514
0.0 0.5302786231040955 0.10745256394147873
0.028243768960237503 0.08468814194202423 0.0
0.16471558809280396 0.0 0.0
0.06915285438299179 0.0 0.0
0.0 0.07275398820638657 0.0
0.0 0.11515790224075317 0.0
0.0 0.04381394758820534 0.0
0.06706839799880981 0.0 0.0
0.189798042178154 0.0 0.0
0.1425921767950058 0.0 0.0
0.0 0.0 0.0
0.0 0.0 0.0
0.645306408405304 0.0 0.0
1.628743052482605 0.0 0.005407689139246941
2.3375391960144043 0.0 0.7195412516593933
3.3764572143554688 0.0 2.009212017059326
4.955663681030273 0.0 2.8142247200012207
6.01674222946167 0.0 2.8495981693267822
6.601571559906006 0.0 3.109809160232544
6.951579570770264 0.0 3.5213983058929443
7.279075622558594 0.0 3.524543523788452
7.7137627601623535 0.0 2.3365981578826904
7.999135494232178 0.0 0.5299450755119324
8.441885948181152 0.0 0.0
8.613557815551758 0.0 0.0
7.8339948654174805 0.0 0.0
5.837517261505127 1.527069091796875 0.0
2.882981538772583 3.5876247882843018 0.0
1.490548014640808 3.3831076622009277 0.0
1.5811439752578735 2.1314334869384766 0.0
1.5069745779037476 1.2273844480514526 0.0
0.4816533923149109 1.7428275346755981 0.0
0.0 2.767155647277832 0.0
0.0 3.0766420364379883 0.0
0.0 2.893296480178833 0.0
0.0 2.3392908573150635 0.0
0.0 1.6755305528640747 0.0
0.0 0.8857523202896118 0.0
0.0 0.10878144204616547 0.0
0.0 0.0 0.0
0.0 0.0 0.0
0.0 0.0 0.0
0.0 0.0 0.0
0.0 0.0 0.0
0.0 0.0 0.0
0.0 0.0 0.0
0.0 0.0 0.0
0.0 0.0 0.0
0.0 0.0 0.0
0.0 0.0 0.0
0.0 0.0 0.0
0.0 0.0 0.22926804423332214
0.4071458578109741 0.0 0.8832882642745972
0.6407011151313782 0.23609519004821777 0.9617345929145813
0.5711969137191772 0.5065773129463196 0.5976213216781616
0.5702972412109375 0.415769100189209 0.1496935933828354
0.6170221567153931 0.18619607388973236 0.0
0.6198248863220215 0.0 0.0
0.5491840243339539 0.0 0.0
0.459977388381958 0.08337728679180145 0.0
0.5022494792938232 0.04237152263522148 0.0
0.4487423002719879 0.0 0.07116949558258057
0.3125040531158447 0.0 0.1261400729417801
0.11203141510486603 0.0 0.10043630003929138
0.0 0.0 0.05276279151439667
0.0 0.0 0.04519462212920189
0.0 0.0 0.0048453351482748985
0.0 0.0 0.0
0.0 0.0 0.0
0.0 0.0 0.0
0.0 0.0 0.0
0.0 0.09164192527532578 0.0
0.0 0.0977964922785759 0.0
0.03092717006802559 0.043445367366075516 0.0
0.08105958253145218 0.0 0.0
0.11034636199474335 0.0 0.0
0.047158870846033096 0.0 0.001029718667268753
0.0 0.044225405901670456 0.019873447716236115
0.00499490462243557 0.04192390292882919 0.06057507544755936
0.0 0.0 0.06887640804052353
0.0 0.0 0.0
0.0 0.0 0.0
0.0 0.0 0.0
0.0 0.0 0.0
0.0 0.0 0.0
0.0 0.0 0.0
0.016404952853918076 0.0 0.0
0.0 0.0 0.07914210110902786
0.22243215143680573 0.0 0.35324475169181824
0.7720955610275269 0.0 0.6979076266288757
1.3636778593063354 0.0 0.9737594127655029
1.726149559020996 0.0 1.297151803970337
2.0649330615997314 0.0 1.5938827991485596
2.910703182220459 0.0 1.9220963716506958
4.041942119598389 0.0 2.2618613243103027
4.971048831939697 0.0 2.351151943206787
5.788332462310791 0.0 2.45182204246521
6.179020404815674 0.0 2.532409191131592
6.400730609893799 0.0 2.3967390060424805
6.588071346282959 0.0 1.9821810722351074
6.636366367340088 0.0 1.5383663177490234
6.682868003845215 0.0 1.0308524370193481
6.875321865081787 0.0 0.06725188344717026
7.105119705200195 0.0 0.0
7.22678804397583 0.06675921380519867 0.0
6.818792819976807 1.0201109647750854 0.0
5.132205009460449 3.3040237426757812 0.0
3.386977434158325 4.426313877105713 0.0
2.4533438682556152 3.639134645462036 0.0
2.0218160152435303 1.988482117652893 0.0
1.7492588758468628 0.3878331184387207 0.0
0.8686825633049011 0.0 0.0
0.0 0.4122718870639801 0.0
0.0 0.6677491664886475 0.0
0.0 0.46369725465774536 0.0
0.0 0.2999967336654663 0.0
0.0 0.1655571609735489 0.0
0.0 0.0 0.0
0.0 0.0 0.0
0.0 0.0 0.0
0.0 0.0 0.0
0.0 0.0 0.0
0.0 0.0 0.0
0.0 0.0 0.0
0.0 0.0 0.0
0.0 0.0 0.0
0.0 0.0 0.0
0.0 0.0 0.08508669584989548
0.0 0.0 0.7610960602760315
0.0 0.0 1.0001096725463867
0.0 0.0 0.6221275329589844
0.0 0.0 0.16516955196857452
0.0 0.0 0.17606987059116364
0.1827339380979538 0.0 0.40819045901298523
0.4310196340084076 0.31518903374671936 0.39582645893096924
0.4976159930229187 0.5703427791595459 0.07896062731742859
0.5537578463554382 0.47031310200691223 0.0
0.6773402094841003 0.20899656414985657 0.0
0.7273618578910828 0.011213444173336029 0.0
0.6047019958496094 0.029543716460466385 0.0
0.4686722159385681 0.14438506960868835 0.0
0.36044639348983765 0.060103219002485275 0.0
0.23859214782714844 0.0 0.0
0.034940481185913086 0.0 0.0
0.0 0.0 0.0
0.0 0.0 0.0
0.0 0.0 0.0
0.0 0.0 0.0
0.0 0.0 0.0
0.0 0.0 0.0
0.0 0.08080077171325684 0.0
0.0 0.23737786710262299 0.0
0.0 0.16714045405387878 0.0
0.0 0.0 0.0
0.020861415192484856 0.0 0.0
0.05950707942247391 0.0 0.0
0.0 0.0 0.0
0.0 0.07294551283121109 0.0
0.0 0.04732297733426094 0.0
0.0 0.0 0.0
0.0 0.0 0.0
0.0 0.12205633521080017 0.0
0.0 0.15066374838352203 0.0
0.0 0.0 0.0
0.020851828157901764 0.0 0.0
0.2354203164577484 0.0 0.0
0.4542272388935089 0.0 0.0515441857278347
0.7427370548248291 0.0 0.3321140706539154
1.375306248664856 0.0 1.0554115772247314
2.458725690841675 0.0 1.8267998695373535
3.7136142253875732 0.0 2.3473048210144043
4.929670810699463 0.0 2.55145263671875
6.207699775695801 0.0 2.65387225151062
7.331316947937012 0.0 2.5613324642181396
7.785181999206543 0.0 2.105203866958618
7.729962348937988 0.0 1.0419775247573853
7.114444255828857 0.0 0.0
6.177402019500732 0.0 0.0
5.547807216644287 0.0 0.0
5.169978618621826 0.5899657607078552 0.0
4.7847723960876465 1.7058664560317993 0.0
4.222808837890625 2.8404881954193115 0.0
3.188274383544922 2.8381242752075195 0.0
2.8662261962890625 2.0193469524383545 0.0
2.5086519718170166 1.470136284828186 0.0
1.4233635663986206 1.8078993558883667 0.0
0.1614946871995926 2.7093732357025146 0.0
0.0 3.5661299228668213 0.0
0.0 3.6069626808166504 0.0
0.0 2.9515011310577393 0.0
0.0 2.1327054500579834 0.0
0.0 2.076097011566162 0.0
0.0 1.4127224683761597 0.0
0.0 0.7996135354042053 0.0
0.0 0.0 0.0
0.0 0.0 0.0
0.0 0.0 0.0
0.0 0.0 0.0
0.0 0.0 0.0
0.0 0.0 0.0
0.0 0.0 0.0
0.0 0.0 0.0
0.0 0.0 0.0
0.0 0.0 0.0
0.0 0.0 0.0
0.0 0.0 0.0
0.0 0.0 0.0
0.0 0.0 0.0
0.0 0.0 0.0
0.0 0.0 0.46583378314971924
0.7739295959472656 0.11118291318416595 0.7511347532272339
1.0774879455566406 0.13413457572460175 0.7093721628189087
1.0117379426956177 0.10757619887590408 0.45543840527534485
0.7828949093818665 0.12536583840847015 0.08464115113019943
0.5379716753959656 0.05245142802596092 0.0
0.46702611446380615 0.0 0.0
0.3582303822040558 0.0 0.0
0.3975021541118622 0.0 0.03022531419992447
0.4610137641429901 0.0 0.17266103625297546
0.30762341618537903 0.0 0.16408245265483856
0.10867728292942047 0.0 0.1099046990275383
0.0 0.0 0.06606800109148026
0.0 0.0 0.015073261223733425
0.0 0.0 0.0
0.0 0.0 0.0
0.0 0.0 0.0
0.0 0.0 0.01137253176420927
0.0 0.29770857095718384 0.02367393672466278
0.0 0.44250252842903137 0.0
0.0 0.33406391739845276 0.0
0.0 0.17251871526241302 0.0
0.0 0.02355027198791504 0.0
0.008645495399832726 0.0 0.0
0.0 0.0 0.0
0.0 0.0 0.0
0.0 0.0 0.0
0.043677784502506256 0.0 0.0
0.023672381415963173 0.0 0.0
0.0 0.0 0.0
0.0 0.0 0.0
0.0 0.0 0.0
0.06023385375738144 0.0 0.0
0.0877738669514656 0.0 0.0
0.0 0.0 0.0
0.0 0.0 0.0
0.20567919313907623 0.0 0.0
0.5822967886924744 0.0 0.11072122305631638
1.1056263446807861 0.0 0.5299919843673706
1.8056443929672241 0.0 1.0885930061340332
2.931408405303955 0.0 1.8913331031799316
4.695466041564941 0.0 2.81311297416687
6.573531627655029 0.0 3.3135793209075928
7.8809309005737305 0.0 3.500239849090576
8.427864074707031 0.0 3.4076743125915527
8.174321174621582 0.0 2.5850932598114014
7.552122116088867 0.0 1.3325244188308716
7.054298400878906 0.0 0.06160560995340347
6.8591814041137695 0.0 0.0
6.822268962860107 1.1379904747009277 0.0
5.966701030731201 2.8238911628723145 0.0
4.063597202301025 4.726591110229492 0.0
2.480069875717163 4.843087196350098 0.0
1.6683530807495117 3.492217779159546 0.0
1.6619620323181152 1.696249008178711 0.0
1.4904941320419312 0.836166501045227 0.0
0.7446114420890808 1.2315987348556519 0.0
0.0028848121874034405 1.7498445510864258 0.0
0.0 1.5629236698150635 0.0
0.0 1.0218424797058105 0.0
0.0 0.41203615069389343 0.0
0.0 0.25043368339538574 0.0
0.0 0.5273909568786621 0.0
0.0 0.7732787728309631 0.0
0.0 0.5763686299324036 0.0
0.0 0.0 0.0
0.0 0.0 0.0
0.0 0.0 0.0
0.0 0.0 0.0
0.0 0.0 0.0
0.0 0.0 0.0
0.0 0.0 0.0
0.0 0.0 0.0
0.0 0.0 0.0
0.0 0.0 0.0
0.0 0.0 0.0
0.0 0.0 0.0
0.0 0.0 0.0
0.0 0.0 0.0
0.07816915214061737 0.0 0.03387746587395668
1.8047833442687988 0.0 0.6870741844177246
2.4851107597351074 0.0 1.0757907629013062
2.117440700531006 0.0 0.9510059356689453
1.2470300197601318 0.0 0.7292216420173645
0.34316328167915344 0.0 0.7693130970001221
0.0 0.30361834168434143 1.0472075939178467
0.0 0.4135584235191345 1.0558600425720215
0.0 0.25734564661979675 0.5454983711242676
0.7354505658149719 0.0 0.31106752157211304
0.8848389983177185 0.0 0.27978256344795227
0.3711051642894745 0.0 0.2192196398973465
0.0 0.0 0.11572466045618057
0.0 0.006692379247397184 0.026521015912294388
0.0 0.042684201151132584 0.0
0.0 0.0 0.0
0.0 0.0 0.0
0.013384564779698849 0.014616880565881729 0.0
0.0 0.16849033534526825 0.0869140550494194
0.018068533390760422 0.24175336956977844 0.06455814838409424
0.031681813299655914 0.14745642244815826 0.0
0.0 0.02045692689716816 0.0
0.06620623171329498 0.0 0.0
0.13303214311599731 0.0 0.0
0.04206201434135437 0.03934113681316376 0.0
0.0 0.1733335554599762 0.0
0.0 0.10302610695362091 0.0
0.00984415877610445 0.0 0.0
0.04710124805569649 0.0 0.0
0.0 0.0 0.0
0.0 0.057523638010025024 0.0
0.0 0.0627993568778038 0.0
0.0 0.09030688554048538 0.0
0.03231813758611679 0.10798467695713043 0.007646343670785427
0.0846356749534607 0.11214080452919006 0.0060457829385995865
0.011296476237475872 0.18358570337295532 0.0
0.0 0.2050987184047699 0.0
0.0 0.04022001102566719 0.0
0.0 0.0 0.0
0.0 0.0 0.0406130813062191
0.0 0.0 0.018980488181114197
0.08694995939731598 0.0 0.0
