0.060116399079561234 0.08564277738332748 0.0013705268502235413
0.014197112992405891 0.21641597151756287 0.023770373314619064
0.0 0.24189282953739166 0.06597402691841125
0.0 0.10903625190258026 0.07794412970542908
0.0 0.0 0.05768706277012825
0.029558492824435234 0.0 0.04873591288924217
0.02508544735610485 0.0 0.06790347397327423
0.0 0.0 0.05794885382056236
0.0 0.0 0.047249067574739456
0.0 0.0 0.04732363671064377
0.005490707233548164 0.016611777245998383 0.010215949267148972
0.022531742230057716 0.05269228667020798 0.01904965564608574
0.0205112025141716 0.0049234312027692795 0.0007132580503821373
0.007973305881023407 0.0 0.0
0.0038097198121249676 0.0 0.0
0.021981799975037575 0.0 0.0
0.07418614625930786 0.0 0.0
0.09738707542419434 0.0 0.0
0.002312224358320236 0.04637793079018593 0.012417318299412727
0.0 0.04110220819711685 0.010103831067681313
0.018299713730812073 0.0 0.004892024211585522
0.018619557842612267 0.0 0.0
0.01527382992208004 0.004970036447048187 0.0
0.023620443418622017 0.0016956799663603306 0.009280381724238396
0.029133984819054604 0.0038752108812332153 0.0
0.013153420761227608 0.0 0.0
0.0067674266174435616 0.0 0.0
0.0 0.0 0.0
0.0 0.0051820240914821625 0.0
0.0 0.0018687853589653969 0.0
0.013011207804083824 0.0 0.0016653379425406456
0.0023021043743938208 0.0 0.003660578280687332
0.00011325208470225334 0.0 0.008980242535471916
0.027806133031845093 0.0 0.016786500811576843
0.042804520577192307 0.02183689922094345 0.014878878369927406
0.0555725134909153 0.018609948456287384 0.018200905993580818
0.06960311532020569 0.029265522956848145 0.004487490281462669
0.07824400812387466 0.054787661880254745 0.0
0.05364305526018143 0.031439729034900665 0.0
0.021804433315992355 0.002878922037780285 0.0
0.010155766271054745 0.0 0.0
0.004513593390583992 0.0 0.0
0.0 0.0 0.0010642632842063904
0.0 0.0 0.0
0.0 0.0 0.0
0.0 0.0 0.0
0.0 0.0 0.0
0.0 0.0 0.010790008120238781
0.0009500372689217329 0.0 0.030298728495836258
0.0477505661547184 0.0 0.04462973028421402
0.04883261024951935 0.0 0.04685639962553978
0.028587792068719864 0.011058811098337173 0.04781220480799675
0.0372190959751606 0.030202146619558334 0.04155058413743973
0.052177008241415024 0.013178154826164246 0.037371549755334854
0.05544577166438103 0.0 0.025539126247167587
0.023635108023881912 0.0 0.007098332978785038
0.0 0.03160696104168892 0.0
0.0 0.012442855164408684 0.001137646846473217
0.0 0.0 0.005410688929259777
0.0 0.0 0.0
0.0 0.0 0.0
0.0 0.0 0.0
0.0 0.0 0.0
0.0 0.0 0.0
0.0 0.01891486905515194 0.0
0.0 0.006081362254917622 0.0
0.018458455801010132 0.0 0.0
0.022623106837272644 0.004856575280427933 0.003931568935513496
0.005608704872429371 0.015537980943918228 0.0
0.0 0.01994391530752182 0.0
0.0 0.014671655371785164 0.0
0.0 0.020982548594474792 0.0
0.0 0.006149539723992348 0.0
0.0 0.022269919514656067 0.0
0.0 0.0946623682975769 0.0
0.0 0.06596334278583527 0.0
0.0 0.0 0.0
0.0 0.0 0.0
0.0 0.0 0.0
0.0 0.0561746247112751 0.0
0.0 0.046519599854946136 0.0
0.0 0.01880514807999134 0.0033374177291989326
0.013369156047701836 0.0 0.0
0.026299335062503815 0.0 0.0
0.0 0.037058185786008835 0.0
0.0 0.09346634149551392 0.0
0.0 0.03729281201958656 0.0
0.0 0.0 0.0
0.0 0.0 0.0
0.0 0.0 0.0
0.0 0.03029082715511322 0.0
0.0 0.08764439821243286 0.0
0.0 0.06206713244318962 0.0
0.0 0.0 0.0
0.0 0.0 0.0
0.0 0.0 0.0
0.0 0.0 0.0
0.0 0.0 0.0
0.0 0.0 0.043900009244680405
0.0 0.0 0.06819629669189453
0.0 0.0 0.06691664457321167
0.0 0.0 0.056540705263614655
0.004752483684569597 0.0 0.0730256736278534
0.0260497834533453 0.0 0.07095693051815033
0.008293156512081623 0.0 0.03666979447007179
0.0 0.012367144227027893 0.015316836535930634
0.0 0.014434289187192917 0.026101574301719666
0.05771929398179054 0.0 0.009504485875368118
0.04398190975189209 0.0 0.0
0.009996780194342136 0.0 0.0
0.0 0.0 0.0
0.008533639833331108 0.0 0.020813068374991417
0.034156978130340576 0.0 0.01891157031059265
0.0417480506002903 0.004824005998671055 0.011605720967054367
0.03681401163339615 0.02517002448439598 0.0
0.030547594651579857 0.0 0.0
0.02942214347422123 0.0 0.0
0.01768319681286812 0.0 0.0
0.00920768640935421 0.0 0.0
0.0 0.018883099779486656 0.0
0.0 0.002907062880694866 0.0
0.0 0.0 0.0
0.0 0.0 0.015243332833051682
0.0 0.0 0.030182868242263794
0.0 0.0 0.02503471076488495
0.008732045069336891 0.0 0.002681467682123184
0.014002973213791847 0.0 0.005870070308446884
0.015179291367530823 0.012355159968137741 0.0017498945817351341
0.024601556360721588 0.029270227998495102 0.022196844220161438
0.03302966058254242 0.0 0.02750532329082489
0.024955490604043007 0.0 0.0
0.0 0.0 0.0
0.0 0.009380142204463482 0.0
0.0 0.013592196628451347 0.0
0.0 0.006077289581298828 0.0
0.0 0.0 0.0
0.0 0.0028237057849764824 0.003631417639553547
0.0 0.0 0.016390088945627213
0.011706262826919556 0.0 0.020782707259058952
0.0 0.0 0.0
0.0 0.03161780163645744 0.0
0.0 0.0 0.002493182197213173
0.02888791263103485 0.0 0.010267749428749084
0.02047199010848999 0.013395878486335278 0.006080027669668198
0.0 0.03997422754764557 0.022938106209039688
0.004188091494143009 0.0 0.029340874403715134
0.034279149025678635 0.0 0.006076565012335777
0.01752626709640026 0.009245608933269978 0.0
0.0 0.012576690874993801 0.0
0.0 0.0 0.0
0.018579546362161636 0.0 0.0
0.020748425275087357 0.0 0.0
0.013419939205050468 0.0 0.0
0.01656193658709526 0.0 0.0
0.005702365189790726 0.0 0.0
0.00021066050976514816 0.0 0.0
0.015239411033689976 0.0 0.0
0.0002844301052391529 0.0 0.0
0.0 0.0 0.0
0.0 0.006017059087753296 0.010981309227645397
0.006480274256318808 0.0 0.01551028061658144
0.00669066421687603 0.0 0.0
0.0 0.004016492515802383 0.0
0.0 0.0018380265682935715 0.0
0.0 0.0 0.013129414059221745
0.0 0.0 0.016397379338741302
0.0 0.004890541546046734 0.021776966750621796
0.0 0.0 0.002568383701145649
0.0 0.0 0.0
0.0 0.0 0.0
0.0 0.0 0.0
0.0 0.0 0.007803625427186489
0.0 0.001724576111882925 0.013263638131320477
0.007787620183080435 0.0 0.0
0.0 0.0 0.0
0.0004522092640399933 0.0 0.0
0.002549182390794158 0.0 0.0
0.0 0.0 0.0
0.0 0.0 0.0
0.0 0.0 0.004371875897049904
0.0 0.0 0.022747155278921127
0.009511217474937439 0.0 0.03045887127518654
0.019217107445001602 0.0 0.02204035222530365
0.009810024872422218 0.012358046136796474 0.004901845008134842
0.012038291431963444 0.024076219648122787 0.0
0.03111318126320839 0.000612972304224968 0.007213202305138111
0.04392458498477936 0.0 0.005170025862753391
0.011061710305511951 0.026236575096845627 0.0
0.0 0.01993953064084053 0.0
0.0 0.0 0.0
0.015435686334967613 0.009265849366784096 0.0
0.01209954358637333 0.0 0.0
0.0 0.0 0.0
0.0 0.0 0.0
0.0 0.002855815924704075 0.004573359154164791
0.0 0.0 0.008736945688724518
0.0 0.0 0.0
0.0 0.0 0.0
0.0 0.0 0.0
0.0 0.0 0.0
0.0 0.0 0.0
0.0 0.0 0.0
0.0 0.0 0.0
0.0 0.0 0.0
0.0 0.04039280489087105 0.0
0.0 0.12686270475387573 0.0
0.0 0.20385843515396118 0.0
0.0 0.17410185933113098 0.0
0.0 0.09249302744865417 0.0
0.0 0.048984162509441376 0.0
0.0 0.22046270966529846 0.0
0.16772271692752838 0.019316814839839935 0.0
0.694025456905365 0.0 0.0
1.4541409015655518 0.0 0.5239078998565674
1.918653964996338 0.0 1.2411372661590576
2.7039871215820312 0.0 2.3414406776428223
4.620678424835205 0.0 3.4937539100646973
6.884938716888428 0.0 4.701267242431641
8.399941444396973 0.0 4.929348468780518
8.63144588470459 0.0 4.957729339599609
8.854254722595215 0.0 4.1809539794921875
9.47307014465332 0.0 3.797555446624756
10.203530311584473 0.0 2.7645959854125977
9.673470497131348 0.0 2.3473258018493652
5.398205757141113 2.7464370727539062 2.0973901748657227
2.6392600536346436 4.4493727684021 0.4856971204280853
2.3652496337890625 2.695875644683838 0.0
3.5529112815856934 0.372505247592926 0.0
3.4967739582061768 1.1202044486999512 0.0
2.6771318912506104 2.6336069107055664 0.0
1.9718133211135864 2.5695018768310547 0.0
0.9705103039741516 1.5531774759292603 0.0
0.0 1.0896276235580444 0.0
0.0 1.8888784646987915 0.0
0.0 1.2549740076065063 0.0
0.0 0.0 0.0
0.0 0.0 0.0
0.0 0.0 0.0
0.0 0.0 0.0
0.0 0.0 0.0
0.0 0.0 0.0
0.0 0.0 0.0
0.0 0.0 0.0
0.0 0.0 0.0
0.0 0.0 0.0
0.0 0.0 0.0
0.0 0.0 0.0
0.0 0.0 0.0
0.0 0.0 0.0
0.0 0.0 0.0
0.0 0.0 0.0
0.0 0.0 0.03796560317277908
0.0 0.0 0.4845641255378723
0.0 0.1934717446565628 0.8015133142471313
0.007901767268776894 0.39502590894699097 0.8757345676422119
0.37664225697517395 0.12433848530054092 0.5730020999908447
0.6245631575584412 0.0 0.20098169147968292
0.8809856176376343 0.0 0.0
0.8889963626861572 0.10765617340803146 0.0
0.8377931118011475 0.1945018470287323 0.051156237721443176
0.7676073908805847 0.18477651476860046 0.12947900593280792
0.6898220181465149 0.08721961081027985 0.10274619609117508
0.5724538564682007 0.0 0.0
0.4765997529029846 0.0 0.0
0.31190985441207886 0.0 0.0
0.14494457840919495 0.030023694038391113 0.04690716415643692
0.015508022159337997 0.06098054721951485 0.08096899837255478
0.02395583502948284 0.008865946903824806 0.0819527730345726
0.05175231024622917 0.0 0.06923830509185791
0.01647634617984295 0.0 0.07530631870031357
0.013319702818989754 0.0 0.06882019340991974
0.06324944645166397 0.0 0.08848603814840317
0.053629837930202484 0.0 0.09054040163755417
0.05692070722579956 0.0 0.07766401767730713
0.01960662566125393 0.0 0.07190866023302078
0.0 0.0 0.04447037726640701
0.0 0.0 0.03804229944944382
0.0 0.0 0.030020328238606453
0.06167711317539215 0.0 0.028538545593619347
0.09481509029865265 0.0 0.02680855803191662
0.0419984832406044 0.0 0.0
0.029394276440143585 0.0 0.0
0.05597155541181564 0.0 0.0
0.08361437171697617 0.0 0.0
0.06222093105316162 0.008063803426921368 0.0
0.049181561917066574 0.0 0.00942903384566307
0.024740668013691902 0.0 0.0
0.007868744432926178 0.0 0.0
0.05456860363483429 0.0 0.0
0.06418021768331528 0.0005576834082603455 0.008613839745521545
0.05438191443681717 0.02388191595673561 0.03102620504796505
0.09356021136045456 0.0 0.05587109923362732
0.11896916478872299 0.0 0.06551547348499298
0.07022229582071304 0.0 0.03409944474697113
0.02676244080066681 0.0 0.008091812953352928
0.016146015375852585 0.0 0.00373674463480711
0.014805644750595093 0.0 0.02933851256966591
0.012509999796748161 0.0 0.048620861023664474
0.0 0.025039084255695343 0.04836839437484741
0.0 0.024022024124860764 0.053375668823719025
0.0 0.0 0.03451463207602501
0.022460635751485825 0.0 0.0090689267963171
0.03211219608783722 0.0 0.007083805277943611
0.027468178421258926 0.0 0.04553426057100296
0.0 0.013233291916549206 0.06356199085712433
0.0 0.035643529146909714 0.04329640418291092
0.021518675610423088 0.0 0.004962065257132053
0.11267095804214478 0.0 0.0
0.15859876573085785 0.0 0.0
0.07845199853181839 0.0 0.0
0.0 0.006056073121726513 0.0
0.0 0.031549982726573944 0.022571418434381485
0.0 0.0 0.0
0.005786051508039236 0.0 0.0
0.0494467131793499 0.0 0.0
0.0292330551892519 0.0 0.0
0.0 0.0 0.0
0.0 0.0 0.0
0.006189786829054356 0.0 0.0
0.0052145374938845634 0.0 0.0
0.05096258223056793 0.0 0.0
0.08375009149312973 0.0 0.0
0.03349144756793976 0.004961780272424221 0.0
0.0 0.12487806379795074 0.09214890003204346
0.0 0.13432908058166504 0.3832009732723236
0.26067960262298584 0.021908272057771683 0.7306904792785645
0.42526909708976746 0.19369015097618103 1.0469762086868286
0.5026461482048035 0.32923439145088196 1.4327822923660278
0.5737301707267761 0.39257821440696716 1.7969250679016113
0.6232215762138367 0.17496758699417114 2.2475433349609375
0.8513591289520264 0.0 2.5938832759857178
0.8951974511146545 0.0 2.6773693561553955
0.6671687960624695 0.0 2.6169774532318115
0.5690305233001709 0.24159428477287292 2.6521098613739014
0.8100335597991943 0.0 2.6203057765960693
1.0890936851501465 0.0 2.3034863471984863
1.0378925800323486 0.0 1.746764898300171
0.6778329014778137 0.0 1.1817222833633423
0.3280397355556488 0.0 0.7893958687782288
0.07862962782382965 0.047375816851854324 0.27278366684913635
0.0 0.12785041332244873 0.0
0.0 0.1265433430671692 0.0
0.0 0.1709906905889511 0.0
0.0 0.30138999223709106 0.0
0.0 0.3402462899684906 0.0
0.0 0.301362544298172 0.0
0.0 0.4213523268699646 0.0
0.0 0.11491783708333969 0.0
0.0 0.0 0.0
0.0 0.0 0.0
0.0 0.0 0.0
0.0 0.0 0.0
0.0 0.0 0.0
0.0 0.0 0.0
0.0 0.0 0.0
0.0 0.0 0.24714967608451843
0.09359659254550934 0.04830339550971985 0.5838161110877991
0.17179366946220398 0.0453462228178978 0.7640647292137146
0.35648390650749207 0.0 1.0386840105056763
0.6276360154151917 0.0 1.439664363861084
0.820822536945343 0.0 1.9706302881240845
1.0520826578140259 0.0 2.5492780208587646
1.0470184087753296 0.31738945841789246 2.885749578475952
1.1532739400863647 0.29922324419021606 3.1378064155578613
1.6096806526184082 0.0 3.3357770442962646
2.0115678310394287 0.0 3.3650870323181152
1.996796727180481 0.0 3.141709089279175
1.7195947170257568 0.0 2.6879284381866455
1.4879531860351562 0.0 2.2535531520843506
1.2649539709091187 0.0 1.8249499797821045
0.840400218963623 0.03946835920214653 1.1307467222213745
0.37419816851615906 0.3141459822654724 0.422960102558136
0.07940194755792618 0.287909597158432 0.0
0.0 0.10195916146039963 0.0
0.0 0.04847810044884682 0.0
0.0 0.07342099398374557 0.0
0.0 0.0992904081940651 0.0
0.0 0.07086169719696045 0.0
0.0 0.0 0.0
0.0 0.0 0.0
0.0 0.0 0.0
0.0 0.0478232279419899 0.0
0.0 0.0004264172166585922 0.0
0.0 0.0 0.0
0.0 0.0 0.0
0.0 0.0 0.0
0.0 0.0 0.0
0.0 0.0 0.0
0.0 0.0 0.0
0.0 0.07654115557670593 0.0
0.0 0.11703292280435562 0.0
0.0 0.0 0.0
0.14743292331695557 0.0 0.18503223359584808
0.44004717469215393 0.0 0.6584215760231018
0.44215211272239685 0.0 0.9866734743118286
0.2852754294872284 0.0 1.2152338027954102
0.4228404760360718 0.0 1.5130335092544556
0.8158622980117798 0.0 1.8687490224838257
1.1133555173873901 0.0 2.0174007415771484
1.0525670051574707 0.052821047604084015 1.989696979522705
0.8918140530586243 0.3082948923110962 1.9889193773269653
0.8239585757255554 0.25160738825798035 1.8320837020874023
0.8849812150001526 0.0 1.669456124305725
1.1051833629608154 0.0 1.502249002456665
1.3128249645233154 0.0 1.3114242553710938
1.2374207973480225 0.0 1.1009601354599
0.9250771999359131 0.3008103668689728 1.1345746517181396
0.6863296031951904 0.4880095422267914 1.2364232540130615
0.6729546785354614 0.35607069730758667 1.2721846103668213
0.7985571026802063 0.0 1.1462140083312988
0.8743964433670044 0.0 0.8929629921913147
0.7905795574188232 0.0 0.6291824579238892
0.5324715971946716 0.0 0.31498539447784424
0.21820291876792908 0.0 0.0
0.0 0.0 0.0
0.0 0.0 0.0
0.0 0.0 0.0
0.0 0.0 0.0
0.0 0.0 0.0
0.0 0.0 0.0
0.0 0.0 0.0
0.0 0.0 0.0
0.0 0.0 0.0
0.0 0.07871390134096146 0.0
0.0 0.09913794696331024 0.0
0.0 0.06609797477722168 0.0
0.0 0.0 0.0
0.0 0.0 0.0
0.0 0.0 0.0
0.0 0.0 0.0
0.0 0.0 0.0
0.0 0.010202216915786266 0.0
0.0 0.02125486731529236 0.0
0.0 0.009678905829787254 0.0
0.006596654653549194 0.05262184515595436 0.32549503445625305
0.08439318090677261 0.14621011912822723 0.5594683885574341
0.11466985940933228 0.25215813517570496 0.6413062810897827
0.20614385604858398 0.21998900175094604 0.6666869521141052
0.410759836435318 0.04695463553071022 0.7739332914352417
0.6538947224617004 0.0 0.9788416624069214
0.7629378437995911 0.0 1.1657322645187378
0.6934506297111511 0.0 1.2978596687316895
0.5922496914863586 0.1005808487534523 1.4030214548110962
0.6133792400360107 0.08204744756221771 1.5249664783477783
0.8079455494880676 0.0 1.6715500354766846
0.9651186466217041 0.0 1.6344705820083618
0.7892826795578003 0.00870931800454855 1.4282007217407227
0.5684916973114014 0.1498376876115799 1.332440972328186
0.5371776819229126 0.1306392252445221 1.365183711051941
0.664908230304718 0.0 1.370125412940979
0.7913793921470642 0.0 1.2950525283813477
0.8763642907142639 0.0 1.2034720182418823
0.9012632369995117 0.0 1.0561121702194214
0.7774568796157837 0.0 0.9632365107536316
0.6494855880737305 0.0 0.9665079712867737
0.6192941665649414 0.0 1.0102999210357666
0.5860360860824585 0.0 0.9463763236999512
0.5006290078163147 0.13296948373317719 0.7644326090812683
0.4584672152996063 0.16020244359970093 0.6123988628387451
0.4253425598144531 0.07882875204086304 0.49963104724884033
0.4031829237937927 0.0 0.3537587821483612
0.28846752643585205 0.008314903825521469 0.09741674363613129
0.020048048347234726 0.09521518647670746 0.0
0.0 0.14970985054969788 0.0
0.0 0.10798850655555725 0.0
0.0 0.022770807147026062 0.0
0.0 0.0 0.0
0.0 0.0 0.0
0.0 0.0 0.0
0.0 0.0 0.0
0.0 0.0 0.0
0.0 0.0 0.0
0.0 0.0 0.0
0.0 0.0 0.0
0.0 0.013448945246636868 0.0
0.0 0.15162359178066254 0.0
0.0 0.07990679889917374 0.0
0.0 0.0 0.0
0.0 0.0 0.0
0.0 0.0 0.0
0.0 0.0 0.0
0.0 0.05921297147870064 0.0
0.0 0.0662945881485939 0.0
0.0 0.06470467895269394 0.2692899703979492
0.04395364597439766 0.17506366968154907 0.5516856908798218
0.049402739852666855 0.2883947491645813 0.6621440649032593
0.06613777577877045 0.3169254660606384 0.6997947692871094
0.17138724029064178 0.26517465710639954 0.8363544940948486
0.3592783212661743 0.16628803312778473 1.0248661041259766
0.4465802013874054 0.2127913534641266 1.0525968074798584
0.34378722310066223 0.33372148871421814 0.8949195146560669
0.2823992371559143 0.25473132729530334 0.7284612655639648
0.39995092153549194 0.010171926580369473 0.6764953136444092
0.4705120325088501 0.0 0.6468983292579651
0.3422129154205322 0.0 0.5775150060653687
0.12594935297966003 0.11358056217432022 0.4561541974544525
0.019138209521770477 0.16302748024463654 0.36764565110206604
0.05459793284535408 0.06422952562570572 0.3292202353477478
0.1446087807416916 0.0 0.27086931467056274
0.16587519645690918 0.0 0.1694929003715515
0.037952110171318054 0.0 0.0638013482093811
0.0 0.04665958881378174 0.0
0.0 0.016959482803940773 0.0
0.0 0.0 0.0
0.015427893958985806 0.0 0.0
0.0 0.0 0.0
0.0 0.0 0.0
0.0 0.007417643442749977 0.0
0.0 0.010589202865958214 0.0
0.0 0.0 0.0
0.038733482360839844 0.0 0.0
0.06960538029670715 0.0 0.0
0.03348252922296524 0.021968357264995575 0.0
0.006783273536711931 0.0007629371248185635 0.0
0.0 0.013550637289881706 0.0
0.0 0.0 0.0
0.02030494064092636 0.0 0.019924700260162354
0.01394850853830576 0.0 0.01341007649898529
0.0 0.0 0.0
0.0 0.0 0.0
0.0 0.0 0.0
0.0 0.012029172852635384 0.0
0.0 0.041106097400188446 0.0
0.0 0.06908766180276871 0.0
0.0 0.18576207756996155 0.0
0.0 0.4028874933719635 0.0
0.0 0.41144394874572754 0.0
0.0 0.2509123384952545 0.0
0.0 0.0 0.0
0.0 0.04013378173112869 0.0
0.0 0.2192808985710144 0.0
0.0 0.0 0.0
0.0 0.0 0.007904790341854095
0.3411010503768921 0.0 0.8846030235290527
1.8317047357559204 0.0 1.7877871990203857
3.6895031929016113 0.0 2.9228196144104004
5.416772365570068 0.0 3.799584150314331
7.03207540512085 0.0 4.732185363769531
8.012360572814941 0.0 5.401813507080078
8.199427604675293 0.0 6.155596733093262
7.7331156730651855 0.0 6.758565425872803
7.154025077819824 0.0 5.963146686553955
7.622832775115967 0.0 3.738192558288574
8.707806587219238 0.0 1.5813466310501099
8.319860458374023 0.0 0.12618450820446014
5.513854503631592 1.3263335227966309 0.0
2.7546889781951904 3.1225314140319824 0.0
1.7314646244049072 2.5779926776885986 0.0
1.3971636295318604 1.5285923480987549 0.0
0.9815898537635803 1.0947849750518799 0.0
0.47123339772224426 1.1808240413665771 0.0
0.0 1.8222966194152832 0.0
0.0 2.3420684337615967 0.0
0.0 3.1209802627563477 0.0
0.0 2.9191184043884277 0.0
0.0 1.8154520988464355 0.0
0.0 0.5101841688156128 0.0
0.0 0.0 0.0
0.0 0.0 0.0
0.0 0.0 0.0
0.0 0.0 0.0
0.0 0.0 0.0
0.0 0.0 0.0
0.0 0.0 0.0
0.0 0.0 0.0
0.0 0.0 0.0
0.0 0.0 0.0
0.0 0.0 0.0
0.0 0.0 0.0
0.0 0.0 0.0
0.0 0.0 0.0
0.0 0.0 0.1231868639588356
0.0 0.0 0.6407874226570129
0.0 0.0 0.7518377304077148
0.0 0.0 0.49579906463623047
0.0 0.0 0.20712196826934814
0.2613970935344696 0.0 0.10174734890460968
0.7064408659934998 0.0 0.13250471651554108
0.9055145382881165 0.1480775773525238 0.20552034676074982
0.848089873790741 0.3338194787502289 0.31772199273109436
0.6656500101089478 0.512706458568573 0.33891409635543823
0.5488144755363464 0.41326186060905457 0.2690524458885193
0.45256704092025757 0.20232351124286652 0.1520291566848755
0.3349698483943939 0.0 0.03150168061256409
0.23625338077545166 0.0 0.0
0.1551649272441864 0.0 0.0
0.10338055342435837 0.0 0.029141588136553764
0.023917950689792633 0.06410917639732361 0.09388356655836105
0.0 0.03552227467298508 0.12045525759458542
0.0 0.0016897465102374554 0.11206816136837006
0.0 0.0 0.0928577184677124
0.0 0.0 0.08364690840244293
0.0 0.0 0.07487951219081879
0.0 0.0 0.09737939387559891
0.0 0.0 0.14954859018325806
0.02298245020210743 0.0 0.16391634941101074
0.0 0.0 0.1450936496257782
0.0 0.0 0.1214786022901535
0.0 0.0 0.08882159739732742
0.02075871080160141 0.0 0.07319523394107819
0.07417772710323334 0.0 0.06185309588909149
0.08114375174045563 0.0 0.014004077762365341
0.05451853573322296 0.0 0.008393330499529839
0.04368826001882553 0.0 0.024320097640156746
0.06178124248981476 0.0 0.029856013134121895
0.0 0.03682088106870651 0.014437640085816383
0.0 0.04656299203634262 0.0
0.004436195828020573 0.0 0.004774627275764942
0.0674780085682869 0.0 0.0
0.02263091318309307 0.04635553061962128 0.00834725797176361
0.0 0.05912085995078087 0.021977050229907036
0.020436201244592667 0.013398646377027035 0.009286820888519287
0.042867474257946014 0.0 0.0
0.0 0.0 0.0
0.0 0.008253686130046844 0.0
0.0 0.0 0.022694503888487816
0.0 0.0 0.010776327922940254
0.0 0.015829846262931824 0.0
0.0 0.0 0.01146635226905346
0.0 0.0 0.04487224668264389
0.0 0.0 0.035986341536045074
0.0 0.0 0.02802135981619358
0.0 0.0 0.03969559073448181
0.0 0.0 0.05688469856977463
0.0 0.0 0.05678323656320572
0.0 0.0 0.0567142590880394
0.0 0.0 0.06475567072629929
0.0 0.0 0.049295224249362946
0.0 0.0 0.033646486699581146
0.0 0.0 0.04049161076545715
0.0 0.0 0.06104029715061188
0.0 0.0 0.0484137162566185
0.01672881469130516 0.0 0.029995562508702278
0.28397515416145325 0.0 0.0
0.5282765626907349 0.0 0.009745417162775993
0.7059597373008728 0.036233123391866684 0.08244412392377853
0.9406489133834839 0.04848606139421463 0.09444299340248108
1.3544676303863525 0.025655314326286316 0.01303735002875328
1.762688159942627 0.0 0.0
2.0007636547088623 0.0 0.0
2.0942542552948 0.0 0.0
2.009920835494995 0.08712400496006012 0.005895818583667278
1.844966173171997 0.28698572516441345 0.09463448077440262
1.675346851348877 0.4063746929168701 0.10508207231760025
1.4010990858078003 0.39523574709892273 0.10016987472772598
1.032849907875061 0.2418683022260666 0.08210618793964386
0.6254337430000305 0.08869552612304688 0.032670725136995316
0.1439075767993927 0.13883432745933533 0.0
0.0 0.2357451617717743 0.0
0.0 0.2862163186073303 0.0
0.0 0.21085180342197418 0.027066104114055634
0.0 0.08444991707801819 0.11100468039512634
0.0 0.0 0.11745511740446091
0.0 0.0 0.08679068833589554
0.0 0.0 0.06366805732250214
0.0 0.03169615566730499 0.09616021811962128
0.0 0.18637734651565552 0.0961247980594635
0.0 0.4209837317466736 0.03040863573551178
0.0 0.629723310470581 0.0
0.0 0.4134238064289093 0.0
0.0 0.0 0.0
0.0 0.0 0.0
0.0 0.0 0.0
0.0 0.0 0.0
0.0 0.0 0.0
0.0 0.0 0.06177002191543579
0.5826548337936401 0.0 0.05922004580497742
1.0813093185424805 0.0 0.013539642095565796
1.3468317985534668 0.0 0.01905052177608013
1.582547664642334 0.0 0.048441965132951736
1.7028844356536865 0.0 0.0
1.9507344961166382 0.0 0.0
2.3724913597106934 0.0 0.0700087770819664
2.564584732055664 0.0 0.28134816884994507
2.423896551132202 0.0 0.4951757490634918
2.0601463317871094 0.059218063950538635 0.6216605305671692
1.667722225189209 0.2821771204471588 0.6238048672676086
1.3947114944458008 0.44787392020225525 0.524398148059845
1.1238030195236206 0.4180457293987274 0.3987389802932739
0.7531565427780151 0.28410470485687256 0.30486389994621277
0.386495441198349 0.0852360799908638 0.22897952795028687
0.12471869587898254 0.06052860617637634 0.15043410658836365
0.0 0.2111695110797882 0.08747857809066772
0.0 0.2693377435207367 0.018880877643823624
0.0 0.26065289974212646 0.0
0.0 0.16487525403499603 0.0
0.0 0.14240403473377228 0.0
0.0 0.003870384767651558 0.0
0.0 0.0 0.0
0.0 0.0 0.0
0.0 0.1713549941778183 0.0
0.0 0.39014992117881775 0.0
0.0 0.521599531173706 0.0
0.0 0.46488839387893677 0.0
0.0 0.23131880164146423 0.0
0.0 0.0635867789387703 0.0
0.0 0.0 0.0
0.0 0.0 0.0
0.2982153594493866 0.0 0.0
0.7148604989051819 0.0 0.0
0.8539597988128662 0.0 0.0
0.9211739897727966 0.0 0.0
1.2156039476394653 0.0 0.0
1.6011048555374146 0.0 0.0
1.9199867248535156 0.0 0.0
2.119002103805542 0.0 0.0
2.133683443069458 0.0 0.0
2.045393705368042 0.0 0.0
1.9562547206878662 0.0 0.0
1.7785181999206543 0.0 0.0
1.547635793685913 0.0 0.0
1.3063634634017944 0.0 0.012387407012283802
0.8846330046653748 0.20819775760173798 0.06449081748723984
0.34692350029945374 0.3856998383998871 0.07358311861753464
0.0 0.4768071174621582 0.08484802395105362
0.0 0.43043774366378784 0.08894236385822296
0.0 0.310761958360672 0.05376467481255531
0.0 0.3060723841190338 0.016025550663471222
0.0 0.3883638083934784 0.01309341099113226
0.0 0.46941471099853516 0.04249124601483345
0.0 0.4900933504104614 0.04749905690550804
0.0 0.4130513072013855 0.036026958376169205
0.0 0.2656639814376831 0.044086482375860214
0.0 0.09264213591814041 0.044273700565099716
0.0 0.08961758017539978 0.013040679506957531
0.0 0.16075141727924347 0.012705122120678425
0.0 0.15930718183517456 0.032426897436380386
0.0 0.20996131002902985 0.03761925920844078
0.0 0.30752673745155334 0.03076641634106636
0.0 0.33796828985214233 0.03491002693772316
0.0 0.21929782629013062 0.02106717973947525
0.0 0.013420549221336842 0.0
0.0 0.0 0.0
0.09380868822336197 0.0 0.0
0.2605063319206238 0.0 0.0
0.5189945697784424 0.0 0.0
1.0513585805892944 0.0 0.0
1.4911540746688843 0.0 0.0
1.5510145425796509 0.0 0.0
1.3345831632614136 0.0 0.0
1.0020971298217773 0.0 0.026529058814048767
0.7023614645004272 0.3771907687187195 0.17218613624572754
0.6400442719459534 0.4802266061306 0.22851838171482086
0.7269126772880554 0.35056257247924805 0.1680692732334137
0.7356659770011902 0.2039928287267685 0.12494897842407227
0.5137724280357361 0.1343330591917038 0.10541362315416336
0.19939476251602173 0.25093504786491394 0.07807999849319458
0.0 0.376979261636734 0.07551643997430801
0.0 0.44329091906547546 0.08632301539182663
0.0 0.3851650357246399 0.07286979258060455
0.0 0.22274361550807953 0.04389593005180359
0.0 0.015586967580020428 0.0
0.0 0.0 0.0
0.0 0.0 0.0
0.0 0.0 0.0
0.0 0.0 0.0
0.0 0.08662012964487076 0.0
0.0 0.021449647843837738 0.0
0.0 0.0 0.0
0.08130460977554321 0.0 0.0
0.05912953242659569 0.0 0.0
0.015300827100872993 0.07404788583517075 0.0
0.003378654597327113 0.12606899440288544 0.024438077583909035
0.040404580533504486 0.06318564713001251 0.0470387265086174
0.08421064913272858 0.0 0.03230611979961395
0.0728306993842125 0.0 0.0
0.021796278655529022 0.005003298632800579 0.0
0.013368703424930573 0.012498232536017895 0.0
0.028267493471503258 0.0 0.0
0.03128671646118164 0.0 0.0
0.06644470244646072 0.0 0.0
0.08580935001373291 0.0 0.0
0.06986153870820999 0.0 0.0
0.030278179794549942 0.0 0.0
0.0 0.0 0.0
0.0 0.0 0.0
0.0 0.01893828809261322 0.0
0.0 0.0 0.0
0.0 0.0 0.0
0.061051804572343826 0.0 0.0
0.04210527613759041 0.0 0.0
0.0 0.07016152888536453 0.0
0.0 0.11379795521497726 0.0
0.0 0.14697428047657013 0.0
0.0 0.31122714281082153 0.0
0.0 0.4902738630771637 0.0
0.0 0.4947410225868225 0.0
0.0 0.3999519646167755 0.0
0.0 0.21488063037395477 0.0
0.0 0.09910982847213745 0.0
0.0 0.02868492528796196 0.0
0.0 0.0 0.0
0.0 0.0 0.0
0.0 0.0 0.0
0.0 0.0 0.0
0.0 0.0 0.0
0.0 0.0 0.31244415044784546
0.12120112776756287 0.0 0.9967728853225708
0.9759131073951721 0.0 1.707390308380127
2.6778995990753174 0.0 2.425200939178467
5.043053150177002 0.0 3.2880043983459473
7.691391468048096 0.0 3.5580697059631348
9.079008102416992 0.0 3.9630894660949707
7.671496868133545 0.0 5.200045108795166
6.609674453735352 0.0 5.939870357513428
6.572408199310303 0.0 4.9048051834106445
7.494043350219727 0.0 1.7995167970657349
8.137552261352539 0.0 0.0
7.408329963684082 0.0 0.0
5.523815631866455 4.774866104125977 0.0
1.8137366771697998 7.368083953857422 0.0
1.1875683069229126 5.642338752746582 0.0
2.1911115646362305 2.322941541671753 0.0
2.0468602180480957 0.6695557832717896 0.0
0.9275415539741516 1.1335961818695068 0.0
0.25699758529663086 2.075331449508667 0.0
0.0 2.7931153774261475 0.0
0.0 3.4802052974700928 0.0
0.0 3.553968906402588 0.0
0.0 2.0509023666381836 0.0
0.0 0.0 0.0
0.0 0.0 0.0
0.0 0.0 0.0
0.0 0.13121190667152405 0.0
0.0 0.28459933400154114 0.0
0.0 0.0 0.0
0.0 0.0 0.0
0.0 0.0 0.0
0.0 0.0 0.0
0.0 0.0 0.0
0.0 0.0 0.0
0.0 0.0 0.0
0.0 0.0 0.0
0.0 0.0 0.0
0.0 0.0 0.0346335731446743
0.0 0.0 0.37551021575927734
0.0 0.0 0.6173499822616577
0.0 0.0 0.5779602527618408
0.0 0.0 0.3590151369571686
0.05146865174174309 0.0 0.05988513305783272
0.2631811797618866 0.0 0.0
0.5049370527267456 0.0 0.0
0.6427915692329407 0.04265141487121582 0.1031993180513382
0.7008876800537109 0.1687595397233963 0.18110716342926025
0.7415145635604858 0.24946920573711395 0.18604911863803864
0.6590628623962402 0.2849864661693573 0.1137634739279747
0.5680605173110962 0.15900829434394836 0.018434297293424606
0.41316360235214233 0.09270942956209183 0.0
0.26271575689315796 0.01013732235878706 0.0
0.19921350479125977 0.0 0.0
0.1749981790781021 0.0 0.015920009464025497
0.08606750518083572 0.0 0.055748384445905685
0.0 0.0 0.05415501073002815
0.0 0.0 0.010950815863907337
0.0 0.0 0.0
0.0 0.0 0.0
0.0 0.0 0.03627587854862213
0.0 0.0 0.07879297435283661
0.0 0.0 0.07977035641670227
0.0 0.0 0.08012881875038147
0.02504090592265129 0.0 0.06562577933073044
0.02310425415635109 0.0 0.04419558867812157
0.05192258581519127 0.0 0.035761091858148575
0.060816213488578796 0.0 0.01150635164231062
0.0 0.01363059040158987 0.0
0.002837066538631916 0.04763702675700188 0.0
0.09516273438930511 0.0 0.0002667456865310669
0.13884283602237701 0.0 0.0
0.124283067882061 0.0 0.0
0.08511462807655334 0.0 0.0
0.05312340706586838 0.0 0.0
0.069028340280056 0.0 0.0
0.10174393653869629 0.0 0.0
0.12163269519805908 0.0 0.0
0.09196507930755615 0.0 0.0
0.00046259211376309395 0.0 0.0
0.0 0.0 0.0
0.0 0.0 0.0
0.005892777815461159 0.0 0.0
0.06118772551417351 0.0 0.0
0.004500210750848055 0.0 0.0
0.0 0.0038288263604044914 0.05329987034201622
0.0 0.022767364978790283 0.09732858091592789
0.0 0.0 0.1006908193230629
0.026383938267827034 0.0 0.14145421981811523
0.0 0.0 0.23210929334163666
0.0 0.0 0.3483235239982605
0.049732670187950134 0.0 0.5678540468215942
0.23856863379478455 0.0 0.8760973811149597
0.3460138440132141 0.0 1.1131442785263062
0.38815224170684814 0.0 1.2869642972946167
0.40346360206604004 0.036195553839206696 1.381699800491333
0.42179787158966064 0.15736059844493866 1.3812073469161987
0.4617011249065399 0.13086697459220886 1.3366501331329346
0.5676685571670532 0.010705686174333096 1.2881766557693481
0.6534907817840576 0.0 1.313910961151123
0.6630536913871765 0.0 1.2953559160232544
0.5620527863502502 0.0 1.3365318775177002
0.5904048085212708 0.0 1.3740366697311401
0.6177248358726501 0.0 1.4574646949768066
0.4811965227127075 0.040224429219961166 1.3995816707611084
0.3284671902656555 0.21804235875606537 1.1240752935409546
0.2725850045681 0.14905929565429688 0.8380531668663025
0.2404952347278595 0.0 0.5038158297538757
0.1573966145515442 0.0 0.06919671595096588
0.07856038957834244 0.10814595222473145 0.0
0.0 0.23493638634681702 0.0
0.0 0.28932294249534607 0.0
0.0 0.2919725179672241 0.0
0.0 0.24225609004497528 0.0
0.0 0.1866663247346878 0.0
0.0 0.11382461339235306 0.0
0.0 0.08805453032255173 0.0
0.0 0.08973019570112228 0.0
0.0 0.03833518549799919 0.0
0.0 0.0 0.0
0.0 0.0 0.0
0.0 0.0 0.0
0.0 0.0 0.0
0.0 0.0 0.0
0.0 0.0 0.0
0.0 0.0 0.0
0.07944269478321075 0.0 0.36930087208747864
0.10895238071680069 0.06676655262708664 0.7549598813056946
0.114213727414608 0.15838542580604553 0.9849973320960999
0.3970568776130676 0.0008607790805399418 1.1678574085235596
0.7710459232330322 0.0 1.3089021444320679
0.8810070753097534 0.0 1.4158927202224731
0.8051689863204956 0.0553559809923172 1.447736144065857
0.8132548928260803 0.0456109419465065 1.4905179738998413
0.922581672668457 0.0 1.5318326950073242
1.0487217903137207 0.0 1.5782121419906616
1.0983062982559204 0.0 1.5262775421142578
0.869017481803894 0.0 1.330184817314148
0.5964243412017822 0.049664270132780075 1.090951681137085
0.51619553565979 0.08453969657421112 0.9054447412490845
0.5434937477111816 0.0 0.8218899369239807
0.586951732635498 0.0 0.7300912737846375
0.3759678602218628 0.0 0.40799739956855774
0.03454472869634628 0.19023069739341736 0.0
0.0 0.20472362637519836 0.0
0.0 0.044663652777671814 0.0
0.0 0.0 0.0
0.0 0.036514900624752045 0.0
0.0 0.14114384353160858 0.0
0.0 0.17008601129055023 0.0
0.0 0.13765163719654083 0.0
0.0 0.02240627259016037 0.0
0.0 0.009517371654510498 0.0
0.0 0.1411702036857605 0.0
0.0 0.16862446069717407 0.0
0.0 0.06242239847779274 0.0
0.0 0.0 0.0
0.0 0.0 0.0
0.0 0.0 0.0
0.0 0.0 0.0
0.0 0.0 0.0
0.0 0.0 0.0
0.0 0.0 0.1418062150478363
0.0 0.1613234132528305 0.5826632380485535
0.0 0.27637436985969543 0.831429123878479
0.0 0.31400376558303833 0.9605572819709778
0.2323172390460968 0.20586131513118744 1.0269304513931274
0.5504177212715149 0.047219209372997284 1.2058658599853516
0.790624737739563 0.0 1.4963816404342651
0.8543488383293152 0.0 1.742885947227478
0.7811481356620789 0.13692991435527802 1.8259479999542236
0.7066472768783569 0.22534313797950745 1.8190805912017822
0.7579533457756042 0.1342848688364029 1.6932365894317627
0.8938429951667786 0.0 1.6233166456222534
1.065073013305664 0.0 1.6532601118087769
1.0924851894378662 0.0 1.5917893648147583
0.8968334197998047 0.0 1.4484308958053589
0.7520685195922852 0.1112261563539505 1.325602412223816
0.7576286792755127 0.06454546749591827 1.2966620922088623
0.8234745264053345 0.0 1.2977294921875
0.7897195219993591 0.0 1.1356720924377441
0.5889618992805481 0.0 0.7385923862457275
0.3831024765968323 0.0 0.33759862184524536
0.16974413394927979 0.05771712586283684 0.025881480425596237
0.01184291485697031 0.0 0.0
0.0 0.0 0.0
0.0 0.010025769472122192 0.0
0.0 0.12183192372322083 0.0
0.0 0.17540007829666138 0.0
0.0 0.11711201071739197 0.0
0.0 0.06135394051671028 0.0
0.0 0.05528273060917854 0.0
0.0 0.04363353177905083 0.0
0.0 0.04943336173892021 0.0
0.0 0.02530166134238243 0.0
0.0 0.0 0.0
0.0 0.0 0.0
0.0 0.0 0.0
0.0 0.0 0.0
0.0 0.0 0.0
0.0 0.0 0.0
0.0 0.0 0.0
0.0 0.0 0.0
0.0 0.0 0.28351449966430664
0.19155389070510864 0.015778779983520508 0.7054117321968079
0.3448158800601959 0.11973126977682114 0.9711536169052124
0.40827980637550354 0.22525957226753235 1.1473333835601807
0.5401163697242737 0.19998590648174286 1.2970643043518066
0.7590308785438538 0.02137434482574463 1.4663976430892944
0.9375252723693848 0.0 1.6279666423797607
0.9584989547729492 0.0 1.7779382467269897
0.9183893799781799 0.061056509613990784 1.856985092163086
0.9133594632148743 0.10474354028701782 1.833573579788208
0.9118161797523499 0.011459664441645145 1.7616785764694214
0.9489662051200867 0.0 1.6460007429122925
0.9540616273880005 0.0 1.5397416353225708
0.9433354735374451 0.0 1.4337244033813477
0.8832029104232788 0.0 1.2927974462509155
0.6817312836647034 0.08986791968345642 1.1036884784698486
0.4726031422615051 0.22110477089881897 0.8050330877304077
0.3482891619205475 0.16216395795345306 0.4286213517189026
0.1952705979347229 0.0 0.022675730288028717
0.0 0.0 0.0
0.0 0.0 0.0
0.0 0.0 0.0
0.0 0.056616220623254776 0.0
0.0 0.08374185115098953 0.0
0.0 0.012716942466795444 0.0
0.0 0.0 0.0
0.0 0.0 0.0
0.0 0.0 0.0
0.0 0.0 0.0
0.0 0.07197120785713196 0.0
0.0 0.05447743833065033 0.0
0.0 0.037117090076208115 0.0
0.0 0.02096501737833023 0.0
0.0 0.0 0.0
0.0 0.0 0.0
0.0 0.0 0.0
0.003621004056185484 0.0 0.0
0.09635094553232193 0.0 0.09542183578014374
0.06009892374277115 0.04913753271102905 0.10167653858661652
0.06055006384849548 0.05886552482843399 0.05897993966937065
0.0844213142991066 0.009023137390613556 0.013119244016706944
0.14952388405799866 0.0 0.006142826750874519
0.150413379073143 0.0 0.02433008700609207
0.15983350574970245 0.0 0.042588718235492706
0.09068772196769714 0.03558976203203201 0.02930181287229061
0.0 0.0679122805595398 0.0
0.0 0.057510241866111755 0.0
0.0011008498258888721 0.0 0.0
0.018251074478030205 0.0 0.0
0.0 0.0 0.0
0.0 0.0 0.0
0.0 0.0 0.008971242234110832
0.0 0.0167327169328928 0.003733603283762932
0.0 0.03799299895763397 0.011152371764183044
0.0 0.05295010656118393 0.005593555048108101
0.0 0.045536935329437256 0.00961839035153389
0.0 0.03051590733230114 0.015496784821152687
0.04261393845081329 0.0 0.02761576510965824
0.0 0.0072366828098893166 0.0
0.0 0.0011311201378703117 0.0
0.0 0.0 0.0
0.0 0.0 0.0
0.0 0.0 0.0
0.0 0.0 0.0
0.0 0.0 0.0
0.0 0.0 0.0
0.0 0.0 0.0
0.2185511589050293 0.0 0.0
0.9695950150489807 0.0 0.0
1.7934468984603882 0.0 0.0
2.3403637409210205 0.0 0.27076131105422974
3.2101476192474365 0.0 0.9337725639343262
4.320924282073975 0.0 1.3948644399642944
5.274687767028809 0.0 1.7134627103805542
6.183221817016602 0.0 2.325289487838745
6.818251609802246 0.0 3.1018404960632324
6.739466190338135 0.0 3.4092319011688232
6.807024955749512 0.0 2.507858991622925
8.004535675048828 0.0 1.0392589569091797
8.69021987915039 0.0 0.38228464126586914
6.4773268699646 2.226519823074341 0.4367193877696991
3.820673942565918 3.9643073081970215 0.0
2.9538626670837402 4.273348808288574 0.0
2.5547688007354736 3.5292553901672363 0.0
2.5721094608306885 2.655855894088745 0.0
2.5962679386138916 2.562784433364868 0.0
1.986414909362793 3.106840133666992 0.0
1.2989941835403442 3.586080312728882 0.0
0.36092108488082886 4.29738712310791 0.0
0.0 4.475899696350098 0.0
0.0 4.304655075073242 0.0
0.0 2.8869285583496094 0.0
0.0 0.7070466876029968 0.0
0.0 0.0 0.0
0.0 0.0 0.0
0.0 0.0 0.0
0.0 0.0 0.0
0.0 0.0 0.0
0.0 0.0 0.0
0.0 0.0 0.0
0.0 0.0 0.0
0.0 0.0 0.0
0.0 0.0 0.0
0.0 0.0 0.0
0.0 0.0 0.0
0.0 0.0 0.0
0.22878536581993103 0.0 0.4654717743396759
0.0 0.43742942810058594 0.789770245552063
0.0 0.6545490026473999 0.7147737741470337
0.0 0.05106733739376068 0.439426064491272
0.2617292106151581 0.0 0.23438557982444763
0.7443427443504333 0.0 0.21249225735664368
0.7387160062789917 0.0 0.28277868032455444
0.4698813259601593 0.09859730303287506 0.32066985964775085
0.26122185587882996 0.1905762404203415 0.28362929821014404
0.28075483441352844 0.15240488946437836 0.24630960822105408
0.33661168813705444 0.05467352271080017 0.1963399201631546
0.3977070152759552 0.0 0.1473047286272049
0.3079315721988678 0.0 0.045781299471855164
0.13686423003673553 0.0 0.0
0.0 0.07442991435527802 0.0
0.0 0.10532578080892563 0.01585056446492672
0.0 0.0 0.04586785286664963
0.0 0.0 0.04969321936368942
0.0 0.0 0.02722439356148243
0.0 0.0 0.0
0.0 0.0 0.0
0.0 0.0 0.0
0.0 0.0 0.0
0.0 0.0 0.0
0.0 0.0 0.0
0.0 0.0 0.0
0.01601877622306347 0.0 0.0024130530655384064
0.008428500965237617 0.0 0.019547298550605774
0.011582748964428902 0.0 0.029303791001439095
0.009176315739750862 0.0 0.052713505923748016
0.012261055409908295 0.0 0.06559494882822037
0.019652392715215683 0.0 0.07095855474472046
0.02830846607685089 0.0 0.06147503852844238
0.05201912298798561 0.0 0.038195282220840454
0.0 0.0 0.005704720504581928
0.0 0.0 0.03232674300670624
0.004763991106301546 0.0 0.07201263308525085
0.010149435140192509 0.0 0.06671454012393951
0.0 0.0 0.030371032655239105
0.0042643435299396515 0.0 0.016451489180326462
0.025641804561018944 0.0 0.009097169153392315
0.0 0.0 0.008910481818020344
0.0 0.0 0.016281578689813614
0.0 0.0 0.03244856372475624
0.013661839067935944 0.0 0.03356922045350075
0.0 0.0 0.0312834307551384
0.0 0.021964672952890396 0.04288868606090546
0.0 0.0 0.04584319889545441
0.0 0.0 0.037348512560129166
0.0 0.0 0.023461461067199707
0.0 0.0 0.017680536955595016
0.0 0.0 0.030173160135746002
0.0 0.0 0.09315319359302521
0.02982722781598568 0.0 0.16376717388629913
0.06316787004470825 0.0 0.19293038547039032
0.0 0.0 0.1838255673646927
0.0 0.0 0.21227797865867615
0.0 0.0 0.24261459708213806
0.01713753119111061 0.0 0.21957477927207947
0.24808073043823242 0.0 0.1737031638622284
0.394630491733551 0.0 0.11696770787239075
0.706876814365387 0.0 0.03303525969386101
1.2478066682815552 0.0 0.0
1.904876708984375 0.0 0.0
2.3233211040496826 0.0 0.0
2.3384416103363037 0.0 0.0
2.272629976272583 0.27917808294296265 0.0
2.4314217567443848 0.638317883014679 0.0
2.4661641120910645 1.0698621273040771 0.0
2.159214973449707 1.111270546913147 0.0
1.6418519020080566 0.990459144115448 0.023318447172641754
0.9450939297676086 0.9196251630783081 0.0
0.24266865849494934 0.6992536783218384 0.0
0.0 0.49301502108573914 0.0
0.0 0.31371262669563293 0.0
0.0 0.11608504503965378 0.043437033891677856
0.0 0.017567262053489685 0.1000470519065857
0.0 0.0 0.08476769924163818
0.0 0.0 0.013737461529672146
0.0 0.0343470424413681 0.0
0.0 0.11838176101446152 0.124196857213974
0.0 0.2012723833322525 0.3185567557811737
0.0 0.18659383058547974 0.4799557626247406
0.0 0.09763786196708679 0.4779285788536072
0.0 0.0 0.31232547760009766
0.0 0.0 0.09144105017185211
0.0 0.0 0.0
0.0 0.0 0.0
0.0 0.0 0.0
0.0 0.0 0.0022230586037039757
0.3246522843837738 0.0 0.0
0.7157073616981506 0.0 0.0
1.140965461730957 0.0 0.0
1.75559663772583 0.0 0.0
2.514650344848633 0.0 0.0
3.0563571453094482 0.0 0.0
3.0547192096710205 0.0 0.0
2.509484052658081 0.3274157643318176 0.0
2.2021121978759766 0.7990018725395203 0.0
2.045637369155884 0.9073312878608704 0.0
1.6213709115982056 0.8062244057655334 0.11973530799150467
1.1257960796356201 0.6391738653182983 0.13133656978607178
0.6590419411659241 0.4469602704048157 0.03417593240737915
0.12692855298519135 0.2749682664871216 0.0
0.0 0.19963516294956207 0.0
0.0 0.10797048360109329 0.0
0.0 0.0 0.0
0.0 0.0 0.0
0.0 0.0 0.0
0.0 0.0 0.0
0.0 0.0 0.0
0.0 0.0 0.0
0.0 0.0 0.015197180211544037
0.0 0.0 0.18537557125091553
0.0 0.0 0.3111742436885834
0.0 0.0 0.40541499853134155
0.0 0.0 0.44785913825035095
0.0 0.0 0.36748945713043213
0.0 0.0 0.23247970640659332
0.0 0.0 0.1266470104455948
0.19090275466442108 0.0 0.0006171725690364838
0.49206843972206116 0.0 0.0
0.8768733739852905 0.0 0.0
1.4738142490386963 0.0 0.0
2.0542562007904053 0.0 0.0
2.093261480331421 0.0 0.0
1.8392819166183472 0.0 0.0
1.6627501249313354 0.3754439949989319 0.0
1.7562613487243652 0.827480137348175 0.0
1.8541866540908813 0.8856326341629028 0.0
1.6919159889221191 0.568507194519043 0.0
1.2916334867477417 0.30217379331588745 0.040025562047958374
0.857561469078064 0.15823285281658173 0.09398040920495987
0.5493154525756836 0.15252970159053802 0.07485811412334442
0.272594690322876 0.31379660964012146 0.02454247884452343
0.008829343132674694 0.3875712454319 0.05099139362573624
0.0 0.3124735653400421 0.10437712073326111
0.0 0.1312936544418335 0.09336761385202408
0.0 0.0011082766577601433 0.07534456998109818
0.0 0.0 0.0
0.0 0.06039583683013916 0.0
0.0 0.015140206553041935 0.0
0.0 0.0 0.0
0.0 0.0 0.0
0.0 0.0 0.06825177371501923
0.0 0.0 0.19875332713127136
0.0 0.0 0.21788308024406433
0.0 0.0 0.2227737009525299
0.0 0.0 0.11216063797473907
0.0 0.0 0.0
0.0 0.0 0.0
0.25178107619285583 0.0 0.0
0.39892712235450745 0.0 0.030937690287828445
0.49608829617500305 0.07259524613618851 0.15419037640094757
0.7900304198265076 0.10937482863664627 0.11558147519826889
1.435282588005066 0.024797625839710236 0.0
2.318397283554077 0.0 0.0
2.780949831008911 0.0 0.0
2.5658042430877686 0.0 0.0
2.185760021209717 0.0 0.0
1.8974590301513672 0.48584672808647156 0.0
1.648059606552124 0.9546499252319336 0.0
1.4798450469970703 0.9065300226211548 0.09407484531402588
1.2108612060546875 0.6750140190124512 0.1675562560558319
0.8775349855422974 0.5012808442115784 0.17541497945785522
0.47535237669944763 0.3310592770576477 0.13345474004745483
0.08263545483350754 0.2631652057170868 0.016070328652858734
0.0 0.19926103949546814 0.0
0.0 0.016840901225805283 0.0
0.0 0.0 0.0
0.0 0.0 0.0
0.0 0.0 0.0
0.0 0.0 0.0
0.0 0.005412211641669273 0.0
0.0 0.010978749953210354 0.0
0.0 0.010228005237877369 0.0
0.0 0.0 0.026255853474140167
0.0 0.0 0.11937114596366882
0.0 0.0 0.22750906646251678
0.0 0.0 0.310663104057312
0.0 0.0 0.3251994252204895
0.0 0.0 0.3153473138809204
0.0 0.0 0.324873149394989
0.0 0.016509603708982468 0.26156342029571533
0.0 0.04855568706989288 0.18019402027130127
0.0 0.0 0.11008550971746445
0.0 0.0 0.0750976949930191
0.0 0.0 0.04617603123188019
0.0 0.0 0.014513205736875534
0.0 0.017430702224373817 0.02340177446603775
0.0 0.07011362165212631 0.07311366498470306
0.0 0.0 0.06971201300621033
0.21666282415390015 0.0 0.005574306473135948
0.4972497522830963 0.0 0.0
0.7851390242576599 0.0 0.0
1.0622652769088745 0.0 0.0
1.1771489381790161 0.05591524392366409 0.0
0.9701895713806152 0.08000539988279343 0.0
0.6666041016578674 0.25680306553840637 0.0
0.5292196273803711 0.4038103520870209 0.0
0.5775547027587891 0.42401787638664246 0.0
0.6720412373542786 0.25895464420318604 0.0
0.5666612982749939 0.052735693752765656 0.033046409487724304
0.3303968608379364 0.007359959185123444 0.0657937079668045
0.15217970311641693 0.08315432071685791 0.07601065933704376
0.009389259852468967 0.1398298591375351 0.06301656365394592
0.0 0.12739235162734985 0.0383136086165905
0.0 0.022182580083608627 0.04615422338247299
0.0 0.0 0.02784658968448639
0.0 0.0 0.0
0.052543386816978455 0.0 0.0
0.0 0.0 0.031205367296934128
0.0 0.0 0.028235144913196564
0.0 0.011767489835619926 0.0073024313896894455
0.0 0.0 0.0
0.0 0.0 0.00014358852058649063
0.04494671896100044 0.0 0.006241427734494209
0.0 0.009272108785808086 0.015430398285388947
0.0 0.013700945302844048 0.0
0.0 0.0 0.0
0.047303084284067154 0.0 0.0
0.09295365959405899 0.0 0.002323385328054428
0.09816866368055344 0.0 0.011941924691200256
0.01845758967101574 0.0 0.0
0.0 0.02979362942278385 0.0
0.0 0.0 0.0
0.034687161445617676 0.0 0.0
0.039255011826753616 0.0 0.0
0.0 0.0 0.0
0.0 0.0258012842386961 0.0
0.0 0.0 0.0
0.0 0.0 0.0
0.0 0.0 0.0
0.0 0.0 0.0
0.0 0.0 0.0
0.0 0.063038669526577 0.0
0.0 0.21760880947113037 0.0
0.0 0.12926135957241058 0.0
0.0 0.0 0.0
0.0 0.0 0.0
0.0 0.0 0.0
0.0 0.0 0.0
0.3880038857460022 0.0 0.9232490062713623
1.285578966140747 0.0 1.876833438873291
2.2503609657287598 0.0 2.791616916656494
4.0677056312561035 0.0 3.5980420112609863
6.413360118865967 0.0 3.876826763153076
7.972768306732178 0.0 4.160262107849121
7.928144931793213 0.0 5.038119792938232
7.1112542152404785 0.0 5.675685405731201
6.887656211853027 0.0 4.93301248550415
7.286585330963135 0.0 2.8469810485839844
7.718204498291016 0.0 0.6525741219520569
7.837718963623047 0.0 0.0
7.683133602142334 0.0 0.0
4.3018999099731445 1.4555771350860596 0.0
1.2100964784622192 3.272949457168579 0.0
0.5112850666046143 3.215015172958374 0.0
0.5830513834953308 2.976682186126709 0.0
0.7159109115600586 2.6922433376312256 0.0
0.5836942791938782 3.0553836822509766 0.0
0.22877003252506256 3.3688700199127197 0.0
0.0 3.6666247844696045 0.0
0.0 3.697618246078491 0.0
0.0 3.5906615257263184 0.0
0.0 2.3689184188842773 0.0
0.0 1.2344905138015747 0.0
0.0 0.2784964144229889 0.0
0.0 0.1212783008813858 0.0
0.0 0.0 0.0
0.0 0.0 0.0
0.0 0.0 0.0
0.0 0.0 0.0
0.0 0.0 0.0
0.0 0.0 0.0
0.0 0.0 0.0
0.0 0.0 0.0
0.0 0.0 0.0
0.0 0.0 0.0
0.0 0.0 0.0
0.0 0.0 0.0
0.0 0.0 0.4876338839530945
0.0 0.0 1.1618010997772217
0.0 0.0 1.482460856437683
0.0 0.0 1.237630009651184
0.0 0.0 0.5997292399406433
0.0 0.0 0.0
0.0 0.041802916675806046 0.0
0.0 0.086292564868927 0.0
0.007915567606687546 0.08588802814483643 0.0
0.03026082180440426 0.1591356098651886 0.007735514082014561
0.023908914998173714 0.14787150919437408 0.0
0.08686976879835129 0.19874826073646545 0.0
0.14152157306671143 0.38108906149864197 0.014907940290868282
0.21401308476924896 0.0 0.0
0.10228334367275238 0.012945645488798618 0.0
0.20187999308109283 0.21901145577430725 0.0
0.21323063969612122 0.367603063583374 0.0
0.20058035850524902 0.38535621762275696 0.0
0.16796596348285675 0.12381330132484436 0.0
0.1266603320837021 0.0 0.0
0.0 0.015264992602169514 0.0
0.0 0.2599514424800873 0.0
0.0 0.2863079309463501 0.0
0.0 0.15392912924289703 0.009268696419894695
0.03423638641834259 0.0 0.011510810814797878
0.022826872766017914 0.0 0.0
0.0 0.07680531591176987 0.0
0.0 0.1917199194431305 0.0
0.0 0.10300443321466446 0.0
0.07154513895511627 0.0 0.00851981621235609
0.05462022125720978 0.0 0.0
0.0 0.0 0.0
0.0 0.0 0.0
0.05192403495311737 0.0 0.0
0.07448633760213852 0.0 0.035284318029880524
0.0 0.0 0.08039506524801254
0.0 0.0 0.03627767786383629
0.0 0.0455898754298687 0.0
0.042629871517419815 0.08496444672346115 0.0
0.06591122597455978 0.11459743976593018 0.0
0.025116926059126854 0.025335203856229782 0.0
0.0 0.07554537802934647 0.0
0.0 0.15007367730140686 0.0
0.013257868587970734 0.14683766663074493 0.0
0.0 0.09574306011199951 0.0
0.0 0.0594276562333107 0.00942156184464693
0.0 0.275252103805542 0.02580639347434044
0.0 0.24879786372184753 0.03558152914047241
0.0 0.002313242293894291 0.02767673134803772
0.13592787086963654 0.0 0.0
0.4980216324329376 0.0 0.0
0.5450844764709473 0.0 0.0
0.1578877568244934 0.0 0.15524987876415253
