0.0 0.15120065212249756 0.0
0.0 0.08430524170398712 0.0
0.0 0.0 0.0
0.0 0.005462356377393007 0.04494708031415939
0.0 0.05226874351501465 0.09003040194511414
0.0 0.03854893520474434 0.06746810674667358
0.0 0.018267368897795677 0.038462281227111816
0.0 0.014987152069807053 0.03366486728191376
0.0 0.02646644227206707 0.10186495631933212
0.0 0.02213614247739315 0.13997586071491241
0.0 0.007302867714315653 0.1040349006652832
0.0 0.0 0.065372996032238
0.061826445162296295 0.0 0.03625345975160599
0.05585696920752525 0.0 0.0
0.0 0.002248987089842558 0.0
0.0 0.0 0.0
0.0 0.0 0.0
0.006788227707147598 0.0 0.0
0.0046363938599824905 0.0 0.0
0.0 0.005436790641397238 0.0031461045145988464
0.0 0.0 0.006213000975549221
0.0 0.0 0.028534816578030586
0.0 0.0 0.09236546605825424
0.0 0.0 0.09593863040208817
0.0019199694506824017 0.0 0.05389929562807083
0.023791711777448654 0.0010223346762359142 0.003941857255995274
0.02930339053273201 0.0 0.0
0.08803461492061615 0.0 0.0
0.12989844381809235 0.0 0.0
0.06970115005970001 0.0 0.0
0.002460058545693755 0.001068939920514822 0.0026606107130646706
0.0 0.009626742452383041 0.0
0.0 0.00012378394603729248 0.0
0.0 0.006477820221334696 0.0
0.022880377247929573 0.0 0.0
0.03572986647486687 0.003197071608155966 0.0
0.01119442842900753 0.023437628522515297 0.0
0.013203250244259834 0.005324138794094324 0.0
0.037504859268665314 0.0 0.017928779125213623
0.06208530440926552 0.006213368382304907 0.017160989344120026
0.04614681750535965 0.0009576198644936085 0.009506532922387123
0.012022670358419418 0.016972806304693222 0.009217578917741776
0.0 0.0021187583915889263 0.009019972756505013
0.0024097247514873743 0.0 0.005827109329402447
0.0 0.0021910052746534348 0.007784870453178883
0.0 0.0 0.00021004211157560349
0.0 0.0 0.005791760981082916
0.010805552825331688 0.0 0.018727265298366547
0.032273560762405396 0.0052720168605446815 0.009385430254042149
0.008868634700775146 0.00959539134055376 0.0027557574212551117
0.009802605956792831 0.0 0.013396416790783405
0.015055425465106964 0.0 0.02091319113969803
0.005550070200115442 0.004246166907250881 0.013388427905738354
0.0 0.01708713173866272 0.0
0.0 0.0 0.0
0.0 0.0 0.0036343345418572426
0.010905154049396515 0.0 0.008024555630981922
0.0 0.0 0.0
0.0 0.011870264075696468 0.0
0.0 0.007524784654378891 0.0
0.012882551178336143 0.0 0.01971636340022087
0.0170687735080719 0.0 0.02940734103322029
0.0 0.0 0.0366937480866909
0.01605411060154438 0.0 0.028418511152267456
0.03104051761329174 0.0 0.02320936694741249
0.0 0.0 0.0984916016459465
0.0 0.002776634879410267 0.15168558061122894
0.0 0.034629639238119125 0.14151230454444885
0.0070733982138335705 0.01889408379793167 0.07541345059871674
0.0 0.0 0.0333874337375164
0.0 0.002169433981180191 0.006844508461654186
0.0 0.0 0.0036865323781967163
0.023982340469956398 0.0 0.0
0.019804906100034714 0.004358286038041115 0.0
0.03265811875462532 0.0 0.0
0.01773270033299923 0.0 0.0
0.0 0.0 0.0
0.002487967489287257 0.0 0.0
0.0 0.0 0.0
0.0 0.004281586967408657 0.010066666640341282
0.0 0.0 0.012179353274405003
0.015010416507720947 0.0 0.02627493068575859
0.027806106954813004 0.0 0.025289561599493027
0.019434459507465363 0.0 0.009184894151985645
0.014292428269982338 0.0 0.0
0.006760477088391781 0.0 0.0
0.006819865200668573 0.001130534801632166 0.0
0.0 0.002216305583715439 0.0
0.0 0.0 0.0
0.004836875479668379 0.0001275883987545967 0.0
0.0 0.0012620948255062103 0.0
0.0 0.012914755381643772 0.0
0.0 0.0 0.0
0.03765474259853363 0.0 0.0
0.019600611180067062 0.01598997600376606 0.0
0.0 0.01388554461300373 0.007909941487014294
0.0025784841272979975 0.0 0.0
0.01227159146219492 0.0 0.0
0.0 0.007543227169662714 0.0003692004829645157
0.0 0.021329347044229507 0.015262396074831486
0.0 0.02556084282696247 0.016429658979177475
0.0 0.03726783022284508 0.015356938354671001
0.0 0.09584246575832367 0.006650266237556934
0.0 0.12678971886634827 0.0
0.0 0.08636347204446793 0.0
0.0 0.04156191274523735 0.0
0.018547065556049347 0.04681100323796272 0.0008381828665733337
0.0 0.043691907078027725 0.0004762597382068634
0.0 0.02886662445962429 0.004327722825109959
0.0 0.0 0.009604777209460735
0.0 0.0 0.01517211552709341
0.01284017600119114 0.0 0.024001292884349823
0.0 0.04996977746486664 0.031400084495544434
0.0 0.06798846274614334 0.06003385782241821
0.0 0.05727322772145271 0.0656597912311554
0.0 0.16149283945560455 0.0595473051071167
0.0 0.3254455626010895 0.01700117439031601
0.0 0.2092992514371872 0.0745512843132019
0.0 0.07532414048910141 0.06163761764764786
0.03500167280435562 0.0 0.04770795255899429
0.016866076737642288 0.0 0.05081453174352646
0.0 0.0 0.03188052028417587
0.0 0.015015523880720139 0.027495358139276505
0.0 0.0 0.005191652104258537
0.0 0.0 0.0
0.0 0.0 0.012195766903460026
0.0 0.04854179173707962 0.12336782366037369
0.0 0.0727536603808403 0.19383108615875244
0.11074730008840561 0.0 0.042960602790117264
0.3281664252281189 0.0 0.0
0.28049957752227783 0.0 0.0
0.11322057992219925 0.0 0.0055016446858644485
0.11945024877786636 0.0 0.12626828253269196
0.3253836929798126 0.0 0.1282757669687271
0.3640139102935791 0.0 0.08763166517019272
0.34031471610069275 0.0 0.00186882633715868
0.1602591872215271 0.0 0.0006951717659831047
0.00039149634540081024 0.07513824850320816 0.11078518629074097
0.0023694259580224752 0.10907837748527527 0.13121297955513
0.03998098149895668 0.06553515791893005 0.09939804673194885
0.06713217496871948 0.0 0.0351780466735363
0.12402422726154327 0.0 0.004803097806870937
0.07127046585083008 0.010346204042434692 0.0578673779964447
0.19894878566265106 0.06414259225130081 0.10418640822172165
0.24494975805282593 0.02371366135776043 0.08742159605026245
0.141722172498703 0.0 0.04551302269101143
0.030089642852544785 0.0 0.008172840811312199
0.0 0.0 0.0
0.08495448529720306 0.0 0.0
0.09958349913358688 0.0 0.00041318871080875397
0.07717379182577133 0.0 0.0001894831657409668
0.09233037382364273 0.0 0.0
0.05306127294898033 0.0 0.0
0.0 0.0 0.0
0.0 0.0 0.0
0.0 0.0 0.0
0.0 0.0 0.004392750561237335
0.0 0.0 0.0
0.0 0.007793817203491926 0.0
0.0 0.0 0.0
0.0 0.0 0.0
0.0 0.0 0.0
0.0 0.039643626660108566 0.0
0.0 0.0011998298577964306 0.005401556380093098
0.0 0.0 0.0
0.0 0.01402348279953003 0.0
0.0 0.00559191545471549 0.0
0.01573200896382332 0.0 0.0
0.03787592798471451 0.003249931614845991 0.0
0.0547499805688858 0.0 0.0010270476341247559
0.06544097512960434 0.0 0.0
0.05286473035812378 0.0 0.0
0.05419205129146576 0.012894036248326302 0.0
0.0 0.011929439380764961 0.0
0.0 0.0 0.0
0.0 0.0 0.0
0.0 0.003301596734672785 0.0013381047174334526
0.0 0.0 0.004533631727099419
0.0 0.0 0.0
0.0 0.0 0.009694305248558521
0.0 0.007514184806495905 0.03719117492437363
0.0 0.0 0.03004831075668335
0.0010950085707008839 0.020140765234827995 0.033694978803396225
0.0 0.011731300503015518 0.015369501896202564
0.027189195156097412 0.007515782956033945 0.0
0.03677976876497269 0.0 0.0
0.02832503244280815 0.009663889184594154 0.0
0.0004952647723257542 0.047940172255039215 0.0
0.0 0.029931075870990753 0.0
0.012386012822389603 0.03309677541255951 0.0
0.021657541394233704 0.02233041636645794 0.006131262518465519
0.03782346099615097 0.019168976694345474 0.0
0.01528805959969759 0.037231069058179855 0.005047622136771679
0.007755840662866831 0.0 0.004838031716644764
0.0035297046415507793 0.0 0.0
0.0 0.01929057575762272 0.006606920622289181
0.0 0.0 0.00557947251945734
0.0 0.010743159800767899 0.0
0.00039969151839613914 0.025630764663219452 0.0
0.002456983318552375 0.010722653940320015 0.002700595185160637
0.0077646635472774506 0.013889418914914131 0.005968826822936535
0.00560776935890317 0.0 0.0048066237941384315
0.009042713791131973 0.0 0.0
0.0 0.00020822742953896523 0.0
0.0 0.0012436644174158573 0.0
0.0 0.0 0.0
0.0037621986120939255 0.0 0.0
0.09151388704776764 0.0 0.0
0.1460927128791809 0.0 0.0
0.13081443309783936 0.0 0.0
0.23635657131671906 0.0 0.0
0.2070671170949936 0.0 0.02161196991801262
0.1557091325521469 0.0 0.03390858322381973
0.20006327331066132 0.0 0.0
0.48544174432754517 0.0 0.0
0.5367664098739624 0.035038646310567856 0.043371059000492096
0.4102388918399811 0.045693688094615936 0.10303571820259094
0.45470568537712097 0.1361844390630722 0.047152481973171234
0.1018938273191452 0.3718622028827667 0.039050616323947906
0.0 0.49670904874801636 0.08746927231550217
0.0 0.43055108189582825 0.09371412545442581
0.09951455891132355 0.23789562284946442 0.04286585748195648
0.12368114292621613 0.11020263284444809 0.0608547143638134
0.08757640421390533 0.10502731055021286 0.04231591522693634
0.0911218672990799 0.043518949300050735 0.0
0.056534066796302795 0.0 0.02978947013616562
0.0 0.0 0.02872687205672264
0.0 0.020475149154663086 0.02277470752596855
0.0 0.026908013969659805 0.01728406548500061
0.0 0.00574467284604907 0.0
0.0 0.022774523124098778 0.0
0.0 0.010980181396007538 0.0003647366538643837
0.0 0.0 0.018338412046432495
0.0 0.0 0.019240155816078186
0.0 0.0 0.005227136425673962
0.0 0.0 0.0
0.0 0.0 0.0
0.0 0.03149637579917908 0.0
0.014391141012310982 0.0 0.0
0.09051733464002609 0.0 0.03523243963718414
0.05849495157599449 0.0 0.03271069377660751
0.001110222889110446 0.0 0.008635182864964008
0.0 0.0 0.009204034693539143
0.0 0.06841417402029037 0.0
0.0 0.05356031656265259 0.0
0.0 0.0 0.002878597006201744
0.0 0.0 0.0
0.0 0.0 0.0
0.0 0.0 0.0
0.0 0.0 0.0
0.0 0.0 0.0
0.0 0.0 0.0
0.0 0.0 0.0
0.0 0.0 0.0
0.0 0.0 0.0
0.0 0.0 0.0
0.10686863958835602 0.0 0.0
0.15904556214809418 0.0 0.0
0.10014975070953369 0.0 0.0
0.01800614595413208 0.0 0.0
0.0007986633572727442 0.005569891072809696 0.0
0.010130912065505981 0.0 0.0
0.014199689961969852 0.0 0.0
0.014242034405469894 0.0 0.0
0.015255632810294628 0.0 0.0
0.007970290258526802 0.0 0.0
0.001502536702901125 0.010747607797384262 0.0
0.0 0.02777186594903469 0.0056179240345954895
0.0 0.044814229011535645 0.0
0.0 0.0 0.002527591772377491
0.008830225095152855 0.0 0.0
0.0 0.022456463426351547 0.015033264644443989
0.0 0.023574991151690483 0.006373995915055275
0.03803711384534836 0.0 0.0
0.059311509132385254 0.0 0.0
0.0003725574351847172 0.0 0.0
0.0 0.01079847477376461 0.0
0.0 0.00544392317533493 0.0
0.0 0.0 0.013155468739569187
0.0 0.0 0.014216738753020763
0.0 0.007576050236821175 0.0
0.01734408363699913 0.0 0.0016343677416443825
0.02690429985523224 0.002119499258697033 0.011461698450148106
0.0 0.027691436931490898 0.02488802745938301
0.0 0.012735392898321152 0.043020159006118774
0.001000264659523964 0.010563850402832031 0.04114316403865814
0.0 0.0 0.030331794172525406
0.0003190278075635433 0.0 0.0
0.0 0.0 0.0
0.0 0.0033514779061079025 0.0
0.0 0.0 0.0
0.0 0.005524616688489914 0.0
0.0 0.006577896885573864 0.0
0.0 0.004495305009186268 0.0
0.0016931765712797642 0.0 0.0
0.015586355701088905 0.0 0.0
0.003853000234812498 0.007620999123901129 0.0
0.0 0.01612154394388199 0.0
0.0 0.005517900455743074 0.0
0.019913459196686745 0.0 0.0
0.025223001837730408 0.0 0.0
0.0 0.01926007866859436 0.0
0.0 0.0 0.0026309313252568245
0.025915425270795822 0.0 0.0006950795650482178
0.02716577798128128 0.0 0.0
0.008043484762310982 0.006521380040794611 0.0
0.009223264642059803 0.01612340845167637 0.0
0.010287197306752205 0.013995008543133736 0.0
0.0 0.007623929064720869 0.0
0.0 0.0033937632106244564 0.0
0.0 0.0 0.0
0.0 0.0 0.0
0.0 0.0 0.0
0.0 0.0 0.0
0.0 0.0086673554033041 0.0
0.0 0.0 0.008742619305849075
0.0 0.0 0.013079578056931496
0.0 0.0 0.02795306406915188
0.0 0.0 0.013152014464139938
0.028221189975738525 0.0 0.0
0.029296308755874634 0.0 0.0
0.0 0.013919109478592873 0.005667467601597309
0.0 0.023485716432332993 0.0
0.014338131994009018 0.0 0.0
0.01856882870197296 0.0 0.0
0.0 0.009686548262834549 0.0
0.0 0.020384730771183968 0.0
0.0 0.011910287663340569 0.0
0.0 0.010796818882226944 0.0
0.0 0.028801919892430305 0.0015283823013305664
0.012171916663646698 0.014962002635002136 0.0
0.0023967837914824486 0.0 0.005829387344419956
0.0 0.0 0.021730588749051094
0.0 0.005354116205126047 0.021662678569555283
0.0 0.0 0.008969254791736603
0.0 0.0 0.01003798097372055
0.0 0.0 0.0218200720846653
0.0 0.0 0.015300121158361435
0.0 0.0 0.009949298575520515
0.0 0.0 0.007947400212287903
0.0 0.018151404336094856 0.0015896353870630264
0.0 0.010759534314274788 0.0
0.0 0.02882721833884716 0.0
0.0058434465900063515 0.0 0.0
0.010138627141714096 0.0 0.0
0.0 0.008694954216480255 0.0
0.0 0.013994378969073296 0.0
0.004563032649457455 0.0 0.0037561338394880295
0.008868832141160965 0.0 0.0
0.0 0.025682460516691208 0.0
0.0 0.025722406804561615 0.0
0.0 0.0 0.0
0.004740932025015354 0.0022796648554503918 0.0
0.00913328304886818 0.01931723766028881 0.0
0.0089561827480793 0.0 0.0
0.007956964895129204 0.019279422238469124 0.0
0.009039806202054024 0.022470686584711075 0.0
0.031379468739032745 0.0 0.0
0.03880249708890915 0.0 0.0
0.0099860280752182 0.00011078640818595886 0.0
0.008848325349390507 0.0 0.0005595413967967033
0.030158141627907753 0.0 0.003977176733314991
0.003529726294800639 0.02985536679625511 0.004910614341497421
0.0 0.007518102880567312 0.01013626903295517
0.030119258910417557 0.0 0.008260337635874748
0.029022835195064545 0.0021347892470657825 0.012553621083498001
0.005436815787106752 0.002141712699085474 0.023001201450824738
0.0 0.0011094720102846622 0.018650395795702934
0.0 0.0 0.008924264460802078
0.0 0.0 0.006840873509645462
0.0 0.005445098038762808 0.0014772666618227959
0.0 0.004356664139777422 0.0026485249400138855
0.0067585427314043045 0.01179567165672779 0.0
0.0003597657196223736 0.0 0.0
0.0 0.0 0.0
0.0 0.0 0.0
0.0 0.0 0.0
0.0 0.0 0.0
0.0 0.0 0.0
0.018573390319943428 0.0 0.0
0.012015622109174728 0.0 0.004885047674179077
0.0 0.004237087909132242 0.035741232335567474
0.0 0.0010663284920156002 0.04192695394158363
0.0 0.0 0.031155265867710114
0.0010545842815190554 0.0 0.028171461075544357
0.0 0.0 0.0
0.0 0.0 0.0
0.0 0.0 0.0
0.0 0.0 0.0
0.0 0.0 0.009814824908971786
0.0 0.0 0.0
0.0 0.0 0.0
0.02189222164452076 0.0 0.0
0.0 0.012835370376706123 0.016434911638498306
0.0 0.10831152647733688 0.0879739448428154
0.0 0.1114649698138237 0.0892123132944107
0.020190173760056496 0.029663056135177612 0.04567176476120949
0.05067804083228111 0.0 0.0
0.031838309019804 0.0 0.0
0.0 0.0 0.0
0.0 0.0 0.0
0.0 0.0 0.0
0.1388491839170456 0.0 0.0
0.17074240744113922 0.0 0.0
0.0006518927402794361 0.0 0.0
0.0 0.0 0.0
0.0 0.0 0.0
0.0 0.0 0.0
0.0 0.0 1.365626573562622
0.0 0.0 2.8155548572540283
2.4633264541625977 0.0 2.9668121337890625
5.965616226196289 0.0 2.801908016204834
8.476492881774902 0.0 3.207274913787842
9.938302040100098 0.0 2.8387603759765625
10.76964282989502 0.0 3.158841609954834
11.332154273986816 0.0 1.2334338426589966
11.205833435058594 0.0 0.0
10.26988697052002 0.0 0.0
8.71932315826416 1.8341789245605469 0.0
6.688155651092529 6.346035480499268 0.0
3.917102813720703 5.470817565917969 0.0
3.2656352519989014 2.8365280628204346 0.0
2.593783140182495 0.6549996137619019 0.0
1.3042447566986084 0.0 0.0
0.0 0.10384140908718109 0.0
0.0 0.0 0.0
0.0 0.0 0.0
0.0 0.0 0.0
0.0 0.3555071949958801 0.0
0.0 0.7510201930999756 0.0
0.0 1.3056211471557617 0.0
0.0 0.697196900844574 0.0
0.0 0.0 0.0
0.0 0.0 0.0
0.0 0.0 0.0
0.0 0.0 0.0
0.0 0.0 0.0
0.0 0.0 0.0
0.0 0.0 0.0
0.0 0.0 0.0
0.0 0.0 0.0
0.0 0.0 0.0
0.0 0.0 0.0
0.0 0.0 0.36361536383628845
0.0 0.0 0.23560288548469543
0.0 0.0 0.03701414912939072
0.6672931909561157 0.0 0.0
0.83202064037323 0.0 0.03247372806072235
0.5691940784454346 0.04679802805185318 0.005272199399769306
0.31377318501472473 0.2434634119272232 0.0
0.4254072904586792 0.0 0.0
0.3051658272743225 0.0 0.0
0.4874837100505829 0.09639966487884521 0.0
0.33494555950164795 0.18983854353427887 0.0
0.17322246730327606 0.14106833934783936 0.02192041650414467
0.017873350530862808 0.0 0.2567126750946045
0.12127989530563354 0.0 0.16264531016349792
0.2023523896932602 0.0 0.08380402624607086
0.01932637207210064 0.0 0.060169804841279984
0.0 0.0 0.0
0.0 0.0 0.0
0.04485303908586502 0.0 0.0
0.1371888369321823 0.0 0.0
0.18413396179676056 0.0 0.0
0.20663368701934814 0.0 0.019572842866182327
0.0756295919418335 0.0 0.019902009516954422
0.0 0.0 0.0
0.0 0.0 0.018169622868299484
0.0 0.0 0.0
0.0 0.0 0.0
0.02883731946349144 0.0 0.0
0.07755319029092789 0.0 0.0
0.12133236229419708 0.0 0.0
0.07370971888303757 0.0 0.0
0.0 0.015285641886293888 0.0
0.0 0.05468923971056938 0.0
0.0 0.045112244784832 0.0
0.0 0.0 0.07401318103075027
0.0 0.0 0.10366720706224442
0.042411983013153076 0.011470130644738674 0.061857979744672775
0.006558910943567753 0.10839161276817322 0.03403780236840248
0.0 0.12545688450336456 0.024383578449487686
0.010990411043167114 0.08612918853759766 0.014780216850340366
0.05265556648373604 0.09562628716230392 0.012022248469293118
0.12753087282180786 0.14016872644424438 0.0022314023226499557
0.19624042510986328 0.2698146104812622 0.0
0.2624090611934662 0.32493752241134644 0.0
0.18940410017967224 0.2717938721179962 0.02464243769645691
0.09392257779836655 0.13791675865650177 0.05316755548119545
0.03932298347353935 0.013642738573253155 0.051151007413864136
0.00883032102137804 0.0 0.0005088699981570244
0.0 0.0 0.0
0.0 0.0 0.01627824455499649
0.02041374146938324 0.0021024616435170174 0.01994355395436287
0.04371435567736626 0.01901952177286148 0.03946343809366226
0.08547405153512955 0.09867946803569794 0.03800216317176819
0.10169270634651184 0.17416596412658691 0.02879401668906212
0.052244458347558975 0.17413213849067688 0.06355439126491547
0.03415706753730774 0.10830998420715332 0.048203933984041214
0.10189616680145264 0.14980176091194153 0.00521412119269371
0.1272372007369995 0.10077457129955292 0.02453801780939102
0.0853976160287857 0.09865149855613708 0.04547951743006706
0.04043414071202278 0.16987906396389008 0.06983252614736557
0.019077185541391373 0.11678896099328995 0.06303720921278
0.0 0.004222199786454439 0.04422330483794212
0.0 0.0 0.021264193579554558
0.0 0.0012226812541484833 0.010768676176667213
0.014373509213328362 0.03627707064151764 0.0
0.005963513627648354 0.05546647682785988 0.0
0.0 0.10014420002698898 0.0
0.0 0.08623424917459488 0.0080967266112566
0.04752293974161148 0.0744878426194191 0.0
0.06766282767057419 0.03508344292640686 0.0
0.09325075149536133 0.04139912873506546 0.0
0.09458073228597641 0.06380670517683029 0.0
0.0 0.14893676340579987 0.012605724856257439
0.0 0.2691052556037903 0.04741643741726875
0.0 0.260529100894928 0.044599611312150955
0.052845802158117294 0.1966656744480133 0.008081015199422836
0.0869680866599083 0.12858489155769348 0.0007229670882225037
0.09523720294237137 0.13909532129764557 0.02861585095524788
0.0 0.2919035255908966 0.15736450254917145
0.0 0.4190303087234497 0.3204040229320526
0.0 0.47810694575309753 0.43714821338653564
0.011096490547060966 0.33499452471733093 0.5636366605758667
0.16424688696861267 0.034860000014305115 0.5706034898757935
0.19483542442321777 0.050605408847332 0.6083511114120483
0.19450519979000092 0.4874698221683502 0.9153022766113281
0.27856680750846863 0.4764725863933563 1.251557469367981
0.3091934025287628 0.2753567695617676 1.5663646459579468
0.3067132234573364 0.04985892400145531 1.879693865776062
0.388975590467453 0.0 1.8315833806991577
0.5428299307823181 0.0 1.4092648029327393
0.5087872743606567 0.04172004014253616 1.1114301681518555
0.33326733112335205 0.12023375183343887 0.9625039100646973
0.22282764315605164 0.1873166412115097 0.7094955444335938
0.21919216215610504 0.06654123961925507 0.31592753529548645
0.2513580918312073 0.061335284262895584 0.0
0.18618148565292358 0.09834710508584976 0.0
0.03495814651250839 0.1065930500626564 0.0
0.0 0.08187784999608994 0.0
0.0 0.005958846304565668 0.0
0.0 0.0 0.0
0.0 0.02551150880753994 0.0
0.0 0.0938178300857544 0.0
0.0 0.08877646923065186 0.0
0.0 0.0019488940015435219 0.0
0.0 0.0 0.0
0.0 0.0 0.0
0.0 0.06963925808668137 0.0
0.0 0.11212706565856934 0.0
0.0 0.1663045436143875 0.0
0.0 0.1072327047586441 0.0
0.0 0.0 0.0
0.0 0.0 0.0
0.0 0.01851828396320343 0.0
0.0 0.0 0.0
0.0 0.0 0.0
0.06336206942796707 0.0 0.0
0.13037200272083282 0.0 0.10510143637657166
0.14489634335041046 0.0 0.15020820498466492
0.1345640867948532 0.0 0.22278067469596863
0.14703060686588287 0.0 0.3639969229698181
0.13371826708316803 0.0 0.5176962018013
0.08852974325418472 0.010191111825406551 0.6659149527549744
0.048695243895053864 0.1850697100162506 0.8306045532226562
0.08388838917016983 0.34040096402168274 1.0654208660125732
0.1641635149717331 0.37421566247940063 1.3611875772476196
0.22595764696598053 0.28932926058769226 1.5677145719528198
0.29865312576293945 0.15110082924365997 1.5348749160766602
0.3216111958026886 0.13106825947761536 1.4784185886383057
0.25597676634788513 0.22808535397052765 1.4406863451004028
0.2683413028717041 0.11459821462631226 1.362454891204834
0.35666823387145996 0.0 1.25155770778656
0.4129094183444977 0.0 0.9657242894172668
0.3805951476097107 0.0 0.5896278619766235
0.24707570672035217 0.012339483015239239 0.2946633994579315
0.09874109923839569 0.0 0.07722347974777222
0.016307208687067032 0.0 0.0
0.0 0.0 0.0
0.0 0.0 0.0
0.0 0.0 0.0
0.0 0.0 0.0
0.0 0.0 0.0
0.0 0.0 0.0
0.0 0.0 0.0
0.0 0.0 0.0
0.0 0.0 0.0
0.0 0.0 0.0
0.0 0.0 0.0
0.0 0.0 0.0
0.0 0.027377288788557053 0.0
0.0 0.04758162423968315 0.0
0.0 0.0 0.0
0.0 0.0 0.0
0.0 0.0 0.0
0.0 0.0 0.0
0.0 0.0 0.0
0.0 0.0 0.0
0.0 0.0 0.26174598932266235
0.07688044011592865 0.0 0.6430608630180359
0.08370852470397949 0.10271438211202621 0.9428603649139404
0.1384066492319107 0.3594505488872528 1.059617042541504
0.266916960477829 0.33665522933006287 1.1174476146697998
0.3874779939651489 0.119922935962677 1.297426462173462
0.47774210572242737 0.010415075346827507 1.5340709686279297
0.48869436979293823 0.010104019194841385 1.611098051071167
0.5256060361862183 0.03509299457073212 1.449163794517517
0.5430271029472351 0.023220352828502655 1.2046549320220947
0.5048243403434753 0.0 1.0672792196273804
0.4551534354686737 0.0 1.0023164749145508
0.4231230616569519 0.0 0.8896181583404541
0.34672045707702637 0.0 0.6465368270874023
0.23985178768634796 0.0 0.35723841190338135
0.1096024364233017 0.0 0.1595117300748825
0.0 0.0 0.009808527305722237
0.0 0.0 0.0
0.0 0.0 0.0
0.0 0.0 0.0
0.0 0.0 0.0
0.0 0.0 0.0
0.0 0.0025486317463219166 0.0
0.0 0.015833543613553047 0.0
0.0 0.0 0.0
0.0 0.0 0.0
0.0 0.0 0.0
0.0 0.0 0.0
0.0 0.0 0.0
0.0 0.0 0.0
0.0 0.0 0.0
0.0 0.0 0.0
0.0 0.0 0.0
0.0 0.0 0.0
0.0 0.0 0.0
0.0 0.0 0.0
0.0 0.0 0.0
0.0 0.0 0.0
0.0 0.0 0.010623985901474953
0.0 0.0 0.2951287031173706
0.11401529610157013 0.07569234818220139 0.47942638397216797
0.1852378100156784 0.14093446731567383 0.6213669776916504
0.2876288890838623 0.17219439148902893 0.7368009090423584
0.3212243914604187 0.2416597455739975 0.9061555862426758
0.33189141750335693 0.3290433883666992 1.1287550926208496
0.3563956022262573 0.3334982693195343 1.3426765203475952
0.48126164078712463 0.2701704502105713 1.437730312347412
0.6000047922134399 0.1882244497537613 1.398054838180542
0.6295408010482788 0.003155518788844347 1.4041599035263062
0.6256563663482666 0.0 1.5422871112823486
0.6518546342849731 0.0 1.5655343532562256
0.6700384616851807 0.0 1.3564077615737915
0.5741143226623535 0.0 0.957648754119873
0.38424932956695557 0.0 0.6549365520477295
0.25038501620292664 0.0 0.4901292622089386
0.15996748208999634 0.0 0.24660128355026245
0.09517385065555573 0.0 0.0
0.004798412322998047 0.0 0.0
0.0 0.0 0.0
0.0 0.06805169582366943 0.0
0.0 0.13558173179626465 0.0
0.0 0.14277946949005127 0.0
0.0 0.09914783388376236 0.0
0.0 0.04902420565485954 0.0
0.0 0.014577550813555717 0.0
0.0 0.0 0.0
0.0 0.0 0.0
0.0 0.0 0.0
0.0 0.0 0.0
0.0 0.0 0.0
0.0 0.0 0.0
0.0 0.0 0.0
0.0 0.0 0.0
0.0 0.0 0.0
0.0 0.0 0.0
0.0 0.0 0.0
0.05264955759048462 0.008781712502241135 0.20831167697906494
0.1629885733127594 0.17967303097248077 0.5069596171379089
0.1883581131696701 0.2673325836658478 0.6485149264335632
0.22481971979141235 0.2573702335357666 0.734312117099762
0.3029946982860565 0.1655433624982834 0.7988942861557007
0.3515070974826813 0.08023086190223694 0.8429032564163208
0.38619399070739746 0.00452624773606658 0.8836003541946411
0.46762144565582275 0.03954761475324631 0.8578193783760071
0.5096951127052307 0.0013794563710689545 0.8079050779342651
0.5292773246765137 0.0 0.7630491852760315
0.5071437954902649 0.0 0.7295764684677124
0.45936647057533264 0.0 0.7056037783622742
0.38268473744392395 0.0 0.6975221037864685
0.32766303420066833 0.02886354736983776 0.6619532108306885
0.27368927001953125 0.04507500305771828 0.6198022961616516
0.25058022141456604 0.0 0.5755988955497742
0.24368982017040253 0.0 0.5156362056732178
0.18835385143756866 0.0 0.49467235803604126
0.12685666978359222 0.0 0.46215754747390747
0.08615095913410187 0.09521114081144333 0.3894716799259186
0.08995635062456131 0.061424143612384796 0.3253012001514435
0.10307668149471283 0.009448830038309097 0.2868044078350067
0.055091049522161484 0.0 0.2732990086078644
0.023422332480549812 0.0 0.2344205528497696
0.0 0.0 0.0814184918999672
0.0 0.0 0.0
0.0 0.0280534066259861 0.0
0.0 0.0 0.0
0.0 0.0 0.0
0.0 0.0 0.0
0.0 0.0 0.0
0.0 0.0 0.0
0.0 0.0 0.0
0.0 0.0 0.0
0.0 0.0 0.0
0.0 0.0 0.0
0.0 0.0 0.0
0.0 0.0 0.0
0.0 0.0 0.0
0.0 0.0 0.0
0.0 0.0 0.0
0.0 0.0 0.0
0.0 0.0 0.0
0.0 0.0 0.0
0.05650119110941887 0.0 0.03844838961958885
0.06964708119630814 0.04311145097017288 0.1167173683643341
0.09469837695360184 0.04816826060414314 0.17253641784191132
0.12147139757871628 0.07644597440958023 0.27224892377853394
0.16169312596321106 0.11304126679897308 0.41485533118247986
0.22102303802967072 0.09749666601419449 0.559620201587677
0.2755056917667389 0.08745414763689041 0.6573486328125
0.30189788341522217 0.07135800272226334 0.6831996440887451
0.2941100001335144 0.08333716541528702 0.6115835309028625
0.250495970249176 0.07217958569526672 0.4914603531360626
0.23405387997627258 0.0 0.41732141375541687
0.21197333931922913 0.0 0.3785042464733124
0.13019725680351257 0.0 0.33813658356666565
0.06798260658979416 0.0 0.26597023010253906
0.039327532052993774 0.0 0.14603769779205322
0.0 0.0 0.03651893138885498
0.0 0.0 0.007088870741426945
0.0 0.0 0.005839581601321697
0.0 0.0 0.0
0.0 0.0 0.0
0.0 0.0 0.0
0.0 0.0 0.0
0.0 0.0 0.0
0.0 0.0 0.0
0.0014243563637137413 0.0 0.0
0.02887200377881527 0.0 0.0
0.01781216263771057 0.0044741034507751465 0.0
0.0 0.06088171526789665 0.0
0.005713154561817646 0.0 0.0
0.039792291820049286 0.0 0.0008613243699073792
0.010287933051586151 0.011906986124813557 0.0
0.0 0.0 0.0
0.027890894562005997 0.0 0.013493230566382408
0.026757454499602318 0.0 0.023165564984083176
0.0 0.01929273083806038 0.0
0.0 0.0 0.0
0.0 0.0 0.0
0.0 0.0 0.0
0.0 0.0 0.0
0.0 0.0 0.0
0.004874791484326124 0.0 0.0
0.008231439627707005 0.005564400926232338 0.0
0.0 0.010938660241663456 0.0
0.0 0.0 0.0
0.0 0.0 0.0
0.0 0.0 0.012969119474291801
0.0 0.0 0.01969493366777897
0.0 0.0 0.01862460933625698
0.0 0.0 0.015708446502685547
0.0 0.0 0.0
0.0 0.0 0.06709973514080048
0.0 0.0 0.5241119861602783
0.0 0.0 1.40680992603302
1.0025122165679932 0.0 2.545978307723999
3.4009108543395996 0.0 3.746614694595337
5.457638263702393 0.0 4.295693874359131
6.756711483001709 0.0 4.577602386474609
8.035377502441406 0.0 4.42287015914917
9.091958999633789 0.0 4.511944770812988
9.836353302001953 0.0 3.1421127319335938
10.186363220214844 0.0 1.2688674926757812
9.944255828857422 0.0 0.0
9.399494171142578 0.0 0.0
7.761723041534424 2.5381362438201904 0.0
5.029242992401123 5.616089820861816 0.0
2.9367802143096924 5.261813163757324 0.0
1.7535468339920044 3.2484354972839355 0.0
1.2020269632339478 0.8592614531517029 0.0
0.09897758811712265 0.0 0.0
0.0 0.0 0.0
0.0 0.0 0.0
0.0 0.0 0.0
0.0 0.0 0.0
0.0 0.0 0.0
0.0 0.0 0.0
0.0 0.0 0.0
0.0 0.0 0.0
0.0 0.0 0.0
0.0 0.0 0.0
0.0 0.0 0.0
0.0 0.0 0.0
0.0 0.0 0.0
0.0 0.0 0.0
0.0 0.0 0.0
0.0 0.0 0.4403908848762512
0.0 0.0 0.7312195301055908
0.0 0.0 0.7179641723632812
0.0 0.0 0.5926259756088257
0.22302746772766113 0.3175560534000397 0.2911425232887268
0.42409640550613403 0.5327396988868713 0.07270711660385132
0.4958062767982483 0.5851320624351501 0.0
0.5585634112358093 0.5279468297958374 0.0
0.6305654048919678 0.41323330998420715 0.0
0.6344664096832275 0.3429620563983917 0.0
0.6239450573921204 0.38621020317077637 0.0
0.5837537050247192 0.4455329179763794 0.0
0.5165839791297913 0.4431712329387665 0.0947069600224495
0.37882187962532043 0.2751332223415375 0.1825246959924698
0.23682263493537903 0.0756312906742096 0.15802495181560516
0.1197788417339325 0.0 0.09863059222698212
0.024458983913064003 0.0 0.011887445114552975
0.0 0.0 0.0
0.0 0.0 0.0
0.0 0.0 0.0
0.0 0.0 0.03709319978952408
0.1195969507098198 0.0 0.08622612059116364
0.23500077426433563 0.0 0.06368938833475113
0.18649369478225708 0.0 0.008773411624133587
0.08423230051994324 0.0 0.0
0.0 0.0 0.0
0.0 0.0 0.0
0.024178287014365196 0.0 0.0
0.1465103179216385 0.0 0.0
0.15150988101959229 0.0 0.00783145148307085
0.027236927300691605 0.01292423065751791 0.0
0.0 0.04398094862699509 0.0
0.0 0.013098667375743389 0.0
0.040310122072696686 0.0 0.0
0.08371298760175705 0.0 0.0
0.11673565208911896 0.0 0.0
0.012930693104863167 0.0 0.015501088462769985
0.0 0.030957292765378952 0.03107871487736702
0.019039185717701912 0.0 0.04659109562635422
0.08168046176433563 0.0 0.07382404804229736
0.032954998314380646 0.0 0.04027194902300835
0.0 0.0011501004919409752 0.03534998744726181
0.0 0.0756634846329689 0.01939898356795311
0.0 0.1066962331533432 0.0
0.0 0.05873510241508484 0.0
0.009556809440255165 0.008481781929731369 0.038021937012672424
0.0434415377676487 0.0 0.05853733420372009
0.04339732974767685 0.0 0.06062524765729904
0.0 0.0011117509566247463 0.03554173558950424
0.0 0.019458001479506493 0.0
0.0 0.003552804235368967 0.0
0.03456602245569229 0.0 0.0
0.03544939309358597 0.0 0.007223811931908131
0.0 0.04479185491800308 0.001682572066783905
0.0 0.01505259983241558 0.012973575852811337
0.0 0.0 0.0
0.0007233703508973122 0.0 0.0
0.0 0.011924983933568 0.0
0.0 0.054262056946754456 0.035746797919273376
0.01133100688457489 0.015783637762069702 0.07438606768846512
0.004926370922476053 0.007295344490557909 0.07322626560926437
0.0 0.005259890574961901 0.05284908413887024
0.031767837703228 0.0 0.05528481304645538
0.05856749415397644 0.0 0.042712029069662094
0.014174196869134903 0.037289731204509735 0.008248596452176571
0.0 0.091609425842762 0.006877600215375423
0.0 0.0767069086432457 0.017404545098543167
0.0 0.017078733071684837 0.02186693623661995
0.007543992251157761 0.0 0.01861042156815529
0.00871338602155447 0.0 0.0057404302060604095
0.0 0.0 0.0
0.0 0.0 0.0
0.0 0.01101524755358696 0.0
0.0 0.0 0.008933293633162975
0.0 0.0 0.013240690343081951
0.0 0.0 0.05297558754682541
0.0 0.0 0.09729937463998795
0.029065795242786407 0.035787176340818405 0.11736070364713669
0.0772160142660141 0.07824062556028366 0.11156938970088959
0.10095170885324478 0.07616335898637772 0.08616016805171967
0.188870370388031 0.05382663011550903 0.04316503182053566
0.3512933850288391 0.03976993262767792 0.021238964051008224
0.4560166001319885 0.026863453909754753 0.006218467839062214
0.6243911981582642 0.1394648253917694 0.0
0.9077190160751343 0.1560981273651123 0.0
1.0892786979675293 0.14516451954841614 0.0
1.2313157320022583 0.4045756161212921 0.0
1.284902572631836 0.5649982690811157 0.0
1.2384666204452515 0.6860194802284241 0.0
1.0814458131790161 0.8169703483581543 0.0
0.8182402849197388 0.8363671898841858 0.0
0.5183128118515015 0.6952399611473083 0.06776553392410278
0.22200685739517212 0.4766847491264343 0.10148834437131882
0.009206186980009079 0.2846255600452423 0.11369653791189194
0.0 0.11355366557836533 0.16718320548534393
0.0 0.0 0.21531744301319122
0.0 0.0 0.18343088030815125
0.0 0.0 0.13612781465053558
0.0 0.0 0.07911219447851181
0.0 0.0 0.11988332122564316
0.0 0.0 0.2074131816625595
0.0 0.0 0.2761048674583435
0.0 0.0 0.3392135500907898
0.0 0.0 0.38003766536712646
0.0 0.0 0.40259304642677307
0.0 0.0 0.4141477048397064
0.0 0.0 0.25024983286857605
0.0 0.0 0.2291690856218338
0.0 0.0 0.23269936442375183
0.0 0.0 0.24135462939739227
0.0 0.0 0.1954023241996765
0.0 0.0 0.10071522742509842
0.06382442265748978 0.15680472552776337 0.0
0.808238685131073 0.3376370966434479 0.0
0.9993563890457153 0.2597268521785736 0.0
0.8725997805595398 0.3705703020095825 0.0
0.6969488859176636 0.6611533761024475 0.0
0.58819979429245 0.6918278932571411 0.0
0.7327460050582886 0.5213168859481812 0.0
0.9493124485015869 0.48048534989356995 0.0
0.8992612361907959 0.4132903218269348 0.0
0.6686890125274658 0.3888928294181824 0.03195187449455261
0.44082894921302795 0.38595351576805115 0.08415036648511887
0.256119042634964 0.34378474950790405 0.08537355065345764
0.13516278564929962 0.18450745940208435 0.09646881371736526
0.04382115602493286 0.0 0.12803339958190918
0.0 0.0 0.11897013336420059
0.0 0.0 0.07511665672063828
0.0 0.0 0.05505505949258804
0.0 0.0 0.07128090411424637
0.0 0.0 0.09665816277265549
0.0 0.0 0.09502431750297546
0.0 0.0 0.02357170358300209
0.0 0.0 0.0
0.0 0.0 0.0
0.0 0.0 0.0
0.0 0.0 0.0
0.0 0.0 0.031596340239048004
0.0 0.0 0.06920656561851501
0.0 0.0 0.10432407259941101
0.0 0.0 0.1467522382736206
0.0 0.0 0.13671565055847168
0.0 0.014613296836614609 0.09169970452785492
0.0 0.07584362477064133 0.07309326529502869
0.0 0.0 0.09379082173109055
0.0 0.0 0.08919074386358261
0.0 0.0 0.00412325281649828
0.05903617665171623 0.0 0.0
0.2154524177312851 0.04710385948419571 0.0
0.4674716293811798 0.19900284707546234 0.0
0.6163849234580994 0.2594850957393646 0.0
0.6636602878570557 0.2701345682144165 0.0
0.7489067316055298 0.3457523584365845 0.0
0.9087888598442078 0.39357155561447144 0.0
0.9488648772239685 0.3316890001296997 0.0
0.8220065236091614 0.4707914888858795 0.0
0.46820133924484253 0.5278750061988831 0.0
0.2531484067440033 0.5202679634094238 0.08912176638841629
0.16938717663288116 0.4469261169433594 0.12864334881305695
0.17996685206890106 0.2843012511730194 0.11326545476913452
0.20907866954803467 0.10584493726491928 0.057425357401371
0.15600693225860596 0.041240110993385315 0.019294749945402145
0.02326938882470131 0.034977689385414124 0.0574762225151062
0.0 0.0 0.10074540227651596
0.0 0.0 0.1151949092745781
0.0 0.0 0.12592986226081848
0.0 0.0 0.22016075253486633
0.0 0.0 0.3579348623752594
0.0 0.0 0.45008954405784607
0.0 0.0 0.45133110880851746
0.0 0.0 0.4056563079357147
0.0 0.0 0.3828021287918091
0.0 0.0 0.41427937150001526
0.0 0.0 0.35163673758506775
0.0 0.0 0.25865620374679565
0.0 0.0 0.2187921553850174
0.0 0.0 0.20667210221290588
0.0 0.0 0.17206379771232605
0.0 0.0 0.12883776426315308
0.17668478190898895 0.0 0.07702755182981491
0.45736706256866455 0.15236423909664154 0.0
0.6389206051826477 0.23745036125183105 0.0
0.9165138602256775 0.4938070476055145 0.0
1.0570778846740723 0.7067121267318726 0.0
1.0946239233016968 0.7067094445228577 0.0
1.254658579826355 0.9706745147705078 0.0
1.25456964969635 1.10597825050354 0.0
1.1317369937896729 1.083475947380066 0.0
1.001524567604065 1.0121442079544067 0.0
0.9231941103935242 0.9802659153938293 0.0
0.7918664813041687 0.8260398507118225 0.0
0.6568942666053772 0.6302117109298706 0.0
0.5332820415496826 0.4941239655017853 0.0
0.3771219849586487 0.349796861410141 0.0
0.23601971566677094 0.23310938477516174 0.0
0.0726957768201828 0.13991153240203857 0.0
0.0 0.0 0.0
0.0 0.0 0.0
0.0 0.0 0.047205619513988495
0.0 0.0 0.0773206427693367
0.0 0.0 0.11628987640142441
0.0 0.0 0.2052604854106903
0.0 0.0 0.292021244764328
0.0 0.0 0.32644951343536377
0.0 0.0 0.35401561856269836
0.0 0.0 0.4390133321285248
0.0 0.0 0.448220431804657
0.0 0.0 0.40785568952560425
0.0 0.0 0.2668122947216034
0.0 0.0 0.16102857887744904
0.0 0.0 0.16362330317497253
0.0 0.0 0.10570594668388367
0.0 0.0 0.0
0.061342719942331314 0.0058021885342895985 0.0
0.13731923699378967 0.08754418790340424 0.0
0.2919282615184784 0.2714032530784607 0.0
0.42253050208091736 0.4221762418746948 0.0
0.6450128555297852 0.5133023858070374 0.0
0.7539094686508179 0.6388765573501587 0.0
0.8349531888961792 0.7712346315383911 0.0
0.9272104501724243 0.8374990820884705 0.0
1.0256363153457642 0.9876065850257874 0.0
1.0895681381225586 1.0543842315673828 0.0
1.0876309871673584 1.1507600545883179 0.0
0.9481751322746277 0.9941829442977905 0.0
0.7215811014175415 0.6983281970024109 0.0
0.46499884128570557 0.37950974702835083 0.0
0.33399370312690735 0.17121165990829468 0.0
0.21397699415683746 0.015743235126137733 0.0
0.0159992054104805 0.0 0.11012200266122818
0.0 0.0 0.1465766727924347
0.0 0.0 0.09907520562410355
0.0 0.0 0.0
0.0 0.0 0.011356007307767868
0.0 0.0 0.13530032336711884
0.0 0.0 0.2776646614074707
0.0 0.0 0.35694244503974915
0.0 0.0 0.315114289522171
0.0 0.0 0.2831241488456726
0.0 0.0 0.3532659411430359
0.0 0.0 0.44859325885772705
0.0 0.0 0.4768286347389221
0.0 0.0 0.4253923296928406
0.0 0.0 0.5556377172470093
0.0 0.0 0.32330939173698425
0.0 0.0 0.13241398334503174
0.0 0.0 0.01858542300760746
0.0 0.0374906100332737 0.0010096263140439987
0.033069003373384476 0.1916104108095169 0.0
0.16802789270877838 0.41399049758911133 0.0
0.38320493698120117 0.5332105755805969 0.0
0.5578510165214539 0.5511842370033264 0.0
0.5822096467018127 0.5585052967071533 0.0
0.6248628497123718 0.580721914768219 0.0
0.6649489998817444 0.5836585760116577 0.0
0.5949509739875793 0.5463756322860718 0.0
0.5199281573295593 0.5198425650596619 0.0
0.5439251065254211 0.5826764106750488 0.0
0.6486009359359741 0.5963163375854492 0.0
0.6326083540916443 0.5130821466445923 0.0
0.5046213269233704 0.4152158200740814 0.0
0.38562706112861633 0.3228118419647217 0.0
0.27580949664115906 0.22916977107524872 0.021099980920553207
0.10357033461332321 0.06745489686727524 0.14171160757541656
0.0 0.0 0.27039584517478943
0.0 0.0 0.366811066865921
0.0 0.0 0.42811888456344604
0.0 0.0 0.5209031701087952
0.0 0.0 0.7199379801750183
0.0 0.0 0.9754887819290161
0.0 0.0 1.1583077907562256
0.0 0.0 1.0631184577941895
0.0 0.0 0.6664595603942871
0.0 0.0 0.24922926723957062
0.0 0.0 0.12443729490041733
0.0 0.0 0.1889220029115677
0.0 0.0 0.2016090303659439
0.01329796202480793 0.15279856324195862 0.11117368191480637
0.08855888992547989 0.21275031566619873 0.0
0.1989506483078003 0.26728811860084534 0.0
0.30222219228744507 0.41083037853240967 0.0
0.46119293570518494 0.6276540160179138 0.0
0.6609846353530884 0.8498082160949707 0.0
0.8072656393051147 0.9912588596343994 0.0
0.9373543858528137 1.145816683769226 0.0
1.092581868171692 1.2183343172073364 0.0
1.0333919525146484 1.257583737373352 0.0
0.759119987487793 1.3044836521148682 0.0
0.5380014181137085 1.2162588834762573 0.0
0.4895939528942108 0.9533711075782776 0.0
0.5500119924545288 0.6541314125061035 0.0
0.49751803278923035 0.42002367973327637 0.0
0.36549103260040283 0.299935907125473 0.0
0.22375920414924622 0.20001889765262604 0.0
0.08876968920230865 0.1299647092819214 0.0
0.0 0.06511753797531128 0.0
0.0 0.0 0.03684772178530693
0.0 0.0 0.06489214301109314
0.0 0.0 0.09675873070955276
0.0 0.0 0.08344372361898422
0.0 0.0 0.05034089460968971
0.0 0.0 0.12214504927396774
0.0 0.0 0.21717487275600433
0.0 0.0 0.21916478872299194
0.0 0.0 0.15705987811088562
0.0 0.0 0.0391196645796299
0.0 0.0 0.0
0.0 0.0 0.008556696586310863
0.05286441743373871 0.02100999653339386 0.08336701989173889
0.05937904119491577 0.051852062344551086 0.07712217420339584
0.08221165835857391 0.013710271567106247 0.03022071346640587
0.08154187351465225 0.002169728744775057 0.0
0.06050103157758713 0.021448619663715363 0.0
0.046696268022060394 0.04487724229693413 0.0
0.058185677975416183 0.017136428505182266 0.0
0.06554372608661652 0.0 0.0
0.014248581603169441 0.0 0.0
0.0 0.0 0.0
0.0 0.0 0.0
0.0 0.0 0.022265851497650146
0.0 0.0 0.030001003295183182
0.01382167637348175 0.0 0.024968426674604416
0.03326381742954254 0.0 0.008197168819606304
0.04817885160446167 0.0 0.011568198911845684
0.019279027357697487 0.0 0.01982612907886505
0.0 0.0 0.021700728684663773
0.0 0.0 0.03198931738734245
0.0 0.0 0.034953683614730835
0.0 0.0 0.0
0.0 0.0 0.0
0.0 0.0 0.0
0.0 0.027903588488698006 0.0
0.009773938916623592 0.0 0.013393796049058437
0.04834450036287308 0.0 0.0
0.04326105862855911 0.0054837665520608425 0.0
0.0 0.016237877309322357 0.0
0.0 0.001323109958320856 0.0
0.037615686655044556 0.0 0.002961128018796444
0.021425003185868263 0.0 0.02205652743577957
0.006588798016309738 0.007538661826401949 0.01448888797312975
0.006672155112028122 0.0 0.002659125253558159
0.015104691497981548 0.0 0.011251596733927727
0.00538228964433074 0.0 0.024001747369766235
0.0 0.0 0.029217015951871872
0.0 0.0033359178341925144 0.017359822988510132
0.0 0.004429145250469446 0.0014895126223564148
0.0 0.004434205126017332 0.0
0.0 0.02146006003022194 0.0
0.0 0.0108734630048275 0.0
0.0 0.00240567559376359 0.0
0.0 0.0 0.0
0.0 0.0014237682335078716 0.0
0.0 0.01738009788095951 0.0
0.0 0.004596125800162554 0.0
0.0 0.03975997120141983 0.0
0.0 0.04834520444273949 0.0
0.0 0.0 0.0
0.0 0.0 0.0
0.0 0.0 0.0
0.0 0.0 0.0
0.0 0.0 0.0
0.0 0.0 0.0
0.0 0.0 0.0
0.0 0.0 0.09196428954601288
0.0 0.0 0.6992174983024597
0.0 0.0 1.552198886871338
0.2942069172859192 0.0 2.158810615539551
1.2170987129211426 0.0 2.806648015975952
2.3675849437713623 0.0 3.0112991333007812
3.554576873779297 0.0 2.8721249103546143
5.709692001342773 0.0 2.795654296875
6.648728847503662 0.0 2.8203532695770264
7.232719421386719 0.0 3.237807035446167
8.33809757232666 0.0 2.822040557861328
8.74626350402832 0.0 2.0528500080108643
9.471967697143555 0.0 0.69911789894104
9.721592903137207 0.0 0.0
9.139791488647461 0.0 0.0
8.19108772277832 0.0 0.0
5.6743059158325195 2.3060860633850098 0.0
1.6293175220489502 3.4861741065979004 0.0
0.0 2.720116376876831 0.0
0.0 1.4258517026901245 0.0
0.0 0.24665401875972748 0.0
0.0 0.23156562447547913 0.0
0.0 0.9919239282608032 0.0
0.0 1.6801174879074097 0.0
0.0 1.9687780141830444 0.0
0.0 1.6169614791870117 0.0
0.0 1.4264529943466187 0.0
0.0 1.1308178901672363 0.0
0.0 0.7558799386024475 0.0
0.0 0.24820663034915924 0.0
0.0 0.0 0.0
0.0 0.0 0.0
0.0 0.0 0.0
0.0 0.0 0.0
0.0 0.2574315369129181 0.0
0.0 0.6187857389450073 0.0
0.0 0.0 0.0
0.0 0.0 0.0
0.0 0.0 0.0
0.0 0.0 0.0
0.0 0.0 0.0
0.0 0.0 0.0
0.0 0.0 0.0
0.0 0.0 0.0
0.0 0.0 0.0
0.0 0.0 0.0
0.0 0.0 0.0
0.0 0.0 0.0
0.0 0.07896114140748978 0.0
0.0 1.0484883785247803 0.19824527204036713
0.0 1.0685739517211914 0.3143412470817566
0.0 0.45317307114601135 0.1753777712583542
0.0 0.0 0.32057836651802063
0.007395981810986996 0.0 0.04220321401953697
0.033667534589767456 0.0 0.1812276691198349
0.23961803317070007 0.0 0.1417817324399948
0.7599605321884155 0.0 0.0
0.7286449670791626 0.0 0.0
0.49242180585861206 0.0 0.0
0.3875417113304138 0.0 0.0
0.39484038949012756 0.0 0.0
0.16055837273597717 0.0 0.0
0.0 0.3052552342414856 0.06868915259838104
0.0 0.617464005947113 0.26853540539741516
0.0 0.47802621126174927 0.0
0.4958122670650482 0.08032441139221191 0.19267819821834564
0.5558526515960693 0.0 0.2516344487667084
0.30261725187301636 0.0 0.17755091190338135
0.06271090358495712 0.0869506224989891 0.06979036331176758
0.0 0.0951334536075592 0.0
0.004304584115743637 0.014248987659811974 0.0
0.02923177182674408 0.0 0.0
0.010954497382044792 0.02204192988574505 0.11179560422897339
0.0 0.06121356785297394 0.17878316342830658
0.0 0.1133691817522049 0.1461477130651474
0.0 0.12116718292236328 0.05319647490978241
0.0 0.16252101957798004 0.08007895946502686
0.0 0.09960756450891495 0.1353248953819275
0.0 0.025255057960748672 0.1286560297012329
0.0 0.1329711377620697 0.08013802766799927
0.0 0.19922925531864166 0.031463705003261566
0.0 0.08845826238393784 0.046804044395685196
0.08757562190294266 0.0 0.02270989492535591
0.16332392394542694 0.0 0.0157846100628376
0.09926210343837738 0.0 0.01943899691104889
0.0 0.0 0.04828156530857086
0.0 0.04174188897013664 0.0033670878037810326
0.0 0.040673427283763885 0.007583138532936573
0.0 0.06627093255519867 0.020881634205579758
0.0 0.0578731894493103 0.0
0.02496044710278511 0.0 0.0
0.032082803547382355 0.0 0.006865416653454304
0.0 0.0 0.0
0.0 0.03457266092300415 0.0
0.0008923946879804134 0.0 0.0
0.06624343991279602 0.0 0.0
0.0888102650642395 0.0 0.0
0.03750339895486832 0.0 0.0
0.01382656954228878 0.03017950803041458 0.0
0.0 0.12592627108097076 0.0
0.0 0.07803864032030106 0.0
0.0036335864569991827 0.008732274174690247 0.0
0.029318975284695625 0.0 0.0
0.0 0.0 0.0
0.0 0.0 0.0
0.0 0.0156724713742733 0.0
0.0 0.014602946117520332 0.0
0.0 0.0 0.0
0.004070877563208342 0.0 0.0
0.0 0.0 0.0
0.009678695350885391 0.0 0.0
0.07501828670501709 0.0 0.0
0.12642449140548706 0.0 0.0
0.12961362302303314 0.0 0.0675916075706482
0.07734588533639908 0.0 0.1871022880077362
0.054964154958724976 0.0 0.28727179765701294
0.152395099401474 0.0 0.34450605511665344
0.17795638740062714 0.0 0.44717010855674744
0.17059941589832306 0.0 0.5618668794631958
0.3221804201602936 0.051630206406116486 0.5733118057250977
0.5291103720664978 0.06924621760845184 0.5871874094009399
0.6226997375488281 0.11317692697048187 0.7303506731987
0.37611687183380127 0.19679751992225647 0.9567782282829285
0.15894168615341187 0.08255163580179214 1.199951171875
0.15685775876045227 0.09426235407590866 1.1967633962631226
0.2095380276441574 0.03479822725057602 1.1500909328460693
0.3376491069793701 0.0 1.1307446956634521
0.4086785614490509 0.0 1.1500972509384155
0.3422825336456299 0.0 1.0791631937026978
0.1823732852935791 0.0 0.9819468855857849
0.1064806655049324 0.0 0.7857105731964111
0.10868549346923828 0.0 0.5601069927215576
0.07744847983121872 0.0 0.37378987669944763
0.08319265395402908 0.0 0.1194704920053482
0.03737109899520874 0.0 0.0
0.0 0.04885084927082062 0.0
0.0 0.08794818073511124 0.0
0.0 0.03797156736254692 0.0
0.0 0.025407306849956512 0.0
0.0 0.039803024381399155 0.0
0.0 0.0008487016893923283 0.0
0.0 0.0 0.0
0.0 0.0 0.0
0.0 0.0 0.0
0.0 0.0 0.0
0.0 0.0 0.0
0.0 0.0 0.0
0.0 0.0 0.0
0.0 0.0 0.0
0.0 0.0 0.0
0.0 0.0 0.0
0.0 0.0 0.29570624232292175
0.0 0.0 0.526156485080719
0.0 0.02780202031135559 0.6193242073059082
0.0 0.03593930974602699 0.6746500730514526
0.06859347224235535 0.047510478645563126 0.9500163793563843
0.10122917592525482 0.05354173853993416 1.3082478046417236
0.0900750607252121 0.0 1.5525262355804443
0.13917042315006256 0.0 1.5442975759506226
0.2160116732120514 0.0 1.3444167375564575
0.2951411306858063 0.0 1.1143187284469604
0.3641268312931061 0.0 1.1120092868804932
0.4692378044128418 0.0 1.2373504638671875
0.5020114779472351 0.0 1.1705296039581299
0.3616112172603607 0.0 0.9454357624053955
0.22450555860996246 0.0 0.7031062245368958
0.149765282869339 0.0 0.6128569841384888
0.16760019958019257 0.0 0.6276604533195496
0.2461160570383072 0.0 0.5588012337684631
0.23934869468212128 0.0 0.29188886284828186
0.09827572852373123 0.0 0.0
0.0 0.06360795348882675 0.0
0.0 0.08779531717300415 0.0
0.0 0.03700164332985878 0.0
0.0 0.003580572083592415 0.0
0.0 0.03098902478814125 0.0
0.0 0.01992412656545639 0.0
0.0 0.036251164972782135 0.0
0.0 0.02780091017484665 0.0
0.0 0.0117087597027421 0.0
0.0 0.0 0.0
0.0 0.0 0.0
0.0 0.0 0.0
0.0 0.0 0.0
0.0 0.0 0.0
0.0 0.0 0.0
0.0 0.0 0.0
0.0 0.0 0.0
0.0 0.0 0.0
0.016941366717219353 0.0 0.0
0.01711260713636875 0.0 0.23462124168872833
0.012886438518762589 0.030408944934606552 0.44516220688819885
0.04866361245512962 0.03546442091464996 0.4957468509674072
0.0688764676451683 0.07365281879901886 0.5078240036964417
0.09103184193372726 0.06568464636802673 0.6362174153327942
0.15469923615455627 0.054014403373003006 0.8793232440948486
0.2349163144826889 0.12751471996307373 1.0822745561599731
0.34870943427085876 0.2559901475906372 1.3498382568359375
0.42401084303855896 0.25885650515556335 1.3965373039245605
0.4653119444847107 0.1262313425540924 1.3035764694213867
0.5541313290596008 0.0 1.2591395378112793
0.6569517254829407 0.0 1.217302918434143
0.6319467425346375 0.01478337962180376 1.168135404586792
0.5167232155799866 0.010772925801575184 1.1637663841247559
0.47055783867836 0.0 0.9784168004989624
0.48478204011917114 0.0 0.6291858553886414
0.37455809116363525 0.0 0.44094642996788025
0.2245350331068039 0.0 0.39236077666282654
0.11776598542928696 0.0 0.2995759844779968
0.015865182504057884 0.0 0.14480586349964142
0.0 0.0 0.0
0.0 0.0 0.0
0.0 0.020864173769950867 0.0
0.0 0.052388276904821396 0.0
0.0 0.044562045484781265 0.0
0.0 0.0 0.0
0.0 0.0 0.0
0.0 0.0 0.0
0.0 0.0 0.0
0.0 0.0 0.0
0.0 0.0 0.0
0.0 0.0 0.0
0.0 0.007780597545206547 0.0
0.0 0.01920635625720024 0.0
0.0 0.021860729902982712 0.0
0.0 0.0 0.0
0.0 0.0 0.0
0.0 0.0 0.0
0.0 0.0 0.0
0.0 0.010938230901956558 0.009463672526180744
0.0 0.04392734169960022 0.2579174339771271
0.05669239163398743 0.0 0.4358839690685272
0.13977982103824615 0.0 0.5465521216392517
0.19162863492965698 0.0 0.6977693438529968
0.1923452913761139 0.004769285675138235 0.9479110240936279
0.2335132360458374 0.14399296045303345 1.2222625017166138
0.30535227060317993 0.1708163172006607 1.4025441408157349
0.3650403618812561 0.09589999169111252 1.5033191442489624
0.4351121187210083 0.05312616378068924 1.5327249765396118
0.48861876130104065 0.0 1.5978845357894897
0.5077442526817322 0.0 1.6120909452438354
0.4309368133544922 0.0 1.5154147148132324
0.410178005695343 0.0648355484008789 1.259024977684021
0.416154146194458 0.059469014406204224 0.9866467118263245
0.37898707389831543 0.0 0.8448461294174194
0.3439984619617462 0.0 0.8045871257781982
0.31498226523399353 0.0 0.6261217594146729
0.1922006756067276 0.0516987107694149 0.3423265814781189
0.06322193145751953 0.1590491384267807 0.13413290679454803
0.0 0.10764613002538681 0.0
0.0 0.04248470440506935 0.0
0.0 0.0 0.0
0.0 0.0 0.0
0.0 0.01419740729033947 0.0
0.0 0.07361466437578201 0.0
0.0 0.055993854999542236 0.0
0.0 0.01587706245481968 0.0
0.0 0.0 0.0
0.0 0.0 0.0
0.0 0.0 0.0
0.0 0.0 0.0
0.0 0.0 0.0
0.0 0.0 0.0
0.0 0.0 0.0
0.0 0.0 0.0
0.0 0.0 0.0
0.0 0.0 0.0
0.0 0.0 0.0
0.0 0.0 0.0
0.0 0.0 0.0
0.0 0.0 0.0
0.024331791326403618 0.047384921461343765 0.16329531371593475
0.048317015171051025 0.08219563215970993 0.2234734296798706
0.11862793564796448 0.0533224381506443 0.23156039416790009
0.16160015761852264 0.0497620590031147 0.30782851576805115
0.17342139780521393 0.09187835454940796 0.41064146161079407
0.1801336258649826 0.14683881402015686 0.49314698576927185
0.23822356760501862 0.1454387903213501 0.5524800419807434
0.25159701704978943 0.11056609451770782 0.4916074872016907
0.24524298310279846 0.03979844972491264 0.37166324257850647
0.20101134479045868 0.0 0.3058863580226898
0.13134996592998505 0.0 0.3340282440185547
0.08634654432535172 0.030591636896133423 0.35829469561576843
0.08217816054821014 0.03913718834519386 0.34973421692848206
0.11033683270215988 0.0 0.30286526679992676
0.10481742769479752 0.0 0.21190793812274933
0.06502873450517654 0.0 0.13454124331474304
0.0 0.0 0.12427502870559692
0.0 0.0 0.11320851743221283
0.0 0.0 0.08880864083766937
0.0005701165646314621 0.0 0.070850670337677
0.0 0.0 0.04305420070886612
0.0 0.0 0.0
0.0 0.0 0.0
0.0 0.0015128483064472675 0.0
0.0 0.010997696779668331 0.0
0.0 0.0 0.0
0.004783770069479942 0.0 0.0
0.0 0.011989722959697247 0.0
0.0 0.012079206295311451 0.0
0.0 0.0 0.0
0.02812131680548191 0.0 0.0
0.028990305960178375 0.0 0.009262414649128914
0.0004481440410017967 0.02895139530301094 0.0
0.010269083082675934 0.027948983013629913 0.0
0.03354591131210327 0.018265996128320694 0.0
0.048190101981163025 0.0 0.013803103938698769
0.023763319477438927 0.0012191017158329487 0.0028934646397829056
0.0 0.024849597364664078 0.0
0.0 0.006821326911449432 0.0
0.0 0.0 0.0
0.0005709156394004822 0.0 0.0
0.0 0.0 0.0
0.0 0.0 0.0
0.0006497451104223728 0.0 0.0
0.005151019897311926 0.00572570227086544 0.0
0.0 0.0035903798416256905 0.0
0.0 0.021802939474582672 0.0
0.0 0.04278811439871788 0.0
0.0 0.06374932080507278 0.0
0.0 0.06204783171415329 0.0
0.0 0.0 0.0
0.0 0.0 0.0
0.0 0.0 0.0
0.0 0.0 0.0
0.0 0.0 0.0
0.0 0.0 0.0
0.0 0.0 0.33406710624694824
0.4338594675064087 0.0 1.16533362865448
1.1601247787475586 0.0 2.096445083618164
2.1361007690429688 0.0 3.267843008041382
3.659266233444214 0.0 4.9241132736206055
5.174258232116699 0.0 5.476217269897461
6.123012542724609 0.0 5.610090255737305
6.645010471343994 0.0 5.473730564117432
7.070685386657715 0.0 4.9159111976623535
7.78919792175293 0.0 3.263774871826172
8.021062850952148 0.0 1.551249623298645
8.05533218383789 0.0 0.4440648853778839
7.687089443206787 0.0 0.0
7.106685161590576 0.7534952163696289 0.0
5.16137170791626 4.178370952606201 0.0
3.012375593185425 5.228188991546631 0.0
2.412881851196289 4.324524879455566 0.0
2.142751693725586 3.0508511066436768 0.0
1.5193970203399658 1.9283702373504639 0.0
0.7509573101997375 1.2601815462112427 0.0
0.08227268606424332 1.073594331741333 0.0
0.0 1.2502015829086304 0.0
0.0 0.7274300456047058 0.0
0.0 0.41375359892845154 0.0
0.0 0.5858495235443115 0.0
0.0 0.2602013349533081 0.0
0.0 0.0 0.0
0.0 0.0 0.0
0.0 0.0 0.0
0.0 0.0 0.0
0.0 0.0 0.0
0.0 0.0 0.0
0.0 0.0 0.0
0.0 0.0 0.0
0.0 0.0 0.0
0.0 0.0 0.0
0.0 0.0 0.0
0.0 0.0 0.0
0.0 0.0 0.0
0.0 0.0 0.13202708959579468
0.0 0.0 0.49248725175857544
0.0 0.0 0.36837783455848694
0.1551106721162796 0.08520209789276123 0.21707195043563843
0.27887147665023804 0.14590327441692352 0.12556147575378418
0.42381030321121216 0.1406235545873642 0.0404585599899292
0.559655487537384 0.1047358512878418 0.0
0.569444477558136 0.08817604929208755 0.0
0.5115867853164673 0.1714773327112198 0.0
0.42942050099372864 0.06605742871761322 0.0
0.33841630816459656 0.00729665020480752 0.0
0.20669397711753845 0.0 0.04269535094499588
0.05004339665174484 0.0 0.11028903722763062
0.0 0.0 0.012052474543452263
0.0 0.0 0.0
0.0 0.0 0.0
0.0 0.0 0.057014625519514084
0.0 0.0 0.1293356865644455
0.0 0.0 0.10317599773406982
0.0 0.0 0.007495272904634476
0.0 0.0 0.0
0.0 0.0 0.0
0.0 0.0 0.05022968724370003
0.0805608257651329 0.0 0.0737544596195221
0.1537327766418457 0.0 0.023385558277368546
0.18731576204299927 0.02546718344092369 0.0
0.16777828335762024 0.02432255819439888 0.011888157576322556
0.1154884472489357 0.09668011218309402 0.022283539175987244
0.043443549424409866 0.15226773917675018 0.0
0.0 0.14074423909187317 0.0
0.0 0.11008034646511078 0.0
0.0 0.10582301765680313 0.0
0.0 0.06417223811149597 0.010495858266949654
0.0 0.07265893369913101 0.005374331958591938
0.0 0.05044976621866226 0.0
0.0 0.0 0.0
0.0 0.0 0.027531832456588745
0.0 0.0 0.07233205437660217
0.0 0.024332944303750992 0.12818866968154907
0.0 0.3170015513896942 0.19469285011291504
0.0 0.0 0.1798928678035736
0.0 0.0 0.15573666989803314
0.09484601765871048 0.0 0.1336289644241333
0.18829314410686493 0.0 0.16632486879825592
0.3276883363723755 0.0 0.22254100441932678
0.273263156414032 0.1437283158302307 0.15114164352416992
0.06425242125988007 0.1456545889377594 0.030477020889520645
0.0 0.23145151138305664 0.0
0.0 0.19011206924915314 0.0
0.0 0.19736464321613312 0.0
0.11154723912477493 0.3564629554748535 0.0
0.09481725841760635 0.3821240961551666 0.0
0.08402533084154129 0.1929675042629242 0.0
0.06525030732154846 0.003638052847236395 0.0
0.0 0.03339621424674988 0.0
0.0 0.14817313849925995 0.012799225747585297
0.0 0.14487747848033905 0.03952564299106598
0.0 0.01836107298731804 0.017118340358138084
0.0 0.0 0.0
0.0 0.0 0.0
0.0 0.08660884201526642 0.0
0.0 0.04477750137448311 0.03478601574897766
0.09886427223682404 0.0 0.06118256598711014
0.06954792886972427 0.0 0.006420250982046127
0.0 0.0 0.0
0.0 0.032615866512060165 0.0
0.0 0.11240284144878387 0.0
0.013497445732355118 0.013104484416544437 0.0
0.1082117035984993 0.0 0.0
0.016901496797800064 0.053549110889434814 0.0
0.0 0.21995140612125397 0.0
0.0 0.15411460399627686 0.0
0.0 0.11555469036102295 0.0
0.0 0.12767499685287476 0.10539956390857697
0.0 0.14875659346580505 0.1483030915260315
0.0 0.06931449472904205 0.05852819234132767
0.0 0.0 0.0
0.0 0.0 0.0
0.0 0.13380374014377594 0.0
0.20185324549674988 0.0 0.0
