0.12941953539848328 0.48144590854644775 0.0
0.1729355901479721 0.505710780620575 0.0
0.055011086165905 0.5312486290931702 0.05422089993953705
0.0 0.4624546468257904 0.055591896176338196
0.0 0.3647102415561676 0.05495379865169525
0.0 0.30181410908699036 0.03568955883383751
0.06733459234237671 0.27430230379104614 0.0
0.11876076459884644 0.22114720940589905 0.0
0.2166638970375061 0.09759571403265 0.0
0.29860857129096985 0.02084607630968094 0.0
0.34016212821006775 0.0 0.0
0.3612109422683716 0.0 0.0
0.34868982434272766 0.013673651032149792 0.0
0.3457483649253845 0.0 0.0
0.4591846466064453 0.0 0.0
0.3966922461986542 0.0 0.05139422044157982
0.32096606492996216 0.0 0.05072443559765816
0.16353942453861237 0.07933121919631958 0.018585672602057457
0.009569568559527397 0.059338610619306564 0.0436907596886158
0.018204335123300552 0.0 0.012324048206210136
0.0 0.0 0.0
0.0 0.14403565227985382 0.0
0.0 0.280215859413147 0.0
0.0 0.3803022503852844 0.0
0.0 0.4367966651916504 0.0
0.0 0.16151051223278046 0.0
0.0 0.0 0.0
0.06610128283500671 0.0 0.0
0.06396516412496567 0.03025342896580696 0.0
0.018640028312802315 0.06986474990844727 0.0
0.0 0.030828669667243958 0.0
0.0 0.0 0.0
0.0 0.027011293917894363 0.0
0.0 0.25599440932273865 0.0
0.0 0.40632638335227966 0.0
0.0 0.5271009802818298 0.0
0.0 0.4202432632446289 0.0
0.0 0.16466395556926727 0.0
0.24687932431697845 0.03469105437397957 0.0
0.26986080408096313 0.09715336561203003 0.0
0.17171159386634827 0.13840599358081818 0.0
0.1447361707687378 0.20210348069667816 0.0
0.1030140295624733 0.0 0.0
0.20915964245796204 0.0 0.0
0.39145970344543457 0.0 0.0
0.38068002462387085 0.0 0.0
0.263962984085083 0.0 0.0
0.04286868870258331 0.0 0.0
0.0 0.0 0.0
0.0 0.0 0.0
0.0 0.0 0.0
0.0 0.0 0.0
0.0 0.0 0.0
0.0 0.0 0.0
0.0 0.0 0.0
0.0 0.0 0.0
0.0 0.0 0.0
0.04466871917247772 0.0 0.0
0.0 0.0 0.0
0.0 0.0 0.0
0.0 0.0 0.0
0.2437397539615631 0.0 0.0
0.44477859139442444 0.0 0.0
0.4431617856025696 0.0 0.0
0.13280178606510162 0.0 0.0
0.0 0.0 0.0
0.0 0.0 0.009051686152815819
0.0 0.0 0.004340287297964096
0.0 0.0 0.05694784224033356
0.0 0.006503081880509853 0.10649514943361282
0.0 0.13943077623844147 0.14762873947620392
0.0 0.1512371003627777 0.1680719554424286
0.0 0.09372666478157043 0.18935540318489075
0.0 0.04362541437149048 0.15736764669418335
0.0 0.0 0.08077061176300049
0.0068960413336753845 0.0 0.06440495699644089
0.03157715126872063 0.0 0.03765083849430084
0.0 0.0 0.011713247746229172
0.0 0.0 0.025394970551133156
0.0 0.05439017713069916 0.05296134948730469
0.0 0.14069843292236328 0.045980408787727356
0.0 0.10348422080278397 0.05321941524744034
0.0 0.0 0.05822616070508957
0.0 0.0 0.007594402879476547
0.06874582171440125 0.0 0.0
0.049801696091890335 0.0 0.0
0.0 0.0 0.0
0.0 0.09919679909944534 0.0
0.0 0.19067345559597015 0.0
0.0 0.1224464625120163 0.0
0.10377198457717896 0.032830558717250824 0.009303353726863861
0.06442644447088242 0.05952368676662445 0.0
0.006728261709213257 0.018172521144151688 0.0
0.0232960544526577 0.0 0.03921198099851608
0.004807410761713982 0.0 0.06779175996780396
0.0 0.0 0.05637319013476372
0.0 0.0 0.0590352900326252
0.0 0.0 0.07396629452705383
0.0 0.0 0.06564632058143616
0.0 0.06071212887763977 0.07141393423080444
0.0 0.06489408761262894 0.07073242962360382
0.0 0.08304672688245773 0.05571938678622246
0.0 0.10426173359155655 0.0444965586066246
0.0 0.11800364404916763 0.0533214770257473
0.0 0.1296970397233963 0.057557765394449234
0.006316358223557472 0.10840747505426407 0.05238191410899162
0.07128337025642395 0.06679132580757141 0.059305865317583084
0.09590616077184677 0.04658272862434387 0.04880315810441971
0.06192289665341377 0.03289806842803955 0.030257970094680786
0.022759245708584785 0.08622148633003235 0.00653665978461504
0.022829288616776466 0.1255614310503006 0.0055965641513466835
0.07475267350673676 0.09982197731733322 0.03808126971125603
0.08735954016447067 0.08378548920154572 0.05524827167391777
0.010683409869670868 0.11587285250425339 0.043903205543756485
0.0 0.11812775582075119 0.02125435322523117
0.035522181540727615 0.07236718386411667 0.008755872026085854
0.03760317713022232 0.022403620183467865 0.00647807028144598
0.00892092939466238 0.00019525270909070969 0.0
0.0 0.020543402060866356 0.0
0.0116000697016716 0.014203479513525963 0.0
0.02881181240081787 0.0 0.0
0.013007815927267075 0.0 0.0
0.009996579959988594 0.0 0.0
0.022583743557333946 0.0 0.0
0.034075286239385605 0.0 0.0
0.06707717478275299 0.0 0.0
0.04885636270046234 0.0 0.0
0.04967581853270531 0.0 0.0
0.024153677746653557 0.035336725413799286 0.0
0.0017588904593139887 0.05982556194067001 0.0
0.048157814890146255 0.031902581453323364 0.019434083253145218
0.1053241640329361 0.0 0.05832235887646675
0.12746648490428925 0.0 0.08198747038841248
0.040155548602342606 0.0 0.06297197937965393
0.0 0.009710194543004036 0.023935358971357346
0.0 0.0011121798306703568 0.035902805626392365
0.012569461017847061 0.0 0.047754138708114624
0.0 0.0 0.04639273136854172
0.0 0.0 0.05242851749062538
0.0 0.0 0.05541791394352913
0.0 0.0 0.04551894590258598
0.0 0.0 0.035898543894290924
0.0 0.0 0.027736488729715347
0.00407690554857254 0.0 0.03357120603322983
0.014665487222373486 0.0 0.04443160444498062
0.0 0.0 0.04000888764858246
0.0 0.019211525097489357 0.03702189028263092
0.0414947047829628 0.014849267899990082 0.04174952954053879
0.05645927041769028 0.009515754878520966 0.038676775991916656
0.048079103231430054 0.03402882069349289 0.026921050623059273
0.04271869361400604 0.03934315964579582 0.03008968196809292
0.05966305732727051 0.0328863263130188 0.04198948293924332
0.045606888830661774 0.005220608785748482 0.055647507309913635
0.0135195292532444 0.0 0.06171977519989014
0.0 0.005389719270169735 0.05794660747051239
0.0 0.0 0.056652046740055084
0.0 0.0 0.06634222716093063
0.0 0.0 0.07835547626018524
0.0 0.0 0.07298867404460907
0.0 0.0 0.050328902900218964
0.0 0.0 0.03438775986433029
0.013781318441033363 0.0 0.03499069809913635
0.05226878821849823 0.010615374892950058 0.031160270795226097
0.04718055576086044 0.03728027269244194 0.01089787669479847
0.03131157532334328 0.05648858845233917 0.00011846702545881271
0.025049684569239616 0.07036605477333069 0.0
0.019817905500531197 0.052351370453834534 0.0
0.030461762100458145 0.02681884542107582 0.0
0.03468766435980797 0.012981593608856201 0.0
0.015528618358075619 0.0 0.0
0.0027353251352906227 0.0 0.0
0.02597193792462349 0.0 0.0
0.020591286942362785 0.0 0.0
0.0 0.0 0.0
0.0 0.0 0.0
0.0 0.0 0.0015254151076078415
0.0 0.0012264000251889229 0.022895416244864464
0.0 0.0 0.0535406768321991
0.020052263513207436 0.0 0.0957949236035347
0.11573218554258347 0.0 0.10033747553825378
0.08864463865756989 0.0 0.0
0.0 0.311757892370224 0.0
0.0 0.12097170948982239 0.1415051519870758
0.0 0.0 0.3695511221885681
0.13292154669761658 0.0 0.34837260842323303
0.18505506217479706 0.0 0.2809799611568451
0.16296866536140442 0.07152613252401352 0.17348119616508484
0.0 0.22825156152248383 0.21159875392913818
0.0 0.22129112482070923 0.19239549338817596
0.0 0.24557143449783325 0.17132137715816498
0.0 0.21663512289524078 0.13255400955677032
0.10050742328166962 0.21354611217975616 0.04084645211696625
0.06245698034763336 0.24669581651687622 0.009592661634087563
0.0 0.11700865626335144 0.06045717000961304
0.0 0.0468810573220253 0.055730123072862625
0.0 0.03847638890147209 0.022705595940351486
0.0 0.09926091134548187 0.0
0.027141276746988297 0.0681980699300766 0.0
0.07540201395750046 0.0 0.05902711674571037
0.1273653507232666 0.0 0.07194504886865616
0.02415347844362259 0.0 0.048631999641656876
0.0 0.029165975749492645 0.0
0.0 0.19181054830551147 0.0
0.0 0.06084294989705086 0.0
0.09077484905719757 0.0 0.0077056074514985085
0.047061190009117126 0.0 0.00844436977058649
0.0 0.05013810470700264 0.011377043090760708
0.0 0.14574532210826874 0.0529433935880661
0.0 0.17451784014701843 0.0600348599255085
0.0 0.03948359563946724 0.020892251282930374
0.09620236605405807 0.0 0.0046823881566524506
0.04713975265622139 0.0 0.009706440381705761
0.0 0.07984992861747742 0.03481445834040642
0.0 0.1458052396774292 0.053692009299993515
0.0 0.11608143895864487 0.05023069679737091
0.0 0.020423617213964462 0.02778530865907669
0.0 0.0 0.03252893313765526
0.03431050851941109 0.0 0.004067996516823769
0.0 0.0 0.017709504812955856
0.0 0.04797002300620079 0.0314953587949276
0.0 0.09242217987775803 0.086097352206707
0.0 0.07208149135112762 0.10979815572500229
0.0 0.001990017481148243 0.08718019723892212
0.019364580512046814 0.0 0.011548549868166447
0.010226476937532425 0.028976093977689743 0.0
0.0 0.06097370758652687 0.0
0.0 0.041872184723615646 0.0
0.0 0.049204666167497635 0.0
0.0 0.004590061493217945 0.0
0.0 0.0 0.0
0.0 0.0 0.0
0.0 0.0 0.0
0.0 0.00693390890955925 0.0
0.0 0.0 0.0
0.0 0.0 0.0
0.0 0.010033561848104 0.0
0.0 0.03877652809023857 0.0
0.0 0.01099709328263998 0.0
0.005773670971393585 0.0 0.0
0.03880299627780914 0.0 0.0
0.03565007820725441 0.0 0.0
0.0228424035012722 0.004442522302269936 0.0
0.05059094354510307 0.00651339627802372 0.0
0.11719366908073425 0.030981186777353287 0.0
0.08114149421453476 0.019468214362859726 0.0
0.091227687895298 0.05854717642068863 0.0
0.1819019317626953 0.04454134404659271 0.0
0.13054552674293518 0.08603392541408539 0.006546656601130962
0.07599972933530807 0.11372414231300354 0.022116295993328094
0.04081457480788231 0.12655603885650635 0.020738109946250916
0.035804904997348785 0.1256234049797058 0.0
0.11248263716697693 0.09459918737411499 0.0
0.12420294433832169 0.06800539046525955 0.0
0.06993944197893143 0.09473633766174316 0.0
0.013156049884855747 0.11176752299070358 0.009730732999742031
0.0 0.14152301847934723 0.03714264929294586
0.0 0.13398680090904236 0.052264876663684845
0.0 0.09996093064546585 0.04694094881415367
0.047110818326473236 0.026624664664268494 0.01620381325483322
0.10146354138851166 0.008426749147474766 0.020961016416549683
0.09725335240364075 0.02545740082859993 0.017769217491149902
0.10591395199298859 0.035048507153987885 0.007203658111393452
0.1412636935710907 0.0010258248075842857 0.0
0.162684828042984 0.0 0.0
0.1713491529226303 0.0 0.0
0.17557185888290405 0.0 0.0
0.1394069343805313 0.0 0.0
0.07834917306900024 0.0 0.0
0.007660350762307644 0.0 0.008238828741014004
0.0 0.028979960829019547 0.0024869339540600777
0.0 0.0 0.0
0.0 0.0035164132714271545 0.0
0.0 0.0 0.0
0.0 0.0 0.000557473860681057
0.021420639008283615 0.03939744830131531 0.025603435933589935
0.0 0.07776428014039993 0.02630624547600746
0.0 0.06601867079734802 0.026523824781179428
0.10876060277223587 0.0 0.02612035721540451
0.2060522735118866 0.0 0.0
0.2467096894979477 0.0 0.0
0.21050001680850983 0.0 0.0
0.07484551519155502 0.0 0.012090292759239674
0.0 0.13843241333961487 0.023011382669210434
0.0 0.17146067321300507 0.025907836854457855
0.0 0.11937590688467026 0.001585187390446663
0.0 0.025770053267478943 0.0
0.016471685841679573 0.0 0.0
0.0 0.026934653520584106 0.0
0.0 0.08545389026403427 0.0
0.0 0.12795794010162354 0.0
0.0 0.08955568820238113 0.0
0.04322287067770958 0.06927438825368881 0.0
0.04968130216002464 0.05546882748603821 0.0
0.04846157506108284 0.10641749948263168 0.00045121368020772934
0.04519154131412506 0.17438121140003204 0.017730072140693665
0.07180104404687881 0.21574223041534424 0.03094973787665367
0.09546323120594025 0.4261479377746582 0.04468792304396629
0.0858369693160057 0.5058501958847046 0.05873822420835495
0.03453144058585167 0.39966705441474915 0.050403330475091934
0.0032193236984312534 0.258276104927063 0.06458865851163864
0.0 0.13289928436279297 0.049140192568302155
0.017434213310480118 0.013987266458570957 0.0
0.05619119480252266 0.0 0.0
0.0865514948964119 0.0 0.0
0.16286011040210724 0.0 0.0
0.42015665769577026 0.0 0.0
0.6559140682220459 0.0 0.0
0.6712983250617981 0.0 0.0
0.621323823928833 0.0 0.0
0.5186856389045715 0.0 0.0
0.3480225205421448 0.0 0.0
0.40740063786506653 0.0 0.0
0.0 0.0 0.0
0.0 0.0 0.0
0.0 0.0 0.0
0.1103481724858284 0.0 0.004940507933497429
0.5278112292289734 0.0 0.1971360445022583
0.7077261209487915 0.0 0.17180059850215912
0.9994434714317322 0.0 0.4209875166416168
1.0264499187469482 0.0 0.9617253541946411
2.1888179779052734 0.0 1.5659507513046265
2.9953577518463135 0.0 1.889716625213623
3.5620594024658203 0.0 1.8822749853134155
3.7539281845092773 0.0 2.1095056533813477
4.013905048370361 0.0 2.885741710662842
4.641516208648682 0.0 4.254616737365723
4.659757614135742 0.0 4.979181289672852
4.28745174407959 0.0 4.6408820152282715
3.330850124359131 0.0 3.2879316806793213
2.920733690261841 0.0 2.7401885986328125
3.600414991378784 0.0 2.9432172775268555
4.575832843780518 0.0 3.3828084468841553
5.467085361480713 0.0 3.490285634994507
6.416440486907959 0.0 3.0267388820648193
7.0048828125 0.0 2.300694465637207
6.270873069763184 0.15675294399261475 1.745365858078003
5.461205005645752 1.2124749422073364 1.0324066877365112
3.691681385040283 2.177715301513672 0.0
2.1687726974487305 2.3285903930664062 0.0
2.9317307472229004 1.0443933010101318 0.0
3.7770767211914062 0.6326278448104858 0.0
4.1275177001953125 1.3344287872314453 0.0
4.307215690612793 2.068168878555298 0.0
4.605384349822998 2.12483549118042 0.0
4.808636665344238 2.0644607543945312 0.0
4.687647342681885 2.288081645965576 0.0
4.759568214416504 2.3444087505340576 0.0
4.997028350830078 2.4157233238220215 0.0
4.8997392654418945 2.8866755962371826 0.0
4.888867378234863 2.7790284156799316 0.0
4.739058494567871 2.269268035888672 0.0
4.213680267333984 2.45306134223938 0.0
3.6425421237945557 2.451601266860962 0.0
3.4016647338867188 1.833279013633728 0.0
3.0729312896728516 1.2104750871658325 0.0
2.69920015335083 0.9855964779853821 0.0
2.3763504028320312 1.1366333961486816 0.0
2.2350447177886963 1.0821692943572998 0.0
2.177839994430542 0.560611367225647 0.0
1.6957430839538574 0.18020889163017273 0.0
0.9349610209465027 0.0 0.0
0.5488240122795105 0.0 0.0
0.4009341299533844 0.0 0.0
0.3573504388332367 0.0 0.0
0.0 0.0 0.0
0.0 0.0 0.0
0.0 0.0 0.0
0.0 0.0 0.0
0.0 0.0 0.0
0.0 0.0 0.0
0.0 0.0 0.0
0.0 0.0 0.0
0.0 0.0 0.0
0.0 0.0 0.0
0.0 0.0 0.0
0.0 0.0 0.0
0.0 0.0 0.0
0.0 0.0 0.0
0.0 0.0 0.0
0.0 0.0 0.0
0.0 0.0 0.0
0.0 0.0 0.0
0.0 0.0 0.0
0.0 0.0 0.0
0.0 0.0 0.0
0.0 0.0 0.0
0.0 0.0 0.0
0.0 0.0 0.0
0.0 0.0 0.2609877288341522
0.0 0.0 0.5477851629257202
0.0 0.0 0.2329060286283493
0.0 0.0 0.027177900075912476
0.0 0.0 0.1067156046628952
0.0 0.0 0.3086617887020111
0.0 0.0 0.38345345854759216
0.0 0.0 0.24546068906784058
0.0 0.0 0.19714483618736267
0.05672835558652878 0.0 0.22887639701366425
0.3965602517127991 0.0 0.4307043254375458
0.47111302614212036 0.0 0.8041932582855225
0.6939602494239807 0.0 0.9271016120910645
0.6874578595161438 0.14239397644996643 0.5560633540153503
0.3955506384372711 0.6763929128646851 0.06345308572053909
0.2262292355298996 0.48985180258750916 0.0
0.1971304714679718 0.0 0.022189803421497345
0.2116532176733017 0.0 0.0
0.08314265310764313 0.16071359813213348 0.0
0.0 0.2065892070531845 0.0
0.043223462998867035 0.06712877750396729 0.0
0.07319015264511108 0.05966314300894737 0.0
0.013275952078402042 0.1744810789823532 0.007796748541295528
0.017899733036756516 0.20183627307415009 0.0816454067826271
0.009462572634220123 0.24651691317558289 0.07850100845098495
0.09496788680553436 0.2272699922323227 0.06326799839735031
0.08544947952032089 0.1826934665441513 0.04807199910283089
0.13025477528572083 0.04978015273809433 0.02992735058069229
0.2149329036474228 0.0 0.0805969163775444
0.16752225160598755 0.0 0.12499580532312393
0.11099052429199219 0.050468046218156815 0.1397736817598343
0.09278329461812973 0.1227334514260292 0.15691910684108734
0.11827719956636429 0.030197661370038986 0.154737189412117
0.21094535291194916 0.0 0.15747492015361786
0.1982671022415161 0.0 0.13578586280345917
0.14667369425296783 0.0 0.061433881521224976
0.11290853470563889 0.0 0.020432382822036743
0.03441239520907402 0.0 0.0
0.009809048846364021 0.0 0.006097651086747646
0.02983442321419716 0.020188704133033752 0.03523822873830795
0.045621108263731 0.0 0.0491148941218853
0.001967904157936573 0.0 0.035790566354990005
0.0 0.015016579069197178 0.02926209196448326
0.027894042432308197 0.0 0.011616253294050694
0.05909936502575874 0.0 0.0
0.03568059206008911 0.0 0.0
0.014108989387750626 0.0 0.004024646244943142
0.007874795235693455 0.04377419129014015 0.0
0.008968289941549301 0.08309602737426758 0.0
0.06298971176147461 0.047776125371456146 0.03245389088988304
0.11062674224376678 0.0029127774760127068 0.06376547366380692
0.1384676843881607 0.0 0.04350441321730614
0.1729910522699356 0.0 0.0
0.1969136893749237 0.0 0.0
0.12870535254478455 0.0 0.0
0.09321792423725128 0.02553047239780426 0.0
0.08757643401622772 0.05947226285934448 0.02953612618148327
0.093962162733078 0.06264089792966843 0.031746819615364075
0.13440147042274475 0.0 0.033001698553562164
0.14089158177375793 0.0 0.017968954518437386
0.10604545474052429 0.0 0.0
0.08582247793674469 0.007550746202468872 0.0
0.06000233441591263 0.05002737045288086 0.011068703606724739
0.005638959817588329 0.03209470212459564 0.0019210120663046837
0.02709897793829441 0.0 0.0
0.09975240379571915 0.0 0.0
0.09243111312389374 0.0 0.0
0.0669151023030281 0.0 0.0
0.012324558570981026 0.04599853605031967 0.0
0.011141583323478699 0.07783476263284683 0.0
0.03432413190603256 0.04899139702320099 0.01721874065697193
0.0632505938410759 0.0 0.0
0.10498152673244476 0.0 0.0
0.1059650257229805 0.0 0.0
0.04724632203578949 0.0 0.0
0.010915746912360191 0.04375056177377701 0.009489715099334717
0.011786067858338356 0.03623858094215393 0.02763543091714382
0.05751413851976395 0.0 0.033209428191185
0.10234685987234116 0.0 0.022767169401049614
0.10034868866205215 0.0 0.011030353605747223
0.04500553756952286 0.0 0.006428678520023823
0.005395280662924051 0.022442610934376717 0.024321923032402992
0.0 0.039520397782325745 0.013556895777583122
0.0 0.00874064676463604 0.0
0.043129339814186096 0.0 0.0
0.0366583913564682 0.0 0.0
0.012992746196687222 0.012911424040794373 0.010478813201189041
0.02359585650265217 0.025615768507122993 0.019172435626387596
0.031162429600954056 0.02457367070019245 0.00962979719042778
0.0471765473484993 0.007543556392192841 0.00652961153537035
0.06423143297433853 0.0 0.006658508442342281
0.05343444645404816 0.012790516018867493 0.021565552800893784
0.026808694005012512 0.040489256381988525 0.020321058109402657
0.009807072579860687 0.059675730764865875 0.01594015769660473
0.012998871505260468 0.05329053848981857 0.01595134288072586
0.0 0.04379823058843613 0.004010261967778206
0.008839546702802181 0.009774485602974892 0.0
0.006694104056805372 0.0023368103429675102 0.0
0.00010917196050286293 0.011845892295241356 0.017824877053499222
0.030932065099477768 0.0 0.0276921559125185
0.0033933822996914387 0.016119999811053276 0.010393325239419937
0.0 0.031089363619685173 0.0026768166571855545
0.006621399894356728 0.019310999661684036 0.008299281820654869
0.03643495589494705 0.00435149110853672 0.0128218624740839
0.03219626843929291 0.009683672338724136 0.010660175234079361
0.02793680876493454 0.0011951131746172905 0.008453479036688805
0.03119705058634281 0.0 0.0009699966758489609
0.010953297838568687 0.00338742695748806 0.0
0.0 0.015188958495855331 0.0
0.0004601767286658287 0.013036858290433884 0.0
0.023862970992922783 0.0 0.0
0.018448764458298683 0.0 0.0
0.018510550260543823 0.0 0.0
0.0 0.0 0.0
0.0 0.009861571714282036 0.0
0.00127297337166965 0.010816581547260284 0.008218321949243546
0.007577741052955389 0.018205787986516953 0.018988411873579025
0.007639792747795582 0.008665546774864197 0.011479895561933517
0.004657584708184004 0.0 0.0
0.00898548774421215 0.0 0.0
0.0 0.015194285660982132 0.0
0.0 0.0 0.0
0.01437306310981512 0.0 0.0
0.018691379576921463 0.0 0.0
0.02415006048977375 0.0 0.0
0.07009997218847275 0.0 0.0
0.10612109303474426 0.0 0.0
0.15906020998954773 0.0 0.0
0.19818177819252014 0.0 0.014543330296874046
0.2681283950805664 0.0 0.05459647625684738
0.32587504386901855 0.0 0.1404820829629898
0.33959856629371643 0.0 0.26137521862983704
0.27200594544410706 0.0 0.4257601499557495
0.259193480014801 0.0 0.6568543910980225
0.2749505937099457 0.03985755145549774 0.9073632955551147
0.3387828469276428 0.014434484764933586 1.1322648525238037
0.4678715765476227 0.0 1.326502799987793
0.5913503766059875 0.0 1.4579752683639526
0.6826741695404053 0.0 1.5092350244522095
0.6604951024055481 0.0723036453127861 1.4080865383148193
0.5981297492980957 0.1909826248884201 1.2625572681427002
0.5619147419929504 0.24884992837905884 1.1598248481750488
0.5667081475257874 0.2277824431657791 1.1053203344345093
0.5519811511039734 0.2023889422416687 1.0805195569992065
0.49936532974243164 0.19426603615283966 1.006253957748413
0.4334012269973755 0.19380050897598267 0.8816688060760498
0.38693520426750183 0.18277715146541595 0.7273314595222473
0.3362935781478882 0.15373298525810242 0.5611425042152405
0.2925399839878082 0.08447668701410294 0.341476172208786
0.13232286274433136 0.11818884313106537 0.0
0.0 0.17866790294647217 0.0
0.0 0.15457241237163544 0.0
0.0 0.07914184033870697 0.0
0.0 0.08587510883808136 0.0
0.0 0.1344759315252304 0.0
0.0 0.16130568087100983 0.0
0.0 0.1626153588294983 0.0
0.0 0.17331460118293762 0.0
0.0 0.12824752926826477 0.0
0.0 0.0 0.0
0.0 0.0 0.0
0.0 0.0 0.0
0.0 0.0 0.0
0.0 0.0 0.0
0.0 0.0 0.0
0.0 0.0 0.0
0.0 0.0 0.0
0.05846497043967247 0.0 0.0
0.130924791097641 0.0 0.0
0.09162212908267975 0.0 0.1228729784488678
0.0 0.0 0.2875995934009552
0.0 0.11482225358486176 0.39105114340782166
0.02825833484530449 0.05632592737674713 0.61223304271698
0.26063138246536255 0.0 0.929181694984436
0.34782275557518005 0.0 1.162797451019287
0.22654639184474945 0.028000811114907265 1.2561798095703125
0.22670485079288483 0.08571390807628632 1.4582802057266235
0.3565392792224884 0.0 1.6834959983825684
0.5170650482177734 0.0 1.838706612586975
0.6440243124961853 0.0 1.942427635192871
0.6347823739051819 0.0 1.9081772565841675
0.48007744550704956 0.0 1.6089727878570557
0.3217754364013672 0.0 1.3307158946990967
0.34332039952278137 0.0 1.2964282035827637
0.41288429498672485 0.03413087874650955 1.5080469846725464
0.5073509216308594 0.08397272974252701 1.7751628160476685
0.6079717874526978 0.13237090408802032 1.8575167655944824
0.6494585275650024 0.0547887459397316 1.5457314252853394
0.5764684677124023 0.0 1.1416633129119873
0.4574480354785919 0.0 0.7826833724975586
0.3368380069732666 0.0 0.4815205931663513
0.16096392273902893 0.1134166419506073 0.06249271705746651
0.0 0.20685578882694244 0.0
0.0 0.17779511213302612 0.0
0.0 0.07170914113521576 0.0
0.0 0.03211139887571335 0.0
0.0 0.0 0.0
0.0 0.0 0.0
0.0 0.0 0.0
0.0 0.04886215180158615 0.0
0.0 0.0 0.0
0.0 0.0 0.0
0.0 0.0 0.0
0.0 0.0 0.0
0.0 0.0 0.0
0.0 0.0 0.0
0.0 0.0 0.0
0.0 0.0 0.0
0.0 0.0 0.0
0.0 0.0 0.0
0.0 0.0 0.0
0.03429948166012764 0.0 0.002972368150949478
0.1978769600391388 0.0 0.503654420375824
0.3818952739238739 0.0 0.9819682240486145
0.614292562007904 0.0 1.416771650314331
0.8383874297142029 0.0 1.7276448011398315
0.8695608377456665 0.07559745758771896 1.8375122547149658
0.8824374675750732 0.18252283334732056 1.9512288570404053
1.0643614530563354 0.0 2.1765339374542236
1.3048086166381836 0.0 2.417344808578491
1.4567904472351074 0.0 2.5702714920043945
1.3984895944595337 0.0 2.4658331871032715
1.1457841396331787 0.17301802337169647 2.0798897743225098
0.9028505682945251 0.16777212917804718 1.62234365940094
0.7570267915725708 0.0 1.3314950466156006
0.6232530474662781 0.0 1.034887671470642
0.4782330095767975 0.0 0.6225190162658691
0.28199905157089233 0.13208523392677307 0.12679390609264374
0.01660437323153019 0.08542585372924805 0.0
0.0 0.0 0.0
0.0 0.0 0.0
0.0 0.0 0.0
0.0 0.0 0.0
0.0 0.0 0.0
0.0 0.04472769424319267 0.0
0.0 0.1515263020992279 0.0
0.0 0.23327656090259552 0.0
0.0 0.15519028902053833 0.0
0.0 0.1295299232006073 0.0
0.0 0.20671099424362183 0.0
0.0 0.2754586338996887 0.0
0.0 0.041851479560136795 0.0
0.0 0.0 0.0
0.0 0.0 0.0
0.0 0.0 0.0
0.013560114428400993 0.0 0.0
0.43336912989616394 0.0 0.2729359269142151
0.7481744885444641 0.0 0.8944570422172546
0.7522730827331543 0.0 1.3653403520584106
0.5888556241989136 0.20655547082424164 1.6503140926361084
0.5882652401924133 0.39614325761795044 1.8410829305648804
0.7897908687591553 0.2695155143737793 2.048870325088501
1.053429126739502 0.03446440398693085 2.2195358276367188
1.1918325424194336 0.0 2.334746837615967
1.2326921224594116 0.0 2.4077649116516113
1.1469502449035645 0.04755623638629913 2.3647351264953613
0.940504252910614 0.30718129873275757 2.1359646320343018
0.802136242389679 0.3615020513534546 1.8986608982086182
0.755214273929596 0.1633032262325287 1.7608052492141724
0.7358357906341553 0.0 1.6468099355697632
0.6267654895782471 0.08596396446228027 1.4729628562927246
0.4543713331222534 0.328861266374588 1.147260069847107
0.2498384267091751 0.44360092282295227 0.7097160816192627
0.10686288774013519 0.2708131670951843 0.36693498492240906
0.06740256398916245 0.07125638425350189 0.020827915519475937
0.0 0.009801548905670643 0.0
0.0 0.10553393512964249 0.0
0.0 0.2832493185997009 0.0
0.0 0.27353277802467346 0.0
0.0 0.11780337989330292 0.0
0.0 0.0 0.0
0.0 0.0 0.0
0.0 0.0 0.0
0.0 0.20695748925209045 0.0
0.0 0.4583990275859833 0.0
0.0 0.4507235288619995 0.0
0.0 0.4162350594997406 0.0
0.0 0.3948088586330414 0.0
0.0 0.3092777132987976 0.0
0.0 0.159953773021698 0.0
0.0 0.0 0.0
0.0 0.0 0.0
0.0 0.0 0.0
0.0 0.0 0.0
0.0900982916355133 0.0 0.0
0.3639969527721405 0.0 0.611444890499115
0.3610011637210846 0.0 1.0175561904907227
0.3425593078136444 0.0 1.2687058448791504
0.45930883288383484 0.0 1.553240418434143
0.649715006351471 0.0 1.822185754776001
0.7908937335014343 0.0 1.991098165512085
0.7537205219268799 0.0 1.9736377000808716
0.6506303548812866 0.0 1.9320268630981445
0.6606091856956482 0.0 2.000511407852173
0.724425733089447 0.0 2.1294138431549072
0.819313645362854 0.0 2.2392418384552
0.884695291519165 0.0 2.2110331058502197
0.8718847036361694 0.0 2.1127452850341797
0.8977820873260498 0.0 1.965247392654419
0.7861692905426025 0.0 1.6127580404281616
0.6797104477882385 0.0 1.2817654609680176
0.6068013906478882 0.0 1.1091097593307495
0.4655163884162903 0.06734873354434967 0.8527368307113647
0.22387365996837616 0.16737492382526398 0.38913485407829285
0.049480825662612915 0.10112427175045013 0.003652658313512802
0.025476157665252686 0.0 0.0
0.0 0.0 0.0
0.0 0.0 0.0
0.0 0.09253701567649841 0.0
0.0 0.1524682641029358 0.0
0.0 0.10700943320989609 0.0
0.0 0.0219896137714386 0.0
0.0 0.0 0.0
0.0 0.009909248910844326 0.0
0.0 0.02019810676574707 0.0
0.0 0.04770776256918907 0.0
0.0 0.07433324307203293 0.0
0.0 0.05514703318476677 0.0
0.03154713660478592 0.03576241806149483 0.0
0.042408574372529984 0.02585519477725029 0.0
0.06630192697048187 0.0 0.009831693954765797
0.050666503608226776 0.0 0.0
0.010388056747615337 0.014228629879653454 0.0
0.0 0.022741425782442093 0.0
0.004433761350810528 0.0 0.008176806382834911
0.04050334915518761 0.0 0.026639435440301895
0.036401282995939255 0.00011893641203641891 0.014947094954550266
0.0 0.02277950942516327 0.0
0.0 0.0016097743064165115 0.0
0.015468834899365902 0.0 0.0
0.04719720408320427 0.0 0.0
0.01855357363820076 0.006637822836637497 0.0
0.0038747636135667562 0.020576275885105133 0.0
0.005317397881299257 0.009023482911288738 0.0
0.03424358740448952 0.0 0.0
0.06073511764407158 0.0 0.0
0.03301853686571121 0.0 0.0
0.0 0.08546791970729828 0.0
0.024842362850904465 0.04696021229028702 0.004300309345126152
0.012832571752369404 0.0 0.004687000066041946
0.06499484181404114 0.0 0.0
0.08311392366886139 0.07616309821605682 0.0
0.11410699784755707 0.28689560294151306 0.0
0.07614736258983612 0.3296414613723755 0.0
0.041221071034669876 0.16618487238883972 0.0
0.0729675441980362 0.03438210114836693 0.0
0.07368659973144531 0.19280263781547546 0.0
0.0 0.4405469298362732 0.0
0.0 0.24648185074329376 0.0
0.0 0.0 0.0
0.0 0.0 0.0
0.0 0.0 0.0
0.0 0.0 0.0
0.0 0.0 0.0
0.0 0.0 0.0
0.7637827396392822 0.0 0.5485057830810547
1.5560716390609741 0.0 0.9946994781494141
2.4610989093780518 0.0 1.468493938446045
3.5559957027435303 0.0 1.9145331382751465
4.927795886993408 0.0 2.9827077388763428
5.1850972175598145 0.0 4.377095699310303
3.972144603729248 0.0 4.542552947998047
3.033578872680664 0.0 3.9313087463378906
2.501983642578125 0.0 3.503688335418701
2.762699842453003 0.0 3.6399872303009033
2.7148354053497314 0.0 4.013880729675293
2.9237477779388428 0.0 3.7559309005737305
3.06351637840271 0.0 2.7496960163116455
3.549023151397705 0.0 1.5832276344299316
4.434173583984375 0.0 1.293355941772461
3.9058001041412354 0.0 1.9283325672149658
4.101378917694092 0.281899631023407 1.8469642400741577
4.605368137359619 0.0 1.233068823814392
4.521058559417725 0.43094369769096375 1.0087382793426514
3.422783851623535 1.8002865314483643 1.0139578580856323
2.765935182571411 1.91917085647583 0.5580209493637085
2.6063835620880127 1.0612550973892212 0.06328924000263214
2.425595283508301 0.4988093078136444 0.0
2.0438973903656006 1.0569777488708496 0.0
2.2646260261535645 1.2949943542480469 0.0
2.727097988128662 1.1685618162155151 0.0
2.861642837524414 1.598772644996643 0.0
2.908804178237915 2.102518320083618 0.0
3.26481294631958 1.882493257522583 0.0
3.3632607460021973 1.7219518423080444 0.0
3.3916914463043213 1.6495013236999512 0.0
3.2739412784576416 1.6545219421386719 0.0
3.1069302558898926 1.4576929807662964 0.0
2.9834437370300293 1.1728942394256592 0.0
2.8686530590057373 1.1446034908294678 0.0
2.942434787750244 1.1119648218154907 0.0
3.145888328552246 1.1249589920043945 0.0
3.225184917449951 1.309920310974121 0.0
3.272966146469116 1.4420006275177002 0.0
3.3210794925689697 1.5568089485168457 0.0
3.2645163536071777 1.5445618629455566 0.0
3.3188693523406982 1.315979242324829 0.0
3.1431543827056885 1.2590852975845337 0.0
2.977471113204956 1.203391194343567 0.0
2.7917799949645996 1.116628885269165 0.0
2.4300248622894287 0.9005916714668274 0.0
1.9963401556015015 0.6005977392196655 0.0
1.7898359298706055 0.13608171045780182 0.0
1.5577340126037598 0.0 0.0
1.251969337463379 0.0 0.0
0.6623297333717346 0.0 0.0
0.3273448050022125 0.0 0.0
0.039026740938425064 0.0 0.0
0.0 0.0 0.0
0.0 0.0 0.0
0.0 0.0 0.0
0.0 0.0 0.0
0.0 0.0 0.0
0.0 0.0 0.0
0.0 0.0 0.0
0.0 0.0 0.0
0.0 0.0 0.0
0.0 0.0 0.0
0.0 0.0 0.0
0.0 0.0 0.0
0.0 0.0 0.0
0.0 0.0 0.0
0.0 0.0 0.0
0.0 0.0 0.0
0.0 0.0 0.0
0.0 0.0 0.0
0.0 0.0 0.0
0.0 0.0 0.0
0.0 0.0 0.0
0.0 0.0 0.0
0.0 0.0 0.0
0.0 0.0 0.0
0.0 0.0 0.0
0.0 0.0 0.0
0.0 0.0 0.02967606484889984
0.0 0.0 0.37331491708755493
0.0 0.0 0.5485184192657471
0.0 0.0 0.44018688797950745
0.0 0.0 0.2679669260978699
0.0 0.0 0.1990738809108734
0.0 0.0 0.25661227107048035
0.0 0.0 0.4280399680137634
0.0 0.0 0.5283694863319397
0.0 0.0 0.45329710841178894
0.004700723569840193 0.0 0.23113301396369934
0.0 0.0 0.12437353283166885
0.0 0.0 0.15410614013671875
0.08969710022211075 0.05550643429160118 0.23893581330776215
0.059546396136283875 0.1075318232178688 0.2729893922805786
0.1282961666584015 0.09693590551614761 0.22770419716835022
0.2174430787563324 0.08740658313035965 0.1708747297525406
0.31092774868011475 0.0513303317129612 0.10331938415765762
0.2824614942073822 0.1365184634923935 0.08194485306739807
0.14186310768127441 0.23890049755573273 0.07018913328647614
0.16523633897304535 0.13362334668636322 0.06473977118730545
0.2653892934322357 0.014360063709318638 0.06321697682142258
0.33120492100715637 0.0 0.08388888090848923
0.2916380763053894 0.0 0.08986581861972809
0.19586972892284393 0.009163244627416134 0.0763968750834465
0.0927601307630539 0.08070773631334305 0.046754296869039536
0.1090078130364418 0.05207502469420433 0.019047565758228302
0.10145987570285797 0.05099884048104286 0.02644689381122589
0.09500331431627274 0.02974095568060875 0.028450123965740204
0.11943861097097397 0.000963372178375721 0.035010822117328644
0.04259390011429787 0.02980140969157219 0.03967827931046486
0.05543619394302368 0.0 0.026783518493175507
0.1281580626964569 0.0 0.0
0.1774076372385025 0.0 0.0
0.15504027903079987 0.0 0.0
0.05578027665615082 0.0 0.0
0.005509113892912865 0.017222236841917038 0.01149084884673357
0.04379897937178612 0.0054111173376441 0.022518198937177658
0.0 0.016242992132902145 0.0
0.0 0.0003638947382569313 0.0
0.036620963364839554 0.0 0.0
0.05361858755350113 0.0 0.0
0.022481173276901245 0.0001500425860285759 0.019083254039287567
0.011684451252222061 0.0 0.028531618416309357
0.012006161734461784 0.0 0.0
0.0 0.0 0.0
0.0 0.0 0.0
0.017243534326553345 0.0 0.0017727073282003403
0.022520320490002632 0.0 0.009341410361230373
0.0 0.0 0.0015732357278466225
0.0 0.0 0.0005636317655444145
0.012994194403290749 0.0 0.0017716418951749802
0.022607939317822456 0.0 0.0018882881850004196
0.010875383391976357 0.0012845499441027641 0.006151209585368633
0.03742656856775284 0.0 0.01596895232796669
0.042448755353689194 0.0 0.0470067635178566
0.013552393764257431 0.0 0.056364044547080994
0.0 0.022562675178050995 0.025011185556650162
0.0 0.0 0.0012262258678674698
0.0 0.0 0.0
0.006401805207133293 0.0 0.01658281311392784
0.0 0.0 0.02819046750664711
0.0 0.03432532399892807 0.033094145357608795
0.0 0.005622838623821735 0.03299001604318619
0.0 0.0 0.042768608778715134
0.0 0.0 0.0203101709485054
0.0 0.0 0.0
0.0 0.0 0.0
0.0 0.0 0.02547883614897728
0.03255804255604744 0.0 0.14116334915161133
0.11157003790140152 0.0 0.21180875599384308
0.013700198382139206 0.0 0.20821614563465118
0.006886083632707596 0.0 0.18117542564868927
0.08948615938425064 0.019732020795345306 0.1490824669599533
0.20295758545398712 0.0 0.10294108092784882
0.333698034286499 0.0 0.031188061460852623
0.4945790469646454 0.0 0.0
0.7652917504310608 0.0 0.0
1.3018600940704346 0.0 0.0
1.5720216035842896 0.0 0.0
1.4251010417938232 0.0 0.0
1.355757474899292 0.0 0.0
1.6126965284347534 0.15934132039546967 0.0
1.9662474393844604 0.3992860019207001 0.0
2.1497445106506348 0.4605293869972229 0.0
2.2904412746429443 0.32205671072006226 0.0
2.319286823272705 0.41657817363739014 0.0
2.095440149307251 0.6940500140190125 0.0
1.8648526668548584 0.8120285272598267 0.005932506173849106
1.722856879234314 0.7470791339874268 0.10579358786344528
1.5252304077148438 0.5164315104484558 0.19387869536876678
1.2417027950286865 0.23621293902397156 0.22111937403678894
0.9279406070709229 0.15395081043243408 0.2081037163734436
0.5614259839057922 0.25583723187446594 0.16310854256153107
0.16139788925647736 0.43877774477005005 0.06783049553632736
0.0 0.5258157253265381 0.0
0.0 0.4955486059188843 0.0
0.0 0.38211578130722046 0.0
0.0 0.17828013002872467 0.006178582087159157
0.0 0.04269272834062576 0.0
0.0 0.0900178998708725 0.0
0.0 0.20316869020462036 0.0
0.0 0.20246881246566772 0.01685306429862976
0.0 0.07947710901498795 0.1552538126707077
0.0 0.0 0.23099811375141144
0.0 0.0 0.20730982720851898
0.0 0.0 0.0887829139828682
0.0 0.0 0.0
0.0 0.0 0.0
0.0 0.0 0.0
0.0 0.0 0.0
0.0 0.0 0.0
0.0 0.0 0.0
0.0 0.0 0.0
0.0 0.0 0.0
0.0 0.0 0.0
0.0 0.0 0.0
0.0 0.0 0.039985015988349915
0.0 0.27012428641319275 0.12091156095266342
0.15677890181541443 0.23464858531951904 0.07139593362808228
0.6615765690803528 0.0 0.0
1.413144826889038 0.0 0.0
1.8551896810531616 0.0 0.0
1.7740724086761475 0.0 0.0
1.7222707271575928 0.08180774003267288 0.0
1.9691029787063599 0.1904846727848053 0.0
2.3553740978240967 0.11213661730289459 0.0
2.445502758026123 0.15463879704475403 0.0
2.296602249145508 0.23335519433021545 0.0
2.1267929077148438 0.31188035011291504 0.0
1.9270164966583252 0.42655980587005615 0.13136380910873413
1.500327229499817 0.5513970851898193 0.23433786630630493
1.0894949436187744 0.6329755187034607 0.2411816567182541
0.948488175868988 0.5783434510231018 0.14131098985671997
0.7503500580787659 0.621368944644928 0.11169503629207611
0.35861241817474365 0.6199886202812195 0.11739233136177063
0.0073950085788965225 0.5473253726959229 0.11578511446714401
0.0 0.4352392852306366 0.09142304956912994
0.0 0.32554155588150024 0.03221458941698074
0.0 0.2029930055141449 0.0
0.0 0.23848870396614075 0.0
0.0 0.31949058175086975 0.0
0.0 0.2739633321762085 0.0
0.0 0.09575258195400238 0.010058419778943062
0.0 0.0 0.1035204604268074
0.0 0.0 0.15678341686725616
0.0 0.0 0.17942774295806885
0.0 0.0 0.17347344756126404
0.0 0.1465345323085785 0.14346468448638916
0.0 0.2894490659236908 0.12496210634708405
0.0 0.21866491436958313 0.10475936532020569
0.0 0.0 0.10250207036733627
0.0 0.0 0.018742987886071205
0.0 0.0 0.0
0.0 0.0 0.0037730932235717773
0.0 0.0 0.011018490418791771
0.14727994799613953 0.0 0.0
0.3325219750404358 0.0 0.0
0.48987483978271484 0.0 0.0
0.6329891085624695 0.0 0.0
0.9732664823532104 0.0 0.0
1.371355414390564 0.0 0.0
1.6157068014144897 0.0 0.0
1.9038571119308472 0.0 0.0
2.1785402297973633 0.0 0.0
2.4129841327667236 0.0 0.0
2.2242164611816406 0.0 0.0
1.782171607017517 0.0571865513920784 0.04645930230617523
1.43613862991333 0.3776004910469055 0.11882351338863373
1.308813452720642 0.378793329000473 0.15067332983016968
1.335146188735962 0.14166522026062012 0.14909939467906952
1.23043954372406 0.005820830352604389 0.14013493061065674
0.9675890803337097 0.0 0.16845515370368958
0.7345318794250488 0.025671113282442093 0.21216562390327454
0.5767086744308472 0.14397032558918 0.2173824906349182
0.33657652139663696 0.4072815775871277 0.15280668437480927
0.0737622082233429 0.5982845425605774 0.10379467904567719
0.0 0.6988402009010315 0.08843623101711273
0.0 0.6877518892288208 0.06440306454896927
0.0 0.5533570647239685 0.023111552000045776
0.0 0.4796133041381836 0.0
0.0 0.5119150280952454 0.0
0.0 0.6782963275909424 0.0
0.0 0.6914355158805847 0.0
0.0 0.4673316180706024 0.0
0.0 0.14334075152873993 0.0
0.0 0.0 0.0
0.0 0.0 0.0
0.0 0.0 0.0
0.0 0.0 0.0
0.0 0.0 0.0
0.0 0.005476897582411766 0.0
0.0 0.027427468448877335 0.019789256155490875
0.0 0.0 0.11247605085372925
0.0 0.0 0.06078702211380005
0.0 0.0 0.0
0.0 0.0 0.0
0.0 0.0 0.0
0.0 0.0 0.0
0.13232138752937317 0.0 0.0
0.40590527653694153 0.0 0.0
0.5700912475585938 0.0 0.0
0.89427250623703 0.0 0.0
1.2002063989639282 0.0 0.0
1.6632603406906128 0.0 0.0
2.00984263420105 0.0 0.0
1.9672654867172241 0.0 0.0
1.7250275611877441 0.0 0.0
1.5460399389266968 0.055160295218229294 0.0
1.5221037864685059 0.2505481541156769 0.0
1.544242024421692 0.20790216326713562 0.0
1.4949527978897095 0.16117434203624725 0.0
1.227791428565979 0.19982001185417175 0.01040401216596365
0.9432494044303894 0.1725095510482788 0.0705038383603096
0.7078491449356079 0.12280725687742233 0.12247542291879654
0.47979679703712463 0.24450838565826416 0.1077721118927002
0.20324136316776276 0.45046287775039673 0.04798813909292221
0.0 0.4977518320083618 0.04453694820404053
0.0 0.5088047385215759 0.05818697810173035
0.0 0.5517830848693848 0.06968730688095093
0.0 0.5351260900497437 0.09931284934282303
0.0 0.5120396614074707 0.07256671786308289
0.0 0.5634965300559998 0.020407265052199364
0.0 0.5499415397644043 0.00016537681221961975
0.0 0.6543835401535034 0.0
0.0 0.6065859198570251 0.024014782160520554
0.0 0.36306142807006836 0.045568812638521194
0.0 0.09086795896291733 0.0815260112285614
0.0 0.0 0.12819817662239075
0.0 0.0 0.1395706832408905
0.0 0.0 0.11156727373600006
0.0 0.20567017793655396 0.05996851995587349
0.0 0.33603885769844055 0.05189621448516846
0.0 0.2942248284816742 0.05247199162840843
0.0 0.24967624247074127 0.02141287550330162
0.0 0.10311637073755264 0.0
0.0 0.09566617757081985 0.0
0.0 0.1121349036693573 0.0
0.0 0.04572179168462753 0.0
0.0 0.0 0.0
0.0 0.0 0.0
0.0 0.0 0.0
0.02307872846722603 0.0 0.0
0.2786380648612976 0.0 0.0
0.5806024074554443 0.0 0.0
0.8842357993125916 0.0 0.0
0.948018491268158 0.0 0.0
0.7771879434585571 0.0 0.0
0.6366593241691589 0.0 0.0
0.5623270273208618 0.0 0.0
0.655786395072937 0.0 0.0
0.6044754981994629 0.23650506138801575 0.0
0.506137490272522 0.28126880526542664 0.0
0.505391538143158 0.053610339760780334 0.0
0.5026516914367676 0.0 0.0
0.28932321071624756 0.0 0.0
0.027873750776052475 0.10644052922725677 0.0290987566113472
0.0 0.2000754028558731 0.07198497653007507
0.0 0.11696694791316986 0.10303343832492828
0.03234679624438286 0.0 0.08733490109443665
0.027154963463544846 0.0 0.067939892411232
0.0 0.0 0.030093450099229813
0.0 0.05044517293572426 0.0
0.0 0.00580659881234169 0.0
0.0 0.0 0.0
0.0 0.0 0.0
0.0 0.0 0.0
0.0 0.01540143508464098 0.0
0.0 0.0 0.0035878047347068787
0.023479534313082695 0.0 0.01786527782678604
0.023771950975060463 0.014068257994949818 0.0
0.005842751357704401 0.053496357053518295 0.0
0.0 0.0684249997138977 0.0
0.023941975086927414 0.025820821523666382 0.0
0.046212125569581985 0.005536586046218872 0.0
0.04508587718009949 0.00976728368550539 0.0011813146993517876
0.03227101266384125 0.01085198950022459 0.0021251393482089043
0.0 0.0278586708009243 0.02211402729153633
0.0 0.07369726151227951 0.00592041015625
0.0 0.04614606499671936 0.0
0.025081807747483253 0.0 0.0
0.06313571333885193 0.0 0.0
0.035258546471595764 0.0 0.009336713701486588
0.0 0.02375926822423935 0.0
0.0 0.09613598883152008 0.0
0.0 0.0 0.0
0.07803796231746674 0.0 0.0
0.09097586572170258 0.0 0.0
0.034661732614040375 0.0 0.0
0.0 0.0 0.0
0.0 0.035406336188316345 0.01007920317351818
0.0 0.03326195850968361 0.014355706050992012
0.0 0.0 0.0
0.02584613487124443 0.0 0.0
0.0 0.0 0.0
0.0 0.04386693239212036 0.03653477877378464
0.0 0.053222350776195526 0.08060689270496368
0.032440654933452606 0.0 0.08753937482833862
0.060285601764917374 0.0 0.07056252658367157
0.04020936042070389 0.0 0.04895469546318054
0.0 0.0 0.045233726501464844
0.0 0.06623242050409317 0.04165017977356911
0.0 0.107694111764431 0.048077184706926346
0.0 0.12575434148311615 0.055538829416036606
0.0 0.09168371558189392 0.05882437154650688
0.0 0.0 0.03258584439754486
0.047051820904016495 0.0 0.005205351859331131
0.050481971353292465 0.0 0.0
0.020531265065073967 0.01725023239850998 0.0030969269573688507
0.0021309521980583668 0.055443424731492996 0.03401809185743332
0.02120078355073929 0.02135283499956131 0.042644601315259933
0.02566157840192318 0.0 0.019083084538578987
0.023753156885504723 0.0 0.0
0.007777386344969273 0.0 0.0
0.0 0.0 0.0005775764584541321
0.0 0.0 0.003560849465429783
0.0 0.0 0.0
0.0 0.0 0.00036745332181453705
0.0 0.0 0.01223929226398468
0.0 0.0 0.028384707868099213
0.0 0.0 0.03053867071866989
0.01915787160396576 0.0 0.02425973489880562
0.02894619107246399 0.0 0.0061842650175094604
0.01829194836318493 0.0 0.01048207376152277
0.01287987269461155 0.0 0.01790616661310196
0.044870562851428986 0.002232203260064125 0.021451100707054138
0.013994138687849045 0.005507359281182289 0.014743397943675518
0.0 0.0002803727984428406 0.002752249129116535
0.0 0.0045824432745575905 0.0
0.0 0.0056413160637021065 0.0
0.0 0.0 0.0
0.0 0.0 0.0
0.0 0.0 0.0
0.0 0.006662105210125446 0.014288797043263912
0.0 0.0 0.025237850844860077
0.03526214137673378 0.0 0.016978587955236435
0.02787000872194767 0.0 0.008337697945535183
0.009713374078273773 0.0 0.01030683796852827
0.0 0.0 0.0037783654406666756
0.0 0.018490003421902657 0.0
0.0 0.0 0.0
0.021644603461027145 0.0 0.0
0.022433165460824966 0.0 0.018983684480190277
0.0 0.0013216687366366386 0.009154221974313259
0.0 0.023702606558799744 0.0
0.015078311786055565 0.002323816530406475 0.012607277370989323
0.029876433312892914 0.0 0.021184254437685013
0.014017041772603989 0.0 0.003874504938721657
0.0014194916002452374 0.0 0.0
0.0024173781275749207 0.0 0.0
0.002276230603456497 0.011913591995835304 0.013578797690570354
0.0 0.021486058831214905 0.021974414587020874
0.0 0.0 0.015482158400118351
0.0 0.0 0.0
0.00031161680817604065 0.0 0.0
0.0 0.0 0.0
0.0012024440802633762 0.00022524502128362656 0.012461868114769459
0.010750409215688705 0.0 0.017895247787237167
0.0 0.006636805832386017 0.007077756337821484
0.0 0.014128277078270912 0.0
0.018442416563630104 0.016190096735954285 0.0
0.028938468545675278 0.0012289909645915031 0.013810492120683193
0.01937505602836609 0.006575819104909897 0.010527347214519978
0.0 0.04816081374883652 0.0
0.0 0.07802124321460724 0.0
0.0 0.08133234828710556 0.0
0.0 0.041041918098926544 0.0
0.0 0.0 0.0
0.0 0.010531412437558174 0.0
0.0 0.018975496292114258 0.0
0.0 0.0 0.0
0.0 0.0 0.0
0.0 0.0 0.0
0.04727862402796745 0.0 0.0
0.0472693033516407 0.0 0.0
0.044765930622816086 0.0 0.02888290025293827
0.049931399524211884 0.0 0.04494522511959076
0.058702252805233 0.0 0.021516328677535057
0.056864138692617416 0.0 0.0
0.04946667701005936 0.0 0.0
0.07280076295137405 0.0 0.0
0.0591062530875206 0.0 0.0
0.029669269919395447 0.012154164724051952 0.0
0.0012381626293063164 0.03360220044851303 0.0
0.04299812391400337 0.0335710383951664 0.0
0.07910686731338501 0.01962193474173546 0.0
0.09491778910160065 0.0 0.0
0.10989407449960709 0.0 0.0
0.13251201808452606 0.0 0.0
0.16901437938213348 0.0 0.0
0.2363145798444748 0.0 0.0
0.30405741930007935 0.0 0.0
0.3070681095123291 0.0 0.0
0.2453213930130005 0.0 0.0
0.15655957162380219 0.10643166303634644 0.0
0.10280527174472809 0.23389853537082672 0.02598857320845127
0.1258661150932312 0.2475126087665558 0.06899569928646088
0.24591128528118134 0.19115160405635834 0.010186443105340004
0.26583731174468994 0.1095595508813858 0.0
0.18381968140602112 0.15228091180324554 0.0
0.1421145796775818 0.2033344954252243 0.0
0.1871747374534607 0.26177331805229187 0.0
0.20997832715511322 0.2406216859817505 0.0
0.10161776840686798 0.15070031583309174 0.0
0.0 0.0 0.0
0.0 0.0 0.0
0.0 0.0 0.0
0.0 0.0 0.0
0.0 0.0 0.0
0.0 0.0 0.0
0.0 0.0 0.0
0.0 0.0 0.0
0.0 0.0 0.15559503436088562
0.2128971517086029 0.0 0.5679692625999451
0.8596676588058472 0.0 1.2190810441970825
1.723183274269104 0.0 2.0721840858459473
2.7742183208465576 0.0 2.461864948272705
3.1906321048736572 0.0 2.5896692276000977
2.9653031826019287 0.0 2.9610984325408936
3.3573594093322754 0.0 3.2154810428619385
3.8248119354248047 0.0 3.2026684284210205
3.7090213298797607 0.0 2.9964053630828857
3.865887403488159 0.0 2.618358850479126
3.5194027423858643 0.0 2.694347381591797
3.0314409732818604 0.0 2.8691372871398926
2.5377042293548584 0.0 2.3504204750061035
2.0733227729797363 0.0 1.5189493894577026
2.466169595718384 0.0 0.9266442060470581
3.7835047245025635 0.0 0.9582210183143616
4.458439826965332 0.0 1.387041687965393
4.306704521179199 0.0 1.4441664218902588
4.4608235359191895 0.6887489557266235 1.1970006227493286
4.9324140548706055 0.9344042539596558 0.9332919716835022
5.064609050750732 1.5220751762390137 0.9311758279800415
4.305060386657715 3.0222694873809814 1.0203267335891724
3.327519655227661 3.823469877243042 0.508914053440094
2.9901657104492188 3.0093462467193604 0.0
2.583503007888794 2.0079798698425293 0.0
2.090754508972168 1.5416544675827026 0.0
2.18070125579834 1.1654456853866577 0.0
2.659334421157837 0.6670303344726562 0.0
2.9529612064361572 0.7030245661735535 0.0
3.0513556003570557 1.1631075143814087 0.0
3.293426990509033 1.272120475769043 0.0
3.4364254474639893 1.4160654544830322 0.0
3.6045191287994385 1.5289565324783325 0.0
3.8345539569854736 1.4483575820922852 0.0
3.7831289768218994 1.5426750183105469 0.0
3.6168811321258545 1.625298261642456 0.0
3.4804928302764893 1.4435572624206543 0.0
3.208343982696533 1.4394464492797852 0.0
3.2279465198516846 1.3460479974746704 0.0
3.4659581184387207 1.2178047895431519 0.0
3.4739651679992676 1.5124276876449585 0.0
3.3484818935394287 1.6468355655670166 0.0
3.0318782329559326 1.7750962972640991 0.0
2.7992401123046875 1.378050684928894 0.0
2.274949073791504 1.1797714233398438 0.0
1.7298712730407715 0.8517144322395325 0.0
1.2721697092056274 0.16960695385932922 0.0
0.7322529554367065 0.0 0.0
0.3558449447154999 0.0 0.0
0.1445753276348114 0.0 0.0
0.07624419778585434 0.0 0.0
0.15416990220546722 0.0 0.0
0.0 0.0 0.0
0.015019988641142845 0.0 0.0
0.15562744438648224 0.0 0.0
0.0 0.0 0.0
0.0 0.0 0.0
0.0 0.0 0.0
0.0 0.0 0.0
0.0 0.0 0.0
0.0 0.0 0.0
0.0 0.0 0.0
0.0 0.0 0.0
0.0 0.0 0.0
0.0 0.0 0.0
0.0 0.0 0.0
0.0 0.0 0.0
0.0 0.0 0.0
0.0 0.0 0.0
0.0 0.0 0.0
0.0 0.0 0.0
0.0 0.0 0.0
0.0 0.0 0.0
0.0 0.0 0.0
0.0 0.0 0.0
0.0 0.0 0.0
0.0 0.0 0.0
0.0 0.0 0.0
0.0 0.0 0.0
0.0 0.0 0.0
0.0 0.0 0.0
0.0 0.0 0.0
0.0 0.0 0.0
0.0 0.0 0.0
0.0 0.0 0.0
0.0 0.0 0.0
0.0 0.0 0.0
0.0 0.0 0.0
0.0 0.0 0.0
0.0 0.0 0.0
0.0 0.0 0.3288803994655609
0.0 0.0 0.5156161785125732
0.0 0.0 0.36901023983955383
0.0 0.0 0.20540480315685272
0.0 0.0 0.05432845652103424
0.0 0.0 0.0
0.0 0.0 0.13049300014972687
0.0 0.0 0.2791226804256439
0.0 0.0 0.31149420142173767
0.0 0.0 0.14325833320617676
0.0 0.0 0.04674962908029556
0.0 0.0 0.137859046459198
0.0 0.0 0.30919697880744934
0.0 0.0 0.4129345417022705
0.036595650017261505 0.0 0.37851160764694214
0.05542340129613876 0.0 0.2219795137643814
0.10135520994663239 0.0 0.12111120671033859
0.16040894389152527 0.002805357798933983 0.09845996648073196
0.24517177045345306 0.026851307600736618 0.1624152511358261
0.33767229318618774 0.0 0.19101086258888245
0.35024774074554443 0.0 0.2102934718132019
0.18808041512966156 0.07394839078187943 0.11606311798095703
0.1269720494747162 0.08817233890295029 0.04071669653058052
0.19529996812343597 0.014731676317751408 0.027273062616586685
0.2603799104690552 0.0 0.019155748188495636
0.24438390135765076 0.0 0.017927762120962143
0.22257979214191437 0.0 0.057113245129585266
0.15630090236663818 0.0 0.07476095110177994
0.1137196272611618 0.023218903690576553 0.07455988228321075
0.1616048663854599 0.0 0.0823885127902031
0.1864185929298401 0.0 0.04937063902616501
0.15885834395885468 0.0 0.02874951809644699
0.11727814376354218 0.0 0.026232298463582993
0.09052588790655136 0.0 0.03672408685088158
0.09573902934789658 0.0 0.05179784446954727
0.15648627281188965 0.0 0.04895811527967453
0.1301278918981552 0.0 0.024272210896015167
0.10150930285453796 0.0 0.006935033015906811
0.14821448922157288 0.0 0.023243166506290436
0.16070550680160522 0.0 0.04998582974076271
0.07242651283740997 0.0 0.037725433707237244
0.0 0.07050545513629913 0.0029863640666007996
0.0 0.03438926488161087 0.0
0.021601419895887375 0.0 0.0
0.022865623235702515 0.0 0.0
0.015525417402386665 0.0 0.0
0.0057196589186787605 0.0 0.0
0.023536739870905876 0.0 0.018011387437582016
0.013934710994362831 0.009798170067369938 0.020103830844163895
0.0 0.0 0.0
0.0 0.0 0.0
0.01236424595117569 0.0 0.0
0.03142555430531502 0.0 0.0
0.01951456628739834 0.0 0.0
0.032185886055231094 0.0 0.006329163908958435
0.018310818821191788 0.008766462095081806 0.00946104247123003
0.0 0.011021626181900501 0.0
0.0 0.0 0.0
0.03368551284074783 0.0 0.0
0.03570392355322838 0.0 0.0
0.0 0.03431070223450661 0.02302585169672966
0.0 0.027848541736602783 0.03914516791701317
0.0459379181265831 0.0 0.016032923012971878
0.03681206330657005 0.0 0.0
0.007020080462098122 0.0 0.0
0.031240465119481087 0.0 0.0
0.06523225456476212 0.0 0.0022169770672917366
0.014264410361647606 0.0 0.0
0.002644773107022047 0.0 0.0
0.023843839764595032 0.0 0.0
0.012243643403053284 0.0 0.0
0.0 0.0 0.0
0.0 0.0 0.0
0.0 0.0 0.002466355450451374
0.0 0.0 0.030242061242461205
0.0 0.0 0.034400321543216705
0.0 0.0 0.04703861474990845
0.0 0.0 0.0361580029129982
0.0 0.0 0.024767132475972176
0.0 0.0 0.04109764099121094
0.024221209809184074 0.0 0.054303720593452454
0.10758427530527115 0.0 0.03248097747564316
0.25650104880332947 0.0 0.0
0.5003201365470886 0.0 0.0
0.9498220086097717 0.0 0.0
1.3447868824005127 0.0 0.0
1.4844050407409668 0.0 0.0
1.4014954566955566 0.0 0.0
1.3360400199890137 0.19596479833126068 0.0
1.334367036819458 0.6625970005989075 0.0
1.5974458456039429 0.6693249344825745 0.0
1.8255327939987183 0.46330249309539795 0.04073598235845566
1.8324495553970337 0.2129935771226883 0.1617816984653473
1.6388212442398071 0.013052504509687424 0.2809874713420868
1.3635129928588867 0.0 0.37422794103622437
1.1564843654632568 0.06994001567363739 0.388526976108551
0.8722681403160095 0.2577762305736542 0.34463250637054443
0.4067525863647461 0.4555788040161133 0.28934445977211
0.0 0.5299800634384155 0.23823653161525726
0.0 0.41485345363616943 0.22884303331375122
0.0 0.16440659761428833 0.1964121162891388
0.0 0.1405089944601059 0.07825592905282974
0.0 0.2559029757976532 0.0
0.0 0.2858867049217224 0.0
0.0 0.2008836567401886 0.08997729420661926
0.0 0.05989031493663788 0.15773023664951324
0.0 0.0 0.15113651752471924
0.0 0.0 0.0984560027718544
0.0 0.0 0.061894796788692474
0.0 0.0 0.009112806990742683
0.0 0.16190403699874878 0.0
0.0 0.39250314235687256 0.0
0.0 0.2557450532913208 0.0
0.0 0.0 0.0
0.0 0.0 0.0
0.0 0.0 0.0
0.0 0.0 0.0
0.0 0.0 0.0
0.0 0.0 0.0
0.07375960052013397 0.0 0.0
0.21844887733459473 0.0 0.0
0.3669818937778473 0.0 0.0
0.6448885798454285 0.0 0.0
0.9800199866294861 0.0 0.0
1.2333498001098633 0.0 0.0
1.368404746055603 0.0 0.0
1.2514967918395996 0.0 0.0
1.1424978971481323 0.0 0.0
1.112637996673584 0.07154463231563568 0.0
1.112044095993042 0.21941424906253815 0.0
1.0311028957366943 0.26107433438301086 0.0
0.9486351609230042 0.14956140518188477 0.0
0.9129948616027832 0.12822522222995758 0.0
0.8678883910179138 0.126084566116333 0.02259712666273117
0.8371232748031616 0.18890321254730225 0.013946911320090294
0.7806013822555542 0.2347189038991928 0.016735773533582687
0.6492127776145935 0.2997482419013977 0.03806876018643379
0.49449750781059265 0.2905009388923645 0.0332883857190609
0.3678751289844513 0.2728250026702881 0.0
0.28903064131736755 0.2677149474620819 0.0
0.14794088900089264 0.28278815746307373 0.0030937306582927704
0.0 0.37788164615631104 0.015704065561294556
0.0 0.5571613907814026 0.012919463217258453
0.0 0.6672018766403198 0.030503783375024796
0.0 0.6666836142539978 0.025679469108581543
0.0 0.46604159474372864 0.04244166985154152
0.0 0.1631738841533661 0.0817083865404129
0.0 0.0 0.09209391474723816
0.0 0.0 0.054576363414525986
0.0 0.0 0.025139644742012024
0.0 0.11664260178804398 0.04468351975083351
0.0 0.0939902812242508 0.09446145594120026
0.0 0.0 0.10197317600250244
0.0 0.0 0.06569986045360565
0.0 0.0 0.016763737425208092
0.0 0.0 0.0
0.0 0.0 0.0
0.0 0.0 0.0
0.0 0.0 0.0
0.0 0.0 0.0
0.034124307334423065 0.0 0.0
0.04992697015404701 0.0 0.0
0.1438302993774414 0.0 0.0
0.34008049964904785 0.0 0.0
0.45998772978782654 0.0 0.0
0.5896008014678955 0.0 0.0
1.0035569667816162 0.0 0.0
1.621612787246704 0.0 0.0
1.8542066812515259 0.0 0.0
1.5910351276397705 0.0 0.0
1.2791558504104614 0.0 0.0
1.1543081998825073 0.05560477077960968 0.0
1.183976650238037 0.08203158527612686 0.0
1.2629057168960571 0.05635871738195419 0.0
1.3277020454406738 0.03911874443292618 0.02477721869945526
1.2426955699920654 0.0 0.0802798941731453
1.017914891242981 0.0 0.14316457509994507
0.8191096186637878 0.0012547178193926811 0.18088985979557037
0.6216311454772949 0.12169510871171951 0.202810600399971
0.3702527582645416 0.27112454175949097 0.17728100717067719
0.13484397530555725 0.3376295566558838 0.14309559762477875
0.0 0.29979828000068665 0.11770236492156982
0.0 0.1928209662437439 0.0849582627415657
0.0 0.07302344590425491 0.06611240655183792
0.0 0.0883382186293602 0.04094553366303444
0.0 0.2258707880973816 0.04154714196920395
0.0 0.3526817262172699 0.04780663549900055
0.0 0.2900061011314392 0.07356153428554535
0.0 0.11250533908605576 0.06438454985618591
0.0 0.0 0.0
0.0 0.0 0.0
0.0 0.12520596385002136 0.0
0.0 0.3721656799316406 0.0
0.0 0.5838773846626282 0.0
0.0 0.6518924236297607 0.0
0.0 0.4968860149383545 0.0
0.0 0.17457963526248932 0.0
0.0 0.0 0.0
0.0 0.0 0.0
0.0 0.0 0.0
0.0 0.0 0.0
0.0 0.0 0.0
0.0 0.0 0.0
0.23215562105178833 0.0 0.0
0.33326491713523865 0.0 0.0
0.23068208992481232 0.0 0.0
0.22559118270874023 0.014841100201010704 0.0
0.4202064871788025 0.0 0.0
0.7804738283157349 0.0 0.0
1.1185698509216309 0.0 0.0
1.260872483253479 0.0 0.0
1.1403521299362183 0.0 0.0
0.8553014397621155 0.0 0.0
0.6463192105293274 0.19831745326519012 0.0
0.6134363412857056 0.32450681924819946 0.0
0.6745201945304871 0.23589545488357544 0.057349808514118195
0.6506021022796631 0.06577298790216446 0.07472080737352371
0.5469620227813721 0.0 0.07013324648141861
0.37628722190856934 0.05354695022106171 0.07621430605649948
0.2193600982427597 0.17812900245189667 0.09961939603090286
0.13612033426761627 0.24842208623886108 0.10969892889261246
0.11813494563102722 0.1996380239725113 0.08692650496959686
0.0852973684668541 0.11478918045759201 0.050000712275505066
0.00027142511680722237 0.10446010529994965 0.013863477855920792
0.0 0.15997423231601715 0.017080577090382576
0.0 0.1983487904071808 0.039757393300533295
0.0 0.13875256478786469 0.05244576185941696
0.0 0.06235180422663689 0.017929060384631157
0.0 0.0 0.0
0.0 0.0 0.0
0.0 0.0086100148037076 0.0
0.0 0.0681883841753006 0.01114891842007637
0.0 0.0 0.009312935173511505
0.0 0.0 0.0
0.0 0.0 0.0
0.0 0.0 0.0
0.0 0.0 0.0
0.0 0.07058443129062653 0.020367184653878212
0.0 0.11624965816736221 0.027053048834204674
0.0 0.07358767837285995 0.0265494454652071
0.10366066545248032 0.0 0.004805268719792366
0.15289798378944397 0.0 0.0
0.1316843032836914 0.0 0.0
0.045344095677137375 0.03327248618006706 0.0
0.0 0.11948886513710022 0.0
0.0 0.05143178254365921 0.0
0.04001963883638382 0.0 0.0
0.05397886410355568 0.0 0.0
0.022001486271619797 0.0 0.0
0.0 0.019674915820360184 0.0
0.0 0.03555801138281822 0.0
0.0 0.019556671380996704 0.0
0.008825764991343021 0.0 0.0
0.04175868257880211 0.0 0.0019852472469210625
0.018337244167923927 0.0 0.0
0.0 0.028046030551195145 0.0
0.0 0.04400582239031792 0.0024622194468975067
0.0 0.0 0.011279147118330002
0.023610305041074753 0.0 0.005064127966761589
0.011004762724041939 0.0 0.0
0.0013247053138911724 0.0 0.0
0.0 0.0 0.013453617691993713
0.009670520201325417 0.0 0.01788245514035225
0.02683405950665474 0.0 0.0051445551216602325
0.02586786448955536 0.0 0.0
0.01636437512934208 0.0 0.0
0.010939249768853188 0.0077455537393689156 0.0
0.015199242159724236 0.0 0.0
0.01541043072938919 0.0 0.0
0.007086275611072779 0.0 0.0
0.001708554569631815 0.0 0.0
0.004636167548596859 0.0 0.0
0.01609761267900467 0.0 0.013644936494529247
0.022463101893663406 0.0 0.017995476722717285
0.020388498902320862 0.002384697087109089 0.013736016117036343
0.03637518733739853 0.003407883457839489 0.01603565737605095
0.04576230049133301 0.0 0.036406442523002625
0.032078713178634644 0.006593823432922363 0.019208014011383057
0.019497670233249664 0.0035138772800564766 0.0
0.01940978690981865 0.0 0.0029984181746840477
0.007576297037303448 0.0 0.012501907534897327
0.0 0.0 0.0
0.0 0.0 0.0
0.0 0.0 0.0
0.0 0.0 0.0
0.0 0.008962705731391907 0.0
0.0 0.02053280733525753 0.006083156913518906
0.028810745105147362 0.020388998091220856 0.02776661515235901
0.03939281776547432 0.011834658682346344 0.035322804003953934
0.022452715784311295 0.006605008617043495 0.021248526871204376
0.009740915149450302 0.010915068909525871 0.012588993646204472
0.022619161754846573 0.0 0.003047686070203781
0.015183883719146252 0.0024432865902781487 0.0008644266054034233
0.0 0.0 0.0
0.0 0.0 0.0
0.0 0.0 0.0
0.0 0.0 0.0
0.002428673440590501 0.0 0.0
0.03950413689017296 0.0 0.020278073847293854
0.024506011977791786 0.010821325704455376 0.0298292338848114
0.006391457282006741 0.014054935425519943 0.027522139251232147
0.0 0.014166520908474922 0.013337341137230396
0.00011278828606009483 0.0 0.012441187165677547
0.026532677933573723 0.0 0.03398482874035835
0.010407237336039543 0.0 0.04557863622903824
0.0 0.0 0.04424306005239487
0.0 0.0 0.037789955735206604
0.0 0.0 0.014397013001143932
0.0 0.0 0.0059265634045004845
0.0032449322752654552 0.0 0.01669052615761757
0.0 0.0 0.013410045765340328
0.006443655118346214 0.0 0.018900420516729355
0.02241942472755909 0.0 0.022268250584602356
0.006532870698720217 0.0 0.011450759135186672
0.0 0.0 0.002795484848320484
0.0 0.0 0.0
0.0 0.007849236950278282 0.0
0.0 0.0 0.0017376774922013283
0.023648208007216454 0.0 0.0040676770731806755
0.05361049249768257 0.0 0.0
0.04188805818557739 0.0 0.0
0.03229162469506264 0.0 0.0
0.0 0.062182825058698654 0.0
0.0 0.09191089123487473 0.0004436010494828224
0.0 0.05985868349671364 0.024191539734601974
0.0256933756172657 0.0 0.01591736450791359
0.05036969482898712 0.0 0.0
0.04090721532702446 0.0 0.0
0.0 0.0 0.0
0.0 0.010040263645350933 0.0
0.0 0.002476353198289871 0.01233967486768961
0.014941662549972534 0.0 0.02000398561358452
0.017128117382526398 0.0 0.011403574608266354
0.0 0.0 0.004829294979572296
0.0 0.014227285049855709 0.007902582176029682
0.0 0.018447063863277435 0.013321316801011562
0.004307926632463932 0.0 0.01670326292514801
0.0 0.0 0.014575931243598461
0.0 0.030064038932323456 0.027373749762773514
0.006409427151083946 0.021522480994462967 0.026480261236429214
0.01070084422826767 0.007709198631346226 0.022205088287591934
0.009703224524855614 0.0 0.012518373318016529
0.001133438665419817 0.0 0.015637733042240143
0.0021278630010783672 0.005587990395724773 0.025317523628473282
0.008528504520654678 0.0 0.0231931209564209
0.011920040473341942 0.0 0.0039837416261434555
0.0 0.0 0.0
0.0 0.0 0.0
0.0 0.0 0.0
0.0 0.0 0.0
0.0 0.01110126730054617 0.0
0.0 0.005722479894757271 0.0
0.015116898342967033 0.0 0.005097741261124611
0.017233844846487045 0.0 0.006173391826450825
0.0 0.0 0.0016971509903669357
0.0 0.005725676193833351 0.0
0.004529768135398626 0.0 0.0
0.002324404427781701 0.005659895949065685 0.0060900356620550156
0.001243427162989974 0.010969706811010838 0.008233080618083477
0.0055082133039832115 0.0 0.0060839103534817696
0.00020372914150357246 0.0 0.0028226030990481377
0.0 0.023805610835552216 0.0
0.0 0.019588496536016464 0.0
0.0 0.017420683056116104 0.0
0.0 0.0035432158038020134 0.010228055529296398
0.0 0.0 0.011311163194477558
0.01179167628288269 0.0 0.014624134637415409
0.0 0.0 0.004807989113032818
0.0 0.0 0.0025490960106253624
0.0 0.0 0.025222450494766235
0.004004592541605234 0.0012393146753311157 0.049893442541360855
0.015968844294548035 0.0 0.026479195803403854
0.013012202456593513 0.0 0.0018649306148290634
0.008753275498747826 0.0 0.001843092031776905
0.0 0.0003610048443078995 0.00494061503559351
0.00022370275110006332 0.0 0.0
0.0 0.0 0.0
0.0 0.0 0.0
0.0 0.0 0.0
0.0 0.0 0.0
0.0 0.0 0.0
0.0 0.0 0.0
0.027025755494832993 0.0 0.0
0.07484814524650574 0.0 0.0023581478744745255
0.20696355402469635 0.0 0.013053935952484608
0.3637707531452179 0.0 0.001386093907058239
0.42360371351242065 0.0 0.0
0.32333385944366455 0.0 0.0
0.15796245634555817 0.03504068776965141 0.028037942945957184
0.023657388985157013 0.30419012904167175 0.05214008316397667
0.09676995128393173 0.3127460777759552 0.0005506603047251701
0.334664523601532 0.18087990581989288 0.0
0.4976441264152527 0.02889544516801834 0.0
0.539904773235321 0.02798490971326828 0.0
0.46250078082084656 0.25677016377449036 0.0
0.27832403779029846 0.5055424571037292 0.0
0.10353464633226395 0.5753154158592224 0.0046742986887693405
0.07530727237462997 0.0 0.27705439925193787
0.18904954195022583 0.0 0.4461236000061035
0.1279560923576355 0.0 0.3848858177661896
0.0 0.0 0.3533198833465576
0.0 0.0 0.48833149671554565
0.0 0.0 0.8646209836006165
0.13900741934776306 0.0 1.2754714488983154
0.6966083645820618 0.0 1.360622763633728
0.6413989067077637 0.0 1.2177633047103882
0.8401279449462891 0.0 1.208261251449585
1.5965349674224854 0.0 1.5304824113845825
2.727146625518799 0.0 2.0192103385925293
2.5723509788513184 0.0 2.2901408672332764
1.4108495712280273 0.0 1.587695598602295
1.6555538177490234 0.0 1.5583339929580688
2.8315908908843994 0.0 2.413147211074829
3.6539273262023926 0.0 3.255631923675537
3.4781126976013184 0.0 3.4255082607269287
2.951533317565918 0.0 2.828246593475342
2.497234582901001 0.0 2.571516275405884
2.9335193634033203 0.0 3.030451536178589
3.777925491333008 0.0 3.5925235748291016
4.127814769744873 0.0 3.4671339988708496
4.389615535736084 0.0 3.092109441757202
4.666618824005127 0.0 2.8083109855651855
4.878857135772705 0.13091468811035156 2.6063458919525146
5.055593490600586 0.6056018471717834 2.0925850868225098
5.070703506469727 0.5132604837417603 0.9130158424377441
3.7050583362579346 1.7804287672042847 0.0
2.815199851989746 2.347318410873413 0.0
2.8130295276641846 1.7088326215744019 0.0
3.1817827224731445 0.8574903011322021 0.0
3.4937212467193604 0.6816707849502563 0.0
3.5338804721832275 1.1335375308990479 0.0
3.6205220222473145 1.4590874910354614 0.0
3.7113900184631348 1.810391902923584 0.0
4.081613063812256 1.8992736339569092 0.0
4.477460861206055 2.068192720413208 0.0
4.664344787597656 2.0314652919769287 0.0
4.538433074951172 2.100508689880371 0.0
4.493356704711914 2.088146209716797 0.0
4.428098678588867 2.218909740447998 0.0
4.411397457122803 2.1708731651306152 0.0
3.9905307292938232 2.226142168045044 0.0
3.4821584224700928 1.9715986251831055 0.0
2.923990249633789 1.5832903385162354 0.0
2.521939516067505 1.2762105464935303 0.0
2.078451156616211 0.9265004992485046 0.0
1.4666813611984253 0.768227219581604 0.0
1.1077828407287598 0.49853742122650146 0.0
1.0423338413238525 0.0 0.0
0.661990761756897 0.0 0.0
0.215944305062294 0.0 0.0
0.032760366797447205 0.0 0.0
0.0 0.0 0.0
0.0 0.0 0.0
0.0 0.0 0.0
0.0 0.0 0.0
0.0 0.0 0.0
0.0 0.0 0.0
0.0 0.0 0.0
0.0 0.0 0.0
0.0 0.0 0.0
0.0 0.0 0.0
0.0 0.0 0.0
0.0 0.0 0.0
0.0 0.0 0.0
0.0 0.0 0.0
0.0 0.0 0.0
0.0 0.0 0.0
0.0 0.0 0.0
0.0 0.0 0.0
0.0 0.0 0.0
0.0 0.0 0.0
0.0 0.0 0.0
0.0 0.0 0.0
0.0 0.0 0.0
0.0 0.0 0.0
0.0 0.0 0.0
0.0 0.0 0.0
0.0 0.0 0.0
0.0 0.0 0.0
0.0 0.0 0.0
0.0 0.0 0.0
0.0 0.0 0.008133805356919765
0.0 0.0 0.05691306293010712
0.0 0.0 0.11036190390586853
0.0 0.0 0.19383177161216736
0.0 0.0 0.26144248247146606
0.0 0.0 0.3653087019920349
0.0 0.0 0.49515700340270996
0.0 0.0 0.5681044459342957
0.0 0.0 0.4510771334171295
0.0 0.0 0.3132777214050293
0.0 0.0 0.23905277252197266
0.0 0.0 0.2702154815196991
0.0 0.0 0.3731091022491455
0.014057904481887817 0.0 0.41189324855804443
0.14065392315387726 0.0 0.35128501057624817
0.23347733914852142 0.0 0.2518428564071655
0.31524038314819336 0.0 0.18748225271701813
0.382547527551651 0.0 0.18067948520183563
0.34765079617500305 0.05860990285873413 0.16354842483997345
0.2570092976093292 0.16546204686164856 0.06790925562381744
0.23974056541919708 0.13606607913970947 0.0
0.25472724437713623 0.051049456000328064 0.0
0.22483591735363007 0.028791287913918495 0.0
0.16298240423202515 0.05549320578575134 0.0
0.10074619203805923 0.06717942655086517 0.0
0.07159204035997391 0.06498683989048004 0.025135423988103867
0.03963437303900719 0.06613386422395706 0.019478339701890945
0.039503343403339386 0.022521406412124634 0.025745555758476257
0.0648297369480133 0.0 0.04394586384296417
0.02527753636240959 0.005419119261205196 0.05759749561548233
0.016555150970816612 0.012806195765733719 0.07676400244235992
0.04096835106611252 0.0 0.08436865359544754
0.05379200354218483 0.0 0.08016831427812576
0.019833769649267197 0.0 0.06604477763175964
0.03268112242221832 0.0 0.06080394238233566
0.04332444816827774 0.0 0.0641254335641861
0.046667780727148056 0.0 0.05027087405323982
0.07872611284255981 0.0 0.04304385185241699
0.0850459486246109 0.0 0.054937317967414856
0.08621959388256073 0.0021500494331121445 0.04644396901130676
0.11739295721054077 0.0 0.01994764432311058
0.09741578996181488 0.0 0.0
0.09094031155109406 0.0 0.001608584076166153
0.061103858053684235 0.026821039617061615 0.0014037871733307838
0.06119813397526741 0.002416897565126419 0.0
0.050626982003450394 0.0 0.0
0.023017192259430885 0.0 0.0
0.001756379147991538 0.0 0.0
0.00920177809894085 0.0 0.0
0.0 0.0 0.0
0.01641974411904812 0.0 0.0
0.020493581891059875 0.0 0.0
0.0098063163459301 0.0 0.0
0.006396404467523098 0.0 0.022082433104515076
0.04361248388886452 0.0 0.03199285268783569
0.06386049091815948 0.0 0.031043970957398415
0.052394524216651917 0.0 0.008588196709752083
0.0184064619243145 0.0 0.0
0.013918503187596798 0.0034539327025413513 0.020086394622921944
0.04680641368031502 0.0 0.03419236093759537
0.06299017369747162 0.0 0.012898257002234459
0.035590507090091705 0.0 0.0
0.013195455074310303 0.0 0.0
0.0023167082108557224 0.0 0.0038874512538313866
0.0 0.01950453780591488 0.00808991864323616
0.0011518415994942188 0.00030607637017965317 0.01567540131509304
0.04370675981044769 0.0 0.01909489929676056
0.07255412638187408 0.0 0.011815149337053299
0.05976855009794235 0.0 0.01500614918768406
0.011689437553286552 0.012986451387405396 0.03077818639576435
0.0 0.04279707744717598 0.031708963215351105
0.013947797939181328 0.0 0.015782460570335388
0.04698590934276581 0.0 0.010560533031821251
0.05872512236237526 0.0 0.007403889670968056
0.023664606735110283 0.0 0.0
0.0 0.008950697258114815 0.0
0.0 0.004667269065976143 0.0
0.004494375083595514 0.0 0.0
0.027951763942837715 0.0 0.0
0.04729776456952095 0.0 0.0
0.008128791116178036 0.0 0.0
0.0 0.043017588555812836 0.0
0.00344668747857213 0.041799988597631454 0.006217983551323414
0.04301939532160759 0.0 0.0
0.042153868824243546 0.0 0.0
0.009073680266737938 0.0 0.0
0.02281505987048149 0.0 0.0
0.04633956030011177 0.0 0.0
0.03684777393937111 0.0 0.0
0.01771456003189087 0.0 0.0
0.0 0.014394561760127544 0.0
0.0 0.03244173899292946 0.0
0.0 0.012186533771455288 0.0
0.0 0.0 0.0
0.0 0.011143906973302364 0.0
0.0 0.014253945089876652 0.01939893327653408
0.0 0.0 0.031161051243543625
0.0 0.0 0.03010883554816246
0.0 0.0 0.02228526584804058
0.0 0.0038037020713090897 0.018458835780620575
0.0 0.0 0.008526310324668884
0.0 0.0 0.0075422730296850204
0.0 0.0 0.0
0.0 0.0 0.0
0.0 0.0 0.0
0.0 0.0 0.0
0.0 0.0 0.0
0.0 0.0 0.0
0.0874134823679924 0.0 0.0
0.3004080653190613 0.0 0.0
0.6855160593986511 0.0 0.0
1.341854214668274 0.0 0.0
2.0444540977478027 0.0 0.0
2.5213353633880615 0.0 0.0
2.671771287918091 0.0 0.0
2.9087963104248047 0.30900540947914124 0.0
3.127981185913086 0.4860542118549347 0.0
2.87809681892395 0.5440282821655273 0.0
2.182262420654297 0.7237863540649414 0.15625637769699097
1.6423062086105347 1.022382140159607 0.19456328451633453
1.3151051998138428 1.1198773384094238 0.1659713238477707
1.1125787496566772 0.9903419017791748 0.22655904293060303
0.9631242156028748 0.6714621782302856 0.2870631217956543
0.8572763800621033 0.42257004976272583 0.37280094623565674
0.6180920004844666 0.3482223153114319 0.47807061672210693
0.2645544409751892 0.35518649220466614 0.506611168384552
0.0 0.28068241477012634 0.41132622957229614
0.0 0.2057991474866867 0.29278016090393066
0.0 0.18819618225097656 0.1960299015045166
0.0 0.33572304248809814 0.11067451536655426
0.0 0.4270545542240143 0.03905705735087395
0.0 0.38537341356277466 0.011636616662144661
0.0 0.18086476624011993 0.01073220744729042
0.0 0.0 0.0
0.0 0.0 0.0
0.0 0.0 0.0
0.0 0.0 0.0
0.0 0.0 0.0
0.0 0.0 0.0
0.0 0.0 0.0
0.0 0.0 0.0
0.0 0.0 0.0
0.0 0.0 0.0
0.0 0.0 0.0
0.0 0.0 0.0
0.0 0.0 0.0
0.0 0.0 0.0
0.0 0.0 0.0
0.16778673231601715 0.06383948773145676 0.010072387754917145
0.3126661777496338 0.39816126227378845 0.08631709218025208
0.4734574556350708 0.42958977818489075 0.1264844834804535
0.7421160936355591 0.19944791495800018 0.11987558752298355
1.102874994277954 0.0 0.054840125143527985
1.5864819288253784 0.0 0.0
2.1066884994506836 0.0 0.0
1.9482563734054565 0.0 0.0
1.347046971321106 0.0 0.0
1.2602965831756592 0.0 0.09897829592227936
1.8029438257217407 0.0 0.12183275073766708
2.146777629852295 0.0 0.07005103677511215
2.2209055423736572 0.0 0.029278839007019997
1.9937695264816284 0.0 0.057933658361434937
1.628300666809082 0.10965917259454727 0.06967926025390625
1.3632807731628418 0.5726529359817505 0.06853277236223221
1.1493191719055176 0.7683920860290527 0.14822199940681458
0.8966374397277832 0.7186479568481445 0.22031882405281067
0.5997567772865295 0.6607199311256409 0.229985311627388
0.3023240566253662 0.5679183602333069 0.183980792760849
0.0 0.5537828207015991 0.15712973475456238
0.0 0.5502637028694153 0.1555451601743698
0.0 0.44466644525527954 0.1358950287103653
0.0 0.2988261580467224 0.025186093524098396
0.0 0.28290417790412903 0.0
0.0 0.2732968330383301 0.0
0.0 0.06857138872146606 0.0
0.0 0.0 0.0
0.0 0.0 0.0
0.0 0.0 0.0
0.0 0.41716960072517395 0.07614754885435104
0.0 0.20300616323947906 0.1176515743136406
0.0 0.0 0.04649005085229874
0.0 0.0 0.0
0.0 0.0 0.08418496698141098
0.0 0.0 0.16092900931835175
0.0 0.0 0.04248838126659393
0.0 0.0 0.0
0.2715517580509186 0.0 0.0
0.4297512471675873 0.0 0.0
0.4243181347846985 0.0 0.0
0.6346527338027954 0.09613125771284103 0.0
1.0592340230941772 0.0 0.0
1.6093405485153198 0.0 0.0
1.6139771938323975 0.0 0.0
1.0327835083007812 0.0 0.1475491225719452
0.4314815104007721 0.3586030900478363 0.359794020652771
0.27161192893981934 0.49181440472602844 0.35862886905670166
0.7689746022224426 0.2291865199804306 0.10741820931434631
1.5584068298339844 0.0 0.0
1.9138245582580566 0.0 0.0
1.774754285812378 0.0 0.0
1.4348111152648926 0.0 0.02660539001226425
1.2136163711547852 0.14741602540016174 0.1340293139219284
1.2158502340316772 0.5331535935401917 0.1823078989982605
1.2113498449325562 0.7200859189033508 0.233079731464386
1.0832682847976685 0.5520566701889038 0.31351596117019653
0.8287966251373291 0.3611237704753876 0.33065319061279297
0.4675593376159668 0.44597741961479187 0.2888604402542114
0.09375139325857162 0.5128791928291321 0.22124437987804413
0.0 0.5648036599159241 0.14670969545841217
0.0 0.5793666243553162 0.07071638852357864
0.0 0.4948696196079254 0.024694036692380905
0.0 0.3516831398010254 0.005772012285888195
0.0 0.32759591937065125 0.0
0.0 0.2799642086029053 0.0
0.0 0.07595914602279663 0.011899946257472038
0.0 0.0 0.013817155733704567
0.0 0.0 0.031565792858600616
0.0 0.0 0.04987182840704918
0.0 0.0 0.051465198397636414
0.0 0.4820305109024048 0.029096774756908417
0.0 0.958423376083374 0.05630868673324585
0.0 0.7284024357795715 0.13085642457008362
0.0 0.08273982256650925 0.09901008009910583
0.0 0.0 0.0
0.0 0.09756510704755783 0.0
0.0 0.0 0.0
0.0 0.0 0.0
0.0 0.0 0.0
0.0 0.0 0.0
0.0 0.0 0.0
0.0 0.0 0.0
0.13517819344997406 0.0 0.0
0.3985792100429535 0.0 0.0
0.7715948820114136 0.0 0.0
1.035942792892456 0.0 0.0
1.0414766073226929 0.0 0.0
1.0354310274124146 0.0 0.0
1.0769816637039185 0.0 0.0
1.3948545455932617 0.0 0.0
1.908353328704834 0.0 0.0
1.9560250043869019 0.0 0.0
1.7000261545181274 0.0 0.0
1.3644514083862305 0.16825219988822937 0.0
1.2066649198532104 0.3488627076148987 0.008554061874747276
1.2357860803604126 0.4742989242076874 0.0
1.1973114013671875 0.37766242027282715 0.0
1.059052586555481 0.1535201370716095 0.011787939816713333
0.8622649908065796 0.0018080994486808777 0.02962845377624035
0.718716025352478 0.009721416048705578 0.0
0.6044965386390686 0.25258970260620117 0.0
0.4593830108642578 0.39420437812805176 0.0
0.2421303242444992 0.47941192984580994 0.0036157630383968353
0.023831546306610107 0.6294448375701904 0.08311352133750916
0.0 0.6487234830856323 0.13068290054798126
0.0 0.5789813995361328 0.12308942526578903
0.0 0.5327702164649963 0.06140316277742386
0.0 0.6579380035400391 0.0
0.0 0.7914326786994934 0.0
0.0 0.7481094598770142 0.0
0.0 0.528088390827179 0.0
0.0 0.13283003866672516 0.0
0.0 0.0 0.0
0.0 0.0 0.0
0.0 0.11817972362041473 0.0
0.0 0.15751513838768005 0.0
0.0 0.12582698464393616 0.0
0.0 0.0 0.0
0.0 0.0 0.0
0.0 0.0 0.0
0.0 0.0 0.0
0.0 0.0 0.0
0.0 0.0 0.0
0.0 0.0 0.045311011373996735
0.0 0.0 0.004298597574234009
0.0 0.0 0.0
0.0 0.0 0.09986799955368042
0.0 0.0 0.035741738975048065
0.0 0.0 0.0
0.1039799153804779 0.0 0.0
0.1407054364681244 0.0 0.0
0.1077813059091568 0.0 0.0
0.09982991218566895 0.014162504114210606 0.0
0.12705381214618683 0.13185931742191315 0.037662409245967865
0.2594512701034546 0.0 0.006387048400938511
0.47898975014686584 0.0 0.0
0.629951536655426 0.0 0.0
0.5437764525413513 0.0 0.0
0.43306964635849 0.34657639265060425 0.0
0.4346584677696228 0.4494491219520569 0.0
0.6345422267913818 0.2277689278125763 0.0
0.8854660987854004 0.0 0.0
0.9937400817871094 0.0 0.0
0.8855864405632019 0.0 0.0
0.7450607419013977 0.0 0.0070139942690730095
0.6632684469223022 0.0 0.07567854225635529
0.6386507153511047 0.06473927199840546 0.09383517503738403
0.49680277705192566 0.12561726570129395 0.09368390589952469
0.2876484990119934 0.16428770124912262 0.09706159681081772
0.18285417556762695 0.1081024631857872 0.10865247249603271
0.10091110318899155 0.055221669375896454 0.07774968445301056
0.02355639636516571 0.04813899099826813 0.022469915449619293
0.04202808439731598 0.04291094094514847 0.0
0.08777453005313873 0.007703948765993118 0.0
0.021642647683620453 0.02059764415025711 0.0
0.0 0.0 0.003509541042149067
0.0 0.0 0.01625596359372139
0.0 0.0 0.0
0.04731471836566925 0.0 0.0
0.06756353378295898 0.0 0.0
0.0417226180434227 0.006672507151961327 0.013970437459647655
0.01389764342457056 0.04813819378614426 0.027715012431144714
0.017495840787887573 0.10884228348731995 0.0
0.0 0.22167721390724182 0.0
0.0 0.2429468333721161 0.0
0.0 0.14931273460388184 0.0020024580880999565
0.036864474415779114 0.05573512613773346 0.0
0.08858759701251984 0.10575594753026962 0.0
0.09996834397315979 0.27281442284584045 0.0
0.07470560073852539 0.41749972105026245 0.0
0.11812258511781693 0.37585026025772095 0.0
0.1687609851360321 0.32134443521499634 0.0
0.2940600514411926 0.19760969281196594 0.0
0.3528168499469757 0.2187671810388565 0.0
0.3053950071334839 0.39227771759033203 0.0
0.24820254743099213 0.4478035569190979 0.0
0.23332107067108154 0.4212909936904907 0.0
0.2427113801240921 0.2862498164176941 0.0
0.22360771894454956 0.24701213836669922 0.0
0.17587216198444366 0.2844015955924988 0.0
0.1098627895116806 0.2771516740322113 0.0
0.054720439016819 0.16050946712493896 0.0
0.05273185670375824 0.13970857858657837 0.0
0.0 0.4517812728881836 0.0
0.0 0.7722927331924438 0.0
0.0 0.8563423752784729 0.0
0.0 0.7160561084747314 0.0
0.0 0.14769087731838226 0.0
0.0 0.0 0.0
0.0 0.0 0.0
0.0 0.0 0.0
0.0 0.0 0.0
0.0 0.0 0.0
0.0 0.0 0.0
0.0 0.0 0.39155977964401245
0.0 0.0 0.6569344401359558
0.0 0.0 1.033325433731079
0.0 0.0 1.6137466430664062
0.2920427918434143 0.0 2.1098787784576416
0.9716572761535645 0.0 1.9375189542770386
1.3943147659301758 0.0 2.0105679035186768
2.3791604042053223 0.0 2.210874080657959
3.53551983833313 0.0 2.684985876083374
3.7052817344665527 0.0 3.621528148651123
3.2088518142700195 0.0 3.9118824005126953
3.1317152976989746 0.0 4.031772136688232
2.7991139888763428 0.0 3.8830008506774902
2.7711551189422607 0.0 3.9749507904052734
2.417048931121826 0.0 3.718731164932251
2.5413949489593506 0.0 3.318755865097046
2.958131790161133 0.0 3.1332783699035645
3.8399910926818848 0.0 3.273872137069702
4.62555456161499 0.0 3.535125970840454
5.209837436676025 0.0 3.3578858375549316
5.515921115875244 0.0 2.721548318862915
5.6909685134887695 0.0 1.9338197708129883
5.065293788909912 0.0 1.3435293436050415
3.728595733642578 1.3154085874557495 0.35844364762306213
2.336430788040161 1.765080213546753 0.0
2.2488064765930176 0.691318929195404 0.0
2.8959574699401855 0.0 0.0
3.1675894260406494 0.14607664942741394 0.0
3.074514150619507 1.3558646440505981 0.0
3.5213942527770996 1.665261149406433 0.0
3.976189613342285 1.7353395223617554 0.0
4.376949310302734 1.8672962188720703 0.0
4.3746819496154785 2.1751136779785156 0.0
4.256170749664307 2.2879586219787598 0.0
4.168760299682617 1.9381963014602661 0.0
4.09669828414917 1.5177556276321411 0.0
3.843076705932617 1.780564785003662 0.0
3.665515422821045 2.0153114795684814 0.0
3.5130600929260254 2.16800594329834 0.0
2.821338415145874 2.5748064517974854 0.0
2.05012845993042 2.6804802417755127 0.0
1.329224944114685 2.517954111099243 0.0
0.3661692142486572 2.455152750015259 0.0
0.19977065920829773 1.2239023447036743 0.0
0.4529073238372803 0.0 0.0
0.3713189959526062 0.0 0.0
0.3188648223876953 0.0 0.0
0.10862717777490616 0.0 0.0
0.06695536524057388 0.0 0.0
0.22163309156894684 0.0 0.0
0.12056320160627365 0.0 0.0
0.08588271588087082 0.0 0.0
0.09462347626686096 0.0 0.0
0.0 0.0 0.0
0.12418296933174133 0.0 0.0
0.0 0.0 0.0
0.0 0.0 0.0
0.0 0.0 0.0
0.0 0.0 0.0
0.0 0.0 0.0
0.0 0.0 0.0
0.0 0.0 0.0
0.0 0.0 0.0
0.0 0.0 0.0
0.0 0.0 0.0
0.0 0.0 0.0
0.0 0.0 0.0
0.0 0.0 0.0
0.0 0.0 0.0
0.0 0.0 0.0
0.0 0.0 0.0
0.0 0.0 0.0
0.0 0.0 0.0
0.0 0.0 0.0
0.0 0.0 0.0
0.0 0.0 0.0
0.0 0.0 0.0
0.0 0.0 0.0
0.0 0.0 0.0
0.0 0.0 0.0
0.0 0.0 0.0
0.0 0.0 0.0
0.0 0.0 0.0
0.0 0.0 0.0
0.0 0.0 0.07451403141021729
0.0 0.0 0.15227514505386353
0.0 0.0 0.20716503262519836
0.0 0.0 0.2501026391983032
0.0 0.0 0.17139877378940582
0.0 0.0 0.09686674177646637
0.0 0.0 0.13538138568401337
0.0 0.0 0.2784847617149353
0.0 0.0 0.2034163624048233
0.0 0.0 0.22859202325344086
0.0 0.0 0.2455044388771057
0.0 0.0 0.11651241034269333
0.0 0.0 0.11331794410943985
0.0 0.0 0.17945969104766846
0.0 0.0 0.6430997848510742
0.0 0.0 0.9367436766624451
0.0 0.0 0.7944325804710388
0.0 0.013500659726560116 0.8820233941078186
0.09270481020212173 0.0419437512755394 0.0
0.5439905524253845 0.03183199465274811 0.0
0.5638611912727356 0.0 0.0
0.306438684463501 0.0 0.0
0.11995161324739456 0.058706749230623245 0.0
0.1578982025384903 0.08714692294597626 0.041031770408153534
0.24429966509342194 0.0 0.025438958778977394
0.2521709203720093 0.0 0.0
0.20189201831817627 0.0 0.0
0.1664823591709137 0.06455612182617188 0.0
0.15760284662246704 0.04000923037528992 0.0
0.125624418258667 0.0 0.0
0.0 0.0 0.0
0.2870258092880249 0.0 0.0
0.3956300616264343 0.0 0.0
0.014627058058977127 0.0 0.0
0.039652518928050995 0.0 0.0
0.0 0.0 0.0
0.03600824996829033 0.0 0.0
0.1862960159778595 0.0 0.0
0.19690018892288208 0.0 0.0
0.12983328104019165 0.0 0.0
0.07887715101242065 0.0 0.0
0.17261536419391632 0.0 0.0
0.282381534576416 0.0 0.0
0.27391669154167175 0.0 0.0
0.20385849475860596 0.0 0.0
0.0797773003578186 0.0 0.02667413465678692
0.12210531532764435 0.0 0.07545977830886841
0.16757293045520782 0.0 0.08702056109905243
0.23261530697345734 0.0 0.06899522244930267
0.24592605233192444 0.0 0.005798413418233395
0.20031329989433289 0.0 0.0
0.11049260199069977 0.0 0.0
0.013094943016767502 0.0 0.0
0.11751163005828857 0.0 0.0
0.10626190155744553 0.0 0.0
0.0 0.0 0.0
0.0 0.036023810505867004 0.0
0.0 0.0 0.0
0.011681603267788887 0.0 0.023151306435465813
0.034161344170570374 0.0 0.015883805230259895
0.031289923936128616 0.0 0.0
0.0 0.04307094216346741 0.004586582072079182
0.0 0.03447318822145462 0.025986678898334503
0.005366992671042681 0.026936711743474007 0.023290496319532394
0.06522180140018463 0.03960297256708145 0.016451232135295868
0.005536369513720274 0.008935339748859406 0.00400414876639843
0.007704182527959347 0.0 0.0
0.0011056684888899326 0.009947074577212334 0.019987909123301506
0.030776746571063995 0.023624269291758537 0.04276326298713684
0.0 0.04921458661556244 0.0445672869682312
0.0 0.026940172538161278 0.05367157235741615
0.0 0.09179027378559113 0.07485249638557434
0.0 0.06299031525850296 0.052174873650074005
0.029868874698877335 0.0 0.021260634064674377
0.0 0.029223835095763206 0.0015287408605217934
0.0 0.045279234647750854 0.0
0.03700268268585205 0.0 0.0
0.05767813324928284 0.0 0.0
0.0 0.0678524523973465 0.0
0.0 0.0692780390381813 0.0
0.0 0.05451667308807373 0.0
0.0 0.059581734240055084 0.0
0.0 0.0720602422952652 0.0
0.0041230302304029465 0.1530400514602661 0.0
0.0 0.3402368426322937 0.0
0.036729972809553146 0.0 0.0
0.26111462712287903 0.0 0.016325263306498528
0.11048249155282974 0.0 0.0635947734117508
0.0760536789894104 0.037515319883823395 0.0005279248580336571
0.04457271844148636 0.20179933309555054 0.0
0.12800049781799316 0.20992623269557953 0.0
0.2931077182292938 0.13337606191635132 0.0
