0.0 0.0 0.005855441093444824
0.0 0.0 0.04376021400094032
0.0 0.0 0.060985270887613297
0.0 0.0 0.08510498702526093
0.0 0.0 0.12314797937870026
0.0 0.0008131056092679501 0.1930631548166275
0.0 0.0 0.1876409500837326
0.0 0.007602035999298096 0.06943973898887634
0.0 0.15325351059436798 0.019588829949498177
0.0 0.044485218822956085 0.06909699738025665
0.02098044753074646 0.0 0.06607377529144287
0.025769077241420746 0.0 0.011558867990970612
0.03644462674856186 0.0 0.016042033210396767
0.0 0.026530984789133072 0.033851657062768936
0.0 0.045688968151807785 0.04324009642004967
0.0 0.0 0.04227656498551369
0.0 0.0 0.021946527063846588
0.0 0.0 0.0
0.0 0.0 0.0
0.0 0.0820256769657135 0.002574693411588669
0.0 0.10732783377170563 0.05403761938214302
0.0 0.05414557084441185 0.053992342203855515
0.0 0.09808319807052612 0.0
0.0 0.13220840692520142 0.0
0.009238569997251034 0.03945690393447876 0.0
0.0648147463798523 0.030876997858285904 0.0
0.012756339274346828 0.07569293677806854 0.0
0.0 0.07377307116985321 0.0
0.0 0.09835830330848694 0.0
0.0 0.07478240132331848 0.0
0.052309341728687286 0.04907570779323578 0.0
0.0747842937707901 0.08518151938915253 0.0
0.08000035583972931 0.14356732368469238 0.0
0.05473335087299347 0.0764111876487732 0.018726499751210213
0.10160765051841736 0.038036640733480453 0.021206967532634735
0.19273142516613007 0.032695669680833817 0.0
0.2772290110588074 0.0 0.0
0.3041761815547943 0.0 0.0
0.30015829205513 0.0 0.0
0.2426004558801651 0.0 0.0
0.18289664387702942 0.0 0.0
0.12015816569328308 0.018354281783103943 0.0
0.06704647839069366 0.05786467716097832 0.0
0.029255688190460205 0.01846347190439701 0.0
0.019017871469259262 0.0 0.0
0.0 0.0 0.0
0.0 0.026901962235569954 0.0
0.0 0.04498296231031418 0.0
0.0 0.01388443075120449 0.027137767523527145
0.040692538022994995 0.0 0.022611193358898163
0.06960568577051163 0.0 0.01001470722258091
0.0791214257478714 0.0 0.007735308259725571
0.08353880792856216 0.0 0.0
0.0787975862622261 0.0 0.0
0.04127523675560951 0.02349977381527424 0.0
0.020835213363170624 0.0011665052734315395 0.0
0.0 0.025757601484656334 0.0
0.0 0.0 0.0
0.014169853180646896 0.0 0.0
0.0 0.0012149745598435402 0.0
0.0 0.031013349071145058 0.0
0.0 0.0 0.0034364331513643265
0.0 0.0 0.006726237013936043
0.0 0.0 0.01959196664392948
0.0 0.0 0.02963128685951233
0.04258471354842186 0.0 0.04503687471151352
0.025598542764782906 0.005196666345000267 0.038505736738443375
0.012914171442389488 0.0350179448723793 0.030997488647699356
0.022355344146490097 0.013688156381249428 0.04384244605898857
0.025781234726309776 0.0 0.014880836009979248
0.0036988358478993177 0.0 0.0
0.0 0.008712305687367916 0.0
0.0 0.022503485903143883 0.0
0.0 0.0 0.0
0.0082038389518857 0.0 0.0
0.05388450622558594 0.0 0.0
0.07491283118724823 0.010494226589798927 0.01764919050037861
0.06776729971170425 0.05206723511219025 0.0
0.05126608535647392 0.06293639540672302 0.0
0.09535791724920273 0.04916013032197952 0.0
0.12278740853071213 0.027738193050026894 0.0
0.11509992927312851 0.04998704046010971 0.0
0.10136867314577103 0.07875530421733856 0.0
0.09627643972635269 0.08098011463880539 0.0
0.1004626676440239 0.0480024516582489 0.0
0.09914892911911011 0.04366416484117508 0.0
0.09343431890010834 0.04566127061843872 0.0
0.0909474566578865 0.0 0.013501584529876709
0.05797991529107094 0.0 0.0003149425610899925
0.0 0.007661954499781132 0.0
0.0 0.010888908058404922 0.0
0.0 0.0 0.0
0.0 0.0 0.021352317184209824
0.0 0.0 0.030492819845676422
0.040915001183748245 0.0 0.0
0.057036980986595154 0.0 0.0
0.03769044578075409 0.0 0.0
0.018649645149707794 0.0 0.0
0.0 0.0 0.008884095586836338
0.0 0.0 0.02300843596458435
0.08813391625881195 0.0 0.0
0.15958119928836823 0.07107068598270416 0.0
0.16431310772895813 0.025149531662464142 0.04316483438014984
0.07015997171401978 0.04331042617559433 0.06899110972881317
0.0 0.10742868483066559 0.025618866086006165
0.026114219799637794 0.08618491888046265 0.0
0.11945667862892151 0.0 0.0
0.09681767970323563 0.0 0.0
0.03968115895986557 0.0 0.0
0.0 0.0 0.02276235818862915
0.0 0.002241019159555435 0.019722096621990204
0.025169596076011658 0.0660434365272522 0.0
0.06487572938203812 0.04692007228732109 0.0
0.1373419463634491 0.0 0.0
0.18592652678489685 0.0 0.0
0.40946266055107117 0.0 0.00895546656101942
0.3683501183986664 0.0 0.0
0.25342461466789246 0.0 0.0
0.14756634831428528 0.0 0.0
0.1261872947216034 0.0 0.0
0.05911184847354889 0.0 0.0
0.0 0.0 0.0
0.0 0.07544305920600891 0.0
0.0 0.1329934448003769 0.0
0.0 0.1444823145866394 0.0
0.0 0.10464861989021301 0.024610061198472977
0.0 0.01286276988685131 0.05754058063030243
0.0 0.0 0.03119073063135147
0.0 0.0032610101625323296 0.03461635485291481
0.0 0.003136374056339264 0.0562039390206337
0.0 0.03396699205040932 0.07202897220849991
0.0 0.04045684635639191 0.06415693461894989
0.0 0.02887715771794319 0.03733943775296211
0.0 0.019564615562558174 0.0
0.0 0.013295268639922142 0.0
0.0 0.0 0.0
0.0 0.0 0.0
0.0 0.0 0.0
0.0 0.03320186585187912 0.0
0.0 0.03644639253616333 0.0
0.0 0.03958040103316307 0.0
0.021902430802583694 0.01502339355647564 0.0
0.016500741243362427 0.00013419240713119507 0.0
0.0 0.02260647900402546 0.0
0.0 0.028003495186567307 0.0
0.0 0.048269618302583694 0.0
0.0 0.046046942472457886 0.0
0.004483627621084452 0.0064515965059399605 0.014801517128944397
0.04772377386689186 0.0 0.05671088397502899
0.0 0.0 0.031700603663921356
0.0 0.006699004210531712 0.0
0.0 0.020605765283107758 0.0
0.0 0.03432077914476395 0.0
0.0 0.02784423902630806 0.0
0.0 0.017167355865240097 0.0028836047276854515
0.0 0.014964389614760876 0.020031698048114777
0.019038602709770203 0.019031569361686707 0.054515376687049866
0.03383379429578781 0.0 0.06417785584926605
0.04581508785486221 0.0 0.038616836071014404
0.07246081531047821 0.0 0.043180160224437714
0.06925942748785019 0.0 0.04314820468425751
0.028922390192747116 0.0 0.02246156707406044
0.008983837440609932 0.0 0.0
0.01348724216222763 0.0 0.0
0.016756273806095123 0.0 0.0
0.003957653418183327 0.0 0.0
0.02101067081093788 0.0 0.0
0.06914491206407547 0.013993402011692524 0.0
0.0752752423286438 0.0 0.0
0.056954026222229004 0.0 0.0
0.0 0.026777107268571854 0.0
0.0 0.06829951703548431 0.0
0.0 0.052310165017843246 0.001652691513299942
0.0 0.0 0.0004931511357426643
0.0 0.0034446213394403458 0.0
0.0 0.020408958196640015 0.0
0.01624121703207493 0.0 0.008409131318330765
0.03754837065935135 0.0 0.007453588768839836
0.0 0.0 0.0
0.0 0.0 0.0
0.0 0.004635320045053959 0.0006659906357526779
0.0 0.007823124527931213 0.0027808072045445442
0.0 0.0 0.004382431507110596
0.0 0.0 0.010157231241464615
0.0 0.0 0.0
0.0 0.0 0.0
0.0 0.020510956645011902 0.0
0.0 0.026798147708177567 0.0
0.02400992438197136 0.04371880739927292 0.0
0.041074927896261215 0.0086172791197896 0.0
0.007015228271484375 0.0 0.0
0.0 0.017323151230812073 0.0
0.0 0.0703623965382576 0.0
0.03647085279226303 0.04675481095910072 0.023798208683729172
0.06523192673921585 0.0 0.020668860524892807
0.0367392972111702 0.0 0.0
0.0 0.039517804980278015 0.0
0.0 0.05006285756826401 0.010378406383097172
0.01308936346322298 0.029780754819512367 0.012821857817471027
0.03861789405345917 0.0 0.015082349069416523
0.01944073662161827 0.0 0.011682557873427868
0.0 0.004385117441415787 0.004803345538675785
0.0 0.024585993960499763 0.010103569366037846
0.0 0.0 0.012423182837665081
0.019342465326189995 0.0 0.02129630371928215
0.012860065326094627 0.0 0.028702817857265472
0.0 0.0 0.023854535073041916
0.0 0.005570757202804089 0.00838716235011816
0.0 0.007591296918690205 0.02045314386487007
0.0010044712107628584 0.0 0.039250269532203674
0.02556760422885418 0.0 0.03953682258725166
0.024508465081453323 0.0 0.03954348340630531
0.009657347574830055 0.0 0.029759828001260757
0.0 0.0 0.0006698537617921829
0.0 0.011892035603523254 0.0
0.005814938805997372 0.00011580390855669975 0.0
0.019570432603359222 0.0 0.0
0.0 0.008676535449922085 0.0
0.0 0.03212966024875641 0.0
0.006901508662849665 0.020309222862124443 0.0
0.02809734083712101 0.017025278881192207 0.0043838974088430405
0.026070144027471542 0.001130468212068081 0.0
0.0 0.00016267551109194756 0.0
0.0 0.0022908076643943787 0.0
0.002460954012349248 0.007504211738705635 0.00516526959836483
0.011994271539151669 0.0 0.009475062601268291
0.00036424724385142326 0.0 0.0
0.0 0.0 0.0
0.0 0.009749522432684898 0.0
0.0 0.0 0.008176238276064396
0.007694331929087639 0.0 0.011548067443072796
0.016352267935872078 0.005358236841857433 0.003160441294312477
0.029032910242676735 0.0020993268117308617 0.015028019435703754
0.03206172212958336 0.0 0.02778828889131546
0.010908501222729683 0.0 0.011607722379267216
0.0 0.0 0.014483670704066753
0.0 0.0 0.0
0.0 0.04702632129192352 0.0
0.004441546741873026 0.028694717213511467 0.023415111005306244
0.048059865832328796 0.0 0.031204592436552048
0.03556910529732704 0.0 0.0
0.0 0.005506575107574463 0.0
0.0 0.027855822816491127 0.0
0.0 0.018157122656702995 0.0061402516439557076
0.014192048460245132 0.0022134846076369286 0.004201022908091545
0.0035529867745935917 0.0 0.0
0.0 0.0012147990055382252 0.0
0.014198973774909973 0.021341904997825623 0.006399729289114475
0.022680075839161873 0.027679694816470146 0.012914885766804218
0.02686736360192299 0.0 0.013873358257114887
0.01851249486207962 0.0 0.0
0.0 0.0 0.0
0.0038467333652079105 0.001291498076170683 0.0
0.0037207657005637884 0.011870905756950378 0.0
0.01844964362680912 0.0022009676322340965 0.005311827175319195
0.023879829794168472 0.0 0.0
0.0006320313550531864 0.0 0.0
0.0 0.0 0.0
0.0 0.0 0.013519157655537128
0.0009710518643260002 0.0 0.04247970134019852
0.007061434909701347 0.0 0.07134676724672318
0.0 0.0 0.02955937385559082
0.0 0.0 0.0
0.028404273092746735 0.0 0.0
0.07802561670541763 0.0 0.0011439807713031769
0.07889167964458466 0.0 0.021464165300130844
0.029960891231894493 0.0 0.016947180032730103
0.0 0.02993885613977909 0.0
0.0 0.05966319143772125 0.004185576923191547
0.052606284618377686 0.0 0.0013037696480751038
0.06244293600320816 0.0 0.0
0.011436209082603455 0.0 0.0
0.0 0.031110381707549095 0.0
0.0 0.029954569414258003 0.018468108028173447
0.0 0.0 0.012225660495460033
0.0 0.0 0.0
0.014545716345310211 0.0 0.0
0.0 0.023632755503058434 0.0
0.0 0.054512910544872284 0.0
0.0 0.08857846260070801 0.0
0.0 0.08013518154621124 0.0
0.0 0.05887170135974884 0.0
0.0 0.08783171325922012 0.0
0.0 0.2880825102329254 0.0
0.0 0.44776085019111633 0.0
0.0 0.47357726097106934 0.0
0.0 0.4674999415874481 0.0
0.0 0.21975407004356384 0.0
0.0 0.05055944621562958 0.0
0.0 0.12274602800607681 0.0
0.0 0.146091029047966 0.0
0.0 0.03449126332998276 0.0
0.0 0.0 0.0
0.06883584707975388 0.0 0.0
0.139177605509758 0.0 0.0
0.0 0.0 0.0
0.0 0.027666494250297546 0.11982399970293045
0.0 0.0 0.017994839698076248
0.03386956825852394 0.0 0.0
0.2025216966867447 0.0 0.0
0.23904427886009216 0.0 0.0
0.22160084545612335 0.0 0.021171193569898605
0.10924474895000458 0.0 0.03576398268342018
0.10440605133771896 0.0 0.31364673376083374
0.5121785998344421 0.0 0.7693164944648743
1.1808218955993652 0.0 1.4456931352615356
1.9472604990005493 0.0 2.219399929046631
2.7880265712738037 0.0 3.3202497959136963
4.346851348876953 0.0 4.029956340789795
5.532184600830078 0.0 3.9016170501708984
6.917306900024414 0.0 3.9468488693237305
7.9267706871032715 0.0 4.763631820678711
8.550379753112793 0.0 5.966963291168213
9.011309623718262 0.0 6.357576370239258
9.424275398254395 0.0 4.547186851501465
9.778655052185059 0.0 2.47232723236084
8.73744010925293 0.0 0.9524903297424316
4.438497066497803 3.08242130279541 0.0
1.0036154985427856 5.564560413360596 0.0
0.19184455275535583 4.3084211349487305 0.0
0.4344920814037323 2.6670711040496826 0.0
0.8454204797744751 1.622580647468567 0.0
0.9941449761390686 1.7737030982971191 0.0
0.7623130679130554 2.3514251708984375 0.0
0.32002249360084534 2.625314712524414 0.0
0.0 3.435353994369507 0.0
0.0 4.012260437011719 0.0
0.0 3.3427183628082275 0.0
0.0 2.2954623699188232 0.0
0.0 1.8752065896987915 0.0
0.0 1.4198275804519653 0.0
0.0 0.9234792590141296 0.0
0.0 0.39933645725250244 0.0
0.0 0.0 0.0
0.0 0.0 0.0
0.0 0.0 0.0
0.0 0.0 0.0
0.0 0.0 0.0
0.0 0.0 0.0
0.0 0.0 0.0
0.0 0.0 0.0
0.0 0.0 0.0
0.0 0.0 0.0
0.0 0.0 0.0
0.0 0.0 0.0
0.0 0.0 0.0
0.0 0.0 0.0
0.0 0.0 0.0
0.0 0.0 0.07161739468574524
0.048870839178562164 0.0 0.23570913076400757
0.0854826495051384 0.0 0.18546807765960693
0.11424291878938675 0.0 0.17472407221794128
0.18642550706863403 0.0 0.11577820032835007
0.2216668576002121 0.0 0.05406849831342697
0.15570513904094696 0.23870845139026642 0.0822300910949707
0.08820546418428421 0.13142620027065277 0.09189124405384064
0.10865960270166397 0.0 0.03242897987365723
0.1821783035993576 0.0 0.0340106301009655
0.2348199337720871 0.0 0.005816010758280754
0.11725389212369919 0.10528381168842316 0.0
0.031556300818920135 0.15633687376976013 0.0
0.0034564887173473835 0.0 0.006128933280706406
0.0 0.0 0.0
0.021500736474990845 0.008496549911797047 0.02138591557741165
0.0042418548837304115 0.030776556581258774 0.042652055621147156
0.0 0.014924355782568455 0.03793320059776306
0.0 0.019459720700979233 0.0
0.0 0.03654097020626068 0.0
0.011151425540447235 0.026698991656303406 0.0
0.048031143844127655 0.01901470497250557 0.037709761410951614
0.04471071809530258 0.005164402537047863 0.0472465418279171
0.021692484617233276 0.0053790537640452385 0.0021480396389961243
0.02634342946112156 0.0 0.0
0.041052330285310745 0.0 0.0
0.028897667303681374 0.018017884343862534 0.03003719449043274
0.06912204623222351 0.047568853944540024 0.06685752421617508
0.057897359132766724 0.0 0.005617871880531311
0.0 0.0 0.0
0.009422501549124718 0.0 0.0
0.0996546596288681 0.0 0.0
0.18279029428958893 0.0 0.0
0.14462000131607056 0.0562124066054821 0.0
0.13177211582660675 0.0 0.0
0.12996143102645874 0.0 0.0
0.131080761551857 0.0 0.0
0.15308032929897308 0.0 0.0
0.062299031764268875 0.0 0.0
0.0 0.06403038650751114 0.0
0.0 0.061035655438899994 0.0
0.0 0.0013848445378243923 0.0
0.04638584330677986 0.0 0.0
0.09228622168302536 0.0 0.0
0.07205338776111603 0.004291685298085213 0.0
0.03235365077853203 0.027667582035064697 0.006600046530365944
0.0 0.021401960402727127 0.0
0.0 0.014198641292750835 0.0
0.056632980704307556 0.0 0.0
0.17796339094638824 0.0 0.0
0.15340079367160797 0.0 0.0
0.04464130103588104 0.0 0.0
0.002898912411183119 0.04378423094749451 0.0
0.05105046555399895 0.0 0.0
0.05778426676988602 0.0 0.0
0.0 0.0 0.0
0.0 0.0 0.0
0.0 0.0 0.0
0.0010448195971548557 0.0 0.0
0.27168455719947815 0.0 0.11309381574392319
0.3304882347583771 0.0 0.5272622108459473
0.22172845900058746 0.0 1.0422219038009644
0.283982515335083 0.0 1.72738778591156
0.43294110894203186 0.0 2.311478853225708
0.5492360591888428 0.0 2.8710315227508545
0.6647538542747498 0.0671771690249443 3.2981135845184326
0.7855287194252014 0.22040534019470215 3.199394941329956
0.8207021951675415 0.3823348581790924 2.810335874557495
0.8742306232452393 0.3364392817020416 2.2648122310638428
0.8661255836486816 0.23125958442687988 1.6842948198318481
0.7023369073867798 0.23028619587421417 0.8974434733390808
0.27167391777038574 0.29300975799560547 0.0
0.0 0.40872570872306824 0.0
0.0 0.4566548764705658 0.0
0.0 0.3532869517803192 0.0
0.0 0.13109703361988068 0.0
0.0 0.0 0.0
0.0 0.0 0.0
0.0 0.0 0.0
0.049053892493247986 0.0 0.0
0.22496312856674194 0.0 0.0
0.3095073103904724 0.0 0.0
0.38087576627731323 0.0 0.33087700605392456
0.3708271384239197 0.015270563773810863 1.1391476392745972
0.34866562485694885 0.1114753931760788 1.8603514432907104
0.35312163829803467 0.17863845825195312 2.3744735717773438
0.42309433221817017 0.23279783129692078 2.637085437774658
0.6379651427268982 0.23278531432151794 2.8112306594848633
0.9057571291923523 0.15785114467144012 2.808321237564087
0.9923370480537415 0.22758148610591888 2.5968172550201416
0.906515896320343 0.33541208505630493 2.2384235858917236
0.7848480343818665 0.4137231409549713 1.8325703144073486
0.6203232407569885 0.40532007813453674 1.325586199760437
0.45481231808662415 0.26771026849746704 0.6867706775665283
0.1996423304080963 0.131334587931633 0.04920005053281784
0.0 0.06903765350580215 0.0
0.0 0.04763409495353699 0.0
0.0 0.020708471536636353 0.0
0.0 0.010840660892426968 0.0
0.0 0.04139005020260811 0.0
0.0 0.0 0.0
0.0 0.0 0.0
0.0 0.0 0.0
0.0 0.0 0.0
0.0 0.0 0.0
0.0 0.0 0.0
0.0 0.0 0.0
0.0 0.0 0.0
0.0 0.0 0.0
0.10174133628606796 0.0 0.404288113117218
0.1335727572441101 0.09648366272449493 0.8699620366096497
0.08474371582269669 0.2952580153942108 1.187408447265625
0.17077739536762238 0.2909649908542633 1.4361032247543335
0.4404594600200653 0.08725367486476898 1.7511532306671143
0.7761634588241577 0.0 2.081846237182617
0.9433745741844177 0.0 2.1199307441711426
0.8268857598304749 0.14988882839679718 1.8567063808441162
0.6655304431915283 0.3701932430267334 1.596207857131958
0.643738329410553 0.36727628111839294 1.535086750984192
0.8129145503044128 0.11028868705034256 1.6513217687606812
0.9596598148345947 0.0 1.6811484098434448
0.8271453976631165 0.018735334277153015 1.3937029838562012
0.5672672390937805 0.14320190250873566 0.9428179264068604
0.4513866901397705 0.06614279747009277 0.5739098787307739
0.43410196900367737 0.0 0.36715859174728394
0.2614886462688446 0.028796494007110596 0.1434972584247589
0.0 0.16165733337402344 0.0
0.0 0.1991056501865387 0.0
0.0 0.1305028796195984 0.0
0.0 0.014839130453765392 0.0
0.0 0.01332246046513319 0.0
0.0 0.11079495400190353 0.0
0.0 0.06405381858348846 0.0
0.0 0.0 0.0
0.0 0.0 0.0
0.0 0.0 0.0
0.0 0.0 0.0
0.0 0.0 0.0
0.0 0.0 0.0
0.0 0.0 0.0
0.0 0.0 0.0
0.0 0.0 0.0
0.0 0.08882680535316467 0.16847078502178192
0.13386571407318115 0.18092477321624756 0.7495189905166626
0.3077365756034851 0.17579366266727448 1.1753605604171753
0.3624972999095917 0.2579021155834198 1.3641972541809082
0.35175225138664246 0.37054041028022766 1.3879592418670654
0.47520679235458374 0.31771421432495117 1.5182874202728271
0.8013683557510376 0.01823190227150917 1.827181339263916
1.060605525970459 0.0 2.114227294921875
0.9352047443389893 0.0 2.0791585445404053
0.6832981705665588 0.11954999715089798 1.8038957118988037
0.5451866388320923 0.23559243977069855 1.5507696866989136
0.6408785581588745 0.102846659719944 1.4615567922592163
0.8153289556503296 0.0 1.483930230140686
0.8364642858505249 0.0 1.3822698593139648
0.6580783128738403 0.0 1.1031335592269897
0.45460405945777893 0.06576347351074219 0.6765003204345703
0.343939870595932 0.0545281246304512 0.3292240798473358
0.23284609615802765 0.0 0.014864552766084671
0.12642218172550201 0.054194964468479156 0.0
0.0 0.14081932604312897 0.0
0.0 0.13578489422798157 0.0
0.0 0.10547945648431778 0.0
0.0 0.09528354555368423 0.0
0.0 0.08884721994400024 0.0
0.0 0.0 0.0
0.0 0.0 0.0
0.0 0.0 0.0
0.0 0.0 0.0
0.0 0.0 0.0
0.0 0.0 0.0
0.0 0.0 0.0
0.0 0.0 0.0
0.0 0.0 0.0
0.0 0.0 0.0
0.0 0.0 0.0
0.07749858498573303 0.07856155931949615 0.29672765731811523
0.16791796684265137 0.15533408522605896 0.7551189661026001
0.11208318173885345 0.20553627610206604 1.0047098398208618
0.15742963552474976 0.18891628086566925 1.1600147485733032
0.31374120712280273 0.1104409247636795 1.3087493181228638
0.541239857673645 0.02281627058982849 1.5917048454284668
0.763006865978241 0.0 1.9075965881347656
0.7669443488121033 0.01780659705400467 1.958238959312439
0.6298027634620667 0.20142196118831635 1.8292663097381592
0.6980904340744019 0.09967030584812164 1.7110354900360107
0.9035589098930359 0.0 1.7185866832733154
0.9753702878952026 0.0 1.6828571557998657
0.8739424347877502 0.0 1.5094584226608276
0.7124358415603638 0.16832631826400757 1.2573671340942383
0.6413422226905823 0.08719313144683838 1.1004198789596558
0.69777512550354 0.0 1.0734175443649292
0.7330303192138672 0.0 0.9440430402755737
0.5822935700416565 0.0 0.6769857406616211
0.34943902492523193 0.041434161365032196 0.41577017307281494
0.17889316380023956 0.14105820655822754 0.30542150139808655
0.11300681531429291 0.09068131446838379 0.16571897268295288
0.05544498935341835 0.03528942912817001 0.0
0.0 0.01980075053870678 0.0
0.0 0.03960401564836502 0.0
0.0 0.02329694852232933 0.0
0.0 0.0 0.0
0.0 0.0 0.0
0.0 0.0 0.0
0.0 0.03669184818863869 0.0
0.0 0.06429924070835114 0.0
0.0 0.0 0.0
0.0 0.0 0.0
0.0 0.0 0.0
0.0 0.0 0.0
0.0 0.0 0.0
0.0 0.0 0.0
0.0 0.0 0.0
0.0 0.0 0.0
0.0 0.0 0.0
0.0 0.0 0.0
0.0 0.0 0.0
0.0 0.0 0.0
0.0 0.11440955102443695 0.1829666644334793
0.0 0.2648214101791382 0.3235408365726471
0.10218746215105057 0.2509782910346985 0.5176064372062683
0.3695746958255768 0.22930097579956055 0.7712613344192505
0.41695499420166016 0.32739531993865967 0.9536663293838501
0.3398287892341614 0.4230709671974182 0.9959386587142944
0.28277164697647095 0.3798292279243469 0.9332662224769592
0.2920444905757904 0.2812643051147461 0.8465057611465454
0.37927713990211487 0.13648343086242676 0.8522494435310364
0.4492543637752533 0.15424031019210815 0.9000118970870972
0.35835960507392883 0.24506156146526337 0.8267528414726257
0.25431734323501587 0.24479658901691437 0.6686702966690063
0.2663596272468567 0.11139564961194992 0.5145206451416016
0.3305625915527344 0.0 0.4674980044364929
0.3886956572532654 0.0 0.5072712302207947
0.3153543472290039 0.0 0.48642057180404663
0.1090160682797432 0.03900400549173355 0.339647114276886
0.0 0.13885283470153809 0.16527049243450165
0.0 0.014785218983888626 0.06893038004636765
0.08259591460227966 0.0 0.08359028398990631
0.0962747111916542 0.0 0.10077832639217377
0.0 0.0 0.05949719250202179
0.0 0.0 0.0
0.0 0.0 0.0
0.0 0.0 0.0
0.032596930861473083 0.0 0.0
0.02843494340777397 0.003344811499118805 0.0
0.0 0.045946888625621796 0.0
0.0 0.009784089401364326 0.0
0.051985323429107666 0.0 0.0
0.040422677993774414 0.0 0.0
0.030674707144498825 0.0 0.0
0.05054934695363045 0.0 0.0
0.02287910133600235 0.025549469515681267 0.0
0.0 0.021430624648928642 0.0
0.0 0.0 0.0
0.019466526806354523 0.0 0.006262878887355328
0.0 0.0 0.0
0.0 0.0 0.0
0.0 0.0 0.004763784818351269
0.0 0.0 0.0038239555433392525
0.0 0.03522074222564697 0.0
0.020798373967409134 0.039386458694934845 0.0
0.062260329723358154 0.0 0.0003732973709702492
0.0367690846323967 0.0 0.0
0.0004611453041434288 0.012840598821640015 0.0
0.0 0.03627189248800278 0.0
0.005928615108132362 0.0 0.0
0.019835375249385834 0.0 0.0
0.0016148267313838005 0.0 0.0
0.0 0.0 0.0
0.017376214265823364 0.0 0.0030612265691161156
0.0 0.0 0.0
0.0 0.03316504508256912 0.0
0.0 0.03201962262392044 0.0
0.009962504729628563 0.0 0.0
0.0005871127359569073 0.0 0.0
0.0 0.0 0.0
0.0 0.01618073508143425 0.0
0.005782141350209713 0.0 0.0
0.037483613938093185 0.0 0.02146100625395775
0.01633252017199993 0.017009245231747627 0.007468757219612598
0.008028517477214336 0.03411233425140381 0.0
0.01121499016880989 0.009661849588155746 0.0
0.005931810941547155 0.0 0.0
0.004870008677244186 0.011820875108242035 0.0
0.030388951301574707 0.008548382669687271 0.0
0.0324702113866806 0.009587282314896584 0.0
0.008965950459241867 0.027687454596161842 0.0
0.01102723740041256 0.037219442427158356 0.0074812741950154305
0.03766390681266785 0.009524697437882423 0.00765757542103529
0.025022946298122406 0.0 0.0
0.0 0.0 0.0
0.0 0.0 0.0
0.0 0.01618739403784275 0.0
0.0 0.0 0.0
0.0 0.0 0.0
0.0 0.0 0.0
0.009584956802427769 0.0 0.0
0.03283701464533806 0.0 0.0
0.13997358083724976 0.0 0.0
0.3057652413845062 0.0 0.0
0.5110834836959839 0.0 0.0
0.9024509787559509 0.0 0.2337477207183838
1.6920758485794067 0.0 0.799725353717804
2.8846116065979004 0.0 1.5422111749649048
4.187777519226074 0.0 2.142366409301758
5.358147144317627 0.0 2.623582601547241
6.761753559112549 0.0 3.0198707580566406
7.716712951660156 0.0 3.7084238529205322
8.175209045410156 0.0 4.687140941619873
8.252490997314453 0.0 5.4741902351379395
8.27055549621582 0.0 4.802801132202148
8.494232177734375 0.0 2.800987720489502
8.612802505493164 0.0 0.62786465883255
7.0592265129089355 0.5107332468032837 0.0
2.752795934677124 5.3262786865234375 0.0
1.015060305595398 5.8767008781433105 0.0
1.5627247095108032 3.473219633102417 0.0
2.0076844692230225 2.0236246585845947 0.0
1.6385366916656494 2.032728672027588 0.0
1.0892549753189087 2.8607101440429688 0.0
0.516389012336731 3.305119037628174 0.0
0.0 3.1280925273895264 0.0
0.0 2.9953205585479736 0.0
0.0 2.219360828399658 0.0
0.0 1.4017822742462158 0.0
0.0 1.2329999208450317 0.0
0.0 1.294121503829956 0.0
0.0 0.9584811925888062 0.0
0.0 0.12913931906223297 0.0
0.0 0.0 0.0
0.0 0.0 0.0
0.0 0.0 0.0
0.0 0.0 0.0
0.0 0.0 0.0
0.0 0.0 0.0
0.0 0.0 0.0
0.0 0.0 0.0
0.0 0.0 0.0
0.0 0.0 0.0
0.0 0.0 0.0
0.0 0.0 0.0
0.0 0.0 0.04606916010379791
0.0 0.0 0.26983222365379333
0.0 0.0 0.38842278718948364
0.0 0.0 0.397401362657547
0.14149881899356842 0.14636951684951782 0.31147003173828125
0.3508661687374115 0.313241571187973 0.21368062496185303
0.5152641534805298 0.2513076364994049 0.20016559958457947
0.5186732411384583 0.21525058150291443 0.17444318532943726
0.4717814028263092 0.11123709380626678 0.1522713005542755
0.4280376732349396 0.1315159946680069 0.1540367305278778
0.40035223960876465 0.0625276118516922 0.13751181960105896
0.23375871777534485 0.07489613443613052 0.045080944895744324
0.018184086307883263 0.10759016126394272 0.0
0.0 0.01631031557917595 0.0
0.014523837715387344 0.0 0.0
0.08473674952983856 0.0 0.0
0.09538513422012329 0.0 0.0
0.014549404382705688 0.0 0.0
0.0 0.0 0.0
0.0 0.0 0.008513877168297768
0.0 0.0 0.055134378373622894
0.041593536734580994 0.0 0.034250933676958084
0.05181048810482025 0.0 0.0
0.04447267949581146 0.0 0.0
0.02064351551234722 0.0 0.0
0.0365002416074276 0.06578598916530609 0.025987941771745682
0.062070317566394806 0.05296926200389862 0.028338447213172913
0.06227537989616394 0.0 0.0
0.02218601666390896 0.0 0.0
0.001998191699385643 0.0 0.0
0.021568164229393005 0.0 0.005110357888042927
0.0011640896555036306 0.0 0.02755814418196678
0.0 0.0 0.020830998197197914
0.0 0.0 0.0
0.0 0.0 0.0
0.03694898635149002 0.0 0.0
0.07917314022779465 0.0 0.008917879313230515
0.06745097041130066 0.0 0.009927749633789062
0.0 0.019219819456338882 0.0
0.0 0.03731812909245491 0.0006016260012984276
0.035656288266181946 0.0 0.0
0.10385265201330185 0.0 0.0
0.10047762840986252 0.0 0.0
0.0 0.0 0.0
0.0 0.10360314697027206 0.0
0.0 0.04495527595281601 0.0
0.01299491710960865 0.0 0.007130365818738937
0.0812125876545906 0.0 0.01310117356479168
0.059887856245040894 0.0 0.02056974172592163
0.02477887086570263 0.019063491374254227 0.017172880470752716
0.017539335414767265 0.0053495438769459724 0.0
0.01241940725594759 0.0 0.0
0.0 0.0 0.0
0.02610459178686142 0.0 0.0
0.019707852974534035 0.0 0.0
0.000247336458414793 0.0 0.009324378333985806
0.0 0.003254808485507965 0.008151254616677761
0.0 0.03843436762690544 0.0
0.00878516398370266 0.002122431993484497 0.012686884962022305
0.06091707572340965 0.0 0.022694509476423264
0.048051077872514725 0.0 0.02352754771709442
0.004559526685625315 0.0 0.005094212479889393
0.0 0.035204220563173294 0.0
0.0 0.05220930278301239 0.0
0.039742812514305115 0.0020646415650844574 0.011927616782486439
0.054796863347291946 0.012702105566859245 0.002497631125152111
0.0 0.0022577205672860146 0.0
0.0 0.0 0.0
0.0 0.0 0.0
0.0016228589229285717 0.01075027510523796 0.0
0.007027477957308292 0.020327800884842873 0.0
0.008859733119606972 0.0 0.0
0.00041458290070295334 0.0 0.0
0.0 0.025593135505914688 0.0
0.0 0.005343792028725147 0.01253748219460249
0.018335793167352676 0.0 0.01594233140349388
0.025984924286603928 0.0 0.0
0.0 0.02139200083911419 0.0
0.0 0.01814986765384674 0.0018544774502515793
0.0406954251229763 0.0 0.020424965769052505
0.05776096135377884 0.0 0.018393240869045258
0.0 0.0 0.0
0.0 0.017278214916586876 0.0
0.0 0.010913260281085968 0.0
0.0 0.0 0.0
0.0 0.0 0.0
0.00025079818442463875 0.0 0.010423730127513409
0.00984004233032465 0.008491115644574165 0.014854698441922665
0.02051958441734314 0.02122342213988304 0.016070961952209473
0.007754254620522261 0.011700756847858429 0.010571003891527653
0.0 0.004310751333832741 0.005046009086072445
0.0 0.014937829226255417 0.005101935938000679
0.001418061787262559 0.0 0.0019165286794304848
0.0014385683462023735 0.004307555966079235 0.0008691074326634407
0.0195523239672184 0.022324640303850174 0.006450028158724308
0.034456972032785416 0.0 0.00652299914509058
0.0 0.0 0.0
0.0 0.0 0.0
0.0 0.0001911078579723835 0.0
0.00482983747497201 0.0 0.0
0.020623981952667236 0.0 0.0
0.013065663166344166 0.0 0.009479905478656292
0.020446881651878357 0.0 0.01918899267911911
0.0 0.02880384400486946 0.0
0.0 0.008664838969707489 0.0
0.0 0.0 0.0
0.020904723554849625 0.0 0.0
0.0590830035507679 0.0010005272924900055 0.0
0.010098148137331009 0.04788840562105179 0.0
0.008960711769759655 0.001112646423280239 0.0
0.019688723608851433 0.0 0.0
0.0 0.0 0.0
0.0 0.0 0.0
0.0 0.007491716183722019 0.005044762045145035
0.0 0.020203515887260437 0.01789398118853569
0.0 0.009554068557918072 0.022142790257930756
0.010744497179985046 0.0 0.02542513608932495
0.005465312860906124 0.0 0.021126793697476387
0.0 0.02454207092523575 0.0038508670404553413
0.0 0.012883552350103855 0.0
0.007856032811105251 0.0 0.0
0.038599565625190735 0.0 0.017205022275447845
0.0194956436753273 0.02654263749718666 0.012872058898210526
0.0 0.006420060060918331 0.005083911120891571
0.0 0.004415765404701233 0.0
0.0 0.019303899258375168 0.0
0.00667199119925499 0.04356236755847931 0.017072396352887154
0.04482044279575348 0.0030106818303465843 0.03762001544237137
0.002576049417257309 0.0 0.0
0.0 0.0 0.0
0.0 0.0044304123148322105 0.0
0.0 0.0 0.010397182777523994
0.00336461141705513 0.0020905593410134315 0.021178191527724266
0.027942657470703125 0.0 0.017129654064774513
0.015237249433994293 0.004241327755153179 0.008483968675136566
0.0 0.024478424340486526 0.013603096827864647
0.0 0.024460311979055405 0.01788652502000332
0.019574206322431564 0.0 0.0010319110006093979
0.02509014680981636 0.0 0.0
0.0 0.0 0.0
0.0 0.0 0.0
0.009898677468299866 0.0 0.002965100109577179
0.0 0.008501586504280567 0.022086065262556076
0.0 0.022405419498682022 0.004944095388054848
0.02707793191075325 0.0 0.0
0.05675033852458 0.0 0.0108557790517807
0.031975217163562775 0.0 0.031946949660778046
0.0 0.0 0.044335708022117615
0.0 0.0 0.03106597810983658
0.0 0.0 0.03101510927081108
0.0 0.0 0.0400829091668129
0.0 0.0 0.043250203132629395
0.0 0.036081280559301376 0.047642290592193604
0.0 0.08083890378475189 0.028389766812324524
0.0 0.03203694522380829 0.0013848142698407173
0.0 0.0 0.0
0.0 0.0 0.0
0.10474316775798798 0.0 0.010167653672397137
0.8145099878311157 0.0 0.08182665705680847
1.4267226457595825 0.0 0.1995929777622223
1.5027806758880615 0.0 0.1791446954011917
1.1972860097885132 0.0 0.14281918108463287
1.0718791484832764 0.28229257464408875 0.14813564717769623
1.1780095100402832 0.5755226016044617 0.1458730250597
1.2159212827682495 0.8551042079925537 0.13326987624168396
1.1303869485855103 0.8042122721672058 0.14079703390598297
0.960502564907074 0.6206527948379517 0.13209515810012817
0.8088573813438416 0.4732196629047394 0.11941930651664734
0.7073920369148254 0.3639472424983978 0.11057335138320923
0.5141482949256897 0.2803572714328766 0.10516713559627533
0.2421010285615921 0.20442283153533936 0.08404214680194855
0.0 0.11566979438066483 0.08309672027826309
0.0 0.07599561661481857 0.056279756128787994
0.0 0.0 0.0403473936021328
0.0 0.0 0.027878738939762115
0.0 0.0 0.009804931469261646
0.0 0.0 0.0
0.0 0.0 0.0
0.0 0.0 0.0
0.0 0.0 0.0
0.0 0.0 0.0
0.0 0.0 0.0
0.0 0.0 0.0
0.0 0.0 0.0
0.0 0.0 0.0
0.0 0.0 0.0
0.0 0.0 0.0
0.0 0.0 0.0
0.035486865788698196 0.0 0.0
0.10542546957731247 0.024424299597740173 0.0
0.19663794338703156 0.09416423738002777 0.025541551411151886
0.27963054180145264 0.09178390353918076 0.04986579716205597
0.3304298222064972 0.09191945940256119 0.0
0.5434411764144897 0.15548723936080933 0.0
0.7512481808662415 0.09015271812677383 0.0
1.0559537410736084 0.08086254447698593 0.005237609148025513
1.1311392784118652 0.0719984769821167 0.061512336134910583
1.0022013187408447 0.12970145046710968 0.050796572118997574
0.8609951734542847 0.2545672059059143 0.0
0.7855116128921509 0.304761677980423 0.0
0.7531257271766663 0.2388114333152771 0.00272465031594038
0.7581513524055481 0.16324636340141296 0.021759595721960068
0.7005413174629211 0.18780550360679626 0.02340037003159523
0.5352314710617065 0.22960993647575378 0.018679648637771606
0.3396475613117218 0.19587498903274536 0.04118669778108597
0.17808155715465546 0.13547421991825104 0.07249482721090317
0.0 0.11784408986568451 0.06183445081114769
0.0 0.09275791049003601 0.045979324728250504
0.0 0.012142166495323181 0.05843093618750572
0.0 0.0 0.06509736180305481
0.0 0.0 0.09562411159276962
0.0 0.0 0.11039426922798157
0.0 0.0 0.06473783403635025
0.0 0.0 0.0
0.0 0.0 0.0
0.0 0.0 0.020379688590765
0.0 0.0 0.0764983519911766
0.0 0.0 0.18810130655765533
0.0 0.0 0.27475711703300476
0.0 0.0 0.25510379672050476
0.0 0.0 0.1808316707611084
0.0 0.0 0.13640668988227844
0.0 0.0 0.12169884890317917
0.0 0.0 0.08712117373943329
0.10022219270467758 0.0 0.03686678782105446
0.08757110685110092 0.062410928308963776 0.04144103080034256
0.14098133146762848 0.17070411145687103 0.05300873890519142
0.2480902075767517 0.1653231978416443 0.014533518813550472
0.47169747948646545 0.04077088087797165 0.0
0.776617169380188 0.0 0.0
0.9780309796333313 0.0 0.0
0.9884612560272217 0.1039852648973465 0.0
0.8975598216056824 0.1338462382555008 0.0
0.8794738054275513 0.10521378368139267 0.0
0.8693130016326904 0.11817245930433273 0.0
0.7853882908821106 0.275736540555954 0.0
0.577636182308197 0.34282368421554565 0.0
0.3737597167491913 0.33006739616394043 0.0
0.2996540665626526 0.25460007786750793 0.0
0.2761183977127075 0.26631346344947815 0.002321060746908188
0.1969468593597412 0.1888303905725479 0.00982558261603117
0.04525401070713997 0.10407022386789322 0.011240518651902676
0.0 0.06413425505161285 0.0
0.0 0.026199927553534508 0.0
0.0 0.0 0.0
0.0 0.0 0.026773937046527863
0.0 0.0 0.04955541715025902
0.0 0.0 0.0712125152349472
0.0 0.0 0.036601535975933075
0.0 0.0 0.0
0.0 0.0 0.0
0.0 0.0 0.01851148158311844
0.0 0.0 0.06834188848733902
0.0 0.04595205932855606 0.13184282183647156
0.0 0.0 0.23149244487285614
0.0 0.0 0.28100302815437317
0.0 0.0 0.32352012395858765
0.0 0.0 0.25702711939811707
0.0 0.0 0.13307905197143555
0.06649307161569595 0.0 0.027499370276927948
0.04742750525474548 0.0 0.0
0.0 0.16064921021461487 0.0
0.0 0.31252342462539673 0.021044399589300156
0.14804279804229736 0.33564579486846924 0.013019493781030178
0.34701475501060486 0.23023493587970734 0.0
0.5010695457458496 0.139753520488739 0.0
0.5832773447036743 0.09285151958465576 0.0
0.6442887783050537 0.03435758128762245 0.0
0.7824738025665283 0.07146420329809189 0.0
0.8489792943000793 0.21277685463428497 0.0
0.7906174659729004 0.41808685660362244 0.0
0.6319191455841064 0.4914388358592987 0.0
0.5181132555007935 0.46803605556488037 0.0
0.47432398796081543 0.43623337149620056 0.0
0.4530053734779358 0.4086584746837616 0.0
0.4734896123409271 0.18449647724628448 0.0
0.45558837056159973 0.09005360305309296 0.0
0.3144315183162689 0.10403972119092941 0.0
0.0673077329993248 0.1659339815378189 0.0
0.0 0.1885697841644287 0.0037990985438227654
0.0 0.08559786528348923 0.005847602151334286
0.0 0.0 0.03396205976605415
0.0 0.0 0.06273458898067474
0.0 0.0 0.045229095965623856
0.0 0.0 0.03677728772163391
0.0 0.0 0.07589113712310791
0.0 0.0 0.14814801514148712
0.0 0.0 0.19854646921157837
0.0 0.0 0.2046230137348175
0.0 0.0 0.18315793573856354
0.0 0.0 0.23277129232883453
0.0 0.0 0.37426745891571045
0.0 0.0 0.3476526141166687
0.0 0.0 0.254118412733078
0.0 0.03211493417620659 0.13204388320446014
0.0 0.28409019112586975 0.09821055829524994
0.0 0.16249504685401917 0.11028745770454407
0.04794735461473465 0.09539590030908585 0.05931508541107178
0.125785693526268 0.15405042469501495 0.0
0.1469237357378006 0.2850190997123718 0.0
0.20051957666873932 0.39338019490242004 0.0
0.4296957850456238 0.37476494908332825 0.0
0.773460865020752 0.1977505087852478 0.0
1.0923418998718262 0.15599693357944489 0.0
1.1955418586730957 0.10505501180887222 0.0
1.042475938796997 0.27983957529067993 0.0
0.9086269736289978 0.3893809914588928 0.0
0.8518939018249512 0.32528430223464966 0.0
0.8813226819038391 0.1051120012998581 0.0
0.832391619682312 0.08614150434732437 0.0
0.6157269477844238 0.17050166428089142 0.0
0.4116121828556061 0.25899288058280945 0.0
0.23054996132850647 0.26121556758880615 0.0
0.07610313594341278 0.20704688131809235 0.036454327404499054
0.0 0.11598355323076248 0.024891676381230354
0.0 0.07925456762313843 0.0
0.0 0.0 0.0
0.0 0.0 0.0029746610671281815
0.0 0.0 0.03703862428665161
0.0 0.0 0.07176464051008224
0.0 0.0 0.05343063920736313
0.0 0.0 0.0
0.0 0.0 0.0
0.0 0.0 0.006475917994976044
0.0 0.0 0.06348087638616562
0.0 0.0 0.07604434341192245
0.0 0.0 0.01566116139292717
0.0 0.0 0.0
0.0 0.0 0.00044945161789655685
0.0 0.0 0.0
0.0 0.0 0.0
0.0 0.0 0.0
0.0 0.0016761533915996552 0.0
0.0 0.03433529660105705 0.0
0.013326837681233883 0.0 0.0
0.10099437087774277 0.0 0.0
0.1703856885433197 0.013612707145512104 0.0
0.2213791012763977 0.02830243855714798 0.0
0.2437611073255539 0.03887305408716202 0.0012611830607056618
0.23669521510601044 0.039035774767398834 0.0
0.25730836391448975 0.060369823127985 0.0
0.29915595054626465 0.024244047701358795 0.0
0.41562607884407043 0.031505685299634933 0.0
0.4931182265281677 0.0 0.0
0.43600940704345703 0.0 0.0
0.2842678129673004 0.0 0.0
0.12614473700523376 0.08789972215890884 0.03015807829797268
0.02032056450843811 0.15817362070083618 0.05710500478744507
0.0 0.10193777829408646 0.045888036489486694
0.0 0.0 0.007937194779515266
0.0 0.0 0.0
0.0 0.0 0.0
0.0 0.0 0.0
0.0 0.0 0.0
0.0 0.0 0.019771751016378403
0.0 0.019080445170402527 0.03270379453897476
0.0 0.0 0.04134389013051987
0.012957191094756126 0.0 0.022321993485093117
0.031416893005371094 0.04886523634195328 0.0
0.07821156084537506 0.008336452767252922 0.009123366326093674
0.06730298697948456 0.0 0.02488049305975437
0.0 0.0 0.0
0.0 0.007704485207796097 0.0
0.0 0.0 0.0
0.0 0.0 0.0
0.0 0.0 0.0
0.0 0.0 0.0004640985280275345
0.0 0.0011171558871865273 0.0037930505350232124
0.0 0.03619471564888954 0.0
0.012166498228907585 0.006386220455169678 0.0
0.018531188368797302 0.0 0.0
0.0 0.0 0.0
0.0 0.0 0.0
0.0 0.02446109429001808 0.0030460339039564133
0.029209397733211517 0.007403281517326832 0.0
0.02827249839901924 0.0 0.0
0.0 0.0 0.0
0.0 0.025729555636644363 0.0
0.0 0.009815040044486523 0.0
0.000958052696660161 0.0 0.0
0.00933875422924757 0.0 0.0
0.0 0.0 0.0
0.0 0.016352567821741104 0.0
0.0 0.06743146479129791 0.0
0.0 0.10266748815774918 0.0
0.0 0.1644328534603119 0.0
0.0 0.1783723682165146 0.0
0.0 0.07517381012439728 0.0
0.13254617154598236 0.0 0.0
0.40838441252708435 0.0 0.0
0.7341400980949402 0.0 0.08006225526332855
1.217233657836914 0.0 0.3317006230354309
1.8217642307281494 0.0 0.73464435338974
2.3784351348876953 0.0 1.343582272529602
2.9821407794952393 0.0 1.9640828371047974
3.5723652839660645 0.0 2.3857202529907227
4.444766998291016 0.0 2.444646120071411
5.185678005218506 0.0 2.521409511566162
5.735030651092529 0.0 2.9037322998046875
6.126443862915039 0.0 3.421923875808716
6.386916637420654 0.0 3.8283565044403076
6.5398077964782715 0.0 3.6115217208862305
6.388150691986084 0.0 2.7102553844451904
6.013744354248047 0.47210782766342163 1.3775354623794556
5.813966274261475 0.5493742823600769 0.1557723432779312
5.498441696166992 0.8270168304443359 0.0
4.506713390350342 2.0803825855255127 0.0
2.7182297706604004 4.152976036071777 0.0
1.7192354202270508 4.606839656829834 0.0
1.6544101238250732 3.7225873470306396 0.0
1.5712651014328003 2.9084341526031494 0.0
1.046469807624817 2.620391368865967 0.0
0.4696832001209259 2.671792984008789 0.0
0.04776550456881523 2.525578260421753 0.0
0.0 2.2066965103149414 0.0
0.0 1.8483052253723145 0.0
0.0 1.5653893947601318 0.0
0.0 0.8926845192909241 0.0
0.0 0.27060386538505554 0.0
0.0 0.0 0.0
0.0 0.0 0.0
0.0 0.0 0.0
0.0 0.0 0.0
0.0 0.0 0.0
0.0 0.0 0.0
0.0 0.0 0.0
0.0 0.0 0.0
0.0 0.0 0.0
0.0 0.0 0.0
0.0 0.0 0.0
0.0 0.0 0.0
0.0 0.0 0.0
0.0 0.0 0.0
0.0 0.0 0.0
0.0 0.0 0.0
0.0 0.0 0.0
0.0 0.0 0.0
0.0 0.0 0.18368946015834808
0.0 0.0 0.296571284532547
0.0 0.0 0.23784857988357544
0.13759340345859528 0.054424963891506195 0.15836067497730255
0.3002651333808899 0.10421222448348999 0.12168761342763901
0.3331911265850067 0.04458671063184738 0.1282331347465515
0.25571683049201965 0.05233597755432129 0.08688835054636002
0.19857393205165863 0.09725445508956909 0.04586714506149292
0.20300622284412384 0.09730584919452667 0.029886849224567413
0.1828378438949585 0.08144725859165192 0.01681419089436531
0.17832617461681366 0.0 0.028255127370357513
0.10682536661624908 0.0 0.020983368158340454
0.0 0.004290423355996609 0.0
0.0 0.0 0.0
0.0013535330072045326 0.0 0.0
0.04910534247756004 0.0 0.02347768470644951
0.019375409930944443 0.0 0.014768882654607296
0.0 0.0 0.023043271154165268
0.0 0.0 0.008070711977779865
0.0 0.028730444610118866 0.0006964178755879402
0.002247605472803116 0.0 0.021019265055656433
0.03445268049836159 0.0 0.0
0.03271017223596573 0.0 0.0
0.021254053339362144 0.0 0.0
0.0 0.0 0.0
0.0 0.0 0.0
0.0007543708197772503 0.0 0.0
0.04139234498143196 0.0 0.0
0.04992511123418808 0.0 0.0
0.05288681387901306 0.0 0.0
0.058986250311136246 0.0 0.00996528472751379
0.039615750312805176 0.0 0.025799907743930817
0.0 0.01918806880712509 0.0
0.0 0.0 0.0
0.045263249427080154 0.0 0.0
0.057783834636211395 0.010407363064587116 0.024947430938482285
0.03414614871144295 0.048647161573171616 0.04620158672332764
0.018315522000193596 0.04980616644024849 0.0289541557431221
0.021671902388334274 0.0 0.0031174980103969574
0.0 0.0 0.0
0.0 0.0 0.0
0.0 0.0 0.0
0.010927113704383373 0.016911868005990982 0.01595393568277359
0.02357526496052742 0.021078914403915405 0.032118525356054306
0.0 0.028662268072366714 0.00942306499928236
0.0 0.0 0.0
0.0 0.0 0.0
0.041063178330659866 0.0 0.0
0.05896574631333351 0.0 0.011012705974280834
0.03334240987896919 0.0 0.01291420217603445
0.018479572609066963 0.01373950857669115 0.0074725644662976265
0.017512312158942223 0.0 0.0
0.0 0.0022269301116466522 0.0
0.003666803939267993 0.0 0.0
0.0 0.0 0.0
0.0 0.026626814156770706 0.0
0.027865083888173103 0.0 0.021288778632879257
0.009008572436869144 0.0 0.0
0.0 0.008611326105892658 0.0
0.03865860775113106 0.0 0.01183349173516035
0.09382732212543488 0.0 0.03461869806051254
0.005877227522432804 0.025527458637952805 0.0
0.0 0.027771174907684326 0.0
0.0313788577914238 0.0 0.0
0.018723784014582634 0.0 0.0
0.0 0.0 0.0
0.0 0.0 0.0
0.016558896750211716 0.0 0.0
0.0 0.0 0.0
0.0 0.0 0.0
0.0 0.0 0.0
0.03649904578924179 0.0019982177764177322 0.01723170280456543
0.030073639005422592 0.023253705352544785 0.022578001022338867
0.04283550754189491 0.023212160915136337 0.02697860822081566
0.03763275593519211 0.0 0.008651796728372574
0.0 0.0 0.0
0.0 0.0075418539345264435 0.0
0.011078642681241035 0.012744605541229248 0.0
0.028063219040632248 0.0 0.006447233259677887
0.0 0.0 0.0017305081710219383
0.0 0.0 0.0
0.0 0.0022717248648405075 0.0
0.01724972017109394 0.0 0.019134799018502235
0.026769723743200302 0.0 0.027783147990703583
0.0 0.021269651129841805 0.002992047928273678
0.004619945306330919 0.019112223759293556 0.006285578012466431
0.039772339165210724 0.006268330849707127 0.010868346318602562
0.02277631312608719 0.0073935166001319885 0.0032240087166428566
0.0 0.0 0.0
0.0 0.0 0.0
0.01880314201116562 0.0 0.0
0.019629787653684616 0.014857824891805649 0.0
0.013196122832596302 0.023359699174761772 0.003180067054927349
0.010063978843390942 0.0 0.0
0.0 0.004350055940449238 0.0
0.0 0.00649816170334816 0.0
0.0 0.015049304813146591 0.0
0.0 0.0 0.0
0.007817069999873638 0.0 0.0019408976659178734
0.0089382603764534 0.015934273600578308 0.000976833514869213
0.006857533007860184 0.0 0.0
0.0 0.008588210679590702 0.0
0.019725393503904343 0.027643395587801933 0.0
0.034489426761865616 0.0 0.004378222860395908
0.0 0.0 0.0
0.0 0.0 0.0
0.023782718926668167 0.0 0.0031031016260385513
0.02283357083797455 0.0 0.0
0.006991756148636341 0.0 0.0
0.0018617091700434685 0.0 0.0
0.028465889394283295 0.0 0.0
0.039057012647390366 0.0 0.0
0.0026113891508430243 0.0 0.0
0.007789905648678541 0.0 0.0018820418044924736
0.04906410723924637 0.0 0.033216264098882675
0.068724624812603 0.0 0.08558705449104309
0.1691119521856308 0.0 0.276502400636673
0.35346320271492004 0.0 0.58640456199646
0.4508531391620636 0.0 0.8726032972335815
0.4896620512008667 0.0 1.064675211906433
0.5649850368499756 0.0 1.2314070463180542
0.6616308689117432 0.0 1.3895742893218994
0.7835479974746704 0.0 1.5756490230560303
0.8543630242347717 0.0 1.7560135126113892
0.840155303478241 0.12442872673273087 1.809741735458374
0.7896863222122192 0.2916267514228821 1.7606370449066162
0.7712742686271667 0.35677194595336914 1.6922920942306519
0.8310947418212891 0.23766954243183136 1.6690006256103516
0.8556607961654663 0.1579374223947525 1.6550993919372559
0.8341376781463623 0.13068023324012756 1.5639891624450684
0.7734202146530151 0.2655078172683716 1.3640446662902832
0.6939347386360168 0.41009774804115295 1.1222800016403198
0.6461935639381409 0.3898300230503082 0.882434606552124
0.5447947978973389 0.37101373076438904 0.567275881767273
0.3714568614959717 0.3111317455768585 0.18396151065826416
0.1405346840620041 0.21883326768875122 0.0
0.0 0.09046702831983566 0.0
0.0 0.005093279294669628 0.0
0.0 0.0 0.0
0.0 0.0 0.0
0.0 0.0 0.0
0.0 0.0 0.0
0.0 0.0 0.0
0.0 0.0 0.0
0.0 0.0 0.0
0.0 0.0 0.0
0.0 0.0 0.0
0.0 0.0 0.0
0.0 0.0 0.0
0.0 0.0 0.0
0.0 0.0 0.0
0.0 0.0 0.0
0.0 0.022383319213986397 0.0
0.014747194945812225 0.047162964940071106 0.16885952651500702
0.1926780492067337 0.0 0.5005104541778564
0.267316073179245 0.0 0.7072484493255615
0.2501455843448639 0.0 0.8279469013214111
0.23987005650997162 0.11726641654968262 0.9170200228691101
0.3064882457256317 0.2132081389427185 1.096405267715454
0.49719667434692383 0.1928032636642456 1.3343418836593628
0.663215696811676 0.12497200816869736 1.4746614694595337
0.7496480941772461 0.0 1.3511600494384766
0.7014861106872559 0.0 1.1540770530700684
0.6742390394210815 0.08588026463985443 1.1210322380065918
0.8003168106079102 0.04771184176206589 1.3101915121078491
0.9241191744804382 0.0 1.5099421739578247
0.9145419597625732 0.042464084923267365 1.5153639316558838
0.7828065752983093 0.11173184216022491 1.2578766345977783
0.5596075654029846 0.24756665527820587 0.8746986985206604
0.3775293827056885 0.21379855275154114 0.619579553604126
0.34651821851730347 0.07503534108400345 0.5002369284629822
0.24823825061321259 0.053664810955524445 0.29727423191070557
0.03740164265036583 0.09793266654014587 0.0
0.0 0.14016509056091309 0.0
0.0 0.008136739023029804 0.0
0.0 0.0 0.0
0.0 0.0 0.0
0.0 0.0 0.0
0.0 0.0 0.0
0.0 0.0 0.0
0.0 0.0 0.0
0.0 0.0 0.0
0.0 0.0 0.0
0.0 0.0 0.0
0.0 0.0 0.0
0.0 0.0 0.0
0.0 0.0 0.0
0.0 0.0 0.0
0.0 0.0 0.0
0.0 0.0 0.0
0.0 0.0 0.0
0.07552692294120789 0.0 0.15517167747020721
0.18594691157341003 0.0011853561736643314 0.4321579933166504
0.08451748639345169 0.19900283217430115 0.4659721553325653
0.05112544447183609 0.27372604608535767 0.4028501808643341
0.20532754063606262 0.15209205448627472 0.4381823241710663
0.400911420583725 0.04902185499668121 0.6043225526809692
0.49522432684898376 0.0329294353723526 0.8765647411346436
0.5850708484649658 0.023148445412516594 1.1690807342529297
0.5129420757293701 0.16969208419322968 1.2521638870239258
0.4031841456890106 0.40305954217910767 1.1663587093353271
0.43015265464782715 0.4073626697063446 1.1388658285140991
0.6143485903739929 0.20350198447704315 1.2554230690002441
0.699388861656189 0.043435871601104736 1.368995189666748
0.668967068195343 0.022438712418079376 1.3141391277313232
0.45632168650627136 0.2630089819431305 1.062808871269226
0.2833504378795624 0.4631931781768799 0.787172794342041
0.2755337953567505 0.3689069151878357 0.7023921608924866
0.39977318048477173 0.061356015503406525 0.7175926566123962
0.3830122947692871 0.0 0.5620837807655334
0.15410855412483215 0.03503759205341339 0.21080830693244934
0.0 0.2540911138057709 0.0
0.0 0.3000088036060333 0.0
0.0 0.09936492145061493 0.0
0.0 0.0 0.0
0.0 0.0 0.0
0.0 0.0 0.0
0.0 0.0 0.0
0.0 0.0 0.0
0.0 0.0 0.0
0.0 0.0 0.0
0.0 0.0 0.0
0.0 0.0 0.0
0.0 0.0 0.0
0.0 0.0 0.0
0.0 0.0 0.0
0.0 0.0 0.0
0.0 0.0 0.0
0.0 0.0 0.0
0.0 0.003945361822843552 0.0
0.05412052944302559 0.006643942557275295 0.17446109652519226
0.2163347452878952 0.031040096655488014 0.387687087059021
0.1814875453710556 0.1541082262992859 0.4742715060710907
0.170196533203125 0.22828125953674316 0.5459763407707214
0.2622545659542084 0.20868384838104248 0.6205461621284485
0.37771910429000854 0.18582621216773987 0.7017491459846497
0.5074434876441956 0.12443821877241135 0.8438636660575867
0.6302610635757446 0.05437817424535751 1.0339552164077759
0.590113639831543 0.12115480750799179 1.1085528135299683
0.4885478913784027 0.21943530440330505 1.0362796783447266
0.5232267379760742 0.1876848340034485 0.9799025058746338
0.61544269323349 0.048077136278152466 1.0209670066833496
0.6699528098106384 0.0 1.1001933813095093
0.632928729057312 0.0 1.0655864477157593
0.4931623339653015 0.08500213176012039 0.8777793049812317
0.40970179438591003 0.18681344389915466 0.7052767872810364
0.42376330494880676 0.10185088962316513 0.6741606593132019
0.47495219111442566 0.0 0.7530954480171204
0.42417261004447937 0.0 0.7076853513717651
0.23903445899486542 0.022208521142601967 0.462667316198349
0.020088259130716324 0.24197043478488922 0.09369194507598877
0.0 0.3167101740837097 0.0
0.0 0.13003458082675934 0.0
0.0 0.0 0.0
0.0 0.0 0.0
0.0 0.0 0.0
0.0 0.0 0.0
0.0 0.026212317869067192 0.0
0.0 0.0018465248867869377 0.0
0.0 0.0 0.0
0.0 0.0 0.0
0.0 0.0 0.0
0.0 0.0 0.0
0.0 0.0 0.0
0.0 0.0 0.0
0.0 0.0 0.0
0.0 0.0 0.0
0.0 0.0 0.0
0.0 0.0 0.0
0.0 0.0 0.0
0.0 0.0 0.0
0.0 0.0 0.0
0.0 0.0 0.0
0.0 0.0 0.0
0.0 0.0 0.0
0.0 0.0 0.0
0.0 0.07884922623634338 0.0
0.0 0.08042635023593903 0.0970650315284729
0.10714952647686005 0.05635057017207146 0.21467901766300201
0.15751202404499054 0.050621043890714645 0.2984921634197235
0.15056943893432617 0.09081321209669113 0.3573104739189148
0.15351569652557373 0.1534038782119751 0.39172887802124023
0.15444380044937134 0.1916026622056961 0.4110916554927826
0.17470726370811462 0.16180641949176788 0.40799254179000854
0.20760636031627655 0.09154558181762695 0.4155716300010681
0.25813770294189453 0.009374273009598255 0.47136247158050537
0.25966742634773254 0.02827472612261772 0.533401370048523
0.20106136798858643 0.12192771583795547 0.5384610891342163
0.13934554159641266 0.16607333719730377 0.4226095676422119
0.14569878578186035 0.09524417668581009 0.31240689754486084
0.21389009058475494 0.0 0.3084939122200012
0.25720080733299255 0.0 0.3450969457626343
0.19750206172466278 0.0 0.3435395359992981
0.06125153973698616 0.08512682467699051 0.21965539455413818
0.0 0.068838931620121 0.07343080639839172
0.0 0.0 0.02840421348810196
0.05200344696640968 0.0 0.05667100474238396
0.05828557908535004 0.0 0.07285131514072418
0.0 0.021189652383327484 0.022001709789037704
0.0 0.002405846491456032 0.0
0.0 0.0 0.0
0.007358483038842678 0.0 0.0
0.03803756460547447 0.0 0.0
0.045346878468990326 0.0 0.0
0.0 0.026720240712165833 0.0
0.0 0.0172676183283329 0.0
0.010435499250888824 0.0 0.0
0.012199044227600098 0.0 0.0
0.01311810128390789 0.0 0.008440094068646431
0.013210246339440346 0.0 0.0
0.0 0.0 0.0
0.0 0.0022697588428854942 0.0
0.0 0.03513183444738388 0.0
0.007841580547392368 0.0 0.0019638193771243095
0.020601585507392883 0.0 0.005268535576760769
0.0 0.019096143543720245 0.0
0.0 0.02663741633296013 0.0
0.0 0.008519154973328114 0.0
0.010110815055668354 0.005287941545248032 0.0
0.02051818184554577 0.0 0.014913239516317844
0.034281130880117416 0.0 0.023548804223537445
0.0 0.0032468950375914574 0.0
0.0 0.004436795599758625 0.0
0.0 0.0 0.0
0.025017326697707176 0.0 0.0
0.03559194132685661 0.0 0.0011585447937250137
0.009184300899505615 0.0117168128490448 0.0
0.004007648676633835 0.008597984910011292 0.0
0.0 0.005474896170198917 0.0
0.0 0.009760720655322075 0.0
0.0 0.0 0.0
0.004146133083850145 0.0 0.0
0.0 0.0 0.0
0.0 0.0 0.0
0.0 0.0 0.0
0.08736645430326462 0.0 0.0
0.24259039759635925 0.0 0.0
0.35987386107444763 0.0 0.0
0.6153631806373596 0.0 0.24846528470516205
0.9935224652290344 0.0 0.7349856495857239
1.5299854278564453 0.0 1.2597945928573608
2.4497244358062744 0.0 1.7026724815368652
3.287052631378174 0.0 2.0265214443206787
4.257504940032959 0.0 2.248608350753784
5.36234188079834 0.0 2.52089262008667
5.9997878074646 0.0 3.033965826034546
6.37206506729126 0.0 3.6274609565734863
6.480041980743408 0.0 4.189704895019531
6.366794586181641 0.0 4.038084983825684
6.311811923980713 0.0 2.9667553901672363
6.673818588256836 0.0 1.2139378786087036
6.928161144256592 0.0 0.0
6.30035924911499 1.556302547454834 0.0
3.825498104095459 4.819457530975342 0.0
2.4092929363250732 5.927520275115967 0.0
2.6816792488098145 4.1301422119140625 0.0
2.919933319091797 2.224180221557617 0.0
2.2018039226531982 1.9620721340179443 0.0
1.2373825311660767 2.5434138774871826 0.0
0.8555035591125488 2.661620616912842 0.0
0.6621580719947815 2.094926118850708 0.0
0.008967786096036434 1.5252090692520142 0.0
0.0 1.2293329238891602 0.0
0.0 0.9530465006828308 0.0
0.0 0.8476351499557495 0.0
0.0 0.6782525181770325 0.0
0.0 0.0 0.0
0.0 0.0 0.0
0.0 0.0 0.0
0.0 0.0 0.0
0.0 0.0 0.0
0.0 0.0 0.0
0.0 0.0 0.0
0.0 0.0 0.0
0.0 0.0 0.0
0.0 0.0 0.0
0.0 0.0 0.0
0.0 0.0 0.0
0.0 0.0 0.0
0.0 0.0 0.0
0.0 0.0 0.0
0.0 0.0 0.0
0.0 0.0 0.0
0.0 0.0 0.0
0.0 0.0 0.07385297119617462
0.0 0.0 0.10128406435251236
0.20397375524044037 0.0 0.10485643148422241
0.23612770438194275 0.034089185297489166 0.12294915318489075
0.2098122090101242 0.27547383308410645 0.12346872687339783
0.2867429554462433 0.38373613357543945 0.13099801540374756
0.43943899869918823 0.3388397693634033 0.11635303497314453
0.524991512298584 0.28560853004455566 0.09139548242092133
0.47045472264289856 0.21767260134220123 0.09169881790876389
0.3730735778808594 0.10194892436265945 0.09996580332517624
0.24968159198760986 0.11084095388650894 0.061371009796857834
0.1654151827096939 0.09189682453870773 0.05405796691775322
0.04924890026450157 0.11981047689914703 0.042304906994104385
0.0 0.08281997591257095 0.023268096148967743
0.0 0.008545742370188236 0.0
0.0 0.0 0.00047117192298173904
0.009794969111680984 0.0 0.00703612994402647
0.0 0.0 0.01626478135585785
0.0 0.0 0.009456410072743893
0.0 0.0 0.0
0.0 0.0 0.0
0.0336984358727932 0.016942156478762627 0.0
0.02631668746471405 0.0 0.0
0.02636542171239853 0.0 0.0
0.02197546884417534 0.0 0.0
0.047347404062747955 0.0 0.0012975502759218216
0.11422337591648102 0.0 0.02740798145532608
0.08212349563837051 0.0 0.041096098721027374
0.011780621483922005 0.02633725479245186 0.03949100896716118
0.02349293977022171 0.037992313504219055 0.043919049203395844
0.09582732617855072 0.0 0.04960356652736664
0.18727733194828033 0.0 0.06183013692498207
0.16868208348751068 0.0 0.0018229922279715538
0.0603921040892601 0.0 0.0
0.004880641121417284 0.004233395680785179 0.0
0.0 0.040310971438884735 0.0030670762062072754
0.0 0.0 0.0
0.0 0.031049828976392746 0.0
0.0 0.0033814506605267525 0.0
0.0 0.0 0.0
0.0 0.0 0.007074069231748581
0.0 0.0 0.024023491889238358
0.0 0.0 0.020949138328433037
0.0 0.0 0.0
0.0 0.0 0.0
0.0 0.0 0.02085273154079914
0.020269449800252914 0.0 0.032913122326135635
0.03654562681913376 0.0 0.010727392509579659
0.0 0.05531042814254761 0.0
0.0 0.0031470926478505135 0.0
0.025951838120818138 0.0 0.0009621139615774155
0.04941534996032715 0.0 0.0
0.044157207012176514 0.0 0.0
0.0 0.0 0.0
0.0 0.03305146098136902 0.0
0.0 0.033992622047662735 0.0
0.0 0.0062629906460642815 0.011480534449219704
0.0 0.0 0.0
0.0 0.0 0.0
0.0 0.0 0.008283942937850952
0.0 0.0 0.028593476861715317
0.0 0.0 0.017755741253495216
0.003797533456236124 0.0 0.0
0.025332918390631676 0.0 0.0
0.03394930809736252 0.0 0.0
0.0103803351521492 0.011720606125891209 0.0
0.0 0.07125797122716904 0.0
0.015687482431530952 0.04357600584626198 0.0
0.06256577372550964 0.0 0.0
0.08192455768585205 0.0 0.0
0.05857236683368683 0.0 0.0
0.024356869980692863 0.0 0.0
0.03594881296157837 0.0 0.0
0.06687983125448227 0.0 0.0
0.12005835771560669 0.0 0.0
0.15477293729782104 0.0 0.010332712903618813
0.07173903286457062 0.0 0.1102723628282547
0.0 0.04047342389822006 0.2528574764728546
0.04218833148479462 0.0 0.497823029756546
0.2368648648262024 0.0 0.8191062211990356
0.3426280617713928 0.0 1.0243560075759888
0.3622710108757019 0.0 1.129097580909729
0.33936089277267456 0.18178609013557434 1.2184133529663086
0.40231528878211975 0.1915237307548523 1.4295343160629272
0.5383613109588623 0.0 1.546424150466919
0.6110528111457825 0.0 1.4328964948654175
0.6167943477630615 0.1642492264509201 1.2200617790222168
0.5754708647727966 0.2991063892841339 1.0021497011184692
0.5188390016555786 0.33397889137268066 0.8051268458366394
0.46579334139823914 0.2634008526802063 0.6590772271156311
0.4295780658721924 0.18313664197921753 0.5355989933013916
0.3576018810272217 0.11588621884584427 0.3626631498336792
0.2440553605556488 0.12244478613138199 0.09126625955104828
0.11386460065841675 0.06650428473949432 0.0
0.01820252276957035 0.0 0.0
0.0 0.0 0.0
0.0 0.0 0.0
0.0 0.0 0.0
0.0 0.0 0.0
0.0 0.0 0.0
0.0 0.0 0.0
0.0 0.0 0.0
0.0 0.0 0.0
0.0 0.0 0.0
0.0 0.0 0.0
0.0 0.0 0.0
0.0 0.0 0.0
0.0 0.0 0.0
0.0 0.0 0.0
0.0 0.0 0.0
0.0 0.0 0.0
0.030684757977724075 0.0 0.2669914662837982
0.136017307639122 0.03705398738384247 0.5204415917396545
0.233170747756958 0.055217280983924866 0.7287242412567139
0.3031010925769806 0.10869115591049194 0.8909118175506592
0.412083238363266 0.12155129760503769 1.089680552482605
0.5503961443901062 0.05233467370271683 1.3301405906677246
0.6574805378913879 0.004720283672213554 1.4966448545455933
0.743333637714386 0.0 1.55083429813385
0.8043639659881592 0.012787532061338425 1.5365976095199585
0.8456994295120239 0.05549558252096176 1.4666401147842407
0.8028678297996521 0.15261174738407135 1.3906766176223755
0.8100338578224182 0.12312682718038559 1.311597228050232
0.8381927609443665 0.0 1.2461674213409424
0.8066524267196655 0.0 1.0733871459960938
0.6909646987915039 0.0 0.799770176410675
0.49927806854248047 0.0 0.4693259298801422
0.33270159363746643 0.020960506051778793 0.17408311367034912
0.17572636902332306 0.0 0.0
0.04215366393327713 0.0 0.0
0.0 0.0 0.0
0.0 0.0 0.0
0.0 0.010204797610640526 0.0
0.0 0.0506214015185833 0.0
0.0 0.0686454102396965 0.0
0.0 0.02800343930721283 0.0
0.0 0.0 0.0
0.0 0.0 0.0
0.0 0.0 0.0
0.0 0.0 0.0
0.0 0.0 0.0
0.0 0.0 0.0
0.0 0.0 0.0
0.0 0.0 0.0
0.0 0.0 0.0
0.0 0.0 0.0
0.0 0.0 0.0
0.0 0.0 0.0
0.008860735222697258 0.0 0.21015474200248718
0.09654051810503006 0.04387801140546799 0.41644054651260376
0.09180755168199539 0.18503567576408386 0.48308640718460083
0.0823887437582016 0.2648138403892517 0.4768410325050354
0.20322968065738678 0.2037086933851242 0.5483589172363281
0.3807746469974518 0.08158624172210693 0.7014373540878296
0.5152006149291992 0.04120659455657005 0.9088342189788818
0.5028752684593201 0.15895827114582062 0.9838749170303345
0.3898267447948456 0.34023457765579224 0.89893639087677
0.3685725927352905 0.33220165967941284 0.7843881845474243
0.5042867064476013 0.1105973869562149 0.8384413719177246
0.6705814599990845 0.0 0.9236736297607422
0.7051143646240234 0.0 0.9749557971954346
0.6576195955276489 0.0 0.9242990016937256
0.5835450887680054 0.0 0.877956748008728
0.6016774773597717 0.0 0.8879455327987671
0.6892435550689697 0.0 0.9761826992034912
0.6941038370132446 0.0 1.0177881717681885
0.5165061354637146 0.0 0.8776975870132446
0.3216058611869812 0.1913641393184662 0.6595379114151001
0.25473254919052124 0.2887130379676819 0.5341924428939819
0.26360034942626953 0.24737761914730072 0.49568769335746765
0.21558701992034912 0.20005403459072113 0.3828815221786499
0.05277892202138901 0.14926941692829132 0.11935320496559143
0.0 0.14892560243606567 0.0
0.0 0.14177076518535614 0.0
0.0 0.052108775824308395 0.0
0.0 0.0 0.0
0.0 0.01868024468421936 0.0
0.0 0.024796195328235626 0.0
0.0 0.0 0.0
0.0 0.0 0.0
0.0 0.0 0.0
0.0 0.0 0.0
0.0 0.0 0.0
0.0 0.0 0.0
0.0 0.0 0.0
0.0 0.0 0.0
0.0 0.0 0.0
0.0 0.0 0.0
0.0 0.0 0.0
0.0 0.0 0.0
0.0 0.0 0.0
0.0 0.0 0.0
0.010831961408257484 0.0 0.23275801539421082
0.07356245070695877 0.09579117596149445 0.47941094636917114
0.10711881518363953 0.20455653965473175 0.6585074067115784
0.1804122030735016 0.24214492738246918 0.8025157451629639
0.3244130611419678 0.21700362861156464 0.9107042551040649
0.4164370000362396 0.2473335713148117 0.9961187243461609
0.5230177640914917 0.21161551773548126 1.1092408895492554
0.59315025806427 0.1599709689617157 1.235835313796997
0.6901878714561462 0.0849800780415535 1.3369832038879395
0.6800065636634827 0.1786849945783615 1.3029991388320923
0.6080149412155151 0.3335017263889313 1.1649690866470337
0.5569373965263367 0.32661160826683044 1.0447851419448853
0.5245778560638428 0.2185615748167038 0.9575780034065247
0.5243189930915833 0.046333882957696915 0.9570171236991882
0.5921382308006287 0.0 0.9730432629585266
0.6324446797370911 0.0 0.8824124336242676
0.4449290931224823 0.0 0.6685099601745605
0.3236551284790039 0.11310411989688873 0.5514057278633118
0.2869756817817688 0.04502813518047333 0.5796632170677185
0.2981274127960205 0.0 0.6101729273796082
0.23291242122650146 0.0 0.5111139416694641
0.13099725544452667 0.0 0.26580676436424255
0.042910803109407425 0.0826554074883461 0.030369482934474945
0.0 0.12891744077205658 0.0
0.0 0.10931524634361267 0.0
0.0 0.07847610861063004 0.0
0.0 0.13957594335079193 0.0
0.0 0.15255965292453766 0.0
0.0 0.11591722071170807 0.0
0.0 0.11618699878454208 0.0
0.0 0.005718277767300606 0.0
0.0 0.0 0.0
0.0 0.0 0.0
0.0 0.0 0.0
0.0 0.0 0.0
0.0 0.0 0.0
0.0 0.0 0.0
0.0 0.0 0.0
0.0 0.0 0.0
0.0 0.0 0.0
0.0 0.0 0.0
0.0 0.02262132614850998 0.0
0.0 0.12236442416906357 0.0
0.0 0.07387571781873703 0.0
0.0 0.025315646082162857 0.0
0.0 0.0235837921500206 0.0
0.0 0.05289427563548088 0.04688185080885887
0.0 0.13876551389694214 0.12489542365074158
0.0 0.15000352263450623 0.23413430154323578
0.07037065923213959 0.07491515576839447 0.3714090883731842
0.0878354012966156 0.08950714766979218 0.44000306725502014
0.09176622331142426 0.15525314211845398 0.48298805952072144
0.11792139708995819 0.18475989997386932 0.5388973951339722
0.15891198813915253 0.21738629043102264 0.6056482195854187
0.16190457344055176 0.26724332571029663 0.6336159110069275
0.19522976875305176 0.20457622408866882 0.6006278991699219
0.23402057588100433 0.11219461262226105 0.5505050420761108
0.21315151453018188 0.13684910535812378 0.5076438784599304
0.1910744458436966 0.19120554625988007 0.4830282926559448
0.18719688057899475 0.1697135716676712 0.5459505319595337
0.2165377289056778 0.10889149457216263 0.5898473858833313
0.20951098203659058 0.0697542130947113 0.5405078530311584
0.15232013165950775 0.08848395943641663 0.39577460289001465
0.11978720873594284 0.06682953238487244 0.23406372964382172
0.0874290019273758 0.03953373059630394 0.1588699072599411
0.09619533270597458 0.0 0.1299719512462616
0.07638806849718094 0.0 0.07837506383657455
0.010987226851284504 0.0 0.0029341019690036774
0.0 0.0 0.0
0.0 0.0 0.0
0.0 0.0 0.0
0.007486235350370407 0.0 0.0
0.02026994153857231 0.0 0.0
0.0 0.0 0.0
0.0 0.0 0.0
0.030930841341614723 0.0 0.0
0.04550871625542641 0.0 0.0
0.06411223113536835 0.0 0.02371048554778099
0.0 0.0 0.009195725433528423
0.0 0.03323402255773544 0.0
0.0 0.02575187012553215 0.0
0.019872330129146576 0.007394169457256794 0.0
0.0589560829102993 0.0 0.013127616606652737
0.05370033532381058 0.0 0.00014523975551128387
0.0006533628329634666 0.0 0.0
0.0 0.0 0.0
0.0 0.00865890458226204 0.0
0.0 0.0 0.0
0.0 0.0 0.0
0.0 0.0 0.0
0.020598309114575386 0.0 0.005228681489825249
0.004752056673169136 0.0 0.0
0.0 0.008581225760281086 0.0
0.0 0.0350586399435997 0.0
0.0 0.03709648922085762 0.004112006165087223
0.0026484255213290453 0.0 0.0
0.0 0.0 0.0
0.0 0.0 0.0
0.0 0.008581225760281086 0.0
0.0 0.0022069504484534264 0.0
0.0 0.0 0.0
0.0 0.0 0.0
0.0 0.00010571582242846489 0.0
0.0 0.0 0.0
0.0 0.0 0.0
0.04920421168208122 0.0 0.0
0.042123664170503616 0.0 0.0
0.0 0.0 0.0
0.0 0.007257368415594101 0.0
0.0 0.05088260769844055 0.0
0.0 0.0 0.0
0.0 0.0 0.0
0.0 0.12614834308624268 0.0
0.0 0.21894219517707825 0.0
0.0 0.344677209854126 0.0
0.0 0.34927329421043396 0.0
0.0 0.026063811033964157 0.0
0.0 0.0 0.0
0.0 0.0 0.0
0.0 0.0 0.0
0.05520431324839592 0.0 0.0
0.23831741511821747 0.0 0.17512476444244385
0.6893091201782227 0.0 0.6858782768249512
1.7139948606491089 0.0 1.482795238494873
3.6957571506500244 0.0 2.5005524158477783
4.7589030265808105 0.0 2.970862865447998
5.377491474151611 0.0 3.0483522415161133
5.940852642059326 0.0 3.1541311740875244
6.0154571533203125 0.0 3.519970178604126
6.445154666900635 0.0 4.221454620361328
6.886472702026367 0.0 4.7244367599487305
6.87791633605957 0.0 4.441017150878906
7.0060014724731445 0.0 3.0967822074890137
7.290193557739258 0.0 0.9693369269371033
6.874293804168701 0.0 0.0
5.605481147766113 1.4492459297180176 0.0
3.0748682022094727 4.630322456359863 0.0
1.4117056131362915 6.168604850769043 0.0
1.5936026573181152 4.9595842361450195 0.0
1.753661036491394 2.9345498085021973 0.0
1.1052782535552979 2.4179863929748535 0.0
0.10431481897830963 2.7293007373809814 0.0
0.0 2.803737163543701 0.0
0.0 2.5241572856903076 0.0
0.0 1.924567461013794 0.0
0.0 1.2866319417953491 0.0
0.0 1.0500508546829224 0.0
0.0 1.2612555027008057 0.0
0.0 0.9315833449363708 0.0
0.0 0.1374737024307251 0.0
0.0 0.0 0.0
0.0 0.0 0.0
0.0 0.0 0.0
0.0 0.0 0.0
0.0 0.0 0.0
0.0 0.0 0.0
0.0 0.0 0.0
0.0 0.0 0.0
0.0 0.0 0.0
0.0 0.0 0.0
0.0 0.0 0.0
0.0 0.0 0.0
0.0 0.0 0.0
0.0 0.0 0.0
0.0 0.0 0.0
0.0 0.0 0.0
0.0 0.0 0.10838174819946289
0.0 0.0 0.22825808823108673
0.0 0.0 0.3121681809425354
0.0 0.0 0.2988443970680237
0.12159021943807602 0.0 0.22790175676345825
0.18527066707611084 0.0 0.1678543984889984
0.244062602519989 0.005121791735291481 0.17848333716392517
0.3370836079120636 0.04537946730852127 0.16779154539108276
0.3453974723815918 0.04779841750860214 0.08562210947275162
0.3099806308746338 0.042874760925769806 0.0
0.30369582772254944 0.0 0.0
0.2577507197856903 0.0 0.0
0.19267772138118744 0.002761964686214924 0.0
0.138392373919487 0.02948492206633091 0.0
0.08088566362857819 0.021142836660146713 0.0
0.06254208087921143 0.0 0.0
0.07827922701835632 0.0 0.0
0.051565855741500854 0.0 0.002300853841006756
0.0 0.005347361788153648 0.0
0.0 0.0 0.0
0.016855815425515175 0.0 0.0
0.04792078956961632 0.0 0.0
0.04331405460834503 0.0 0.0
0.05021616816520691 0.003912716172635555 0.03552538529038429
0.07326183468103409 0.029209284111857414 0.08177517354488373
0.09664016962051392 0.0 0.08508050441741943
0.062091246247291565 0.0 0.020661571994423866
0.08357416838407516 0.0 0.0004335325211286545
0.08419415354728699 0.009111071936786175 0.052976105362176895
0.016940012574195862 0.09424007683992386 0.06753666698932648
0.0 0.09873416274785995 0.04433014988899231
0.0 0.06807611882686615 0.0024849651381373405
0.0 0.015103183686733246 0.0
0.043259501457214355 0.10652869939804077 0.0
0.0 0.22452937066555023 0.027288317680358887
0.015890460461378098 0.0 0.13186559081077576
0.10648534446954727 0.0 0.13580599427223206
0.039888735860586166 0.0 0.08955568075180054
0.0 0.0773223489522934 0.06177811697125435
0.01577754318714142 0.0 0.13380463421344757
0.03364149481058121 0.0 0.1432117223739624
0.08725784718990326 0.0 0.12902159988880157
0.059429414570331573 0.0 0.06426310539245605
0.0 0.041216276586055756 0.04468648135662079
0.0 0.0 0.0490972064435482
0.0 0.0 0.009568708017468452
0.008315099403262138 0.0 0.0
0.03739575296640396 0.0 0.0
0.0 0.0 0.0
0.0 0.0 0.0
0.0 0.0 0.0
0.0 0.0006049349904060364 0.0
0.0 0.0 0.0
0.06590169668197632 0.01585978828370571 0.0
0.0 0.02133231796324253 0.0
0.0 0.0 0.0
0.07441315799951553 0.0 0.0
0.11982138454914093 0.014504238963127136 0.01382177509367466
0.058956705033779144 0.07623950392007828 0.026233702898025513
0.04516792297363281 0.06673494726419449 0.016450315713882446
0.012242196127772331 0.0466693639755249 0.0
0.04440652206540108 0.023284414783120155 0.0
0.08489509671926498 0.0 0.0
0.050545111298561096 0.0 0.0
0.008091393858194351 0.0 0.0
0.0 0.0 0.0
0.0 0.008413855917751789 0.007117800414562225
0.0 0.029768945649266243 0.009869644418358803
0.0 0.07353852689266205 0.0
0.0 0.01940339058637619 0.0
0.0 0.0 0.0
0.0 0.0 0.0
0.0 0.0 0.0
0.0 0.002287520095705986 0.0
0.0 0.0 0.0
0.0 0.0 0.0
0.0 0.0 0.0
0.0 0.0 0.0
0.0 0.0 0.002400820143520832
0.0 0.03190141171216965 0.01595204882323742
0.0 0.015919514000415802 0.004544132389128208
0.0 0.0 0.0016916198655962944
0.010046733543276787 0.0 0.0
0.0 0.0 0.006045356392860413
0.0 0.0 0.028460649773478508
0.0 0.012534103356301785 0.030671073123812675
0.0 0.029601506888866425 0.02100619673728943
0.0 0.0 0.0027712658047676086
0.0 0.013719477690756321 0.0
0.0 0.00853483472019434 0.0
0.0 0.033204495906829834 0.0
0.0 0.07566193491220474 0.0
0.007903155870735645 0.0 0.0
0.00012273062020540237 0.0 0.012216698378324509
0.0 0.0 0.010579919442534447
0.0 0.022383272647857666 0.011477671563625336
0.0 0.0 0.016471365466713905
0.007674124091863632 0.0 0.01901894435286522
0.023831522092223167 0.007238142192363739 0.007494382560253143
0.03653373569250107 0.0 0.00958203338086605
0.02390129677951336 0.0 0.0
0.04303504526615143 0.004010390490293503 0.007675742730498314
0.055525533854961395 0.004932111129164696 0.038784660398960114
0.0021339498925954103 0.06877873092889786 0.05127808451652527
0.0 0.05193344131112099 0.011614292860031128
0.015818336978554726 0.0 0.0
0.0 0.00751191470772028 0.0
0.0 0.032009001821279526 0.0
0.0 0.06499172002077103 0.0
0.0 0.10527442395687103 0.0
0.01572379469871521 0.06053971126675606 0.0
0.002123297192156315 0.03835345059633255 0.0
0.0 0.04479510709643364 0.0
0.050529178231954575 0.12021476030349731 0.0
0.07688701152801514 0.32657140493392944 0.0
0.11866109073162079 0.0 0.003761162981390953
0.28732573986053467 0.0 0.06004547327756882
0.17496351897716522 0.0 0.0
0.029475558549165726 0.0 0.0
0.0 0.0 0.0
0.0 0.23455092310905457 0.0
0.030793290585279465 0.0 0.0
