0.0 0.029196608811616898 0.1033589094877243
0.0 0.057277511805295944 0.22606804966926575
0.07934955507516861 0.23012198507785797 0.22467122972011566
0.07314945012331009 0.14559751749038696 0.08759086579084396
0.0401422344148159 0.0 0.05575677007436752
0.027201667428016663 0.0 0.05206083506345749
0.0 0.0 0.0
0.02226097136735916 0.0 0.0
0.07155661284923553 0.0 0.0
0.004882247652858496 0.04731995239853859 0.0
0.006709442473948002 0.09714316576719284 0.0023731719702482224
0.08672598004341125 0.026848502457141876 0.0
0.10936178267002106 0.0 0.0
0.08277305215597153 0.0 0.0
0.06039317697286606 0.002589500043541193 0.0
0.028101550415158272 0.04292866587638855 0.0
0.0 0.03541003167629242 0.03187939524650574
0.008594428189098835 0.018419064581394196 0.014956608414649963
0.0 0.03990784287452698 0.0
0.0 0.040014635771512985 0.0
0.0 0.007062811870127916 0.0
0.017238516360521317 0.0 0.0
0.06616237759590149 0.0 0.0
0.04184931889176369 0.0 0.0
0.0 0.0 0.01680430956184864
0.020186368376016617 0.0 0.016940129920840263
0.06817706674337387 0.0 0.018446147441864014
0.08507615327835083 0.0 0.04116637259721756
0.07538703829050064 0.0 0.05289679765701294
0.06910943984985352 0.0 0.04218556731939316
0.04999805986881256 0.0 0.03346903622150421
0.0434860996901989 0.0 0.044087059795856476
0.04985824599862099 0.015018738806247711 0.04954387992620468
0.054060712456703186 0.00011036358773708344 0.05381079763174057
0.05095013976097107 0.0 0.03978153318166733
0.06084378436207771 0.0 0.008840924128890038
0.059956684708595276 0.0 0.0
0.06741327047348022 0.0 0.0
0.0814896747469902 0.013082355260848999 0.0
0.06381693482398987 0.114232137799263 0.0
0.13259093463420868 0.039892129600048065 0.0
0.27577871084213257 0.0 0.0
0.408741295337677 0.0 0.0
0.41235142946243286 0.0 0.0
0.3277515769004822 0.02215251512825489 0.008550191298127174
0.3060407042503357 0.32740458846092224 0.0
0.310280978679657 0.32313552498817444 0.0
0.3307758569717407 0.17296333611011505 0.04859694465994835
0.3657684624195099 0.0 0.03973127901554108
0.4543161690235138 0.0 0.034012407064437866
0.6729175448417664 0.0 0.0
0.6943610310554504 0.0 0.0
0.8696399331092834 0.0 0.0
0.6197259426116943 0.0 0.0
0.34374627470970154 0.0 0.0
0.0740271806716919 0.0 0.0
0.0 0.13804316520690918 0.0
0.0 0.1614326536655426 0.0
0.0 0.16145847737789154 0.0003628348931670189
0.0 0.1337333768606186 0.006980257108807564
0.0 0.09316197782754898 0.03391573578119278
0.0 0.03895946219563484 0.017929311841726303
0.0 0.0 0.01610611192882061
0.0 0.0 0.0
0.0 0.0 0.0
0.0 0.08173781633377075 0.0
0.0 0.26750847697257996 0.0
0.0 0.2533516585826874 0.0
0.0 0.12882916629314423 0.0
0.0 0.09050919860601425 0.0
0.0 0.08403904736042023 0.0
0.0 0.08197110891342163 0.0
0.0 0.054251864552497864 0.0
0.0 0.034089602530002594 0.0
0.0 0.0 0.0
0.0 0.0 0.0
0.0 0.0 0.0
0.0 0.0 0.0
0.0 0.0 0.0
0.0 0.0 0.0
0.0 0.0 0.0
0.0 0.0 0.004541601054370403
0.0 0.0 0.0
0.0 0.0 0.0
0.0 0.0 0.004806052893400192
0.0 0.022855855524539948 0.014467468485236168
0.0 0.0015764008276164532 0.023916099220514297
0.0 0.0 0.011014679446816444
0.0 0.0 0.01850801706314087
0.0 0.0 0.032387346029281616
0.0 0.0 0.006576787680387497
0.0 0.0 0.0
0.0 0.0 0.00028214138001203537
0.0 0.0 0.04819595068693161
0.0 0.0 0.05102928727865219
0.0 0.0 0.055311381816864014
0.010243469849228859 0.0 0.028186555951833725
0.04672637954354286 0.0 0.012605464085936546
0.03504042699933052 0.0 0.011510107666254044
0.025486605241894722 0.0 0.008247734978795052
0.03945381939411163 0.0 0.00968291237950325
0.03955049067735672 0.026979703456163406 0.01316792517900467
0.006411447189748287 0.061026088893413544 0.02363041788339615
0.025577684864401817 0.018470369279384613 0.02154729515314102
0.06738585233688354 0.0 0.0
0.071629598736763 0.0 0.0
0.05105721205472946 0.0034954152069985867 0.03243642672896385
0.04142376035451889 0.013066817075014114 0.03664448857307434
0.0 0.0 0.014785261824727058
0.0 0.0 0.004693745635449886
0.0 0.0048970370553433895 0.004541945643723011
0.0 0.01970927231013775 0.01647903211414814
0.0 0.00906275399029255 0.015472091734409332
0.0 0.035742033272981644 0.0
0.0 0.06021595001220703 0.0
0.0 0.053809717297554016 0.0
0.010319369845092297 0.015588562935590744 0.0
0.019056402146816254 0.025207635015249252 0.0
0.018952805548906326 0.050670918077230453 0.0
0.009361431002616882 0.05919516086578369 0.0
0.0 0.07732729613780975 0.0
0.0 0.0761946514248848 0.0
0.0 0.064373679459095 0.0
0.0 0.03348473832011223 0.006268206983804703
0.0 0.013299310579895973 0.0029871920123696327
0.005552311427891254 0.0324154794216156 0.0
0.0 0.052604105323553085 0.006415745243430138
0.0 0.041961848735809326 0.022159021347761154
0.0 0.026058781892061234 0.018742719665169716
0.0 0.025994867086410522 0.027448061853647232
0.0 0.04208435118198395 0.0
0.0 0.09440721571445465 0.0
0.0 0.10297593474388123 0.0
0.0 0.07002624124288559 0.0
0.0 0.03179682791233063 0.0
0.0 0.0 0.0
0.0 0.0 0.0
0.11120683699846268 0.0 0.0
0.3733396530151367 0.0 0.21013504266738892
0.5451899170875549 0.0 0.5140321254730225
0.465302050113678 0.0 0.6029651761054993
0.3617839217185974 0.0 0.5103196501731873
0.36270856857299805 0.014741944149136543 0.5547875165939331
0.3465612530708313 0.2512899339199066 0.7081631422042847
0.2418428361415863 0.39807936549186707 0.7428473830223083
0.13077810406684875 0.42841437458992004 0.6499611139297485
0.04973118379712105 0.34890517592430115 0.6318007707595825
0.07354969531297684 0.21470953524112701 0.6828828454017639
0.13765624165534973 0.06372853368520737 0.6531209349632263
0.15339791774749756 0.029320498928427696 0.465143084526062
0.05564313754439354 0.07575271278619766 0.3254360556602478
0.0 0.12436072528362274 0.18758471310138702
0.0 0.19098635017871857 0.032250791788101196
0.0 0.23088717460632324 0.0
0.0 0.16011552512645721 0.0
0.0 0.06609661877155304 0.0
0.0 0.04539719969034195 0.0
0.0 0.0010853973217308521 0.0
0.0 0.0 0.0
0.0 0.0 0.0
0.0 0.0 0.0
0.0 0.0 0.0
0.0 0.0 0.0
0.0 0.0 0.0
0.0 0.0 0.0
0.0 0.0 0.0
0.0 0.0 0.0
0.0 0.0 0.0
0.0 0.0295719001442194 0.0
0.0 0.16844002902507782 0.07101656496524811
0.0 0.1880720555782318 0.20494747161865234
0.050387121737003326 0.16504663228988647 0.33101457357406616
0.12657536566257477 0.14234371483325958 0.3915277421474457
0.11888548731803894 0.2283446490764618 0.42591580748558044
0.10277523100376129 0.30484235286712646 0.44736915826797485
0.08733022212982178 0.35356462001800537 0.5039935111999512
0.11128269881010056 0.30123430490493774 0.5542740225791931
0.18618357181549072 0.23209331929683685 0.5248852372169495
0.1770225465297699 0.3236538767814636 0.4951777160167694
0.13903629779815674 0.31963783502578735 0.45205259323120117
0.15321096777915955 0.3027198314666748 0.42008987069129944
0.1842232048511505 0.2591174840927124 0.4074385166168213
0.1462356150150299 0.2179117202758789 0.35885128378868103
0.13607779145240784 0.18769948184490204 0.1994727998971939
0.11260388791561127 0.18813997507095337 0.09454479068517685
0.07768239080905914 0.07143732160329819 0.047880083322525024
0.07964727282524109 0.0 0.0
0.04589729756116867 0.0 0.0
0.0 0.0 0.0
0.0 0.0 0.0
0.0 0.0 0.0
0.0 0.0 0.0
0.0 0.0 0.0
0.0 0.0 0.0
0.0 0.0 0.0
0.0 0.0 0.0
0.0 0.0 0.0
0.0 0.0 0.0
0.0 0.0 0.0
0.0 0.0 0.0
0.0 0.0 0.0
0.0 0.0 0.08738048374652863
0.0 0.0 0.26464369893074036
0.0004621203988790512 0.09083649516105652 0.29715609550476074
0.02621568739414215 0.05644336715340614 0.3827671408653259
0.0942717045545578 0.006949317175894976 0.5040062069892883
0.16570699214935303 0.046768102794885635 0.6212952733039856
0.07958277314901352 0.293174147605896 0.7312702536582947
0.0 0.5023660063743591 0.8568699955940247
0.0 0.5683865547180176 0.8974339365959167
0.0 0.5492147207260132 0.9090791344642639
0.0 0.5225969552993774 0.888225257396698
0.0 0.5467305183410645 0.6791271567344666
0.0 0.6431028842926025 0.5250436067581177
0.0 0.48175445199012756 0.47610774636268616
0.0 0.3245808184146881 0.4066101610660553
0.03741054981946945 0.13457225263118744 0.2389095425605774
0.20074860751628876 0.023488346487283707 0.008356503210961819
0.29797104001045227 0.0 0.0
0.31976982951164246 0.0015393714420497417 0.0
0.34139522910118103 0.0 0.0
0.37906748056411743 0.0 0.0
0.38454189896583557 0.0 0.0
0.34167271852493286 0.0 0.0
0.33821967244148254 0.0 0.0
0.34984517097473145 0.0 0.0
0.4051688611507416 0.0 0.0
0.48967042565345764 0.0 0.0
0.5435818433761597 0.0 0.0
0.40457072854042053 0.07581653445959091 0.12273528426885605
0.07405005395412445 0.29535287618637085 0.43743517994880676
0.0 0.4666820168495178 0.4811949133872986
0.0 0.4633655846118927 0.4849643409252167
0.0755922943353653 0.44030874967575073 0.6216707825660706
0.11208585649728775 0.5765973329544067 0.8307986855506897
0.05336208641529083 0.7314425706863403 0.9610486030578613
0.0 0.7721263766288757 0.9146832227706909
0.0 0.721072256565094 0.9219731092453003
0.0 0.6422980427742004 0.955771267414093
0.0052366359159350395 0.6401209235191345 0.9570668935775757
0.028702547773718834 0.6079161167144775 0.7446020245552063
0.0 0.47287359833717346 0.5251287817955017
0.0 0.335313618183136 0.36106395721435547
0.0 0.2962527573108673 0.29585519433021545
0.0 0.23280055820941925 0.18180878460407257
0.026964765042066574 0.21453261375427246 0.0
0.02990143373608589 0.2385905385017395 0.0
0.0 0.17620866000652313 0.0
0.0 0.10641598701477051 0.0
0.04163052514195442 0.08248402178287506 0.0
0.13443157076835632 0.04588020592927933 0.0
0.1771516054868698 0.0 0.0
0.08280406147241592 0.0 0.0
0.0 0.0 0.0
0.0 0.017396630719304085 0.0
0.0 0.11318760365247726 0.0
0.0 0.08083020150661469 0.0
0.0 0.0 0.0
0.0 0.009954694658517838 0.0
0.0 0.1612640619277954 0.0530521422624588
0.0 0.16938936710357666 0.12835408747196198
0.09911566227674484 0.058319032192230225 0.1409982442855835
0.22227567434310913 0.0 0.2816067636013031
0.27299824357032776 0.0 0.5166400671005249
0.29340097308158875 0.0 0.7024975419044495
0.38576740026474 0.0 0.744979977607727
0.39717239141464233 0.0 0.6822569966316223
0.4179050922393799 0.0 0.7422923445701599
0.48589107394218445 0.0 0.8775737285614014
0.3732992708683014 0.0 0.9473403096199036
0.20337122678756714 0.0 0.891711950302124
0.06204179301857948 0.14220568537712097 0.753044843673706
0.0 0.24997875094413757 0.4117104411125183
0.0 0.2802964448928833 0.010655950754880905
0.0 0.19395409524440765 0.0
0.0 0.009419931098818779 0.0
0.0 0.0 0.0
0.0 0.0 0.0
0.0 0.0040166438557207584 0.0
0.0 0.0 0.0
0.0 0.0 0.0
0.0 0.0 0.0
0.0 0.0 0.0
0.0 0.08396127820014954 0.0
0.0 0.07089074701070786 0.0
0.0 0.0 0.0
0.0 0.0 0.0
0.011588472872972488 0.0 0.0
0.027679825201630592 0.0 0.0
0.00732475146651268 0.0 0.0
0.0346599705517292 0.0 0.0
0.10304488986730576 0.0 0.0
0.16319318115711212 0.0 0.11663271486759186
0.09031768143177032 0.010441893711686134 0.15891797840595245
0.0 0.060586024075746536 0.16658230125904083
0.0 0.03273122012615204 0.2168252319097519
0.09304849058389664 0.0 0.3041207194328308
0.1392865628004074 0.0 0.3696419298648834
0.09693670272827148 0.0 0.3426460027694702
0.032569702714681625 0.05368390679359436 0.2813376486301422
0.03944624960422516 0.08572094142436981 0.2398458570241928
0.0736074149608612 0.05803124979138374 0.2347557544708252
0.12805254757404327 0.00692811980843544 0.2255191206932068
0.14018484950065613 0.0 0.18390749394893646
0.10000839084386826 0.03170537203550339 0.15374213457107544
0.010823394171893597 0.07242722809314728 0.11452388018369675
0.0 0.09177882969379425 0.07996723800897598
0.0 0.07598201930522919 0.033042605966329575
0.0 0.03143000230193138 0.0
0.009179424494504929 0.0 0.0
0.0 0.0 0.0
0.0 0.0 0.0
0.0 0.0022558700293302536 0.0
0.0010799530427902937 0.0 0.0
0.0 0.0 0.0
0.0 0.0 0.0
0.0 0.0 0.0
0.0 0.0 0.0
0.0 0.0 0.0
0.0 0.0 0.0
0.0 0.0010715620592236519 0.0
0.0 0.003178655169904232 0.0
0.02989562228322029 0.0 0.0
0.03499637544155121 0.0 0.0
0.0 0.02209588699042797 0.0
0.0 0.04442888870835304 0.0
0.0 0.019254561513662338 0.0
0.004018218722194433 0.0 0.0
0.02892729640007019 0.0 0.0
0.0036373864859342575 0.0 0.0
0.0 0.03351312503218651 0.028428945690393448
0.0 0.08240211009979248 0.052773166447877884
0.0 0.03766632452607155 0.04885565862059593
0.04866771399974823 0.0 0.054825130850076675
0.053075242787599564 0.00032268138602375984 0.042066726833581924
0.0 0.0025863684713840485 0.037193674594163895
0.0 0.019760295748710632 0.018610402941703796
0.0 0.013434754684567451 0.00993755366653204
0.0 0.005971779115498066 0.0
0.034424327313899994 0.0 0.0
0.030085505917668343 0.0 0.0
0.0 0.0038428474217653275 0.0
0.0 0.05712071433663368 0.0
0.003715989412739873 0.03256528824567795 0.0
0.0526057668030262 0.0 0.0
0.03978903591632843 0.0 0.0
0.0 0.0135686956346035 0.0
0.0 0.03271735459566116 0.0
0.004604952409863472 0.022935032844543457 0.0
0.050365250557661057 0.025984883308410645 0.0
0.02270592749118805 0.03244704380631447 0.0
0.0 0.049647338688373566 0.0
0.016762549057602882 0.054941434413194656 0.0
0.07327110320329666 0.029309310019016266 0.0
0.08185553550720215 0.08987492322921753 0.0
0.03294152021408081 0.11128753423690796 0.0
0.0 0.06888361275196075 0.0
0.005099767819046974 0.032679006457328796 0.0
0.03058888390660286 0.024082854390144348 0.0
0.004018790554255247 0.0379888154566288 0.0
0.0 0.043376658111810684 0.0
0.0 0.06593230366706848 0.0
0.0 0.0015141628682613373 0.0
0.0 0.0 0.0
0.0 0.0 0.0
0.0 0.0 0.0
0.0 0.0 0.0
0.0 0.0 0.0
0.0 0.0 0.0
0.0 0.0 0.0
0.1554671674966812 0.0 0.0
0.8810081481933594 0.0 0.0
2.1952242851257324 0.0 0.3603883385658264
3.284675121307373 0.0 1.1670668125152588
4.180770397186279 0.0 2.298574447631836
6.718884468078613 0.0 2.7686283588409424
9.196455001831055 0.0 2.8634448051452637
9.909308433532715 0.0 3.362304210662842
10.393675804138184 0.0 4.3506951332092285
11.12812614440918 0.0 5.319578647613525
11.266258239746094 0.0 5.349508762359619
11.725882530212402 0.0 4.340632438659668
11.245575904846191 0.7071700692176819 2.7265257835388184
5.100371837615967 5.472548007965088 1.8793513774871826
2.026679277420044 6.333923816680908 0.027825050055980682
3.045898675918579 2.262319326400757 0.0
3.20009183883667 1.0128772258758545 0.0
2.2316713333129883 2.636017084121704 0.0
2.2930781841278076 3.4687068462371826 0.0
2.156040906906128 3.709853172302246 0.0
1.783852458000183 3.487663984298706 0.0
1.358412504196167 3.1466143131256104 0.0
1.0444388389587402 3.045541524887085 0.0
0.8232970833778381 3.010864734649658 0.0
0.12406495213508606 2.891310930252075 0.0
0.0 2.424546003341675 0.0
0.028313927352428436 1.4143201112747192 0.0
0.0 1.1632962226867676 0.0
0.0 1.5695593357086182 0.0
0.0 1.8461488485336304 0.0
0.0 1.6793854236602783 0.0
0.0 0.7727908492088318 0.0
0.0 0.13857391476631165 0.0
0.0 0.4460664987564087 0.0
0.0 0.6794342398643494 0.0
0.0 0.5647523999214172 0.0
0.0 0.0 0.0
0.0 0.0 0.0
0.0 0.0 0.0
0.0 0.0 0.0
0.0 0.0 0.0
0.0 0.0 0.0
0.0 0.0 0.0
0.0 0.0 0.0
0.0 0.0 0.0
0.0 0.0 0.0
0.0 0.0 0.0
0.0 0.0 0.0
0.0 0.0 0.0
0.0 0.0 0.18818847835063934
0.0 0.0 0.24771066009998322
0.0 0.0 0.10813945531845093
0.0 0.0 0.012571122497320175
0.10934033989906311 0.0 0.05073821544647217
0.13356152176856995 0.17314255237579346 0.12889719009399414
0.19233855605125427 0.2803739309310913 0.13731011748313904
0.27075666189193726 0.2325930893421173 0.08024950325489044
0.29211628437042236 0.1422400176525116 0.06521356105804443
0.3246321678161621 0.04208759218454361 0.10580971837043762
0.30286428332328796 0.013285772874951363 0.14288997650146484
0.20021271705627441 0.06441686302423477 0.16980654001235962
0.14476171135902405 0.04010353609919548 0.16169562935829163
0.15995371341705322 0.0 0.12854379415512085
0.19541344046592712 0.0 0.09666948765516281
0.17954285442829132 0.0 0.07933550328016281
0.1328885406255722 0.0 0.04894351214170456
0.07862583547830582 0.0 0.040013931691646576
0.08504751324653625 0.0 0.03902696818113327
0.13309547305107117 0.0 0.03301408141851425
0.1542777121067047 0.0 0.043798282742500305
0.1068473532795906 0.0 0.0
0.10470084100961685 0.0 0.0
0.13862019777297974 0.0 0.016007399186491966
0.046298250555992126 0.03990313783288002 0.0
0.021811284124851227 0.019784556701779366 0.0
0.06222075968980789 0.0 0.0
0.055790819227695465 0.0 0.0
0.001546226441860199 0.004953146446496248 0.0
0.0 0.053772881627082825 0.0
0.029819943010807037 0.03126224875450134 0.024841461330652237
0.08626005053520203 0.0 0.02733471244573593
0.06946402788162231 0.0 0.0
0.006909300573170185 0.0 0.0
0.0 0.0 0.0
0.0 0.0 0.0
0.022392919287085533 0.0 0.010665720328688622
0.04492352902889252 0.0 0.0
0.05368399620056152 0.0 0.0
0.04125555604696274 0.0 0.0
0.028606340289115906 0.0 0.0
0.03705734759569168 0.0 0.0
0.0678248479962349 0.0 0.0
0.09771430492401123 0.0 0.0
0.06581708788871765 0.0 0.0
0.013530983589589596 0.0018321885727345943 0.0
0.021998237818479538 0.013477658852934837 0.0
0.052054405212402344 0.0 0.0
0.0446510836482048 0.0 0.0
0.058322153985500336 0.0 0.0
0.04692835360765457 0.0 0.0
0.03613989055156708 0.0 0.0
0.023891745135188103 0.0 0.0
0.021485047414898872 0.013289906084537506 0.0022653108462691307
0.035625897347927094 0.010172676295042038 0.0
0.017950765788555145 0.0008164588361978531 0.0
0.03468979895114899 0.0 0.0
0.05873015522956848 0.0 0.006779368966817856
0.03508021682500839 0.01741088181734085 0.030190683901309967
0.0 0.0283061396330595 0.0
0.0 0.0 0.0
0.027996743097901344 0.0 0.0
0.003516699420288205 0.0048889643512666225 0.0
0.0 0.0016281898133456707 0.013593865558505058
0.0030437218956649303 0.0 0.028730206191539764
0.00436385115608573 0.003743805456906557 0.00526829157024622
0.0 0.0 0.0
0.0 0.0 0.0
0.0 0.0 0.0
0.0 0.0016146083362400532 0.01890287734568119
0.0 0.010088520124554634 0.022231031209230423
0.017028778791427612 0.0 0.018193677067756653
0.03735589236021042 0.0025826669298112392 0.01414061151444912
0.024621717631816864 0.0 0.005432608537375927
0.0 0.033671848475933075 0.0
0.0 0.024108704179525375 0.0
0.018367595970630646 0.018642034381628036 0.0
0.046839453279972076 0.0025216536596417427 0.02598682790994644
0.013733429834246635 0.0004534428007900715 0.02778606116771698
0.0 0.024031473323702812 0.0
0.0 0.01775067299604416 0.0
0.01851167343556881 0.0 0.0
0.020477885380387306 0.002690764144062996 0.0
0.02682846039533615 0.0 0.0
0.0 0.0 0.0
0.0 0.020869234576821327 0.0
0.0011997953988611698 0.01439162902534008 0.0031347740441560745
0.02989801950752735 0.0 0.0064504100009799
0.020364701747894287 0.0 0.0
0.0 0.0 0.0
0.0 0.0 0.002987234853208065
0.010768532752990723 0.0 0.002062053419649601
0.012988278642296791 0.018636707216501236 0.0
0.012847661972045898 0.012209966778755188 0.011790580116212368
0.0 0.015541048720479012 0.0
0.0 0.005978169851005077 0.0
0.018415533006191254 0.0 0.0
0.0 0.0039533693343400955 0.0
0.0 0.004973625764250755 0.0
0.0 0.0 0.0019121170043945312
0.014958217740058899 0.0 0.006301273591816425
0.013022100552916527 0.0 0.0
0.0 0.011362548917531967 0.0
0.0 0.021945418789982796 0.0
0.016371823847293854 0.009134016931056976 0.0
0.023735199123620987 0.0 0.0
0.012848461046814919 0.0 0.008516755886375904
0.010641233995556831 0.0004997816868126392 0.0170721597969532
0.025599410757422447 0.0 0.013985558412969112
0.006712538655847311 0.0 0.0
0.0 0.0 0.0
0.0 0.006012791767716408 0.0
0.0 0.008056767284870148 0.0
0.0 0.0 0.0
0.0 0.01769954152405262 0.0
0.0 0.01757277548313141 0.012620422057807446
0.013732897117733955 0.0 0.025601200759410858
0.024398857727646828 0.0 0.02351248636841774
0.0 0.0 0.0
0.0 0.0 0.0
0.0 0.0 0.0
0.011716884560883045 0.0 0.012733872048556805
0.03194119408726692 0.0 0.019376594573259354
0.0 0.019731000065803528 0.004081794060766697
0.0 0.005926796700805426 0.01140989176928997
0.02243633382022381 0.0 0.009683096781373024
0.02895255573093891 0.0 0.0
0.0 0.0 0.0
0.0 0.0 0.0
0.023687219247221947 0.0 0.0
0.008858472108840942 0.0 0.0
0.0 0.0 0.0
0.0 0.0 0.0
0.0 0.0 0.0
0.0 0.0 0.0
0.0 0.0 0.0
0.0 0.00807889737188816 0.0
0.020296482369303703 0.009024852886795998 0.012925229966640472
0.022404108196496964 0.005823200102895498 0.015072537586092949
0.0 0.03676939755678177 0.0
0.001398691674694419 0.012364456430077553 0.0
0.03544427454471588 0.0 0.0
0.03957004472613335 0.001572528388351202 0.005615385249257088
0.0 0.02823183499276638 0.005297137424349785
0.0 0.020928915590047836 0.0
0.0055729299783706665 0.0 0.0
0.03424292430281639 0.0 0.0012131799012422562
0.018220016732811928 0.0 0.0010187691077589989
0.0 0.0 0.0
0.0 0.0 0.0
0.003427754156291485 0.0 0.0
0.005580387078225613 0.0 0.0
0.0 0.0 0.0
0.005731388460844755 0.0 0.0
0.007923436351120472 0.0 0.0
0.0 0.0 0.0
0.0 0.010398510843515396 0.0
0.0004207789897918701 0.0 0.0
0.08907821029424667 0.0 0.0
0.20396298170089722 0.0 0.0
0.3052248954772949 0.0 0.0
0.2164422869682312 0.0 0.015531133860349655
0.1264471560716629 0.0 0.06627313792705536
0.08577802032232285 0.042645394802093506 0.08526547253131866
0.1339237093925476 0.0 0.060902874916791916
0.25657424330711365 0.0 0.046691980212926865
0.2766297161579132 0.0 0.06170368567109108
0.15117593109607697 0.0 0.13558749854564667
0.005589175503700972 0.037713486701250076 0.30772650241851807
0.059060923755168915 0.06661544740200043 0.5102660655975342
0.25613322854042053 0.0 0.6358394026756287
0.43280601501464844 0.0 0.6660681962966919
0.5176873803138733 0.0 0.6015594601631165
0.440120130777359 0.0 0.4815177321434021
0.33280932903289795 0.02482074871659279 0.45196959376335144
0.24843133985996246 0.06958875060081482 0.46515998244285583
0.22288496792316437 0.04735002666711807 0.4552178680896759
0.20409290492534637 0.04687065631151199 0.3097376227378845
0.13827820122241974 0.08616666495800018 0.07204143702983856
0.014880899339914322 0.13196851313114166 0.0
0.0 0.16832971572875977 0.0
0.0 0.19516132771968842 0.0
0.0 0.16877631843090057 0.0
0.0 0.017386533319950104 0.0
0.0 0.0 0.0
0.0 0.0 0.0
0.05303201451897621 0.0 0.0
0.051912419497966766 0.0 0.0
0.0 0.0 0.0
0.0 0.0 0.0
0.0 0.0 0.1757981777191162
0.0 0.0 0.4737659692764282
0.02111935429275036 0.0 0.556643009185791
0.06718111783266068 0.004802033305168152 0.5421947836875916
0.09130483120679855 0.0 0.5808359384536743
0.11449270695447922 0.0 0.7113486528396606
0.08794205635786057 0.042013317346572876 0.8138750791549683
0.03996787592768669 0.1239425390958786 0.8211396336555481
0.07741085439920425 0.12071451544761658 0.8118883371353149
0.14027318358421326 0.0769883468747139 0.8155794739723206
0.158317431807518 0.0705413669347763 0.8242853283882141
0.1599384993314743 0.0760546401143074 0.7709035873413086
0.1100287139415741 0.09828058630228043 0.5407891869544983
0.05586108937859535 0.06951658427715302 0.30192044377326965
0.03388867899775505 0.003173244185745716 0.14444345235824585
0.0 0.007970395497977734 0.029574666172266006
0.0 0.026591219007968903 0.0
0.0 0.002804928459227085 0.0
0.0 0.0 0.0
0.0 0.0 0.0
0.0 0.0 0.0
0.0 0.0 0.0
0.0 0.0 0.0
0.0 0.0 0.0
0.0 0.0 0.0
0.0 0.0 0.0
0.0 0.0 0.0
0.0 0.0 0.0
0.0 0.0 0.0
0.0 0.0 0.0
0.029695531353354454 0.0 0.02894562855362892
0.0927376076579094 0.021846797317266464 0.23696699738502502
0.10946785658597946 0.04148281738162041 0.378215491771698
0.08672791719436646 0.09772185236215591 0.41876664757728577
0.12441045790910721 0.10589755326509476 0.49181684851646423
0.21599896252155304 0.04256385192275047 0.6057679057121277
0.25896430015563965 0.019875049591064453 0.6798373460769653
0.23015286028385162 0.049684345722198486 0.6839194297790527
0.20717617869377136 0.07754047960042953 0.6389109492301941
0.21490147709846497 0.06593096256256104 0.612242579460144
0.22237057983875275 0.043602216988801956 0.609039843082428
0.20123866200447083 0.04584699496626854 0.5885380506515503
0.15818919241428375 0.07633540034294128 0.4194129705429077
0.13242577016353607 0.059052545577287674 0.22252947092056274
0.07275818288326263 0.009658098220825195 0.1010536402463913
0.0 0.007232758682221174 0.0
0.0 0.022722501307725906 0.0
0.0 0.0 0.0
0.0 0.0 0.0
0.0 0.0 0.0
0.0 0.0 0.0
0.0 0.0 0.0
0.0 0.0 0.0
0.0 0.0 0.0
0.0 0.0 0.0
0.0 0.0 0.0
0.0 0.0 0.0
0.0 0.0 0.0
0.0 0.0 0.0
0.0 0.0 0.0
0.0 0.0 0.0
0.0 0.0958036407828331 0.15882772207260132
0.0 0.1379859745502472 0.22776737809181213
0.028047705069184303 0.12733785808086395 0.21209333837032318
0.11607129871845245 0.06745775043964386 0.2576477825641632
0.16865967214107513 0.05006943643093109 0.33076220750808716
0.15122875571250916 0.10310043394565582 0.37349262833595276
0.09678761661052704 0.13507914543151855 0.3794623613357544
0.08801063895225525 0.09888172149658203 0.397418737411499
0.11235565692186356 0.07538384944200516 0.4136104881763458
0.12195342779159546 0.07111214101314545 0.41369250416755676
0.12428821623325348 0.05205535516142845 0.3912194073200226
0.11798930913209915 0.03404280170798302 0.37827831506729126
0.06945932656526566 0.06409630924463272 0.3276801109313965
0.06246160343289375 0.051533378660678864 0.2794952690601349
0.08912410587072372 0.004722197074443102 0.2742682993412018
0.07260292023420334 0.024084443226456642 0.222886860370636
0.02105690725147724 0.04677430912852287 0.153004989027977
0.0 0.018545333296060562 0.043614841997623444
0.0 0.0 0.0
0.0 0.0 0.0
0.0 0.0 0.0
0.0 0.0 0.0
0.0 0.0 0.0
0.0 0.0 0.0
0.0 0.0 0.0
0.0 0.0 0.0
0.0 0.0 0.0
0.0 0.0 0.0
0.0 0.0 0.0
0.0 0.0 0.0
0.0 0.0 0.0
0.0 0.0 0.0
0.0 0.0 0.0
0.0 0.0 0.0
0.0 0.0 0.0
0.033845581114292145 0.0 0.13343282043933868
0.07381509989500046 0.0018035531975328922 0.205732062458992
0.03665201738476753 0.11138889938592911 0.20357942581176758
0.005755090154707432 0.151845782995224 0.20447024703025818
0.04800906777381897 0.08997495472431183 0.23780956864356995
0.1043626219034195 0.04834788292646408 0.25212568044662476
0.10881276428699493 0.06753169745206833 0.2372758686542511
0.0876329094171524 0.08144698292016983 0.2232213020324707
0.05932324379682541 0.052999626845121384 0.16943050920963287
0.061716627329587936 0.01483839564025402 0.13834954798221588
0.07994889467954636 0.0 0.12562577426433563
0.07371070235967636 0.010658297687768936 0.1128162294626236
0.03886590525507927 0.03211511671543121 0.07941992580890656
0.0018844516016542912 0.030199242755770683 0.042721569538116455
0.01896063983440399 0.0025396510027348995 0.03852921724319458
0.03268017992377281 0.0 0.052529990673065186
0.023066435009241104 0.0 0.052413344383239746
0.00192360021173954 0.0 0.032979726791381836
0.0 0.0 0.019897477701306343
0.0 0.0 0.02854103408753872
0.0 0.0037663024850189686 0.018847128376364708
0.0 0.0 0.016728850081562996
0.0 0.0 0.016918200999498367
0.009482184424996376 0.0 0.023419776931405067
0.021100489422678947 0.0 0.03528708964586258
0.0 0.0 0.007272230461239815
0.0 0.0 0.0
0.0 0.0 0.01145259477198124
0.014816761016845703 0.0 0.02565443329513073
0.0 0.0058717974461615086 0.012668594717979431
0.0 0.005961546208709478 0.0
0.005620866548269987 0.0 0.0
0.012021774426102638 0.0 0.0
0.0 0.010278796777129173 0.0
0.005719670094549656 0.0017359084449708462 0.0
0.026068083941936493 0.0 0.0
0.0037071192637085915 0.002847245428711176 0.0
0.0 0.012373372912406921 0.0
0.0 0.021999016404151917 0.0
0.0 0.014581846073269844 0.0
0.0 0.006036295089870691 0.0
0.0 0.0027419649995863438 0.004017609171569347
0.0012595863081514835 0.02080938220024109 0.0
0.00843973457813263 0.03701924532651901 0.0
0.0 0.01907326839864254 0.0
0.008425087668001652 0.020013097673654556 0.0
0.005057786591351032 0.04758507013320923 0.0
0.031396981328725815 0.03253208473324776 0.0
0.04411570727825165 0.0037859235890209675 0.0
0.0302243921905756 0.005931899417191744 0.0
0.0 0.02515859156847 0.0
0.0 0.014521125704050064 0.0
0.0 0.0 0.001939544454216957
0.012792404741048813 0.0 0.012774082832038403
0.002138962037861347 0.004800321999937296 0.013798068277537823
0.0010856818407773972 0.0 0.011633717454969883
0.0 0.004977688658982515 0.0
0.010748429223895073 0.0 0.0031217215582728386
0.044751670211553574 0.0 0.018434632569551468
0.014016393572092056 0.010140493512153625 0.00111423060297966
0.0 0.018744634464383125 0.0
0.0 0.0 0.0
0.001567447790876031 0.0 0.0
0.0 0.0 0.0
0.0 0.0 0.0
0.0 0.012440664693713188 0.0
0.0 0.054975610226392746 0.0
0.0 0.04859893396496773 0.0
0.0 0.04874248057603836 0.0
0.0 0.02640654891729355 0.0
0.0 0.0 0.0
0.0 0.0 0.0
0.0 0.010382574051618576 0.0
0.0 0.0070118107832968235 0.00499312486499548
0.0 0.0 0.01053383108228445
0.0 0.020793935284018517 0.004182991571724415
0.0 0.0113141480833292 0.0
0.0 0.0 0.0
0.029763665050268173 0.0 0.023640312254428864
0.007371807470917702 0.009002257138490677 0.024547118693590164
0.011694383807480335 0.0 0.01706390082836151
0.039452776312828064 0.0 0.01190988626331091
0.029875783249735832 0.0 0.011872868053615093
0.0 0.0069388397969305515 0.011647299863398075
0.0 0.0 0.0
0.0 0.0 0.0
0.0 0.0 0.0
0.018095558509230614 0.0 0.01712435483932495
0.004321820102632046 0.01436992920935154 0.01064533181488514
0.030903629958629608 0.0 0.015070173889398575
0.0489681176841259 0.0 0.021636195480823517
0.014009335078299046 0.03350713849067688 0.0054625533521175385
0.0 0.02719118446111679 0.0009346464648842812
0.0 0.0027441647835075855 0.0
0.0023124648723751307 0.017607534304261208 0.0
0.0 0.04314085841178894 0.0030697034671902657
0.0 0.03893972188234329 0.00384707935154438
0.0 0.057111531496047974 0.005509691312909126
0.0 0.21035221219062805 0.03146672248840332
0.0 0.1922091692686081 0.04223894327878952
0.0 0.0326104499399662 0.005675073713064194
0.02736402302980423 0.0 0.0
0.0 0.0 0.0
0.0 0.0 0.0
0.0 0.0 0.0
0.0 0.0 0.0
0.25201576948165894 0.0 0.0
0.5298527479171753 0.0 0.09839542210102081
0.9830132722854614 0.0 0.5415504574775696
2.027933359146118 0.0 1.4039735794067383
3.6242659091949463 0.0 2.4185516834259033
5.329277515411377 0.0 3.182105541229248
7.174743175506592 0.0 3.734600067138672
8.16808032989502 0.0 4.137741565704346
8.363036155700684 0.0 4.826995372772217
8.426911354064941 0.0 5.91033411026001
8.174453735351562 0.0 6.466371536254883
8.756418228149414 0.0 5.7545294761657715
9.696383476257324 0.0 3.926975727081299
9.093825340270996 0.0 2.048194646835327
5.322808742523193 2.0447633266448975 0.6921131014823914
1.0469075441360474 6.113075256347656 0.0
1.098551869392395 4.6019721031188965 0.0
2.376760244369507 1.8778761625289917 0.0
2.412917375564575 1.3329476118087769 0.0
2.119598627090454 1.9796152114868164 0.0
2.323685884475708 2.36020565032959 0.0
2.2658517360687256 2.8404693603515625 0.0
1.9237828254699707 3.124311923980713 0.0
1.4031585454940796 3.349159002304077 0.0
0.8351849317550659 3.291086435317993 0.0
0.29848232865333557 2.8160440921783447 0.0
0.0 1.9091054201126099 0.0
0.0 1.0679643154144287 0.0
0.0 0.7471978068351746 0.0
0.0 0.6596873998641968 0.0
0.0 0.6457343101501465 0.0
0.0 0.2213476151227951 0.0
0.0 0.0 0.0
0.0 0.0 0.0
0.0 0.0 0.0
0.0 0.0 0.0
0.0 0.0 0.0
0.0 0.0 0.0
0.0 0.0 0.0
0.0 0.0 0.0
0.0 0.0 0.0
0.0 0.0 0.0
0.0 0.0 0.0
0.0 0.0 0.0
0.0 0.0 0.0
0.0 0.0 0.0
0.0 0.0 0.0
0.0 0.0 0.0
0.0 0.0 0.0
0.0 0.0 0.0
0.0 0.0 0.0
0.0 0.0 0.017547795549035072
0.0 0.0 0.0
0.0 0.0 0.0
0.0 0.0 0.0
0.0 0.0 0.039884790778160095
0.008840799331665039 0.0 0.07005387544631958
0.049852944910526276 0.0 0.023416602984070778
0.04922577366232872 0.0 0.0
0.05631297454237938 0.0 0.029063837602734566
0.07595965266227722 0.0 0.09669055044651031
0.09160998463630676 0.0 0.12774141132831573
0.09074818342924118 0.0 0.10524675250053406
0.08348201960325241 0.0 0.0826847180724144
0.08373341709375381 0.0 0.05920868366956711
0.1093868538737297 0.0 0.05628053843975067
0.11310329288244247 0.0 0.013754388317465782
0.1292409747838974 0.0 0.0
0.19426338374614716 0.0 0.0
0.22985120117664337 0.0 0.0
0.20848120748996735 0.0 0.0
0.156934916973114 0.0 0.0
0.1269509196281433 0.0 0.00947122648358345
0.08414088189601898 0.0 0.014233756810426712
0.029648877680301666 0.0 0.021185141056776047
0.03555363789200783 0.0 0.06821150332689285
0.06507104635238647 0.0 0.0961131751537323
0.06947378814220428 0.0 0.07679327577352524
0.025229625403881073 0.0 0.018632235005497932
0.0 0.0 0.0
0.0 0.0 0.004464217461645603
0.0 0.0 0.035724937915802
0.08089342713356018 0.0 0.01410957146435976
0.4148799180984497 0.0 0.01411463227123022
0.5493937730789185 0.0 0.007934500463306904
0.40898793935775757 0.0 0.0
0.3081739544868469 0.0 0.0
0.4320344030857086 0.0 0.0
0.6895958781242371 0.0 0.0
0.9513004422187805 0.0 0.07113397866487503
1.0847642421722412 0.007736461237072945 0.07589863985776901
1.0904202461242676 0.11197284609079361 0.06026827543973923
1.1117199659347534 0.17779262363910675 0.07458250224590302
1.1467921733856201 0.2786121666431427 0.1041041761636734
1.1186891794204712 0.2657861113548279 0.1368996798992157
1.0716763734817505 0.22654390335083008 0.1363028585910797
0.9200791716575623 0.19813384115695953 0.1368331015110016
0.6558797359466553 0.2647043466567993 0.10022368282079697
0.4446290135383606 0.2704538404941559 0.09492719173431396
0.25224414467811584 0.20803654193878174 0.11310113221406937
0.10714367032051086 0.14777159690856934 0.09970489889383316
0.0 0.13240942358970642 0.033835604786872864
0.0 0.0904284119606018 0.0
0.0 0.06856013089418411 0.0
0.0 0.04748573899269104 0.0
0.0 0.0 0.0
0.0 0.0 0.0
0.0 0.0 0.0
0.0 0.0 0.0
0.0 0.0 0.0
0.0 0.0 0.0
0.0 0.0 0.0
0.0 0.0 0.0
0.0 0.0 0.0
0.0 0.0 0.0
0.0 0.0 0.0
0.0 0.0 0.0
0.0 0.0 0.0
0.0 0.0 0.0
0.0 0.0 0.0
0.0 0.0 0.0
0.07396334409713745 0.0 0.0
0.2968169152736664 0.0 0.0
0.2945534884929657 0.04351123422384262 0.02111528441309929
0.38207828998565674 0.08584591001272202 0.026400059461593628
0.48857223987579346 0.07067707180976868 0.04664434492588043
0.6270797848701477 0.04800638556480408 0.06611578166484833
0.8056122660636902 0.02226720005273819 0.0325612835586071
1.0247560739517212 0.07297272235155106 0.005001827143132687
1.0561238527297974 0.020607518032193184 0.06069784611463547
0.8870639801025391 0.03140370547771454 0.1049816906452179
0.6631568074226379 0.1509261131286621 0.10206419229507446
0.5291520357131958 0.2703590989112854 0.07440424710512161
0.5310423374176025 0.29682934284210205 0.10228514671325684
0.5571983456611633 0.2179563343524933 0.14181843400001526
0.524808406829834 0.08400147408246994 0.1581537425518036
0.43092161417007446 0.0034427177160978317 0.1430666595697403
0.31690502166748047 0.0 0.12263356149196625
0.1567169427871704 0.02100839652121067 0.13824793696403503
0.00857941061258316 0.06281469762325287 0.12408392131328583
0.0 0.09935726225376129 0.07085877656936646
0.0 0.04332089051604271 0.0
0.0 0.0 0.0
0.0 0.0 0.0
0.0 0.0 0.005715196952223778
0.0 0.0 0.0023377761244773865
0.0 0.0 0.0
0.0 0.0 0.0
0.0 0.0 0.0
0.0 0.0 0.0
0.0 0.0 0.0
0.0 0.0 0.0
0.0 0.008148789405822754 0.008659054525196552
0.0 0.03155265003442764 0.0
0.014073245227336884 0.0 0.0
0.04399971663951874 0.0015840977430343628 0.0
0.009948541410267353 0.05162755772471428 0.0
0.0 0.04525807499885559 0.0
0.040798068046569824 0.0377170667052269 0.0
0.042780257761478424 0.016406187787652016 0.007828681729733944
0.0 0.02827483043074608 0.0
0.0 0.023035326972603798 0.0
0.0 0.0006890092045068741 0.0
0.013949142768979073 0.0 0.003133261576294899
0.027671877294778824 0.0 0.017140954732894897
0.019253626465797424 0.0 0.0063945697620511055
0.0 0.027210097759962082 0.0
0.0 0.03578893840312958 0.0
0.0 0.0 0.0
0.016267424449324608 0.0 0.0
0.013070564717054367 0.013340355828404427 0.0
0.0 0.013336626812815666 0.009315523318946362
0.0 0.020981231704354286 0.0
0.0 0.0402742363512516 0.0
0.0 0.07015090435743332 0.0
0.0 0.13634830713272095 0.0
0.0 0.21439304947853088 0.0
0.0 0.20409351587295532 0.0
0.0 0.12249694019556046 0.0028427112847566605
0.0 0.030301760882139206 0.0
0.0 0.0 0.0
0.0 0.0 0.0
0.0 0.0 0.0
0.0 0.0 0.0
0.0 0.0 0.0
0.0 0.0 0.0
0.08046811819076538 0.0 0.0
0.20508301258087158 0.0 0.0
0.40660998225212097 0.04860319942235947 0.022251121699810028
0.6498162746429443 0.02576765976846218 0.031016383320093155
0.8735886216163635 0.0 0.05111153423786163
1.0504132509231567 0.0 0.0685669556260109
1.2275866270065308 0.0 0.05620642751455307
1.3443678617477417 0.0 0.022342201322317123
1.3910731077194214 0.0 0.0
1.313929796218872 0.045824989676475525 0.005665753036737442
1.1963096857070923 0.15927326679229736 0.1490812450647354
1.0696593523025513 0.2754683196544647 0.13216803967952728
0.8301860094070435 0.3817633092403412 0.0
0.5488709807395935 0.3335973918437958 0.0
0.23781593143939972 0.2564607858657837 0.0
0.0 0.2514532506465912 0.028069861233234406
0.0 0.18807321786880493 0.038400799036026
0.0 0.13760711252689362 0.0
0.0 0.11036217212677002 0.0
0.0 0.08181681483983994 0.0
0.0 0.0768076702952385 0.0
0.0 0.013417249545454979 0.0
0.0 0.0 0.0
0.0 0.0 0.0
0.0 0.0 0.0
0.0 0.0 0.0
0.0 0.0 0.0
0.0 0.0 0.0
0.0 0.0 0.0
0.0 0.0 0.0
0.0 0.0 0.0
0.13888216018676758 0.0 0.0
0.168777734041214 0.0 0.0
0.23062433302402496 0.0 0.0
0.5746762156486511 0.0 0.04896848648786545
1.1232386827468872 0.0 0.11559624969959259
1.5880444049835205 0.0 0.11705540120601654
1.682821273803711 0.0 0.13286125659942627
1.573647379875183 0.0 0.1933022290468216
1.4442702531814575 0.0 0.2613401412963867
1.291820764541626 0.06180288642644882 0.29180535674095154
1.1555702686309814 0.07176364213228226 0.2584271728992462
1.1293878555297852 0.0 0.1828056424856186
1.0724353790283203 0.0 0.10398220270872116
0.8549233078956604 0.0 0.09565263241529465
0.5206286907196045 0.07873659580945969 0.14848069846630096
0.03985552489757538 0.4538755714893341 0.15130209922790527
0.0 0.6504138708114624 0.11064282059669495
0.0 0.5799024701118469 0.025057077407836914
0.0 0.40066826343536377 0.0
0.0 0.26155886054039 0.0
0.0 0.17896410822868347 0.0
0.0 0.28686049580574036 0.0
0.0 0.4416005313396454 0.0
0.0 0.46101096272468567 0.0
0.0 0.3174431622028351 0.0
0.0 0.24742278456687927 0.0
0.0 0.24962815642356873 0.0
0.0 0.27385467290878296 0.0
0.0 0.1903240829706192 0.0
0.0 0.0013783983886241913 0.0
0.0 0.0 0.0
0.0 0.0 0.0
0.0 0.0 0.0
0.0 0.0 0.0
0.1572394073009491 0.0 0.0
0.327789843082428 0.0 0.0
0.4088625907897949 0.0 0.0
0.5420265197753906 0.0 0.0
0.9090601801872253 0.0 0.07918423414230347
1.348867654800415 0.0 0.1296391487121582
1.584539771080017 0.0 0.11744558811187744
1.438618540763855 0.0 0.11221541464328766
1.118725299835205 0.0 0.1521332710981369
0.8964729905128479 0.059586577117443085 0.23336286842823029
0.9715957045555115 0.03794892504811287 0.2938688397407532
1.163968563079834 0.0 0.2330867052078247
1.2517205476760864 0.0 0.16789332032203674
1.149393081665039 0.0 0.1420113891363144
0.8840437531471252 0.0 0.12595705687999725
0.5246243476867676 0.0 0.14901123940944672
0.18028055131435394 0.2143612504005432 0.1594066321849823
0.0 0.43304139375686646 0.11659550666809082
0.0 0.4932296574115753 0.0411984957754612
0.0 0.47896015644073486 0.0
0.0 0.4229200482368469 0.0
0.0 0.4254090487957001 0.0
0.0 0.4469851851463318 0.0
0.0 0.4109262526035309 0.0
0.0 0.433374285697937 0.0
0.0 0.38034701347351074 0.0
0.0 0.3113405108451843 0.0
0.0 0.1954362988471985 0.0
0.0 0.03150487318634987 0.0
0.0 0.0 0.0
0.0 0.0 0.0
0.0 0.0 0.0
0.0 0.0 0.0
0.0 0.0 0.0
0.0 0.020977964624762535 0.0
0.0 0.03977642208337784 0.0
0.0 0.0 0.0
0.0 0.0 0.0
0.0 0.0 0.0
0.0 0.002448488026857376 0.0
0.0 0.0 0.0
0.09307818859815598 0.0 0.0
0.20072396099567413 0.0 0.0
0.25296610593795776 0.027667293325066566 0.0153069281950593
0.3246581256389618 0.011657433584332466 0.0
0.4709168076515198 0.0 0.0
0.6917014122009277 0.0 0.0
0.9558318257331848 0.0 0.0
1.0882817506790161 0.0 0.0
0.935712456703186 0.0 0.0009114779531955719
0.6482234001159668 0.0 0.06917335838079453
0.3929122984409332 0.09399198740720749 0.11627322435379028
0.16446155309677124 0.19748403131961823 0.13782964646816254
0.0 0.1841415911912918 0.10604295879602432
0.0 0.06231554597616196 0.0521102175116539
0.0 0.0 0.006731550209224224
0.0 0.0 0.005015409551560879
0.0 0.0 0.010046918876469135
0.01818210445344448 0.0 0.007470044307410717
0.005190406460314989 0.0 0.023316651582717896
0.0 0.0 0.005509692244231701
0.0 0.03800781071186066 0.007283623330295086
0.0 0.028386080637574196 0.006471891887485981
0.0 0.00812475010752678 0.0
0.0 0.0 0.0018435847014188766
0.0 0.0 0.0
0.0 0.02937358058989048 0.011046403087675571
0.0 0.02605661191046238 0.02949358895421028
0.01697036623954773 0.0 0.02352384850382805
0.017054256051778793 0.0 0.013878942467272282
0.002432170556858182 0.01444309949874878 0.0
0.0 0.0006167660467326641 0.0
0.02798147313296795 0.0 0.0
0.009947611019015312 0.022945242002606392 0.0
0.0 0.021889830008149147 0.0
0.0 0.0 0.0
0.0 0.0 0.0
0.0 0.013377834111452103 0.0
0.02364824339747429 0.010104011744260788 0.0
0.05565118044614792 0.0 0.0
0.01955496519804001 0.0 0.0
0.0 0.030551034957170486 0.0
0.0 0.027347784489393234 0.0
0.008870493620634079 0.0 0.0
0.018433639779686928 0.0 0.0
0.0 0.0 0.0
0.0 0.02304278500378132 0.0
0.0 0.018763616681098938 0.0
0.0 0.0007031243294477463 0.0
0.0026136632077395916 0.0 0.0
0.023713355883955956 0.0016205832362174988 0.0
0.01627221703529358 0.02077190764248371 0.0
0.010835640132427216 0.033496223390102386 0.0032917195931077003
0.0 0.03882680833339691 0.011620224453508854
0.0 0.05687958002090454 0.014926272444427013
0.013000790029764175 0.025002870708703995 0.0
0.03210337832570076 0.0 0.00443448219448328
0.02246992476284504 0.0004956638440489769 0.008642544038593769
0.0 0.04102205112576485 0.0
0.0 0.033487703651189804 0.011720092035830021
0.043621815741062164 0.0 0.025912076234817505
0.043922487646341324 0.0 0.0
0.0 0.0 0.0
0.0 0.0 0.0
0.0 0.0 0.0
0.0 0.027542460709810257 0.0
0.0 0.012472432106733322 0.0
0.012197048403322697 0.018726065754890442 0.0
0.03764328733086586 0.03242776542901993 0.0
0.0470903180539608 0.00047462480142712593 0.0014101965352892876
0.04191552847623825 0.005856873467564583 0.0
0.02272319234907627 0.016526561230421066 0.0
0.041825246065855026 0.01113658957183361 0.0
0.0397394597530365 0.014346232637763023 0.0
0.01725012995302677 0.012236742302775383 0.0
0.0023220472503453493 0.0 0.0
0.006658472120761871 0.0 0.0
0.017224296927452087 0.0 0.0
0.009673170745372772 0.0 0.005258197896182537
0.0 0.0 0.0
0.0 0.0 0.0
0.0 0.006951699033379555 0.0019878363236784935
0.018216591328382492 0.0 0.005357267335057259
0.008722156286239624 0.0037567047402262688 0.0
0.0 0.044256459921598434 0.0
0.005424629896879196 0.019666163250803947 0.008534419350326061
0.029801873490214348 0.0 0.01933673396706581
0.03817005828022957 0.0 0.034342046827077866
0.0 0.029281504452228546 0.009378108195960522
0.0 0.03148021176457405 0.0006370814517140388
0.0 0.004824099130928516 0.005132230930030346
0.0 0.0 0.012574940919876099
0.0 0.0 0.010507794097065926
0.0 0.0 0.0
0.0 0.0 0.0
0.0 0.0 0.01143803633749485
0.0 0.0 0.02858559787273407
0.007226749323308468 0.0 0.031863149255514145
0.015914512798190117 0.0 0.01480533741414547
0.0 0.0 0.0017033843323588371
0.0 0.0 0.0006482396274805069
0.031064437702298164 0.0 0.0
0.05872642248868942 0.0 0.004587586969137192
0.006652039010077715 0.0 0.0
0.0 0.016634570434689522 0.0
0.01822560466825962 0.003712113481014967 0.006474969908595085
0.04682129621505737 0.0 0.021578822284936905
0.06183353811502457 0.0 0.010966390371322632
0.06937827169895172 0.0 0.003560139797627926
0.12599387764930725 0.0 0.0
0.1838502436876297 0.0 0.0
0.24059341847896576 0.0 0.0
0.355283260345459 0.0 0.0
0.7326425313949585 0.0 0.10824793577194214
1.3593194484710693 0.0 0.4267721176147461
2.510814905166626 0.0 0.8243309259414673
3.8594865798950195 0.0 1.2833867073059082
5.149563789367676 0.0 2.0408823490142822
6.411543369293213 0.0 2.975074052810669
7.95800256729126 0.0 3.867591619491577
8.887406349182129 0.0 4.6346235275268555
9.158052444458008 0.0 5.542839527130127
9.193989753723145 0.0 5.8120245933532715
9.579415321350098 0.0 5.314858436584473
10.357501029968262 0.0 4.172573566436768
7.633889675140381 0.650505542755127 3.567354440689087
3.321394443511963 4.079560279846191 2.5984790325164795
2.138348340988159 3.5013153553009033 1.2066596746444702
2.7013771533966064 1.322157621383667 0.0
2.716980218887329 0.8901431560516357 0.0
2.401319742202759 1.9922741651535034 0.0
2.4611117839813232 2.865535020828247 0.0
2.324228525161743 3.3771328926086426 0.0
2.037879228591919 3.6156513690948486 0.0
1.8915644884109497 3.6378889083862305 0.0
1.6680831909179688 3.8410685062408447 0.0
1.370079517364502 3.943012237548828 0.0
1.05829918384552 3.5706140995025635 0.0
0.5844887495040894 2.801487445831299 0.0
0.0 2.294395923614502 0.0
0.0 1.7509098052978516 0.0
0.0 1.0600199699401855 0.0
0.0 0.8872988224029541 0.0
0.0 0.4162657856941223 0.0
0.0 0.018551692366600037 0.0
0.0 0.0 0.0
0.0 0.0 0.0
0.0 0.0 0.0
0.0 0.0 0.0
0.0 0.10552840679883957 0.0
0.0 0.0 0.0
0.0 0.0 0.0
0.0 0.0 0.0
0.0 0.0 0.0
0.0 0.0 0.0
0.0 0.0 0.0
0.0 0.0 0.0
0.0 0.0 0.0
0.0 0.0 0.0
0.0 0.0 0.0
0.0 0.0 0.0
0.0 0.0 0.0
0.0 0.0 0.0
0.0 0.0 0.0
0.0 0.0 0.0
0.0 0.0 0.0
0.0 0.0 0.0
0.0 0.0 0.0
0.0 0.0 0.0
0.0 0.0 0.0
0.0 0.0 0.0
0.0 0.0 0.0
0.0 0.0 0.10043798387050629
0.05861558020114899 0.0 0.08718635886907578
0.06622769683599472 0.0 0.0
0.10713385045528412 0.0 0.0
0.19321200251579285 0.025624515488743782 0.014699912630021572
0.24621184170246124 0.08595284074544907 0.05922583490610123
0.28561198711395264 0.059279680252075195 0.0638062059879303
0.3331262469291687 0.0 0.0
0.3342176079750061 0.0 0.0
0.2838071584701538 0.0 0.01318164449185133
0.22382131218910217 0.011626141145825386 0.04594145342707634
0.1598423272371292 0.10952634364366531 0.055234551429748535
0.0814117044210434 0.11838081479072571 0.0032006483525037766
0.09926021099090576 0.00348219508305192 0.014757969416677952
0.11614412069320679 0.0 0.027618639171123505
0.0992245227098465 0.0 0.012496945448219776
0.051618658006191254 0.0 0.0
0.0 0.025144347921013832 0.0
0.0 0.054946187883615494 0.0
0.0 0.02623191848397255 0.0
0.028420759364962578 0.0 0.0
0.061607472598552704 0.0 0.0
0.0 0.027476415038108826 0.0
0.0 0.09433028101921082 0.0
0.06758280843496323 0.050453368574380875 0.0
0.07408864796161652 0.010101418942213058 0.0
0.04541013017296791 0.004895205609500408 0.0
0.039116013795137405 0.03363657370209694 0.0
0.027278529480099678 0.05487474799156189 0.0
0.028104642406105995 0.07603542506694794 0.0
0.0672866627573967 0.056720323860645294 0.01781899854540825
0.058732591569423676 0.05991877615451813 0.01988055184483528
0.00652850978076458 0.04411611333489418 0.008624699898064137
0.016019217669963837 0.012178951874375343 0.01502587366849184
0.04793986678123474 0.0 0.0195109024643898
0.04168330132961273 0.0 0.003385995514690876
0.013037009164690971 0.0 0.0
0.015155820176005363 0.0 0.0
0.021302929148077965 0.0 0.01824217289686203
0.0019526667892932892 0.0 0.031936947256326675
0.0008322747889906168 0.0 0.03617829456925392
0.011595706455409527 0.0 0.02774965763092041
0.02350030280649662 0.019605975598096848 0.015124677680432796
0.014767531305551529 0.0 0.03099312260746956
0.0 0.004673897288739681 0.04361916705965996
0.0 0.016405655071139336 0.03089218959212303
0.011664949357509613 0.013218648731708527 0.02353227511048317
0.010223912075161934 0.0 0.055467039346694946
0.0 0.019540194422006607 0.05843060463666916
0.0 0.0025686686858534813 0.05084459111094475
0.0 0.0 0.024273432791233063
0.0 0.0 0.01787519082427025
0.0 0.0 0.0
0.01723681390285492 0.0 0.0
0.027926476672291756 0.0 0.0
0.032198455184698105 0.0 0.0
0.014504676684737206 0.0 0.0
0.0037947753444314003 0.0 0.0
0.02831902541220188 0.0 0.0
0.03161202743649483 0.0 0.0
0.0 0.0 0.0
0.00388265959918499 0.0 0.0
0.014580577611923218 0.0 0.0
0.02295648492872715 0.0 0.0
0.015396304428577423 0.0 0.0
0.0 0.003894922323524952 0.0
0.011934727430343628 0.01119225099682808 0.0
0.059745125472545624 0.016332151368260384 0.018681064248085022
0.06496252864599228 0.024778634309768677 0.03158034756779671
0.061665069311857224 0.0045111640356481075 0.03895536810159683
0.07436302304267883 0.0 0.0432174950838089
0.02120233327150345 0.0 0.02673119492828846
0.0 0.016533738002181053 0.003809899091720581
0.008640202693641186 0.0 0.0031100204214453697
0.02904028259217739 0.0 0.0
0.0 0.0 0.0
0.0 0.0 0.0
0.017200401052832603 0.0 0.0
0.02445884607732296 0.0 0.017055928707122803
0.009630098938941956 0.006833706516772509 0.013871854171156883
0.007527800276875496 0.0 0.007368680089712143
0.0011836178600788116 0.009008975699543953 0.005248005501925945
0.005396205931901932 0.015355288982391357 0.011720553040504456
0.027739595621824265 0.0 0.015076136216521263
0.03955497592687607 0.0 0.0033497046679258347
0.02163722738623619 0.0 0.0
0.019538655877113342 0.0 0.0
0.0 0.03252841532230377 0.0
0.0 0.05274819955229759 0.0
0.029305532574653625 0.0 0.0
0.007166408933699131 0.0 0.0
0.0 0.0 0.0
0.0 0.0010461253114044666 0.0
0.0 0.0 0.0
0.06128637120127678 0.0 0.0
0.03704388067126274 0.0 0.0
0.017920253798365593 0.0 0.0
0.037234827876091 0.0 0.0
0.06152338907122612 0.0 0.0
0.08868098258972168 0.0 0.0
0.11173543334007263 0.0 0.0
0.13622133433818817 0.0 0.0
0.21082526445388794 0.0 0.0
0.4122198820114136 0.0 0.0
0.7448074221611023 0.0 0.017774982377886772
1.1259746551513672 0.09709382802248001 0.026383915916085243
1.2096400260925293 0.1937766969203949 0.0
1.104528784751892 0.13003766536712646 0.04123290628194809
1.0200514793395996 0.0521836094558239 0.15017323195934296
0.9719122648239136 0.0 0.2519533932209015
0.9203283786773682 0.0 0.2877814471721649
0.7497902512550354 0.00016355328261852264 0.27122962474823
0.5122807025909424 0.0018695746548473835 0.22399339079856873
0.2855684757232666 0.03653940185904503 0.1694936603307724
0.059580616652965546 0.08276975154876709 0.15029306709766388
0.0 0.19602200388908386 0.12165424972772598
0.0 0.15068648755550385 0.10283768177032471
0.0 0.029786959290504456 0.06531480699777603
0.0 0.003585715312510729 0.021413926035165787
0.0 0.026292433962225914 0.0
0.0 0.03286058455705643 0.0
0.0 0.01934105157852173 0.0
0.0 0.0 0.0
0.0 0.0 0.0
0.0 0.0 0.0
0.0 0.0 0.0
0.0 0.0 0.0
0.0 0.0 0.0
0.0 0.0 0.04261959344148636
0.0 0.0 0.06851803511381149
0.0 0.0 0.06200793385505676
0.0 0.07403412461280823 0.0289024505764246
0.2204318642616272 0.055545926094055176 0.0
0.5527030229568481 0.0 0.019111070781946182
0.9053388237953186 0.0 0.05849522352218628
1.0335743427276611 0.0 0.03177546709775925
0.9603480100631714 0.0 0.0
0.8604605793952942 0.0 0.0
0.7645646929740906 0.0 0.0
0.6514391899108887 0.0015165135264396667 0.0
0.5211304426193237 0.031484268605709076 0.0
0.38159042596817017 0.06267014890909195 0.0
0.26105815172195435 0.06930568069219589 0.0
0.15716129541397095 0.02368173748254776 0.0
0.032224420458078384 0.01965050958096981 0.0
0.0 0.05490890145301819 0.0
0.0 0.04860120266675949 0.00010595470666885376
0.0 0.0 0.0
0.0 0.0 0.0
0.0 0.0 0.0
0.0 0.0 0.0
0.0 0.0 0.005984082818031311
0.0 0.0 0.0
0.0 0.06858422607183456 0.0
0.0 0.11960933357477188 0.04539433866739273
0.0 0.1917240172624588 0.12409020960330963
0.0 0.15650370717048645 0.1393354833126068
0.0 0.0 0.05152253806591034
0.0 0.0 0.0
0.0 0.0 0.0
0.0 0.0 0.0017259549349546432
0.0 0.04431910812854767 0.05160269886255264
0.0 0.19010934233665466 0.06080658733844757
0.0 0.14847959578037262 0.05626802146434784
0.029683765023946762 0.0 0.026719989255070686
0.21370045840740204 0.0 0.0
0.3903764486312866 0.0 0.0
0.5614701509475708 0.0 0.0
0.6635544300079346 0.0 0.0
0.6713135242462158 0.0 0.0
0.6314947605133057 0.0 0.027153898030519485
0.6618590354919434 0.0 0.0
0.8135705590248108 0.0 0.0
1.0315321683883667 0.0 0.00464992132037878
1.0834171772003174 0.0 0.03050042688846588
0.7728736996650696 0.0 0.06232013925909996
0.23083046078681946 0.23671454191207886 0.12472918629646301
0.0 0.6339386105537415 0.1719113439321518
0.0 0.6704350709915161 0.17237579822540283
0.0 0.46334871649742126 0.10768362879753113
0.0 0.17749835550785065 0.024328019469976425
0.0 0.0 0.0
0.0 0.0 0.0
0.0 0.0 0.0
0.0 0.11310657113790512 0.0
0.0 0.11851944774389267 0.0
0.0 0.0377524308860302 0.0
0.0 0.0 0.0
0.0 0.0 0.0
0.0 0.0 0.0
0.0 0.0 0.0
0.0 0.007836343720555305 0.0
0.0 0.05552130937576294 0.0
0.0 0.07442308962345123 0.0
0.0 0.09348732978105545 0.0
0.0 0.02851232886314392 0.0
0.06339085847139359 0.0 0.0
0.19035306572914124 0.0 0.0
0.25632303953170776 0.0 0.0
0.326471745967865 0.0 0.0
0.35626906156539917 0.0 0.0016791652888059616
0.37650030851364136 0.0 0.0
0.4683293104171753 0.0 0.0
0.6601607799530029 0.0 0.0
0.8314981460571289 0.0 0.027820222079753876
0.7708497047424316 0.0 0.03633328154683113
0.595090389251709 0.0 0.043997060507535934
0.4884638488292694 0.05998450145125389 0.05622096732258797
0.5013871192932129 0.08019043505191803 0.04786903038620949
0.523877739906311 0.03236059471964836 0.032982226461172104
0.46929043531417847 0.03240933269262314 0.048461850732564926
0.26406511664390564 0.12832467257976532 0.09372866153717041
0.02285807579755783 0.2573614716529846 0.11417216062545776
0.0 0.29272639751434326 0.10554137825965881
0.0 0.20575103163719177 0.07594753801822662
0.0 0.12308596819639206 0.03874104470014572
0.0 0.0691862478852272 0.0
0.0 0.09190195053815842 0.0
0.0 0.0995878353714943 0.0
0.0 0.08806892484426498 0.0
0.0 0.03503606468439102 0.0
0.0 0.044681500643491745 0.0
0.0 0.0956735759973526 0.0
0.0 0.07402926683425903 0.029929187148809433
0.0 0.0524161197245121 0.06096246838569641
0.0 0.07984934002161026 0.08096174895763397
0.0 0.17532765865325928 0.1525227427482605
0.0 0.3272700607776642 0.21843625605106354
0.0 0.4306025803089142 0.22506698966026306
0.0 0.35537707805633545 0.14491969347000122
0.0 0.20336833596229553 0.05313224345445633
0.0 0.0 0.0
0.0 0.0 0.0
0.13675229251384735 0.0 0.0
0.2000681459903717 0.0 0.0
0.27223342657089233 0.0 0.0
0.35772064328193665 0.0 0.0
0.4310619533061981 0.0 0.0
0.4820455312728882 0.0 0.0
0.4254895746707916 0.0 0.0
0.36709949374198914 0.0 0.0
0.3585169315338135 0.0 0.0
0.44364380836486816 0.0 0.0
0.5535905361175537 0.0 0.0
0.6071496605873108 0.0 0.0
0.5400614142417908 0.0 0.0
0.37260451912879944 0.0 0.0
0.16079717874526978 0.08865667879581451 0.0
0.0 0.25243309140205383 0.052566591650247574
0.0 0.2747921943664551 0.08287123590707779
0.0 0.2047976553440094 0.02203264832496643
0.007277923636138439 0.06351617723703384 0.0
0.14878737926483154 0.0 0.0
0.16625691950321198 0.0 0.02040252834558487
0.0 0.009970923885703087 0.05421189218759537
0.0 0.15707090497016907 0.060089752078056335
0.0 0.18053600192070007 0.06607440859079361
0.0 0.10804156213998795 0.09619582444429398
0.0 0.06535002589225769 0.13043129444122314
0.0 0.07726181298494339 0.11261128634214401
0.0 0.1722583770751953 0.08797039091587067
0.0 0.2755429446697235 0.11580520868301392
0.0 0.31480780243873596 0.1718445122241974
0.0 0.2349100410938263 0.2027968317270279
0.0 0.16470032930374146 0.17657722532749176
0.0 0.14353856444358826 0.1372191607952118
0.0 0.2234877347946167 0.10705806314945221
0.0 0.2915104627609253 0.11260995268821716
0.0 0.23281198740005493 0.12088759243488312
0.0 0.10182815790176392 0.06703533232212067
0.0 0.0 0.0
0.23871909081935883 0.0 0.0
0.4151865541934967 0.0 0.0
0.5533372163772583 0.0 0.0
0.7625026702880859 0.0 0.0
0.9521687626838684 0.0 0.0
0.9894666075706482 0.0 0.0
0.9272179007530212 0.0 0.0
0.8510746359825134 0.0 0.0
0.7014422416687012 0.0 0.0
0.5154178142547607 0.028173912316560745 0.02433927170932293
0.3305571377277374 0.13258181512355804 0.06235882639884949
0.18030612170696259 0.14464859664440155 0.0416673943400383
0.09936200082302094 0.10449131578207016 0.01936235837638378
0.09077117592096329 0.039673175662755966 0.014793172478675842
0.06208706647157669 0.008963732048869133 0.0
0.022211022675037384 0.0 0.0
0.0 0.0 0.0
0.0 0.0 0.0
0.0 0.043395210057497025 0.0
0.0 0.1731196492910385 0.0072111524641513824
0.0 0.46704795956611633 0.041289493441581726
0.0 0.6629716157913208 0.0917539969086647
0.0 0.6396023631095886 0.12721878290176392
0.0 0.4385657012462616 0.12708641588687897
0.0 0.16321216523647308 0.06016118824481964
0.0 0.0 0.0
0.0 0.06886541098356247 0.0
0.0 0.27311283349990845 0.022888915613293648
0.0 0.3420428931713104 0.08687535673379898
0.0 0.23534521460533142 0.12723475694656372
0.0 0.09914715588092804 0.052952542901039124
0.0 0.024665463715791702 0.0
0.0 0.0 0.0
0.0 0.072149358689785 0.02246840111911297
0.0 0.23169881105422974 0.024687347933650017
0.0 0.2126561403274536 0.0
0.03993675485253334 0.0 0.0
0.441394180059433 0.0 0.0
0.9846747517585754 0.0 0.0
1.3248794078826904 0.0 0.0
1.2349929809570312 0.0 0.0
0.9032092094421387 0.0 0.0
0.716010570526123 0.0 0.0
0.8394792079925537 0.0 0.0
0.9655277132987976 0.0 0.0
0.8692318201065063 0.0 0.0
0.5046109557151794 0.0 0.0
0.11205356568098068 0.10694169253110886 0.0
0.0 0.25820890069007874 0.0
0.0 0.21354691684246063 0.0
0.0 0.11469809710979462 0.0
0.0 0.018036264926195145 0.0
0.0 0.0 0.0
0.0 0.105806864798069 0.0
0.0 0.2282520830631256 0.0
0.0 0.18351657688617706 0.0
0.0 0.059070516377687454 0.0
0.0 0.0 0.0
0.0 0.08879086375236511 0.0
0.0 0.19822414219379425 0.013365971855819225
0.0 0.23219463229179382 0.03573838993906975
0.0 0.138466015458107 0.03524969890713692
0.0 0.04043424874544144 0.037096600979566574
0.0 0.0 0.06022615358233452
0.0 0.0 0.05240605026483536
0.0 0.08279715478420258 0.02756514772772789
0.0 0.17215979099273682 0.026510804891586304
0.0 0.21348486840724945 0.04934421181678772
0.0 0.1378209888935089 0.05734274908900261
0.0 0.0 0.024950191378593445
0.06842125952243805 0.0 0.0
0.1464550644159317 0.0 0.0
0.329919695854187 0.0 0.0
0.5431765913963318 0.0 0.0
0.7021324634552002 0.0 0.0
0.6886070370674133 0.0 0.0
0.49778300523757935 0.0 0.0
0.2958597242832184 0.009565283544361591 0.0
0.1919786036014557 0.054263778030872345 0.03507925942540169
0.18766295909881592 0.001127590425312519 0.03165895864367485
0.21012671291828156 0.0 0.017805729061365128
0.18973329663276672 0.0 0.024990670382976532
0.07772181928157806 0.0 0.03159531205892563
0.0 0.052695710211992264 0.015509816817939281
0.0 0.02199665457010269 0.0
0.0 0.0 0.0
0.0 0.0 0.0
0.0 0.0 0.0
0.0 0.0 0.0
0.0 0.0 0.0
0.0 0.007029155269265175 0.0
0.0 0.0 0.0
0.0033620952162891626 0.0 0.0
0.0043077836744487286 0.019627239555120468 0.013862651772797108
0.0 0.06638222932815552 0.03299746289849281
0.0 0.020733781158924103 0.008407964371144772
0.0067443097941577435 0.0 0.0
0.02058902010321617 0.0 0.0
0.0067910486832261086 0.00594438798725605 0.0
0.0 0.007159055210649967 0.0
0.0 0.0 0.0
0.0 0.0 0.0
0.0 0.0 0.0
0.0 0.0037795035168528557 0.001816202886402607
0.0 0.013422810472548008 0.0
0.0 0.015528039075434208 0.0
0.0 0.0 0.0
0.002313476288691163 0.004813876003026962 0.0
0.0 0.05058322846889496 0.0
0.0 0.05163038149476051 0.0
0.0 0.013361823745071888 0.0
0.0 0.0 0.0
0.0 0.0 0.0
0.0 0.011219576932489872 0.0
0.0 0.02290419489145279 0.0
0.0 0.020787514746189117 0.0018822494894266129
0.0 0.02934025600552559 0.0
0.0 0.0 0.0
0.004722305573523045 0.0 0.0
0.0 0.0 0.0
0.0 0.0 0.0
0.0 0.035753414034843445 0.0
0.005384633783251047 0.027073372155427933 0.01389816589653492
0.023544728755950928 0.0 0.006477266550064087
0.0 0.0028058523312211037 0.0
0.0 0.023063719272613525 0.0
0.007840334437787533 0.03037436306476593 0.0
0.026909366250038147 0.017534464597702026 0.0
0.0 0.01553869154304266 0.0
0.0 0.013537592254579067 0.0
0.0 0.02526189014315605 0.0
0.0 0.04126642271876335 0.0
0.0 0.05522751435637474 0.0
0.0 0.0373382605612278 0.0
0.0 0.019496683031320572 0.0
0.0 0.09099270403385162 0.0
0.0 0.0633634701371193 0.0
0.0 0.0 0.0
0.20395098626613617 0.0 0.0
1.1563283205032349 0.0 0.0
2.161292791366577 0.0 0.17295145988464355
2.849297046661377 0.0 0.6066030263900757
3.28218412399292 0.0 0.9732478857040405
4.29609489440918 0.0 1.5899137258529663
5.906551361083984 0.0 2.0685722827911377
7.203882217407227 0.0 2.013185977935791
7.779109954833984 0.0 2.4236323833465576
8.256950378417969 0.0 3.269984006881714
8.396553039550781 0.0 4.034676551818848
7.961839199066162 0.0 4.0123724937438965
8.219910621643066 0.0 3.2000231742858887
8.760241508483887 0.0 2.375152826309204
7.410383224487305 0.30309027433395386 2.201890707015991
3.737977981567383 4.093290328979492 1.8345636129379272
2.14272141456604 4.728241920471191 0.3367959260940552
2.044874429702759 3.6144044399261475 0.0
2.080277919769287 3.2173547744750977 0.0
1.9292352199554443 3.5920839309692383 0.0
1.8781731128692627 3.86515736579895 0.0
1.6437278985977173 3.9477908611297607 0.0
1.3023489713668823 3.9693212509155273 0.0
0.9852929711341858 4.259153842926025 0.0
0.7758020758628845 4.372587203979492 0.0
0.5816051959991455 3.9551234245300293 0.0
0.06617404520511627 3.2538044452667236 0.0
0.0 2.7105860710144043 0.0
0.0 2.034163475036621 0.0
0.0 1.3829431533813477 0.0
0.0 0.8119931817054749 0.0
0.0 0.28850358724594116 0.0
0.0 0.0 0.0
0.0 0.0 0.0
0.0 0.0 0.0
0.0 0.0 0.0
0.0 0.0 0.0
0.0 0.0 0.0
0.0 0.0 0.0
0.0 0.0 0.0
0.0 0.0 0.0
0.0 0.0 0.0
0.0 0.0 0.0
0.0 0.0 0.0
0.0 0.0 0.0
0.0 0.0 0.0
0.0 0.0 0.0
0.0 0.0 0.0
0.0 0.0 0.03815758228302002
0.0 0.0 0.13218393921852112
0.0 0.0 0.15109264850616455
0.0 0.0 0.12516838312149048
0.11105523258447647 0.0 0.10005583614110947
0.3051922023296356 0.0 0.10618776082992554
0.3104548752307892 0.0 0.12791995704174042
0.18039488792419434 0.12409095466136932 0.13454429805278778
0.13968048989772797 0.1315499246120453 0.1512548327445984
0.17661505937576294 0.08775903284549713 0.1856679469347
0.2179337441921234 0.0046875858679413795 0.20290444791316986
0.1813240647315979 0.0 0.1255212426185608
0.15527492761611938 0.0 0.055641259998083115
0.1266142576932907 0.0 0.042580317705869675
0.04758681356906891 0.0023659607395529747 0.058039966970682144
0.007337662391364574 0.02168319746851921 0.03099263831973076
0.04157499223947525 0.0 0.010781641118228436
0.062117818742990494 0.0 0.0
0.06649100035429001 0.0 0.0
0.0396958664059639 0.0 0.0
0.058579809963703156 0.013087847270071507 0.028271686285734177
0.08581702411174774 0.023472044616937637 0.07985658198595047
0.05395975708961487 0.040594037622213364 0.06677406281232834
0.04366504028439522 0.015251931734383106 0.025993086397647858
0.03961331024765968 0.0 0.0
0.0440240353345871 0.0 0.0
0.05783066153526306 0.006831016391515732 0.0
0.06823377311229706 0.009899244643747807 0.023016203194856644
0.057737451046705246 0.017422407865524292 0.006911003030836582
0.044199272990226746 0.0 0.0
0.026276998221874237 0.0 0.0
0.0026148122269660234 0.0 0.0
0.0 0.0 0.0
0.007658839225769043 0.0 0.0
0.04392097145318985 0.018533211201429367 0.0014350106939673424
0.08424150198698044 0.0 0.019902169704437256
0.09062403440475464 0.0 0.022105935961008072
0.025892438367009163 0.02817358821630478 0.0
0.02063722349703312 0.05265229940414429 0.0
0.04403096064925194 0.04088698700070381 0.0
0.07266154140233994 0.014199183322489262 0.008117946796119213
0.06399348378181458 0.0 0.01429994311183691
0.039566170424222946 0.0 0.0012054461985826492
0.007631408981978893 0.0 0.0
0.0 0.019604600965976715 0.025506258010864258
0.006192768923938274 0.028032172471284866 0.03954830765724182
0.01485922746360302 0.0 0.020260628312826157
0.011994731612503529 0.0 0.0
0.011992868036031723 0.0 0.0
0.0214803796261549 0.0 0.0
0.043780624866485596 0.0 0.008773882873356342
0.06802311539649963 0.0 0.030202742666006088
0.06593013554811478 0.0 0.02262791618704796
0.03296739235520363 0.0 0.009451658464968204
0.0284714438021183 0.0 0.026385899633169174
0.06709367036819458 0.0 0.09588374942541122
0.12831974029541016 0.0 0.13654595613479614
0.2192658931016922 0.0 0.1913548707962036
0.2644070088863373 0.0 0.2327800840139389
0.0 0.0 0.29403623938560486
0.034088581800460815 0.0 0.22759650647640228
0.0793098583817482 0.0 0.10892871022224426
0.1369556188583374 0.0 0.15212494134902954
0.0699470192193985 0.0 0.14538048207759857
0.0 0.011660514399409294 0.16420769691467285
0.0 0.05855931341648102 0.06409654766321182
0.0 0.1411103755235672 0.0
0.0 0.0 0.0
0.16330546140670776 0.005876128561794758 0.0
0.0 0.1771906167268753 0.0
0.0 0.04123970866203308 0.0
0.013110370375216007 0.0 0.0
0.2034534215927124 0.0 0.0
0.13934074342250824 0.0 0.0
0.024864498525857925 0.0 0.0
0.0 0.0 0.0
0.008392846211791039 0.017807623371481895 0.0
0.11950977891683578 0.14407899975776672 0.0
0.11250300705432892 0.052884116768836975 0.0
0.04572317749261856 0.0 0.0
0.0 0.0 0.0
0.04102988541126251 0.0 0.0
0.02193901501595974 0.0 0.047871772199869156
0.0 0.0 0.0856361910700798
0.0 0.09524302184581757 0.03435276448726654
0.0 0.04967101663351059 0.0
0.0 0.05158182978630066 0.016754597425460815
0.0 0.12464432418346405 0.07821077108383179
0.0 0.11316663026809692 0.033063530921936035
0.0 0.06849317252635956 0.039316631853580475
0.0 0.0 0.024222366511821747
0.020350439473986626 0.0 0.0
0.013782551512122154 0.0 0.023498520255088806
0.0 0.06112207472324371 0.0074915895238518715
0.006368045229464769 0.06314900517463684 0.02791137993335724
0.07009696215391159 0.0 0.034454233944416046
0.10461977869272232 0.0 0.0
0.016192980110645294 0.0 0.0
0.0 0.0 0.0
0.0 0.0017157383263111115 0.0035072341561317444
0.0 0.0 0.007948587648570538
0.0 0.027137210592627525 0.004059041850268841
0.0 0.11221534758806229 0.019922159612178802
0.0 0.24221329391002655 0.0
0.0 0.33561646938323975 0.0
0.14767271280288696 0.0 0.16980034112930298
0.08866318315267563 0.09770271927118301 0.12606218457221985
0.0 0.0961381122469902 0.09494500607252121
0.0 0.0 0.04108550399541855
0.0 0.0019860491156578064 0.0
0.12317056208848953 0.0 0.0
0.2349889725446701 0.0 0.0
