0.0 0.4052240550518036 0.0
0.0 0.2674177289009094 0.10747668147087097
0.0 0.0 0.14752742648124695
0.0 0.0 0.08534368127584457
0.023554805666208267 0.0 0.004597436636686325
0.0 0.0 0.0
0.0 0.09521213173866272 0.017706580460071564
0.0 0.20045092701911926 0.03173345327377319
0.0 0.17905402183532715 0.04072108864784241
0.06843146681785583 0.0 0.010628163814544678
0.21271514892578125 0.0 0.0
0.2031456083059311 0.0 0.0
0.07828222960233688 0.0 0.0
0.0 0.09506512433290482 0.018441611900925636
0.0 0.099216990172863 0.042019642889499664
0.03277094289660454 0.07025724649429321 0.07045554369688034
0.03899687901139259 0.054241523146629333 0.08542224019765854
0.0 0.10118933022022247 0.06585706025362015
0.0 0.13422264158725739 0.046715594828128815
0.007374238222837448 0.08951269835233688 0.05210290104150772
0.025452841073274612 0.0 0.044505439698696136
0.04925324767827988 0.0 0.009409768506884575
0.05914715677499771 0.005670527927577496 0.0
0.017600776627659798 0.04615670070052147 0.0
0.0 0.0898064449429512 0.007657142356038094
0.0 0.052571456879377365 0.017096450552344322
0.0046671354211866856 0.0 0.0
0.05359233543276787 0.0 0.00414603017270565
0.04379270225763321 0.0 0.021096251904964447
0.024731658399105072 0.0 0.009213227778673172
0.0003341720439493656 0.07055898010730743 0.007101872935891151
0.0 0.060919132083654404 0.03573085367679596
0.011619583703577518 0.008741951547563076 0.042268648743629456
0.04908519983291626 0.0 0.0276071485131979
0.038657594472169876 0.0 0.005099708214402199
0.003658862318843603 0.029158275574445724 0.0
0.0 0.025889776647090912 0.0217194315046072
0.03939741849899292 0.0012605991214513779 0.03824860602617264
0.05431777983903885 0.0 0.03726377338171005
0.020518802106380463 0.0 0.00164825189858675
0.0 0.0 0.0
0.01742580719292164 0.0 0.0
0.0 0.0 0.02068692445755005
0.0 0.0 0.024745581671595573
0.001331087201833725 0.0 0.0003845915198326111
0.0 0.0 0.005717039108276367
0.0 0.0 0.011036968789994717
0.018411803990602493 0.029014330357313156 0.008212420158088207
0.029065778478980064 0.024736493825912476 0.00937329325824976
0.031179264187812805 0.0 0.002798480913043022
0.009077424183487892 0.0 0.0
0.0 0.0 0.0
0.019398771226406097 0.0 0.0004064291715621948
0.007720543071627617 0.0 0.0
0.0 0.0 0.0
0.0 0.0 0.0
0.0 0.0 0.0
0.013234618119895458 0.0 0.0
0.0 0.0 0.0
0.0 0.07066750526428223 0.0
0.0 0.05784358084201813 0.0
0.009129354730248451 0.0 0.0
0.0 0.012303528375923634 0.0
0.0 0.07825165241956711 0.0
0.0 0.05575086921453476 0.017990216612815857
0.0 0.0 0.0
0.0 0.0 0.0
0.0 0.0 0.0
0.0 0.03685680776834488 0.0
0.0 0.04837977513670921 0.0
0.0 0.03222610428929329 0.012303835712373257
0.06103196740150452 0.0 0.004130327142775059
0.02266380563378334 0.0 0.0
0.0 0.0 0.0
0.0 0.041953034698963165 0.0
0.024034535512328148 0.031233809888362885 0.0
0.0004218840040266514 0.07160786539316177 0.0
0.0 0.046108096837997437 0.009946138598024845
0.019453098997473717 0.0 0.0005241408944129944
0.04172484576702118 0.0 0.011367467232048512
0.04174855351448059 0.0 0.010326971299946308
0.0 0.04083876684308052 0.0
0.0 0.052537236362695694 0.014956342987716198
0.009470505639910698 0.0 0.040006835013628006
0.05553440749645233 0.0 0.014644754119217396
0.014524120837450027 0.0 0.0
0.0 0.0 0.0
0.0 0.0 0.0
0.0 0.0 0.0
0.07616804540157318 0.0 0.0
0.08342915773391724 0.0 0.005418764427304268
0.046314537525177 0.0 0.0
0.0 0.01324335765093565 0.0
0.0 0.006790517829358578 0.0
0.01082199439406395 0.0 0.013369402848184109
0.0 0.0 0.0282072052359581
0.0 0.019474375993013382 0.03766941651701927
0.0 0.1259414255619049 0.0
0.0 0.21536584198474884 0.0033892057836055756
0.0 0.13002938032150269 0.053807374089956284
0.05091055855154991 0.0 0.056446563452482224
0.05019976198673248 0.0 0.017901301383972168
0.007085046265274286 0.0 0.0
0.0 0.0 0.0
0.0 0.014391466043889523 0.0
0.0 0.0472029410302639 0.0027327369898557663
0.0013256941456347704 0.0004146639257669449 0.0036805560812354088
0.019522007554769516 0.0 0.0
0.007903169840574265 0.0 0.0
0.002680710516870022 0.0 0.0
0.0026649977080523968 0.0 0.0
0.026026777923107147 0.0 0.0
0.03887813165783882 0.0 0.0
0.0176218431442976 0.0 0.0
0.0 0.0 0.0
0.0 0.0 0.0
0.0 0.0 0.011049256660044193
0.03633268177509308 0.0 0.02105049043893814
0.03517686948180199 0.0 0.03067435696721077
0.014931518584489822 0.0 0.029445309191942215
0.0 0.0 0.01641392707824707
0.0 0.0 0.012045278213918209
0.027889393270015717 0.0 0.012433567084372044
0.020556645467877388 0.0 0.0
0.0 0.0 0.0
0.0 0.0 0.0
0.019519345834851265 0.0 0.0
0.0357462540268898 0.0 0.0
0.029452934861183167 0.0 0.0
0.009191606193780899 0.0 0.0
0.0 0.013270807452499866 0.0
0.00685335136950016 0.004724457859992981 0.0
0.03044016845524311 0.0 0.0
0.027222272008657455 0.0 0.0
0.023017939180135727 0.0 0.0
0.0014828206039965153 0.0 0.0
0.006836040876805782 0.0004679271951317787 0.0
0.05091375485062599 0.0 0.0
0.06591587513685226 0.0 0.0
0.07097002118825912 0.0 0.0
0.07924365997314453 0.0 0.0
0.12468890845775604 0.0 0.03566192463040352
0.0803171843290329 0.09762776643037796 0.12123115360736847
0.0 0.06718863546848297 0.35824424028396606
0.0 0.04213424772024155 0.5309341549873352
0.0 0.014846967533230782 0.7042039036750793
0.08216064423322678 0.0 0.7586429119110107
0.14143168926239014 0.0 0.8073151111602783
0.20107291638851166 0.0 0.9189071655273438
0.2210301160812378 0.0 0.9500837326049805
0.1834406554698944 0.05028538405895233 0.7801895141601562
0.12671825289726257 0.17583398520946503 0.5011994242668152
0.14549806714057922 0.161940798163414 0.22785307466983795
0.15463431179523468 0.0 0.14407216012477875
0.13458630442619324 0.0 0.11379068344831467
0.06495928764343262 0.03413277864456177 0.0482255257666111
0.0 0.13229823112487793 0.0016849227249622345
0.0 0.10370466858148575 0.0
0.0 0.0 0.005471671000123024
0.0 0.0 0.0
0.0 0.0008869441226124763 0.0
0.0 0.036292336881160736 0.0
0.0 0.03860769420862198 0.0
0.0 0.02290542796254158 0.0
0.0 0.014711147174239159 0.0
0.0 0.0 0.0
0.0 0.0 0.0
0.0 0.0 0.0
0.0 0.0 0.0
0.0 0.0 0.0
0.0 0.0 0.0
0.0 0.0 0.0
0.0 0.0 0.0
0.0 0.0 0.0
0.0 0.0 0.0
0.0 0.0 0.0
0.0 0.0 0.0
0.0 0.0 0.0
0.04591262340545654 0.018292034044861794 0.02982255071401596
0.03444531559944153 0.17276176810264587 0.23532536625862122
0.0 0.23721079528331757 0.3654301166534424
0.014882002957165241 0.1850282847881317 0.37618744373321533
0.12549985945224762 0.05185505002737045 0.3928854465484619
0.19825422763824463 0.0 0.4626895785331726
0.15318500995635986 0.0 0.4922727346420288
0.07823140919208527 0.06033402681350708 0.4244902431964874
0.03346048295497894 0.11289869993925095 0.3227234184741974
0.10401800274848938 0.001236883457750082 0.2942217290401459
0.16360996663570404 0.0 0.296639621257782
0.158124640583992 0.0 0.30499687790870667
0.12205319851636887 0.0 0.29854056239128113
0.0753466784954071 0.06616155803203583 0.28987252712249756
0.03795003890991211 0.1002204567193985 0.29922419786453247
0.006262416020035744 0.1010737344622612 0.3715559244155884
0.018677514046430588 0.0498892217874527 0.40249407291412354
0.08055473119020462 0.0 0.3954337537288666
0.09020629525184631 0.010836097411811352 0.2898404896259308
0.0050607724115252495 0.10817330330610275 0.17713232338428497
0.0 0.07775654643774033 0.11101988703012466
0.0 0.036759573966264725 0.002688353881239891
0.0 0.03505701571702957 0.0
0.0 0.0 0.0
0.0 0.0 0.0
0.0 0.0 0.0
0.0 0.0 0.0
0.0 0.0 0.0
0.0 0.0 0.0
0.0 0.0 0.0
0.0 0.0 0.0
0.0 0.0 0.0
0.0 0.0 0.0
0.0 0.0 0.0
0.0 0.0 0.0
0.0 0.0 0.0
0.0 0.0 0.0
0.0 0.0 0.0
0.0 0.0 0.0
0.0 0.0 0.0
0.0 0.0 0.0
0.0 0.0 0.0
0.0 0.0 0.021528886631131172
0.03994525223970413 0.0 0.08626127988100052
0.06125187128782272 0.022252269089221954 0.09622310101985931
0.12665697932243347 0.012280329130589962 0.16948957741260529
0.2409052550792694 0.006371041759848595 0.26782840490341187
0.32157212495803833 0.058114927262067795 0.31901276111602783
0.32132232189178467 0.09521276503801346 0.3490433692932129
0.28563597798347473 0.0940481647849083 0.39462071657180786
0.2149610072374344 0.10578738152980804 0.41959235072135925
0.19020479917526245 0.10257107764482498 0.4396326541900635
0.23320792615413666 0.04695708304643631 0.5050492286682129
0.2784276008605957 0.024307962507009506 0.5673897862434387
0.26031410694122314 0.05729334428906441 0.5694524049758911
0.211964949965477 0.0842253640294075 0.5006845593452454
0.1380385309457779 0.0974077433347702 0.4262750446796417
0.1649084985256195 0.05067246034741402 0.40075236558914185
0.29339882731437683 0.0 0.4487129747867584
0.35885345935821533 0.0 0.5024334788322449
0.24488800764083862 0.0 0.3850540816783905
0.04811316728591919 0.08378381282091141 0.13795562088489532
0.0 0.147149458527565 0.023844772949814796
0.00209214654751122 0.0 0.03250616788864136
0.05496867746114731 0.0 0.0
0.0 0.0 0.0
0.0 0.0 0.0
0.0 0.00933961383998394 0.0
0.0 0.0021826354786753654 0.0
0.0 0.0 0.0
0.0 0.0 0.0
0.0 0.0 0.0
0.0 0.0 0.0
0.0 0.0 0.0
0.0 0.0 0.0
0.0 0.0 0.0
0.0 0.0 0.0
0.0 0.0 0.0
0.0 0.009323102422058582 0.0
0.026735054329037666 0.00877182837575674 0.025326311588287354
0.07754470407962799 0.0 0.06315864622592926
0.13494354486465454 0.0 0.07307066768407822
0.15429353713989258 0.0 0.05173235386610031
0.1231239065527916 0.0 0.08042046427726746
0.0519099161028862 0.06700131297111511 0.07704570144414902
0.0 0.0 0.0
0.03921542689204216 0.08127319067716599 0.0
0.08445613831281662 0.0 0.0
0.19250164926052094 0.0 0.0
0.24886319041252136 0.015157022513449192 0.0
0.07457368075847626 0.15457111597061157 0.0
0.0 0.16632205247879028 0.0
0.0 0.05701632425189018 0.0
0.024975502863526344 0.0 0.0
0.09228397160768509 0.0 0.0
0.13631907105445862 0.0 0.0
0.11899787187576294 0.0 0.0
0.0826161652803421 0.0 0.0
0.0 0.0 0.0
0.0 0.05704242363572121 0.0
0.0 0.10586482286453247 0.0
0.002488036872819066 0.0248677060008049 0.0
0.025685235857963562 0.0 0.011159094981849194
0.032192669808864594 0.0 0.0
0.03771207109093666 0.0 0.0
0.019758369773626328 0.01746758073568344 0.0
0.01182774268090725 0.0013756975531578064 0.020880166441202164
0.028725234791636467 0.03634113818407059 0.04359692707657814
0.06535568088293076 0.17346490919589996 0.030519209802150726
0.14873844385147095 0.3943626582622528 0.05022953078150749
0.16396985948085785 0.30518537759780884 0.00842828955501318
0.062272809445858 0.17245210707187653 0.018733657896518707
0.016130344942212105 0.08213339000940323 0.029731448739767075
0.0 0.021749678999185562 0.0
0.0 0.0 0.0
0.0 0.0 0.0
0.0 0.0 0.0
0.0 0.0 0.0
0.0 0.0 0.0
0.0 0.0 0.0
0.0 0.0 0.008471755310893059
0.0 0.0 0.0
0.0 0.0 0.0
0.0 0.0 0.0
0.03457627072930336 0.0 0.0
0.030214278027415276 0.0 0.0
0.0 0.0 0.0
0.00044732866808772087 0.013208998367190361 0.0
0.014408417046070099 0.0 0.0
0.0 0.0 0.0
0.0 0.0 0.0
0.0 0.0 0.0
0.0 0.0 0.0
0.0 0.013068649917840958 0.0
0.0 0.13037504255771637 0.0
0.0 0.044763997197151184 0.0
0.0 0.0 0.0
0.0 0.0 0.0
0.0 0.0 0.0
0.043569233268499374 0.0 0.0
0.3265196979045868 0.0 0.28195735812187195
0.6828943490982056 0.0 1.094626784324646
1.4976087808609009 0.0 1.7099554538726807
3.1848249435424805 0.0 2.357131242752075
4.914892196655273 0.0 2.8045454025268555
5.370770454406738 0.0 2.9612088203430176
6.437013626098633 0.0 3.1488876342773438
7.646551609039307 0.0 3.503159761428833
7.899884223937988 0.0 4.127040863037109
7.751162528991699 0.0 4.575295448303223
7.9010701179504395 0.0 3.713230609893799
8.647821426391602 0.0 1.6830661296844482
9.058398246765137 0.0 0.0
8.001890182495117 0.0 0.0
3.655757427215576 5.4286580085754395 0.0
0.5151170492172241 8.146037101745605 0.0
0.8232341408729553 6.307845592498779 0.0
1.9489102363586426 3.1723175048828125 0.0
1.384399175643921 2.368539810180664 0.0
0.3385457396507263 3.0269811153411865 0.0
0.0 3.1896884441375732 0.0
0.0 3.032397508621216 0.0
0.0 2.886840581893921 0.0
0.0 2.8033666610717773 0.0
0.0 2.6413145065307617 0.0
0.0 2.001138210296631 0.0
0.0 1.2224715948104858 0.0
0.0 0.4932722747325897 0.0
0.0 0.0 0.0
0.0 0.0 0.0
0.0 0.0 0.0
0.0 0.0 0.0
0.0 0.0 0.0
0.0 0.0 0.0
0.0 0.0 0.0
0.0 0.0 0.0
0.0 0.0 0.0
0.0 0.0 0.0
0.0 0.0 0.0
0.0 0.0 0.0
0.0 0.0 0.0
0.0 0.0 0.0
0.0 0.0 0.049649737775325775
0.0 0.11585652828216553 0.01339798979461193
0.0 0.11190226674079895 0.042369186878204346
0.3400329053401947 0.06429346650838852 0.07991443574428558
0.5912728309631348 0.09863439202308655 0.14663434028625488
0.6040829420089722 0.3121829032897949 0.17843566834926605
0.430721253156662 0.5316276550292969 0.15284402668476105
0.30553698539733887 0.5502119660377502 0.08221327513456345
0.3302876055240631 0.3536669611930847 0.032680876553058624
0.4335969388484955 0.0664980337023735 0.010347338393330574
0.36072006821632385 0.0 0.013314099982380867
0.16555431485176086 0.0 0.0007034996524453163
0.0 0.0 0.0
0.0 0.025082677602767944 0.013044588267803192
0.0 0.02193695306777954 0.008622942492365837
0.0 0.0 0.0
0.0 0.0 0.0
0.0 0.0 0.0
0.0 0.0 0.0
0.0 0.02187596634030342 0.0
0.0208639707416296 0.0 0.0
0.10623718798160553 0.0 0.0
0.04239962249994278 0.0 0.0
0.00912662036716938 0.035559818148612976 0.0
0.04734058305621147 0.0 0.0
0.04843514412641525 0.0 0.0
0.05468478426337242 0.0 0.0
0.0768851637840271 0.0 0.019261471927165985
0.02260594442486763 0.0 0.008112413808703423
0.0 0.02481822669506073 0.030090151354670525
0.0039025635924190283 0.009717569686472416 0.06676507741212845
0.04777627810835838 0.003299351781606674 0.05436273664236069
0.05329727753996849 0.0 0.02861316315829754
0.021318305283784866 0.0 0.02072620950639248
0.018122995272278786 0.0 0.021784448996186256
0.012005981057882309 0.0 0.0015944922342896461
0.0 0.016337890177965164 0.0004597194492816925
0.028953539207577705 0.0 0.01350121945142746
0.0888054221868515 0.0 0.0011963499709963799
0.08170144259929657 0.0 0.0
0.04864894971251488 0.0 0.0
0.060241688042879105 0.0 0.0
0.052662331610918045 0.0 0.0
0.06875208765268326 0.0 0.0
0.0507054403424263 0.0 0.0
0.0 0.0 0.0
0.0015402906574308872 0.0 0.0
0.05792314186692238 0.0 0.0
0.06008376181125641 0.0 0.0
0.07477961480617523 0.0 0.014920150861144066
0.05138374865055084 0.0 0.012677503749728203
0.07490478456020355 0.0 0.004272833466529846
0.04084189236164093 0.0 0.0
0.0 0.0 0.0
0.0 0.015480352565646172 0.0
0.045924000442028046 0.0 0.02109016291797161
0.06200363487005234 0.0 0.01813192293047905
0.05984754115343094 0.0 0.02024700678884983
0.0767705962061882 0.0 0.029916943982243538
0.056511666625738144 0.0 0.025382911786437035
0.0 0.03021482564508915 0.0
0.0014851633459329605 0.048235103487968445 0.0
0.0545600987970829 0.0 0.014838924631476402
0.0707172304391861 0.0 0.0
0.0049272989854216576 0.0 0.0
0.0 0.0 0.0
0.0 0.022801648825407028 0.0
0.003693722654134035 0.03231978416442871 0.0
0.052550479769706726 0.0 0.001985444687306881
0.06200283765792847 0.0 0.014854637905955315
0.022745443508028984 0.0 0.0
0.0 0.0 0.0
0.0 0.0 0.0
0.0 0.0 0.0
0.021657276898622513 0.0 0.0
0.050251904875040054 0.0 0.015802189707756042
0.025539632886648178 0.0 0.032662130892276764
0.020327826961874962 0.0 0.023050514981150627
0.025745494291186333 0.0 0.01236298494040966
0.02133237011730671 0.0 0.021833717823028564
0.0 0.0 0.042831674218177795
0.0 0.0 0.050289325416088104
0.006427723914384842 0.004516119137406349 0.02831185795366764
0.07046263664960861 0.0 0.025691041722893715
0.10046086460351944 0.0 0.00877301674336195
0.07845303416252136 0.0 0.0
0.09142902493476868 0.0 0.0
0.13722074031829834 0.0 0.0
0.2010769546031952 0.0 0.0
0.18797126412391663 0.0 0.0
0.1312643140554428 0.0 0.010955209843814373
0.04773027449846268 0.0 0.05206083506345749
0.0 0.025458477437496185 0.11904919147491455
0.0 0.052057866007089615 0.14313961565494537
0.0 0.0 0.11446482688188553
0.45731380581855774 0.0 0.0732010081410408
0.9440951347351074 0.00145008135586977 0.0707855224609375
0.9874580502510071 0.0 0.10531792789697647
0.8448519110679626 0.1627630740404129 0.19851498305797577
0.9090543389320374 0.46765080094337463 0.22792081534862518
1.1403487920761108 0.8361859917640686 0.20792286098003387
1.2456382513046265 1.034541368484497 0.273716539144516
1.2874032258987427 0.8651742339134216 0.33875200152397156
1.2386665344238281 0.699643075466156 0.27897122502326965
1.130985975265503 0.5553878545761108 0.24644683301448822
0.9731491804122925 0.46861007809638977 0.22215427458286285
0.7794944643974304 0.3221793472766876 0.24752141535282135
0.5508378744125366 0.16527150571346283 0.25007033348083496
0.2802458107471466 0.03528687357902527 0.18284708261489868
0.042554691433906555 0.02350584790110588 0.0468951016664505
0.0 0.0699780136346817 0.0
0.0 0.0 0.0
0.0 0.0 0.003601689822971821
0.0 0.0 0.0
0.0 0.0 0.0
0.0 0.0 0.0
0.0 0.0 0.0
0.0 0.0 0.0
0.0 0.0 0.0
0.0 0.0 0.0
0.0 0.0 0.0
0.0 0.0 0.0
0.0 0.0 0.0
0.0 0.0 0.0
0.0 0.0 0.03660624474287033
0.0 0.0 0.08556020259857178
0.0 0.0 0.041082218289375305
0.0 0.0 0.0
0.1273268312215805 0.0 0.0
0.4146936535835266 0.0 0.0
0.6553637385368347 0.010696309618651867 0.024130400270223618
0.700463056564331 0.3347867727279663 0.0459294393658638
0.6769422888755798 0.45807328820228577 0.06852875649929047
0.787218451499939 0.4590487778186798 0.03437904268503189
0.9380348920822144 0.5205208659172058 0.010446520522236824
1.045872449874878 0.4714494049549103 0.0
1.028606653213501 0.43103647232055664 0.011061176657676697
0.8949412703514099 0.3940131962299347 0.030972300097346306
0.7710437774658203 0.3570306897163391 0.03495638817548752
0.7089857459068298 0.2912159860134125 0.040533050894737244
0.5799617171287537 0.2118186354637146 0.017620543017983437
0.4081907868385315 0.14948467910289764 0.002882876433432102
0.24364019930362701 0.08810707926750183 0.012791698798537254
0.06966840475797653 0.039566174149513245 0.006623284891247749
0.0 0.01973121613264084 0.0
0.0 0.0 0.006297314539551735
0.0 0.0 0.03125486522912979
0.0 0.0 0.04568200558423996
0.0 0.0 0.03251346945762634
0.0 0.0 0.0
0.0 0.0 0.0
0.0 0.0 0.006554042920470238
0.0 0.0 0.0206536166369915
0.0 0.0 0.013643644750118256
0.0 0.0 0.006792662665247917
0.0 0.0 0.0012961644679307938
0.0 0.0 0.0
0.0 0.0 0.0
0.0 0.0 0.0
0.0 0.0 0.0
0.0 0.0 0.0
0.0 0.0 0.010257169604301453
0.0 0.0 0.0
0.04646800830960274 0.0 0.0
0.2791212201118469 0.0 0.0
0.6399835348129272 0.0 0.0
0.7957949638366699 0.13179703056812286 0.0
0.7890385389328003 0.14336846768856049 0.01735049858689308
0.8109273314476013 0.15096352994441986 0.0
0.8149020671844482 0.27343326807022095 0.0
0.8247416615486145 0.31387707591056824 0.0
0.7889184355735779 0.23615886270999908 0.0
0.6346249580383301 0.15335744619369507 0.0
0.460527241230011 0.1589604765176773 0.0002314327284693718
0.33611926436424255 0.20187491178512573 0.0
0.23471222817897797 0.19675366580486298 0.0
0.10590551048517227 0.12554365396499634 0.024357007816433907
0.0 0.06100514903664589 0.03725762665271759
0.0 0.010393373668193817 0.0
0.0 0.0 0.0
0.0 0.0 0.0
0.0 0.0 0.04172214865684509
0.0 0.0 0.1031133383512497
0.0 0.0 0.12418559938669205
0.0 0.0 0.07289740443229675
0.0 0.0 0.02341347560286522
0.0 0.0 0.013981624506413937
0.0 0.0 0.05662762373685837
0.0 0.0 0.0983969047665596
0.0 0.0 0.04550359770655632
0.0 0.0 0.0
0.0 0.0 0.0
0.0 0.0 0.015588576905429363
0.0 0.0 0.021399062126874924
0.0 0.0 0.0
0.0 0.0 0.0
0.0 0.0 0.0
0.09057410061359406 0.0 0.03537346422672272
0.1527242809534073 0.0584668293595314 0.02781275287270546
0.2481490671634674 0.13282042741775513 0.0
0.4469819962978363 0.196304053068161 0.0
0.5597346425056458 0.12156696617603302 0.0
0.6535679697990417 0.014034918509423733 0.0
0.6992939114570618 0.06527946144342422 0.0
0.6710596084594727 0.22493091225624084 0.0
0.6662949323654175 0.2651348114013672 0.0
0.6615020036697388 0.21394909918308258 0.0
0.6197196841239929 0.1555318683385849 0.0
0.5290875434875488 0.12492601573467255 0.0
0.4418303966522217 0.19531948864459991 0.0
0.33829015493392944 0.21995426714420319 0.0
0.23468679189682007 0.1808129847049713 0.0
0.13190315663814545 0.11501532793045044 0.0
0.020722845569252968 0.04822351410984993 0.0
0.0 0.020053397864103317 0.0
0.0 0.029964614659547806 0.0
0.0 0.01614627242088318 0.0
0.0 0.0 0.0
0.0 0.0 0.0
0.0 0.0 0.0
0.0 0.0 0.0
0.0 0.0 0.0
0.0 0.0 0.0
0.0 0.0 0.0
0.0 0.0 0.016581669449806213
0.0 0.0 0.045725174248218536
0.0 0.0 0.07444071024656296
0.0 0.0 0.09904591739177704
0.0 0.0 0.11608561873435974
0.0 0.0 0.12629590928554535
0.010918950662016869 0.04033922776579857 0.1160760372877121
0.0 0.10540611296892166 0.0837620347738266
0.02151114121079445 0.015180344693362713 0.015678592026233673
0.1700204461812973 0.0 0.0
0.3496750593185425 0.0 0.0
0.6778348684310913 0.16512936353683472 0.0
0.8290203809738159 0.23907841742038727 0.0
0.8227813839912415 0.059187740087509155 0.04518905282020569
0.7937079071998596 0.0 0.04870336502790451
0.8297487497329712 0.0 0.0
0.8761351704597473 0.2574995160102844 0.0
0.7033413052558899 0.515011191368103 0.0
0.5050670504570007 0.4109625518321991 0.0
0.4476700723171234 0.150443896651268 0.004346816800534725
0.49538034200668335 0.0 0.00196967925876379
0.4354301691055298 0.0 0.004234964028000832
0.208321675658226 0.0 0.0
0.0 0.06136753410100937 0.0
0.0 0.15331824123859406 0.0
0.0 0.07149314135313034 0.0
0.0 0.0 0.0
0.0 0.0 0.0
0.0 0.0 0.0
0.0 0.0 0.03784565627574921
0.0 0.0 0.07366064190864563
0.0 0.0 0.08955918252468109
0.0 0.0 0.111841581761837
0.0 0.0 0.12967917323112488
0.0 0.0 0.0664711743593216
0.0 0.0 0.0
0.0 0.0 0.0
0.0 0.0 0.006326344795525074
0.0 0.0 0.04244360327720642
0.0 0.0 0.0
0.0 0.0 0.0
0.022024504840373993 0.0 0.0
0.1644117385149002 0.0 0.0
0.31742924451828003 0.0 0.0
0.3859291970729828 0.0 0.0
0.4641486406326294 0.0 0.0
0.5570695400238037 0.023985277861356735 0.0
0.616378664970398 0.08745426684617996 0.0
0.6457738876342773 0.06277874857187271 0.030612776055932045
0.6512061953544617 0.14886996150016785 0.03415105491876602
0.5344958305358887 0.27791929244995117 0.0
0.45469948649406433 0.31323039531707764 0.0
0.472729355096817 0.2100861817598343 0.0
0.46657559275627136 0.1506873071193695 0.0
0.4602223336696625 0.09652818739414215 0.0
0.3949272334575653 0.123148612678051 0.0
0.2689567804336548 0.18500985205173492 0.0
0.14185556769371033 0.16822129487991333 0.0
0.013374555855989456 0.08863005042076111 0.0
0.0 0.0229189470410347 0.0
0.0 0.0 0.0
0.0 0.0 0.0
0.0 0.0 0.0
0.0 0.0 0.0
0.0 0.009685701690614223 0.0
0.0 0.0 0.0
0.0 0.0 0.0
0.0 0.0 0.027906736359000206
0.0 0.0 0.043681174516677856
0.0 0.0 0.03673165291547775
0.0 0.0 0.02787584625184536
0.0 0.0 0.03803740441799164
0.0 0.0 0.04197169095277786
0.0 0.0 0.05325763672590256
0.0 0.0 0.06988827139139175
0.0 0.0 0.05647073686122894
0.0 0.0 0.04668175429105759
0.0 0.0 0.021227262914180756
0.0 0.0 0.004452810622751713
0.0590757317841053 0.0 0.0
0.052847132086753845 0.0 0.0
0.07092972844839096 0.056612998247146606 0.0
0.1135493591427803 0.05650380626320839 0.0
0.19056691229343414 0.019228607416152954 0.0
0.3068618178367615 0.011550446040928364 0.0
0.3418339192867279 0.0 0.0
0.30349159240722656 0.0 0.0
0.3070967197418213 0.03713756427168846 0.0
0.3255249857902527 0.039331477135419846 0.0
0.32801076769828796 0.0989585891366005 0.0
0.3204849362373352 0.1924573928117752 0.0
0.2845727503299713 0.15720859169960022 0.0
0.21347489953041077 0.07635127753019333 0.039158329367637634
0.11092028766870499 0.04676409438252449 0.044447898864746094
0.0 0.07790976017713547 0.024106407538056374
0.0 0.018437381833791733 0.020452283322811127
0.0 0.0 0.030185339972376823
0.004127262160181999 0.0 0.02901487983763218
0.0 0.0 0.0
0.0 0.0 0.015941953286528587
0.0 0.0 0.01703598164021969
0.0 0.0 0.01950899139046669
0.021359246224164963 0.0 0.028435641899704933
0.028668023645877838 0.0 0.042355187237262726
0.0 0.015167818404734135 0.023987362161278725
0.0 0.021616395562887192 0.013177059590816498
0.00996331311762333 0.021619059145450592 0.0
0.03766924515366554 0.009861203841865063 0.0008639348670840263
0.052416231483221054 0.0 0.015881234779953957
0.029875237494707108 0.0 0.02738342620432377
0.0 0.0 0.014062827453017235
0.0 0.006838249042630196 0.0
0.01098703220486641 0.0 0.0
0.025881826877593994 0.0 0.002824287861585617
0.0034910328686237335 0.0 0.00154969934374094
0.0 0.0 0.0
0.0 0.0 0.0
0.0 0.0 0.0
0.007854355499148369 0.0 0.0
0.004423938225954771 0.03855596482753754 0.020922863855957985
0.0 0.04171793535351753 0.030504385009407997
0.003397822380065918 0.0077591706067323685 0.012266259640455246
0.0014574432279914618 0.0 0.0
0.0 0.0 0.0
0.0 0.0 0.0010474268347024918
0.0 0.0 0.017176063731312752
0.0 0.0 0.008906947448849678
0.0 0.0 0.0
0.015287238173186779 0.0 0.0
0.010069573298096657 0.02697068080306053 0.0
0.0 0.017425913363695145 0.0
0.01736796647310257 0.0 0.0
0.0034609392751008272 0.0 0.002576347440481186
0.0 0.0015172534622251987 0.0
0.0 0.0 0.0
0.008745183236896992 0.0 0.007977504283189774
0.02579793706536293 0.0013356255367398262 0.01246919296681881
0.011917540803551674 0.0034855958074331284 0.013405825942754745
0.0 0.01847386732697487 0.004546553827822208
0.0 0.024889420717954636 0.0
0.030342888087034225 0.01099118310958147 0.0
0.01640150509774685 0.008868643082678318 0.0
0.0 0.019702915102243423 0.0
0.0 0.03695300593972206 0.0
0.0 0.06052597612142563 0.0
0.0 0.1430022120475769 0.0
0.0 0.0 0.0
0.0 0.0 0.0
0.0 0.0 0.0
0.6754321455955505 0.0 0.4433012902736664
1.1166435480117798 0.0 1.1543604135513306
1.4546983242034912 0.0 2.174769878387451
2.50881290435791 0.0 3.2045466899871826
4.220670223236084 0.0 3.73679518699646
5.778317928314209 0.0 4.071008682250977
6.793240070343018 0.0 4.436675071716309
7.052287578582764 0.0 4.92397403717041
7.151123046875 0.0 5.333172798156738
7.360913276672363 0.0 4.776244640350342
6.925686359405518 0.0 3.060279130935669
5.717861175537109 0.0 1.379058837890625
4.579612731933594 0.7592427134513855 0.0
4.665761470794678 0.7972843647003174 0.0
4.9391374588012695 1.423387885093689 0.0
4.553471088409424 2.992389440536499 0.0
2.553828001022339 5.482087135314941 0.0
1.1328346729278564 6.047905921936035 0.0
0.8142097592353821 4.409145355224609 0.0
0.6170522570610046 3.0710530281066895 0.0
0.0 3.251723051071167 0.0
0.0 3.5925610065460205 0.0
0.0 2.5298845767974854 0.0
0.0 0.8849758505821228 0.0
0.0 0.1558218002319336 0.0
0.0 0.0 0.0
0.0 0.0 0.0
0.0 0.0 0.0
0.0 0.0 0.0
0.0 0.0 0.0
0.0 0.0 0.0
0.0 0.0 0.0
0.0 0.0 0.0
0.0 0.0 0.0
0.0 0.0 0.0
0.0 0.0 0.0
0.0 0.0 0.0
0.0 0.0 0.0
0.0 0.0 0.0
0.0 0.0 0.0
0.0 0.0 0.0
0.0 0.0 0.0
0.0 0.045764800161123276 0.124574676156044
0.0 0.11617744714021683 0.2883007526397705
0.0 0.025954075157642365 0.31043028831481934
0.12730330228805542 0.0 0.2024013102054596
0.2925282120704651 0.0 0.12189127504825592
0.5381385087966919 0.04138043522834778 0.11706829071044922
0.7170131802558899 0.11419099569320679 0.16930194199085236
0.6796088218688965 0.23750121891498566 0.19283096492290497
0.4571523070335388 0.3507864773273468 0.15144836902618408
0.3112470507621765 0.298057496547699 0.11349726468324661
0.26033806800842285 0.1580178439617157 0.06125563755631447
0.25388336181640625 0.0 0.03815031796693802
0.19024018943309784 0.0 0.0
0.0996040403842926 0.0 0.0
0.0 0.0 0.0
0.0 0.07437753677368164 0.0
0.0 0.05930484086275101 0.0
0.04716426506638527 0.0 0.0
0.11434970051050186 0.0 0.0
0.020914535969495773 0.0 0.0
0.0 0.0 0.0
0.024767329916357994 0.0 0.0059667546302080154
0.017257217317819595 0.030003517866134644 0.017815424129366875
0.000395412091165781 0.0333029069006443 0.0
0.04521694406867027 0.0 0.0
0.10893946886062622 0.0 0.013075530529022217
0.11631961166858673 0.0 0.024966012686491013
0.04915576055645943 0.0 0.023344412446022034
0.0 0.004590037278831005 0.006741467863321304
0.0 0.008938180282711983 0.0
0.0 0.0 0.0
0.007555853575468063 0.0 0.012049680575728416
0.0 0.0 0.007805401459336281
0.0 0.0 0.017460957169532776
0.04491760581731796 0.0 0.01681647263467312
0.049500372260808945 0.0 0.0
0.0 0.0 0.0
0.019829031080007553 0.0 0.0
0.0505794882774353 0.0 0.0
0.056968942284584045 0.0 0.0
0.02504403330385685 0.0 0.0
0.06127554178237915 0.0 0.0
0.05163196846842766 0.0 0.0
0.044988978654146194 0.0 0.008236300200223923
0.0 0.0 0.016304345801472664
0.0 0.0 0.00202261283993721
0.0 0.0 0.006328677758574486
0.001091562444344163 0.0 0.015128027647733688
0.0 0.0 0.0
0.0 0.0 0.0
0.0 0.0 0.0
0.028270186856389046 0.0 0.0
0.09093169867992401 0.0 0.003356856293976307
0.08874951303005219 0.0 0.0032316874712705612
0.03561971336603165 0.0 0.0
0.028377246111631393 0.01633324660360813 0.0
0.0 0.02818218246102333 0.0
0.007076484151184559 0.007890759035944939 0.0
0.032365862280130386 0.0 0.0
0.05994662269949913 0.0 0.009515948593616486
0.012188155204057693 0.0 0.0
0.0 0.0 0.0
0.0 0.0 0.0012809224426746368
0.018157631158828735 0.0 0.02838338166475296
0.03725622594356537 0.0 0.037072207778692245
0.010928213596343994 0.0 0.00590097438544035
0.0 0.053659580647945404 0.0
0.0 0.012189900502562523 0.0
0.012298410758376122 0.0 0.0
0.03760562092065811 0.0 0.0
0.02561979740858078 0.0 0.025179259479045868
0.0 0.010989679023623466 0.014113825745880604
0.0 0.007978974841535091 0.0
0.0 0.0 0.0
0.04625210538506508 0.0 0.0
0.052672453224658966 0.0 0.0
0.0 0.016471263021230698 0.0
0.0 0.025105230510234833 0.0
0.0 0.0 0.0
0.05070224776864052 0.0 0.0
0.11945201456546783 0.0 0.01940286159515381
0.09534721076488495 0.0 0.08331899344921112
0.00952897872775793 0.05360265448689461 0.2549828886985779
0.0 0.0695965364575386 0.5452354550361633
0.07456789910793304 0.0 0.7670011520385742
0.21043412387371063 0.0 0.9260837435722351
0.3194847106933594 0.0 1.0137497186660767
0.30438247323036194 0.006429015658795834 1.054738998413086
0.2709379494190216 0.1349305361509323 1.1093056201934814
0.24252627789974213 0.17086882889270782 1.1796470880508423
0.2590418756008148 0.16956786811351776 1.2342920303344727
0.34344303607940674 0.11843305081129074 1.2178763151168823
0.43509814143180847 0.05272114649415016 1.1160204410552979
0.4656062424182892 0.05540907382965088 0.9507448673248291
0.43534767627716064 0.025301240384578705 0.7740729451179504
0.3353765904903412 0.008347290568053722 0.5283750295639038
0.16623683273792267 0.1195015013217926 0.17770648002624512
0.0 0.19974946975708008 0.0
0.0 0.09233247488737106 0.0
0.0 0.0 0.0
0.0 0.0 0.0
0.0 0.0 0.0
0.0 0.054721713066101074 0.0
0.0 0.0 0.0
0.0 0.0 0.0
0.0 0.0 0.0
0.0 0.0 0.0
0.0 0.0 0.0
0.0 0.0 0.0
0.0 0.0 0.0
0.0 0.0 0.0
0.0 0.0 0.0
0.0 0.0 0.0
0.0 0.0 0.0
0.0 0.0 0.15686644613742828
0.15991689264774323 0.0 0.538753867149353
0.2512398660182953 0.0 0.8005037307739258
0.20350085198879242 0.04439450800418854 0.906426727771759
0.19613482058048248 0.24420668184757233 0.9262304902076721
0.25855857133865356 0.2559674382209778 0.8766815066337585
0.30479902029037476 0.15892080962657928 0.932381272315979
0.316915363073349 0.0778893306851387 0.9877920150756836
0.32594719529151917 0.03834644705057144 1.037964940071106
0.34472113847732544 0.06723055988550186 0.9805570244789124
0.29738080501556396 0.12640812993049622 0.8178919553756714
0.2608605921268463 0.1176156997680664 0.6305433511734009
0.2038143426179886 0.03651871904730797 0.4566434919834137
0.21954724192619324 0.0 0.36242806911468506
0.3113080561161041 0.0 0.3523991107940674
0.3430263102054596 0.0 0.27467450499534607
0.23042012751102448 0.0 0.02703433856368065
0.03764481842517853 0.031209174543619156 0.0
0.0 0.09607445448637009 0.0
0.0 0.05495338514447212 0.0
0.0 0.03526783362030983 0.0
0.0 0.06396152824163437 0.0
0.0 0.06911208480596542 0.0
0.0 0.0 0.0
0.0 0.0 0.0
0.0 0.0 0.0
0.0 0.0 0.0
0.0 0.0 0.0
0.0 0.0 0.0
0.0 0.0 0.0
0.0 0.0 0.0
0.0 0.0 0.0
0.0 0.0 0.0
0.0 0.0 0.21973800659179688
0.09882374852895737 0.0 0.47545209527015686
0.28482693433761597 0.0 0.7495227456092834
0.4459473788738251 0.0 1.0553699731826782
0.53962641954422 0.0 1.2837743759155273
0.5244104862213135 0.0 1.3299765586853027
0.4988800883293152 0.03617490455508232 1.2426652908325195
0.5093516111373901 0.12678976356983185 1.171486496925354
0.5688559412956238 0.06601189821958542 1.18790864944458
0.6247676610946655 0.0 1.2372984886169434
0.5829270482063293 0.0 1.1568132638931274
0.49265947937965393 0.08737178146839142 0.9190694093704224
0.3919920027256012 0.1428089439868927 0.6479596495628357
0.352220356464386 0.042625345289707184 0.45173582434654236
0.3369516432285309 0.0 0.25785183906555176
0.20480558276176453 0.0 0.0322304330766201
0.04987618327140808 0.0 0.0
0.0 0.013373454101383686 0.0
0.0 0.0064843883737921715 0.0
0.0 0.0 0.0
0.0 0.0 0.0
0.0 0.0 0.0
0.0 0.04169183224439621 0.0
0.0 0.07690201699733734 0.0
0.0 0.0 0.0
0.0 0.0 0.0
0.0 0.0 0.0
0.0 0.0 0.0
0.0 0.0008557192049920559 0.0
0.0 0.0 0.0
0.0 0.0 0.0
0.0 0.0 0.0
0.0 0.0 0.0
0.0 0.0 0.0
0.0 0.0 0.0
0.1186331957578659 0.0 0.21840056777000427
0.1329764574766159 0.11657113581895828 0.40384605526924133
0.09506582468748093 0.21525749564170837 0.4732277989387512
0.15324710309505463 0.19476500153541565 0.5207484364509583
0.29186221957206726 0.07823679596185684 0.6200404167175293
0.41414234042167664 0.0 0.7555846571922302
0.425809383392334 0.03874451294541359 0.8744412660598755
0.38874855637550354 0.12353610247373581 0.963016152381897
0.41085439920425415 0.175445094704628 1.0007961988449097
0.4141804277896881 0.21479862928390503 0.9945471882820129
0.40156981348991394 0.21383295953273773 0.9751883745193481
0.36995065212249756 0.12797477841377258 0.9233150482177734
0.3745501935482025 0.05052127689123154 0.8793089985847473
0.3729304373264313 0.04433848336338997 0.827993631362915
0.3131811022758484 0.10754434764385223 0.7314532399177551
0.28585493564605713 0.10177034884691238 0.5848022699356079
0.2389090210199356 0.06758788228034973 0.36949101090431213
0.10727614909410477 0.0816405788064003 0.0936644896864891
0.01786637492477894 0.08587606996297836 0.0
0.0 0.04091712087392807 0.0
0.0 0.0 0.0
0.0 0.0 0.0
0.0 0.0 0.0
0.0 0.0 0.0
0.0 0.0 0.0
0.0 0.0 0.0
0.0 0.0 0.0
0.0 0.0 0.0
0.0 0.0 0.0
0.0 0.0 0.0
0.0 0.0 0.0
0.0 0.0 0.0
0.0 0.0 0.0
0.0 0.0 0.0
0.0 0.0 0.0
0.0 0.0 0.0
0.006306658498942852 0.0 0.139275923371315
0.035097360610961914 0.09709583967924118 0.26606208086013794
0.0 0.16498568654060364 0.3278340995311737
0.05800613760948181 0.08369800448417664 0.4243582487106323
0.18038985133171082 0.01387178897857666 0.5524839758872986
0.31008923053741455 0.0 0.7032790780067444
0.38644686341285706 0.0 0.8546651601791382
0.36026400327682495 0.05360135808587074 0.9197735786437988
0.3400372862815857 0.10784967988729477 0.9229522943496704
0.3843541443347931 0.10013850033283234 0.9714442491531372
0.5156394839286804 0.0 1.055679202079773
0.5765851140022278 0.0 1.1317648887634277
0.49975183606147766 0.0 1.0339407920837402
0.3847368359565735 0.03373044729232788 0.8195319175720215
0.36239612102508545 0.04906865581870079 0.7103902697563171
0.4845563769340515 0.0 0.6319074630737305
0.505351185798645 0.0 0.5677239298820496
0.3051932752132416 0.0 0.33548587560653687
0.0699743777513504 0.12145551294088364 0.0
0.0 0.15656554698944092 0.0
0.0 0.007076466456055641 0.0
0.0 0.0 0.0
0.0 0.0 0.0
0.0 0.0 0.0
0.0 0.05970798432826996 0.0
0.0 0.002310207113623619 0.0
0.0 0.0 0.0
0.0 0.0 0.0
0.0 0.0 0.0
0.0 0.0 0.0
0.0 0.0 0.0
0.0 0.0 0.0
0.0 0.0 0.0
0.0 0.0 0.0
0.0 0.0 0.0
0.0 0.006774197332561016 0.0
0.0 0.0 0.0
0.0 0.0 0.0
0.0 0.0 0.0
0.0 0.05281279608607292 0.0
0.0 0.09178895503282547 0.026928583160042763
0.02183615043759346 0.1030525267124176 0.10249657928943634
0.12966248393058777 0.04083389788866043 0.19417883455753326
0.16524231433868408 0.02350364252924919 0.2607136368751526
0.1074780821800232 0.05438166484236717 0.2783980965614319
0.05119270831346512 0.12684759497642517 0.26204603910446167
0.08403533697128296 0.0916302353143692 0.28042131662368774
0.15803740918636322 0.012597465887665749 0.33752506971359253
0.19276554882526398 0.0006609116680920124 0.3837708532810211
0.13116450607776642 0.06464441865682602 0.36413323879241943
0.061453599482774734 0.07886143773794174 0.2951107621192932
0.03042411431670189 0.046362489461898804 0.1932067573070526
0.07943666726350784 0.0 0.19244162738323212
0.1405431628227234 0.0 0.2666921615600586
0.1441810429096222 0.0 0.33306318521499634
0.026789166033267975 0.09189987927675247 0.24246057868003845
0.0 0.12554626166820526 0.10914246737957001
0.0 0.029926788061857224 0.06134805083274841
0.0880354791879654 0.0 0.08031774312257767
0.07729388773441315 0.01794176548719406 0.09316110610961914
0.01553864125162363 0.044679637998342514 0.0830160602927208
0.0 0.0 0.03863874077796936
0.0 0.0 0.0
0.013543134555220604 0.0 0.0
0.006995220202952623 0.0025849146768450737 0.0
0.0 0.024955999106168747 0.0
0.0 0.0 0.0
0.03463323786854744 0.0 0.0
0.019763745367527008 0.0 0.0
0.011332444846630096 0.00472662877291441 0.0
0.009015494957566261 0.0 0.0
0.015329049900174141 0.0 0.0
0.0 0.0 0.0
0.0 0.0 0.0
0.0 0.008992746472358704 0.0
0.017277684062719345 0.0 0.009144768118858337
0.024749714881181717 0.0066574206575751305 0.011407656595110893
0.0 0.006720537319779396 0.007947411388158798
0.0012939251028001308 0.0 0.00575962383300066
0.015036102384328842 0.0 0.014350183308124542
0.0 0.029106535017490387 0.0
0.001514168456196785 0.03654394671320915 0.0
0.016383394598960876 0.0 0.0
0.0 0.0 0.0
0.0 0.033538833260536194 0.0
0.00798431783914566 0.0014916867949068546 0.0
0.006023965310305357 0.0 0.0
0.0 0.0 0.0
0.0 0.0 0.0
0.0 0.022918149828910828 0.0
0.0 0.020811323076486588 0.0
0.0 0.027482006698846817 0.0
0.0 0.057552024722099304 0.0
0.0 0.052448876202106476 0.0
0.0 0.0 0.0
0.0 0.0 0.0
0.13345062732696533 0.0 0.0
0.45118358731269836 0.0 0.09411585330963135
0.823706328868866 0.0 0.31933167576789856
1.0418535470962524 0.0 0.6812344789505005
1.9080157279968262 0.0 1.4677742719650269
3.4821791648864746 0.0 2.283066749572754
5.244089603424072 0.0 2.7184200286865234
6.298431873321533 0.0 2.993835926055908
6.873986721038818 0.0 3.566112756729126
7.324066162109375 0.0 4.498057842254639
7.075899124145508 0.0 5.201232433319092
6.544787406921387 0.0 4.883962631225586
6.249441146850586 0.0 3.2307238578796387
5.775150299072266 0.0 1.517338752746582
4.705488681793213 0.4804765284061432 0.20498894155025482
4.4725823402404785 1.0302470922470093 0.0
5.250337600708008 0.7329140901565552 0.0
5.189469337463379 1.7478225231170654 0.0
3.1091485023498535 4.95836067199707 0.0
0.9856364727020264 6.911411285400391 0.0
0.6138858199119568 5.7228546142578125 0.0
0.8404444456100464 3.5918335914611816 0.0
0.6260855197906494 2.602130174636841 0.0
0.0 2.820948362350464 0.0
0.0 3.231715679168701 0.0
0.0 2.802992582321167 0.0
0.0 2.0931358337402344 0.0
0.0 1.6168559789657593 0.0
0.0 1.081897497177124 0.0
0.0 0.5998399257659912 0.0
0.0 0.0 0.0
0.0 0.0 0.0
0.0 0.0 0.0
0.0 0.0 0.0
0.0 0.0 0.0
0.0 0.0 0.0
0.0 0.0 0.0
0.0 0.0 0.0
0.0 0.0 0.0
0.0 0.0 0.0
0.0 0.0 0.0
0.0 0.0 0.0
0.0 0.0 0.0
0.0 0.0 0.05935904011130333
0.0 0.0 0.12795966863632202
0.0 0.0 0.21002285182476044
0.19370746612548828 0.0 0.28863564133644104
0.20613856613636017 0.10922069847583771 0.3447284698486328
0.1470201164484024 0.31783410906791687 0.3127646744251251
0.2419692575931549 0.4444711208343506 0.2307949662208557
0.48206230998039246 0.2697296738624573 0.20805557072162628
0.6920232772827148 0.0 0.19102199375629425
0.5915866494178772 0.0 0.09159766882658005
0.3130434453487396 0.043314918875694275 0.0037216097116470337
0.19683854281902313 0.08183994144201279 0.0
0.13785015046596527 0.04888908192515373 0.021217692643404007
0.09279853105545044 0.0 0.031185638159513474
0.03770412132143974 0.0 0.0
0.0 0.0 0.0
0.0 0.0 0.0
0.0 0.0 0.018179289996623993
0.0 0.0 0.09164604544639587
0.021343521773815155 0.0 0.11888645589351654
0.029884280636906624 0.0 0.10806123912334442
0.15506429970264435 0.0 0.14811092615127563
0.22758403420448303 0.0 0.14109481871128082
0.0 0.2116393744945526 0.09362051635980606
0.0 0.06907211989164352 0.23310650885105133
0.0 0.0 0.08843214809894562
0.0 0.0 0.0713687390089035
0.10172277688980103 0.0 0.0
0.3432725667953491 0.0 0.0
0.36845460534095764 0.009152854792773724 0.0073676565662026405
0.1643102616071701 0.09975839406251907 0.05049142614006996
0.006794673390686512 0.0467071533203125 0.10429845750331879
0.0027511960361152887 0.0 0.07089602947235107
0.06375276297330856 0.0 0.056596990674734116
0.057620570063591 0.050040099769830704 0.03964969515800476
0.019420187920331955 0.07782220095396042 0.02226511389017105
0.0 0.0959697738289833 0.03767576068639755
0.0 0.029904738068580627 0.07385426759719849
0.015441158786416054 0.0 0.08169195055961609
0.024126792326569557 0.0 0.06899692863225937
0.023510536178946495 0.02462102472782135 0.031748365610837936
0.004429253749549389 0.04383173957467079 0.022005189210176468
0.022376829758286476 0.0 0.033777158707380295
0.05876439809799194 0.0 0.020173199474811554
0.07060587406158447 0.0 0.010687020607292652
0.05037437379360199 0.0 0.00730427261441946
0.02270413190126419 0.0 0.0006389133632183075
0.0 0.012053835205733776 0.00035635195672512054
0.0 0.02908022329211235 0.005571620538830757
0.0 0.0 0.008611884899437428
0.0 0.0 0.0
0.0 0.0 0.0
0.0 0.007947773672640324 0.0
0.0 0.030251480638980865 0.0
0.0 0.0057104527950286865 0.0
0.0 0.01848537102341652 0.0
0.0 0.001511712558567524 0.0
0.0030028647743165493 0.0 0.0
0.017955448478460312 0.0005053039640188217 0.0
0.0 0.026027172803878784 0.0
0.0 0.02498774230480194 0.0
0.0 0.01003649178892374 0.0
0.0 0.0 0.021613314747810364
0.0 0.0 0.04077502712607384
0.0 0.0 0.050201818346977234
0.0 0.0035160640254616737 0.050027113407850266
0.0 0.0 0.014772986061871052
0.0 0.0 0.0
0.0 0.0 0.0
0.0 0.0 0.0
0.0 0.0 0.0
0.0 0.0 0.0
0.01089926715940237 0.0 0.0
0.0 0.0 0.0
0.0 0.0 0.0
0.0 0.0 0.0
0.016508683562278748 0.0 0.0
0.019612863659858704 0.003571458160877228 0.0
0.0 0.023764077574014664 0.005825296975672245
0.01086890697479248 0.01838848739862442 0.013445134274661541
0.05694771930575371 0.0 0.0
0.0528765432536602 0.0 0.0
0.0457182340323925 0.0 0.0
0.022981496527791023 0.14958804845809937 0.0
0.18766605854034424 0.16213740408420563 0.0
0.44664567708969116 0.02017892897129059 0.0
0.6058441400527954 0.0 0.0
0.6621846556663513 0.0 0.0
0.5835005044937134 0.0 0.0
0.45635101199150085 0.22700135409832 0.0014782194048166275
0.3944554328918457 0.29260963201522827 0.11538241803646088
0.35374715924263 0.16048437356948853 0.214969202876091
0.32119932770729065 0.05941075459122658 0.2517074942588806
0.2673816382884979 0.1649334579706192 0.20771102607250214
0.24889132380485535 0.26511409878730774 0.15229862928390503
0.2723124921321869 0.19173097610473633 0.14695313572883606
0.21837656199932098 0.1257474422454834 0.19320638477802277
0.1210247054696083 0.08760058134794235 0.2102716565132141
0.04352192208170891 0.08365138620138168 0.1699569821357727
0.0005100094713270664 0.06807135790586472 0.09469471126794815
0.0 0.04079046472907066 0.027812089771032333
0.0 0.0 0.03467186167836189
0.0 0.0 0.05023830384016037
0.0 0.0 0.02472309023141861
0.0 0.0 0.0
0.0 0.0 0.0
0.0 0.0 0.0
0.0 0.0 0.0
0.0 0.0 0.0
0.0 0.0 0.0
0.0 0.0 0.0
0.0 0.0 0.0
0.0 0.0 0.0
0.0 0.0 0.0
0.0 0.0 0.0
0.0 0.0 0.0
0.0 0.0 0.0
0.0 0.0 0.0
0.0 0.0 0.0
0.0 0.0 0.0
0.0 0.0 0.0
0.0 0.0 0.0
0.0 0.0 0.0
0.0 0.0 0.0
0.013538074679672718 0.09266261011362076 0.0
0.16357657313346863 0.157021626830101 0.0
0.22207343578338623 0.23758678138256073 0.0
0.2467862367630005 0.29178956151008606 0.0
0.22739869356155396 0.38314157724380493 0.0
0.2708873152732849 0.5125887393951416 0.0
0.32180240750312805 0.562313973903656 0.0
0.2928120493888855 0.5601813197135925 0.0
0.2540830373764038 0.5048911571502686 0.0
0.2674531638622284 0.41011273860931396 0.02902792952954769
0.28570592403411865 0.2535300552845001 0.09921154379844666
0.3202870786190033 0.14378519356250763 0.14513882994651794
0.3647424280643463 0.1265617311000824 0.17864485085010529
0.3475634455680847 0.1148693785071373 0.18698188662528992
0.2503002882003784 0.07037967443466187 0.19441263377666473
0.11981737613677979 0.07159487158060074 0.2219577133655548
0.055558763444423676 0.07057568430900574 0.24374714493751526
0.07557801157236099 0.01625145971775055 0.26086410880088806
0.085264191031456 0.0 0.2502191662788391
0.0638425201177597 0.0 0.25311028957366943
0.0 0.0 0.2671792507171631
0.0 0.0 0.25996822118759155
0.0 0.00839539896696806 0.2125178724527359
0.0 0.012699334882199764 0.17977990210056305
0.0 0.0 0.1935175508260727
0.0 0.0 0.2016492336988449
0.0 0.0 0.16854454576969147
0.0 0.0 0.11193745583295822
0.0 0.0 0.07962532341480255
0.0 0.0 0.08889418840408325
0.0 0.0 0.12313125282526016
0.0 0.0 0.15535710752010345
0.0 0.0 0.16900554299354553
0.0 0.0 0.1615668088197708
0.0 0.0 0.13550591468811035
0.0 0.0 0.15260019898414612
0.0 0.0 0.15799497067928314
0.0 0.0 0.127913236618042
0.0 0.0 0.06758085638284683
0.0 0.03645643591880798 0.033296383917331696
0.02448258176445961 0.0 0.030474768951535225
0.07356277108192444 0.0 0.018937688320875168
0.05799979716539383 0.0 0.0
0.0 0.0 0.0
0.0 0.0 0.0
0.0 0.0 0.0
0.0 0.0 0.0
0.0 0.0 0.0
0.0 0.0 0.0
0.0 0.0 0.0
0.0 0.0 0.0
0.0 0.0 0.0
0.0 0.0 0.0
0.0 0.0027506714686751366 0.0
0.0 0.0 0.0
0.0 0.0 0.0
0.0 0.0 0.0
0.0 0.0 0.0
0.0012563548516482115 0.0357658788561821 0.0
0.010903123766183853 0.04957543686032295 0.0
0.023439155891537666 0.0211549773812294 0.0
0.04338223859667778 0.0 0.0
0.04874957352876663 0.0 0.0
0.079301618039608 0.0 0.0
0.05732202157378197 0.10599370300769806 0.0
0.01960553415119648 0.18137501180171967 0.0
0.005013542715460062 0.26759856939315796 0.0
0.0360601432621479 0.2686358690261841 0.0
0.08673103898763657 0.16313955187797546 0.0
0.1263498216867447 0.051149897277355194 0.0
0.1279040426015854 0.05730871856212616 0.05533377826213837
0.08812493830919266 0.1295328587293625 0.0946982279419899
0.031783636659383774 0.1647891104221344 0.07822497934103012
0.007342210505157709 0.10962305963039398 0.05964064598083496
0.013617150485515594 0.024559564888477325 0.05942758917808533
0.05512251704931259 0.0 0.06287451833486557
0.07528290897607803 0.0 0.07592987269163132
0.027290087193250656 0.022333692759275436 0.07878664135932922
0.0 0.045906130224466324 0.06222204864025116
0.0 0.04371701180934906 0.06672225892543793
0.07310950011014938 0.0211549773812294 0.08565040677785873
0.15594899654388428 0.011280776001513004 0.1238369420170784
0.1855849176645279 0.0015690266154706478 0.14653612673282623
0.09593918174505234 0.026184093207120895 0.14999370276927948
0.05955694615840912 0.025157444179058075 0.15924179553985596
0.11144836992025375 0.0 0.19165726006031036
0.11858990043401718 0.0 0.21394924819469452
0.059951625764369965 0.0 0.2047450989484787
0.0 0.0 0.16205060482025146
0.0 0.0 0.12300625443458557
0.0 0.0 0.1337830126285553
0.0 0.0 0.1289118230342865
0.0 0.0 0.10843397676944733
0.0 0.0 0.054209619760513306
0.0 0.0 0.0
0.0 0.0 0.0
0.0 0.0 0.0
0.0 0.0 0.0
0.0 0.0 0.0
0.0 0.0 0.0
0.008363180793821812 0.0 0.0
0.07213737070560455 0.0 0.0
0.05994435027241707 0.0 0.0007724957540631294
0.0 0.0 0.014006542973220348
0.0 0.0 0.0
0.0 0.0 0.0
0.0 0.0 0.0
0.0 0.0 0.0
0.0 0.0 0.0
0.0 0.0 0.0
0.0 0.0 0.0
0.0 0.0 0.0
0.007594326511025429 0.0 0.0
0.06193932518362999 0.0 0.0
0.0704507902264595 0.0 0.0
0.047163575887680054 0.0 0.0
0.016523905098438263 0.0 0.0
0.028201866894960403 0.00602926779538393 0.0
0.09079893678426743 0.0 0.0
0.11515727639198303 0.0 0.0
0.07359864562749863 0.0 0.0
0.003563632257282734 0.0 0.0
0.0 0.048620935529470444 0.0
0.036511462181806564 0.05799392983317375 0.0
0.07586898654699326 0.06105656549334526 0.0
0.0736527070403099 0.07909415662288666 0.0
0.09044446796178818 0.08001933246850967 0.0
0.09996926784515381 0.08528387546539307 0.0
0.0892215445637703 0.08527721464633942 0.0
0.08258548378944397 0.017201494425535202 0.0
0.0612623505294323 0.037439655512571335 0.0
0.10617522895336151 0.07776124030351639 0.0
0.14332418143749237 0.05317467451095581 0.008466101251542568
0.11075054109096527 0.014782012440264225 0.057158805429935455
0.0677516758441925 0.009439711458981037 0.08662481606006622
0.026299303397536278 0.01808379963040352 0.07128234952688217
0.0 0.03740743175148964 0.04420305788516998
0.0 0.06302570551633835 0.02175820618867874
0.004287337884306908 0.06395680457353592 0.039161134511232376
0.044525571167469025 0.0010710516944527626 0.06072554364800453
0.011330599896609783 0.0 0.07106687128543854
0.0 0.010803841054439545 0.04525870829820633
0.0 0.0 0.03774060308933258
0.0 0.0 0.04086555540561676
0.0 0.0 0.04597829282283783
0.0 0.0 0.049025747925043106
0.0 0.0 0.05987173691391945
0.0216831061989069 0.0 0.09341159462928772
0.015029463917016983 0.0 0.11245745420455933
0.0 0.0 0.08700509369373322
0.0 0.0 0.031007863581180573
0.0 0.0 0.01637858897447586
0.0 0.0 0.037162166088819504
0.0 0.0 0.028539646416902542
0.0 0.0 0.0
0.0 0.0 0.0
0.0 0.0 0.0
0.0 0.0 0.0
0.0040857368148863316 0.015398325398564339 0.0
0.028597736731171608 0.03765116631984711 0.0
0.014701895415782928 0.04404568672180176 0.0
0.03268515691161156 0.03332619369029999 0.0
0.06226089224219322 0.0 0.0
0.03228222206234932 0.019365636631846428 0.008315070532262325
0.002387438900768757 0.03110778145492077 0.011259461753070354
0.004638076294213533 0.01414530910551548 0.0
0.012150054797530174 0.013083240017294884 0.0
0.026012340560555458 0.02792743407189846 0.0
0.024895144626498222 0.023661049082875252 0.0007769931107759476
0.02055365964770317 0.0 0.002759982831776142
0.0 0.0035850759595632553 0.0
0.0 0.011062966659665108 0.0
0.007780606392771006 0.0 0.0
0.010973736643791199 0.013045422732830048 0.0038084695115685463
0.0 0.045035578310489655 0.0
0.00666287774220109 0.006663157604634762 0.006949667818844318
0.05249481648206711 0.0 0.006197591312229633
0.026840316131711006 0.0 0.011307132430374622
0.0 0.008928176015615463 0.0
0.0 0.018609032034873962 0.0
0.0 0.017468400299549103 0.0
0.02908189967274666 0.005559276789426804 0.0061017172411084175
0.055597662925720215 0.0 0.021301977336406708
0.03649001568555832 0.022522548213601112 0.01477723103016615
0.025921793654561043 0.02576920948922634 0.0050673456862568855
0.004616770893335342 0.02901320345699787 0.0016600973904132843
0.0 0.023736417293548584 0.0
0.0035826656967401505 0.0 0.0
0.011025840416550636 0.0 0.0
0.0 0.0 0.0
0.0 0.01206674613058567 0.00021655485033988953
0.0 0.017342735081911087 0.020348455756902695
0.0 0.0023917481303215027 0.02482842281460762
0.009725951589643955 0.0 0.0186898373067379
0.02043585479259491 0.0 0.01342077273875475
0.0 0.003500955179333687 0.004685338586568832
0.0 0.019506286829710007 0.0
0.030408859252929688 0.0035225264728069305 0.0
0.043135304003953934 0.0 0.0
0.03049621172249317 0.0 0.0
0.006172762252390385 0.0 0.0
0.018825972452759743 0.0 0.0
0.01863635517656803 0.009908786043524742 0.0
0.008088373579084873 0.012100301682949066 0.0
0.003960208036005497 0.01109762117266655 0.0
0.02092933841049671 0.0 0.0
0.0 0.0014231563545763493 0.0
0.0 0.0 0.0
0.0 0.009004909545183182 0.0
0.0 0.0 0.0
0.02267184481024742 0.0 0.004927686415612698
0.017396388575434685 0.018348077312111855 0.0028211260214447975
0.0 0.030070513486862183 0.012153374962508678
0.0013625605497509241 0.007744701579213142 0.003694908693432808
0.0 0.006755869835615158 0.0
0.0 0.014244679361581802 0.0
0.0 0.018403206020593643 0.0014972686767578125
0.00032712332904338837 0.02157156728208065 0.002661069855093956
0.0 0.03337603062391281 0.0
0.0 0.047228194773197174 0.0
0.0 0.09079031646251678 0.010696626268327236
0.0 0.11836814880371094 0.02892462909221649
0.0 0.05453990399837494 0.02158043161034584
0.0 0.003657815046608448 0.0
0.08861783891916275 0.0 0.0
0.16882531344890594 0.0 0.0
0.27062463760375977 0.0 0.0
0.18850713968276978 0.0 0.0
0.12585069239139557 0.0 0.0
0.3085049092769623 0.0 0.0
0.8812728524208069 0.0 0.0
1.4098823070526123 0.0 0.5547844767570496
1.6692949533462524 0.0 1.119187593460083
2.1433963775634766 0.0 1.1963857412338257
3.8082590103149414 0.0 1.6438863277435303
5.387941360473633 0.0 1.9143010377883911
5.9309258460998535 0.0 2.1582045555114746
6.104495525360107 0.0 2.680452346801758
6.394324779510498 0.0 3.4774317741394043
6.428382873535156 0.0 4.233406066894531
6.585808753967285 0.0 4.3551926612854
6.267704010009766 0.0 3.102306604385376
5.067680835723877 0.0 1.2441550493240356
4.355130195617676 0.0 0.07516959309577942
3.344722270965576 0.6279364228248596 0.0
3.2774507999420166 1.102967381477356 0.0
3.963873863220215 1.0179810523986816 0.0
4.49247407913208 1.403782844543457 0.0
3.8082361221313477 2.818493127822876 0.0
1.8398412466049194 5.124580383300781 0.0
1.0520089864730835 5.5126519203186035 0.0
1.301588773727417 4.433063983917236 0.0
1.1379259824752808 3.3852956295013428 0.0
0.5216471552848816 2.9695284366607666 0.0
0.0 3.0490334033966064 0.0
0.0 3.053879976272583 0.0
0.0 2.871088743209839 0.0
0.0 2.7038309574127197 0.0
0.0 2.1836729049682617 0.0
0.0 1.559949278831482 0.0
0.0 0.7669837474822998 0.0
0.0 0.0 0.0
0.0 0.0 0.0
0.0 0.0 0.0
0.0 0.0 0.0
0.0 0.0 0.0
0.0 0.0 0.0
0.0 0.0 0.0
0.0 0.0 0.0
0.0 0.0 0.0
0.0 0.0 0.0
0.0 0.0 0.0
0.0 0.0 0.0
0.0 0.0 0.0
0.0 0.0 0.0
0.0 0.0 0.0
0.0 0.0 0.26869645714759827
0.0 0.0 0.4357306957244873
0.0 0.0 0.5807941555976868
0.2157343626022339 0.0 0.6097493767738342
0.645037055015564 0.0 0.5841465592384338
0.7341170907020569 0.0 0.6384233832359314
0.5533800721168518 0.0 0.755759060382843
0.4552430808544159 0.0 0.8737573027610779
0.3138984739780426 0.0 0.8353899717330933
0.013491520658135414 0.21627932786941528 0.5194197297096252
0.0 0.2900773584842682 0.1546873152256012
0.041956182569265366 0.0 0.0
0.02852829173207283 0.0 0.0
0.05770907923579216 0.0 0.0
0.0 0.0 0.0
0.0 0.04739931598305702 0.0
0.0 0.058773674070835114 0.0
0.017405865713953972 0.0 0.0
0.06895241141319275 0.0 0.0
0.0 0.0 0.0
0.0 0.14142195880413055 0.0
0.0 0.25169333815574646 0.0
0.0651659294962883 0.086537666618824 0.0
0.18565799295902252 0.00232132151722908 0.0
0.09046569466590881 0.01730692759156227 0.0
0.0 0.0 0.0
0.0 0.10918358713388443 0.0
0.02171992138028145 0.0 0.0
0.03545783832669258 0.0 0.0006358297541737556
0.0 0.06830965727567673 0.021794378757476807
0.0 0.0011732331477105618 0.05905892699956894
0.007406760938465595 0.0 0.030268291011452675
0.0 0.0 0.0
0.0 0.0 0.0
0.0 0.015189982019364834 0.007809320464730263
0.0 0.02789592370390892 0.02278427593410015
0.0 0.009879904799163342 0.004619386047124863
0.0 0.0 0.0
0.011304563842713833 0.0 0.0
0.06652361154556274 0.0 0.0
0.05332444980740547 0.034065935760736465 0.040620528161525726
0.020135339349508286 0.020279284566640854 0.04879084229469299
0.0 0.0 0.00025579705834388733
0.0 0.006917138583958149 0.0
0.034748103469610214 0.0 0.0
0.05508213862776756 0.0 0.0
0.0 0.009073234163224697 0.0
0.0 0.03566409647464752 0.0
0.0 0.024902530014514923 0.0
0.0 0.01737377420067787 0.0
0.0 0.0 0.0
0.0 0.0 0.0
0.0 0.0515916645526886 0.0
0.0 0.0717824175953865 0.0
0.0 0.02277226746082306 0.0
0.0 0.008940341882407665 0.0
0.0 0.0 0.0
0.0 0.0 0.0
0.0 0.0 0.0
0.0 0.009963261894881725 0.0
0.0 0.0 0.004602608270943165
0.029149342328310013 0.0 0.0
0.0 0.0 0.0
0.0 0.0 0.0
0.0 0.004772317595779896 0.0
0.0 0.05358380079269409 0.0
0.027847088873386383 0.04159238189458847 0.028638027608394623
0.11412045359611511 0.0 0.03132915124297142
0.0792253240942955 0.0 0.0010993434116244316
0.0 0.061055295169353485 0.0
0.0 0.06001053750514984 0.0
0.011243077926337719 0.056674130260944366 0.0
0.07095673680305481 0.004473244771361351 0.0
0.11660997569561005 0.0 0.0
0.018633615225553513 0.0 0.0
0.0046416339464485645 0.0 0.0
0.05346164107322693 0.0 0.01689082384109497
0.0 0.008654673583805561 0.037867479026317596
0.0 0.01620446890592575 0.03420776128768921
0.0 0.0 0.02585768699645996
0.0 0.0 0.0
0.0 0.0 0.0
0.004840838722884655 0.0 0.0
0.0 0.0 0.0
0.0 0.042053110897541046 0.0
0.0 0.0 0.0
0.0071007972583174706 0.0 0.0
0.0 0.037590183317661285 0.0
0.0 0.021527595818042755 0.013223384507000446
0.0 0.01205419935286045 0.0
0.0 0.018584536388516426 0.0
0.0 0.0 0.0
0.0 0.015317635610699654 0.0
0.0 0.14192430675029755 0.0
0.0 0.07483022660017014 0.0
0.0 0.012873386964201927 0.047484420239925385
0.000799491535872221 0.0 0.05268397554755211
0.0 0.0 0.004538283683359623
0.0 0.07070019841194153 0.0
0.0 0.06553233414888382 0.0
0.08261738717556 0.06577175110578537 0.0
0.2740558087825775 0.0 0.0
