0.0 0.19616396725177765 0.08884837478399277
0.01569492556154728 0.0 0.019707657396793365
0.08372031897306442 0.0 0.0
0.016760455444455147 0.0 0.0
0.0 0.0 0.0
0.0 0.0 0.0
0.0 0.02750064805150032 0.0
0.0 0.07654090225696564 0.0
0.0 0.09989575296640396 0.0
0.0 0.08045361191034317 0.04044489562511444
0.0 0.1175738200545311 0.041013479232788086
0.0 0.19946202635765076 0.021229388192296028
0.0 0.2259993553161621 0.06135337054729462
0.0 0.16638396680355072 0.0741376057267189
0.0 0.07590121030807495 0.06918412446975708
0.0 0.005587628111243248 0.08750907331705093
0.02808741293847561 0.0 0.09427829831838608
0.042141180485486984 0.03632370010018349 0.0838906392455101
0.017549283802509308 0.09160773456096649 0.09664398431777954
0.008009308949112892 0.1415901929140091 0.09777902066707611
0.04939110204577446 0.12229480594396591 0.1184278354048729
0.09838315099477768 0.1019732877612114 0.12526124715805054
0.12722517549991608 0.056236956268548965 0.11578624695539474
0.15110787749290466 0.021274443715810776 0.07104221731424332
0.19946901500225067 0.029803484678268433 0.03950346261262894
0.20278145372867584 0.03833811730146408 0.029949376359581947
0.18351055681705475 0.0 0.028530178591609
0.15584777295589447 0.0 0.013146160170435905
0.06852458417415619 0.0 0.0
0.019890734925866127 0.002817673608660698 0.0
0.0 0.0592186339199543 0.0
0.0 0.057065200060606 0.0
0.0 0.010275856591761112 0.0
0.01653888076543808 0.0 0.0
0.039014097303152084 0.0 0.0
0.03568567708134651 0.006958357058465481 0.0
0.013080233708024025 0.02924501895904541 0.0023853927850723267
0.0 0.03142774477601051 0.0
0.012086874805390835 0.0 0.0
0.028172368183732033 0.0 0.0
0.0090242400765419 0.0 0.0
0.0 0.015515626408159733 0.0
0.021550150588154793 0.0 0.0023252051323652267
0.11028330028057098 0.0 0.0
0.15848971903324127 0.0 0.0
0.08138693869113922 0.0 0.0
0.026006240397691727 0.0 0.0
0.011076292023062706 0.041980497539043427 0.0
0.0376538410782814 0.06207884103059769 0.005936195142567158
0.062034014612436295 0.018405398353934288 0.015653004869818687
0.08982197195291519 0.0 0.007287483662366867
0.05137364938855171 0.018430698662996292 0.014478284865617752
0.009823008440434933 0.027038833126425743 0.00874955765902996
0.0 0.04945039749145508 0.0
0.0 0.03027777187526226 0.010608712211251259
0.012200678698718548 0.0 0.0
0.04219745844602585 0.0 0.0
0.005540379323065281 0.0 0.003217107616364956
0.0 0.0 0.008415864780545235
0.021701771765947342 0.0 0.0
0.013125061988830566 0.006880834698677063 0.0
0.0 0.020666422322392464 0.017082588747143745
0.022630417719483376 0.0 0.003422170877456665
0.03340769559144974 0.0 0.0
0.0 0.017530016601085663 0.0
0.0 0.022893888875842094 0.0
0.0 0.006991889327764511 0.0
0.0 0.0 0.0
0.020719066262245178 0.0 0.0
0.02162747085094452 0.0 0.0
0.012053405866026878 0.01113150641322136 0.0
0.010849922895431519 0.0 0.007581230252981186
0.015062777325510979 0.0 0.008595095947384834
0.02380460500717163 0.0 0.0
0.0013845162466168404 0.03452977538108826 0.0001430213451385498
0.0 0.040838003158569336 0.03301148861646652
0.0 0.0 0.021222740411758423
0.008783310651779175 0.0 0.0
0.00965709425508976 0.0 0.01603303849697113
0.010772159323096275 0.0 0.00959644466638565
0.0 0.0 0.0
0.0 0.021834485232830048 0.018657850101590157
0.0 0.0 0.013688124716281891
0.034344594925642014 0.0 0.002394990064203739
0.006479675881564617 0.0 0.016053011640906334
0.0 0.007933583110570908 0.022158309817314148
0.0 0.000527331605553627 0.0030876779928803444
0.0012548204977065325 0.0 0.00532127171754837
0.0 0.0 0.01692679524421692
0.005604561418294907 0.0 0.0
0.0 0.003673589788377285 0.009603101760149002
0.007603263482451439 0.0 0.01181858591735363
0.016305675730109215 0.0 0.0
0.0 0.0 0.0
0.0 0.0 0.0
0.0 0.0 0.0
0.005607245955616236 0.0 0.0
0.022558532655239105 0.0 0.00984701607376337
0.021470896899700165 0.0 0.010883784852921963
0.0 0.0 0.008541001938283443
0.011995370499789715 0.009043270722031593 0.0012399451807141304
0.040902916342020035 0.006895430386066437 0.0
0.0548432357609272 0.022830720990896225 0.0
0.03336670622229576 0.028137069195508957 0.0015153158456087112
0.0322796031832695 0.03663228824734688 0.0047369422391057014
0.04732992500066757 0.03026759997010231 0.0
0.032372016459703445 0.003727068193256855 0.0
0.011160203255712986 0.0 0.0
0.0038013565354049206 0.004935611039400101 0.0
0.0 0.0 0.0
0.0 0.0 0.0
0.0 0.0 0.0
0.0 0.006112461909651756 0.0
0.0 0.014478782191872597 0.0
0.02789098024368286 0.0 0.009893354959785938
0.04384757578372955 0.0 0.013219642452895641
0.019483646377921104 0.0 0.0
0.0017003887332975864 0.019827742129564285 0.0
0.0 0.03049343451857567 0.0
0.021875431761145592 0.003812289796769619 0.0
0.04203609377145767 0.0 0.0
0.014312321320176125 0.0 0.0
0.0 0.0 0.0
0.0 0.0 0.0
0.00029530515894293785 0.0 0.0
0.0 0.0 0.0019864290952682495
0.0 0.0 0.0
0.004568879492580891 0.0 0.0
0.0 0.0 0.0
0.0 0.03249213844537735 0.010450487025082111
0.0 0.009070968255400658 0.009487221948802471
0.0 0.003753433935344219 0.010527453385293484
0.0 0.0 0.019063685089349747
0.0 0.0 0.022412873804569244
0.0 0.028121091425418854 0.030945375561714172
0.0 0.012185534462332726 0.025595083832740784
0.0 0.0 0.014840708114206791
0.0 0.0 0.006136166863143444
0.0 0.0027070781216025352 0.0010061198845505714
0.0 0.03885922208428383 0.006336969323456287
0.0 0.022901028394699097 0.004244523122906685
0.03228599578142166 0.0 0.0
0.029055314138531685 0.0068789198994636536 0.00247165746986866
0.00982506200671196 0.0 0.0022481661289930344
0.0 0.0 0.0030692191794514656
0.0 0.0 0.0008856933563947678
0.0 0.009063648991286755 0.017010066658258438
0.009798962622880936 0.007993591018021107 0.006559024564921856
0.08480290323495865 0.029206998646259308 0.0
0.0787213072180748 0.06865160912275314 0.0
0.05292992293834686 0.0 0.0
0.024309728294610977 0.0 0.0
0.0 0.0 0.0
0.0 0.0 0.009736708365380764
0.0 0.0 0.054421354085206985
0.0 0.0 0.16751888394355774
0.036702483892440796 0.0 0.25917795300483704
0.1453394740819931 0.0 0.2761870324611664
0.09533250331878662 0.0 0.27382349967956543
0.0 0.0 0.32121017575263977
0.0 0.0 0.4171915650367737
0.0 0.06165894865989685 0.4823332726955414
0.0 0.14455410838127136 0.4764604866504669
0.0 0.19558346271514893 0.4556675851345062
0.04170336574316025 0.1954532414674759 0.4636562764644623
0.04876900091767311 0.3621106743812561 0.528365969657898
0.0 0.7256531715393066 0.5874484777450562
0.0 1.0617430210113525 0.6088091731071472
0.0 1.5344173908233643 0.5547208786010742
0.0 1.6143457889556885 0.5603031516075134
0.0 1.2569283246994019 0.5517767667770386
0.0 0.8495596647262573 0.4979330003261566
0.0 0.93574458360672 0.4674595296382904
0.0 0.922576367855072 0.33207640051841736
0.0 0.8592191934585571 0.25633877515792847
0.0 0.8341580629348755 0.18794746696949005
0.0 0.8252039551734924 0.07792720943689346
0.0 0.6821687817573547 0.0
0.0 0.35404953360557556 0.0
0.0 0.06292448192834854 0.0
0.0 0.0 0.0
0.0 0.0 0.0
0.04143598675727844 0.0 0.0
0.1250041127204895 0.0 0.0
0.23038487136363983 0.0 0.0
0.31981781125068665 0.0 0.0
0.3310773968696594 0.0 0.0
0.2655865252017975 0.0 0.0
0.19625166058540344 0.0 0.0
0.15465335547924042 0.0 0.0
0.14593683183193207 0.0 0.0
0.1676274687051773 0.0 0.0
0.2614937722682953 0.0 0.0
0.3188997507095337 0.0 0.0
0.28912320733070374 0.0 0.0
0.22095029056072235 0.0 0.0
0.2112523913383484 0.0 0.0
0.27058467268943787 0.0 0.0
0.3353748619556427 0.0 0.0
0.3312237858772278 0.0 0.0
0.27315810322761536 0.0 0.0
0.2318284958600998 0.0 0.0
0.25725850462913513 0.0 0.0
0.2645110785961151 0.0 0.0
0.2740241587162018 0.0 0.0
0.32625752687454224 0.0 0.0
0.3665178716182709 0.0 0.0
0.38444334268569946 0.0 0.0
0.32416296005249023 0.0 0.0032822228968143463
0.26777610182762146 0.0 0.1001451164484024
0.199495330452919 0.0 0.22057458758354187
0.07088781893253326 0.08327620476484299 0.3065401017665863
0.0 0.44245195388793945 0.45318228006362915
0.0 0.5961829423904419 0.5920701026916504
0.0 0.5499038696289062 0.7131917476654053
0.0 0.48059189319610596 0.7496474981307983
0.0 0.4608365297317505 0.6509243845939636
0.0 0.36121517419815063 0.5484038591384888
0.0 0.3072299361228943 0.4642447829246521
0.0 0.4000781178474426 0.3946340084075928
0.0 0.5567196607589722 0.3713260293006897
0.0 0.686503529548645 0.390208899974823
0.0 0.8429905772209167 0.3802518844604492
0.0 1.0295929908752441 0.29423046112060547
0.0 1.3610502481460571 0.1664557009935379
0.0 1.5146334171295166 0.06281745433807373
0.0 1.4127312898635864 0.015569782815873623
0.0 1.2023322582244873 0.0
0.0 0.9110865592956543 0.0
0.0 0.6709951162338257 0.0
0.0 0.4192259907722473 0.0
0.0 0.09372218698263168 0.0
0.0 0.0 0.0
0.22535142302513123 0.0 0.0
0.28949713706970215 0.0 0.0
0.23201918601989746 0.0 0.0
0.1763540506362915 0.0 0.0
0.24781759083271027 0.0 0.0
0.35561808943748474 0.0 0.0
0.4373297393321991 0.0 0.0
0.46773263812065125 0.0 0.0
0.4248320460319519 0.0 0.0
0.36514022946357727 0.0 0.0
0.3595897853374481 0.0 0.0
0.3785741329193115 0.0 0.0
0.29098063707351685 0.0 0.0
0.19983795285224915 0.0 0.0
0.13001279532909393 0.0 0.0
0.09233119338750839 0.0 0.0
0.04842233285307884 0.03882438316941261 0.0
0.041029661893844604 0.06118109077215195 0.0
0.05265435948967934 0.0653662458062172 0.0
0.09844528138637543 0.05248906463384628 0.006522063165903091
0.14756490290164948 0.022651273757219315 0.0
0.22510948777198792 0.0 0.021281566470861435
0.2590232193470001 0.0 0.036400601267814636
0.2515821158885956 0.0 0.0363883450627327
0.24213561415672302 0.0 0.03445036709308624
0.20238527655601501 0.03398329019546509 0.06732602417469025
0.16019733250141144 0.06148415803909302 0.12681944668293
0.11528737843036652 0.059415414929389954 0.1349106729030609
0.07826410979032516 0.06598462909460068 0.10358096659183502
0.0978362187743187 0.03207779675722122 0.06307055801153183
0.13324694335460663 0.0023276247084140778 0.03982488811016083
0.1386885792016983 0.04379517585039139 0.03574039787054062
0.1536656618118286 0.03952879086136818 0.03160291165113449
0.18472504615783691 0.0 0.009227035567164421
0.21790005266666412 0.0 0.0
0.25642770528793335 0.0 0.0
0.24482913315296173 0.0 0.0
0.15857839584350586 0.12688499689102173 0.0
0.06241511180996895 0.2566632330417633 0.01216556690633297
0.004670322872698307 0.2641722857952118 0.02443288452923298
0.02928086183965206 0.16320544481277466 0.002985117956995964
0.09014314413070679 0.0345287062227726 0.0
0.06832173466682434 0.08472849428653717 0.0
0.010047245770692825 0.15937688946723938 0.0
0.13461580872535706 0.15796062350273132 0.0
0.25695687532424927 0.08001096546649933 0.0
0.30783870816230774 0.0 0.0
0.31823650002479553 0.0 0.0
0.41443997621536255 0.0 0.0
0.32444190979003906 0.0 0.0
0.18189144134521484 0.0 0.0
0.14833508431911469 0.0 0.0
0.20865701138973236 0.0 0.0
0.0 0.0 0.0
0.008472518064081669 0.0 0.0
0.3383561372756958 0.0 0.0
0.4309436082839966 0.0 0.0
0.8690258860588074 0.0 0.7413116097450256
2.074693441390991 0.0 1.474923849105835
3.7759361267089844 0.0 1.905646562576294
4.382643699645996 0.0 2.0414535999298096
4.27075719833374 0.0 2.3601279258728027
4.490474224090576 0.0 3.424365997314453
5.493643760681152 0.0 4.945094108581543
5.946064472198486 0.0 6.594266414642334
5.540190696716309 0.0 6.841645240783691
4.315945625305176 0.0 4.736215591430664
2.770193576812744 0.0 2.5122828483581543
2.6979727745056152 0.0 1.826235055923462
4.446319580078125 0.0 2.0898423194885254
6.3690361976623535 0.0 2.3169240951538086
6.648519039154053 0.16895723342895508 2.385235548019409
6.180457592010498 1.717343807220459 1.9465012550354004
6.27249002456665 1.9728899002075195 1.2292723655700684
5.5087714195251465 2.1492600440979004 0.0
3.792309045791626 2.4004828929901123 0.0
2.8598122596740723 2.3218376636505127 0.0
3.2620065212249756 1.9822700023651123 0.0
3.8432512283325195 1.9346247911453247 0.0
4.0600433349609375 2.319957971572876 0.0
4.208092212677002 2.1142091751098633 0.0
4.27646541595459 1.4169062376022339 0.0
3.6992645263671875 1.6382790803909302 0.0
2.8419270515441895 2.3692479133605957 0.0
2.658721685409546 2.3438453674316406 0.0
2.5653460025787354 2.0997257232666016 0.0
2.1333954334259033 1.9794294834136963 0.0
1.5831208229064941 1.8802746534347534 0.0
1.2278287410736084 1.7540557384490967 0.0
0.933638870716095 1.5846443176269531 0.0
0.4974157512187958 1.4948915243148804 0.0
0.0 1.2816178798675537 0.0
0.0 0.6873401999473572 0.0
0.0 0.12178865075111389 0.0
0.0 0.0 0.0
0.0 0.0 0.0
0.0 0.0 0.0
0.0 0.0 0.0
0.0 0.0 0.0
0.0 0.0 0.0
0.0 0.0 0.0
0.0 0.0 0.0
0.0 0.0 0.0
0.0 0.0 0.0
0.0 0.0 0.0
0.0 0.0 0.0
0.0 0.0 0.0
0.0 0.0 0.0
0.0 0.0 0.0
0.0 0.0 0.0
0.0 0.0 0.0
0.0 0.0 0.31794965267181396
0.0 0.0 0.3300044536590576
0.0 0.0 0.08982965350151062
0.0 0.0 0.0
0.0 0.0 0.0
0.0 0.0349896177649498 0.0
0.0 0.21551598608493805 0.053592558950185776
0.0 0.29309946298599243 0.02147696167230606
0.13512533903121948 0.1832893341779709 0.0
0.3610261082649231 0.013771416619420052 0.0
0.4123380184173584 0.0 0.0
0.37161484360694885 0.016907554119825363 0.00486522912979126
0.2561068832874298 0.08504639565944672 0.03918671980500221
0.1741126924753189 0.12883888185024261 0.027826473116874695
0.1519104540348053 0.08539500087499619 0.0007559722289443016
0.1636400818824768 0.01417754776775837 0.0
0.13471415638923645 0.0 0.0
0.0004229205660521984 0.07190076261758804 0.0
0.0056733423843979836 0.08779717236757278 0.0035762591287493706
0.03822010010480881 0.02272017113864422 0.046423058956861496
0.0 0.13026340305805206 0.031264081597328186
0.0 0.188881978392601 0.0024215131998062134
0.013075065799057484 0.10050790756940842 0.01223792415112257
0.12243404239416122 0.0 0.041612058877944946
0.11421366780996323 0.0 0.010549214668571949
0.07306409627199173 0.0 0.0
0.005747111979871988 0.0570102334022522 0.0
0.03523949161171913 0.04618341475725174 0.028307970613241196
0.041649721562862396 0.03661041706800461 0.026204340159893036
0.05348214507102966 0.0047448985278606415 0.012331134639680386
0.039829447865486145 0.005915624089539051 0.0
0.08242644369602203 0.0 0.0
0.12598884105682373 0.0 0.010746021755039692
0.023815061897039413 0.01550779677927494 0.0
0.013308359310030937 0.03790285438299179 0.0
0.07791770994663239 0.0 0.019984260201454163
0.1620672196149826 0.0 0.025952138006687164
0.10502283275127411 0.0 0.0
0.013629536144435406 0.0 0.0
0.022977497428655624 0.02303175814449787 0.0
0.05031777545809746 0.03664131462574005 0.013471233658492565
0.07081612199544907 0.0 0.0
0.04174293205142021 0.0 0.0
0.03270016610622406 0.0 0.0
0.10586997866630554 0.0 0.0
0.19149461388587952 0.0 0.0
0.21757042407989502 0.0 0.0
0.1714916080236435 0.0 0.009280749596655369
0.10897229611873627 0.0 0.0
0.05703875422477722 0.0 0.0
0.07934113591909409 0.0 0.0
0.10266216844320297 0.0 0.0
0.1452714055776596 0.0 0.0
0.11759024858474731 0.0 0.0
0.10685984045267105 0.0 0.0
0.12273574620485306 0.0 0.011696121655404568
0.050610948354005814 0.0 0.0
0.035995520651340485 0.0 0.0
0.0646604523062706 0.0 0.0
0.10277002304792404 0.0 0.0
0.09637923538684845 0.0 0.0
0.07200811803340912 0.0 0.0
0.06135706976056099 0.0 0.0
0.05280672386288643 0.0 0.0
0.017635421827435493 0.0 0.0
0.010009726509451866 0.0 0.0
0.019469276070594788 0.0 0.0
0.02597085013985634 0.0 0.0
0.022742565721273422 0.0 0.0
0.03543465957045555 0.0 0.0
0.04509447515010834 0.0 0.0
0.03561681881546974 0.0 0.0
0.02585819736123085 0.0 0.0
0.0 0.0 0.0
0.0 0.0 0.014740382321178913
0.026257671415805817 0.0 0.054557573050260544
0.08699612319469452 0.0 0.048423245549201965
0.09805703163146973 0.0 0.0024243267253041267
0.10561641305685043 0.0 0.0
0.08747842162847519 0.0 0.0025186026468873024
0.0840139165520668 0.0 0.04995802417397499
0.24592691659927368 0.18898922204971313 0.11099953949451447
0.5764023065567017 0.212645024061203 0.15070009231567383
1.1930537223815918 0.0615396648645401 0.14889179170131683
1.5026326179504395 0.0 0.10527320951223373
1.498913288116455 0.0 0.025623388588428497
1.4781068563461304 0.0 0.0
1.5690354108810425 0.06131116300821304 0.013765663839876652
1.5570580959320068 0.3162590265274048 0.07536644488573074
1.502723217010498 0.484282910823822 0.09139307588338852
1.3465183973312378 0.5280106663703918 0.13591209053993225
1.1274564266204834 0.40826937556266785 0.14508721232414246
0.8882227540016174 0.2705432176589966 0.14118275046348572
0.688373863697052 0.1539529412984848 0.15056000649929047
0.4662856459617615 0.0927223488688469 0.1513480395078659
0.12820826470851898 0.08284628391265869 0.1265726387500763
0.0 0.16244123876094818 0.0739954486489296
0.0 0.22170136868953705 0.026221804320812225
0.0 0.22865994274616241 0.0
0.0 0.20990289747714996 0.0
0.0 0.22079843282699585 0.0
0.0 0.24455542862415314 0.0
0.0 0.3121049106121063 0.0
0.0 0.303987592458725 0.0
0.0 0.21800929307937622 0.0
0.0 0.24161796271800995 0.0
0.0 0.22888724505901337 0.0
0.0 0.13398496806621552 0.0
0.0 0.0 0.0
0.0 0.0 0.0
0.0 0.0 0.0
0.0 0.0 0.0
0.0 0.0 0.0
0.0 0.0 0.0
0.10207594931125641 0.0 0.0
0.24390524625778198 0.0 0.0
0.5270131230354309 0.07957712560892105 0.0
0.656789243221283 0.11635511368513107 0.0
0.8368729948997498 0.0 0.0
1.1886626482009888 0.0 0.012239978648722172
1.4521369934082031 0.0 0.023375187069177628
1.547566294670105 0.0 0.08087550103664398
1.6513546705245972 0.0 0.1620963215827942
1.5902740955352783 0.0 0.2057039886713028
1.3885188102722168 0.035362523049116135 0.2330234944820404
1.1686674356460571 0.09317070245742798 0.24169795215129852
0.9840350151062012 0.0372171513736248 0.23326237499713898
0.8451623320579529 0.013002092950046062 0.2424798458814621
0.6482303738594055 0.06138906255364418 0.20007354021072388
0.38316115736961365 0.15034742653369904 0.14750327169895172
0.10382857173681259 0.2190021276473999 0.12997913360595703
0.0 0.2982173264026642 0.11074737459421158
0.0 0.2988514304161072 0.054117657244205475
0.0 0.2687417268753052 0.0
0.0 0.2363547533750534 0.0
0.0 0.2293674200773239 0.0
0.0 0.2595692574977875 0.0
0.0 0.308910995721817 0.0
0.0 0.4049901068210602 0.0
0.0 0.2954636216163635 0.0
0.0 0.12629908323287964 0.0
0.0 0.0688893273472786 0.0
0.0 0.1549602895975113 0.0
0.0 0.19188529253005981 0.0
0.0 0.1296837031841278 0.0
0.0 0.0002748453989624977 0.0
0.0 0.0 0.0
0.0 0.0 0.0
0.016058770939707756 0.0 0.0
0.14597715437412262 0.0 0.0
0.32687583565711975 0.0 0.0
0.7265505194664001 0.0 0.004248857498168945
1.0712053775787354 0.0 0.0
1.2654273509979248 0.0 0.0
1.4882140159606934 0.0 0.0
1.706113338470459 0.0 0.056359726935625076
1.7098742723464966 0.0 0.11644622683525085
1.5670742988586426 0.0 0.10998247563838959
1.4049122333526611 0.0 0.12155550718307495
1.20929753780365 0.0 0.16693204641342163
0.9742527604103088 0.0 0.20329616963863373
0.7396777868270874 0.0 0.19482040405273438
0.5394530892372131 0.0 0.17074568569660187
0.45013704895973206 0.0459817498922348 0.15744799375534058
0.2687544822692871 0.12392076104879379 0.16443532705307007
0.03227429464459419 0.20211435854434967 0.13241374492645264
0.0 0.25498849153518677 0.056353334337472916
0.0 0.3843374252319336 0.0
0.0 0.5943734645843506 0.0016458835452795029
0.0 0.6765927076339722 0.0001228218898177147
0.0 0.6142694354057312 0.0
0.0 0.5031452775001526 0.0
0.0 0.4067748188972473 0.0
0.0 0.33246463537216187 0.0
0.0 0.24101167917251587 0.0
0.0 0.1271176040172577 0.0
0.0 0.028053350746631622 0.0
0.0 0.0 0.0
0.0 0.0 0.0
0.0 0.0 0.0
0.0 0.0 0.0
0.033010393381118774 0.0 0.0
0.11181199550628662 0.0 0.0
0.18630275130271912 0.0 0.0
0.24160727858543396 0.0 0.0
0.2503395080566406 0.0 0.0
0.20685969293117523 0.0 0.0
0.1641058325767517 0.0 0.0
0.10208399593830109 0.0 0.0
0.07855923473834991 0.0 0.0
0.18622498214244843 0.0 0.0
0.3077476918697357 0.0 0.0
0.3502112627029419 0.0 0.0
0.3298519253730774 0.0 0.0008780937641859055
0.3030456006526947 0.0 0.025446821004152298
0.2583862543106079 0.0989442989230156 0.026438049972057343
0.2530530095100403 0.25302547216415405 0.049318864941596985
0.27279210090637207 0.25916406512260437 0.10295172780752182
0.265809565782547 0.1856488287448883 0.14858126640319824
0.21780097484588623 0.08801937848329544 0.1317627876996994
0.1693093329668045 0.056459054350852966 0.06814546883106232
0.13340219855308533 0.08110740780830383 0.03474889323115349
0.1152130737900734 0.0928141325712204 0.04101504385471344
0.08796201646327972 0.038467809557914734 0.08864088356494904
0.09525934606790543 0.010763473808765411 0.10144376754760742
0.12349390983581543 0.03851334750652313 0.058014802634716034
0.08429857343435287 0.03444749861955643 0.028765570372343063
0.04628860205411911 0.021922385320067406 0.0
0.013359414413571358 0.0 0.0
0.004632767755538225 0.0 0.0
0.0 0.0 0.0
0.0 0.0 0.0
0.0 0.0 0.0
0.0 0.0 0.0030740536749362946
0.0 0.0 0.0
0.0 0.0 0.013718175701797009
0.008516987785696983 0.0 0.017057247459888458
0.018212225288152695 0.0 0.010799351148307323
0.02143225446343422 0.0 0.008687996305525303
0.0406847782433033 0.0 0.00024071615189313889
0.03346335142850876 0.0 0.0
0.03344790264964104 0.0 0.0
0.0313756987452507 0.0 0.0
0.06215571239590645 0.0 0.0
0.08974979817867279 0.0 0.011599631048738956
0.0886152908205986 0.0 0.016902249306440353
0.07588218152523041 0.0 0.006012851372361183
0.049239382147789 0.0 0.0003640204668045044
0.039706066250801086 0.0 0.0
0.08211344480514526 0.0 0.023174796253442764
0.12566810846328735 0.0 0.038469329476356506
0.13752610981464386 0.0 0.02465151622891426
0.1256425380706787 0.0 0.03841393440961838
0.11064575612545013 0.0 0.046876128762960434
0.12051942199468613 0.058791182935237885 0.038821130990982056
0.08936603367328644 0.08109089732170105 0.06208517402410507
0.09148351103067398 0.004576951265335083 0.052243463695049286
0.12568329274654388 0.0 0.03522666543722153
0.09071039408445358 0.0 0.013563179410994053
0.0 0.07413631677627563 0.0
0.0 0.15720857679843903 0.0015030549839138985
0.0 0.10407184809446335 0.0
0.0 0.009361851960420609 0.0
0.0477789044380188 0.0 0.0
0.0190921351313591 0.016865842044353485 0.0
0.0 0.0828736200928688 0.0
0.0 0.13816536962985992 0.0
0.0 0.10602287948131561 0.011547165922820568
0.013869144022464752 0.020775360986590385 0.025881100445985794
0.04181322082877159 0.0 0.0
0.023786017671227455 0.0 0.0
0.0 0.0 0.0
0.0 0.040163300931453705 0.0
0.0 0.0730821043252945 0.0
0.0 0.030589502304792404 0.0
0.0 0.0 0.0
0.0 0.0 0.0
0.0 0.0 0.0
0.0 0.0 0.0
0.0 0.0 0.0
0.0 0.0 0.0
0.0 0.0 0.0
0.006672545336186886 0.0 0.0
0.07403986155986786 0.0 0.0
0.07535094022750854 0.0 0.0
0.032875917851924896 0.0 0.0
0.016882039606571198 0.0 0.0
0.04896727204322815 0.0 0.0
0.19185277819633484 0.0 0.0
0.39992183446884155 0.0 0.0
0.4532356560230255 0.0 0.0
0.3203292787075043 0.0 0.0
0.08529731631278992 0.0 0.0
0.0 0.0 0.0
0.0 0.0 0.0
0.0 0.0 0.40684863924980164
0.0 0.0 1.082079529762268
0.0 0.0 1.5324122905731201
0.0 0.0 1.5201351642608643
0.0 0.0 1.6844260692596436
0.05250448361039162 0.0 2.049528121948242
0.8403226733207703 0.0 2.54655122756958
2.129969358444214 0.0 3.145030975341797
3.7019083499908447 0.0 3.668945550918579
4.884878635406494 0.0 3.9467620849609375
5.689461708068848 0.0 4.483448505401611
5.265354633331299 0.0 5.054137229919434
4.694508075714111 0.0 5.680178165435791
4.308192253112793 0.0 5.6862335205078125
3.8690972328186035 0.0 4.821559429168701
3.9420831203460693 0.0 4.295328617095947
4.4314188957214355 0.0 2.9155101776123047
4.646957874298096 0.0 2.834871768951416
5.588108539581299 0.0 3.038256883621216
5.535093307495117 0.0 2.280569553375244
4.962981224060059 0.8284560441970825 0.6388009190559387
3.9368367195129395 1.711930513381958 0.0
2.875945806503296 2.796515703201294 0.0
3.357717514038086 2.1546268463134766 0.0
3.7664003372192383 1.3481740951538086 0.0
3.7206532955169678 1.4934934377670288 0.0
3.8067269325256348 1.9156426191329956 0.0
3.7300503253936768 2.452000856399536 0.0
3.5987863540649414 2.617070436477661 0.0
3.308953285217285 2.396010637283325 0.0
3.2084970474243164 1.9664949178695679 0.0
2.9825916290283203 2.13852858543396 0.0
2.718320369720459 2.257530450820923 0.0
2.421339750289917 2.0111019611358643 0.0
1.9695913791656494 1.5495500564575195 0.0
1.4901340007781982 1.3647222518920898 0.0
1.2866548299789429 0.9047780632972717 0.0
1.1638191938400269 0.46905794739723206 0.0
0.6554854512214661 0.6623693704605103 0.0
0.4597460627555847 0.3746419847011566 0.0
0.3249506950378418 0.08420350402593613 0.0
0.2321392446756363 0.0 0.0
0.08803640305995941 0.0 0.0
0.0 0.0 0.0
0.0 0.0 0.0
0.0 0.0 0.0
0.0 0.0 0.0
0.0 0.0 0.0
0.0 0.0 0.0
0.0 0.0 0.0
0.0 0.0 0.0
0.0 0.0 0.0
0.0 0.0 0.0
0.0 0.0 0.0
0.0 0.0 0.0
0.0 0.0 0.0
0.0 0.0 0.0
0.0 0.0 0.0
0.0 0.0 0.0
0.0 0.0 0.0
0.0 0.0 0.0
0.0 0.0 0.0
0.0 0.0 0.0
0.0 0.0 0.0
0.0 0.0 0.0
0.0 0.0 0.0
0.0 0.0 0.0
0.0 0.0 0.0077855512499809265
0.0 0.0 0.10459944605827332
0.0028986060060560703 0.0 0.19802740216255188
0.0 0.0 0.3004848062992096
0.0 0.0 0.5025918483734131
0.0 0.0 0.7227425575256348
0.01253578718751669 0.0 0.6914762854576111
0.39954909682273865 0.0 0.3837542235851288
0.45248448848724365 0.0 0.07048419117927551
0.28044936060905457 0.0 0.05420002341270447
0.14173860847949982 0.0 0.20886681973934174
0.15282773971557617 0.0 0.31021130084991455
0.25659435987472534 0.03843165934085846 0.2965114414691925
0.37190523743629456 0.0 0.16907334327697754
0.45215532183647156 0.0 0.01978132873773575
0.48071959614753723 0.0 0.0
0.44158709049224854 0.0 0.0
0.3454587161540985 0.08310405910015106 0.0
0.2343076765537262 0.3117116689682007 0.011934326030313969
0.13594569265842438 0.38409292697906494 0.04003094136714935
0.10070807486772537 0.3257148265838623 0.03307982534170151
0.1630297750234604 0.21843044459819794 0.0
0.22851717472076416 0.11643937975168228 0.0
0.26920440793037415 0.04734259843826294 0.0
0.23610158264636993 0.0038361316546797752 0.0
0.1464366912841797 0.01569359004497528 0.0
0.04296622425317764 0.07223036885261536 0.0
0.0 0.11059453338384628 0.0
0.0 0.06588379293680191 0.0
0.0 0.0031263986602425575 0.0
0.009595748037099838 0.0 0.0
0.03559272736310959 0.020215637981891632 0.0
0.05021268501877785 0.017943695187568665 0.0
0.004931221250444651 0.05186570808291435 0.0
0.0 0.07093367725610733 0.0
0.0 0.010167264379560947 0.03418024256825447
0.007660961244255304 0.0 0.0022247061133384705
0.0 0.01168446708470583 0.0
0.0 0.006250552833080292 0.0
0.027738265693187714 0.0 0.02165113389492035
0.04780492186546326 0.0 0.043238185346126556
0.026593105867505074 0.03348403796553612 0.03566548973321915
0.0 0.012359046377241611 0.014991634525358677
0.0 0.001830771565437317 0.0
0.0 0.040162716060876846 0.0
0.006783982738852501 0.03157002478837967 0.0
0.005545079708099365 0.026196565479040146 0.005518769845366478
0.020350657403469086 0.0 0.011928199790418148
0.002453682478517294 0.0 0.0
0.0 0.0 0.0
0.004592733457684517 0.008177350275218487 0.0
0.029909275472164154 0.015456303022801876 0.021752070635557175
0.03544172644615173 0.022955499589443207 0.0036702705547213554
0.007795451208949089 0.0017961496487259865 0.0
0.0 0.027491126209497452 0.0
0.0 0.03176816552877426 0.0
0.002361803548410535 0.009208791889250278 0.0011586425825953484
0.038308314979076385 0.014355511404573917 0.03465491160750389
0.02142281085252762 0.052710358053445816 0.021790780127048492
0.0 0.08279049396514893 0.0
0.0 0.09895294904708862 0.0
0.0 0.11606881767511368 0.0
0.0 0.18689559400081635 0.0
0.0 0.3212158679962158 0.0
0.0 0.4404461085796356 0.0
0.0 0.3782903254032135 0.0
0.0 0.32616400718688965 0.0
0.0 0.4290645718574524 0.0
0.0 0.22844809293746948 0.0
0.0 0.0 0.0
0.0 0.0 0.0
0.0 0.0 0.0
0.0 0.08238143473863602 0.0
0.0 0.0 0.0
0.07988639175891876 0.0 0.0
0.31645524501800537 0.0 0.0
0.24055196344852448 0.0 0.0
0.05290563404560089 0.0 0.06463384628295898
0.0 0.06469271332025528 0.5352216362953186
0.005554365925490856 0.079011470079422 0.9522206783294678
0.0777481347322464 0.06905284523963928 1.3011806011199951
0.26141035556793213 0.0 1.6893088817596436
0.37462136149406433 0.0 2.083240032196045
0.3190286457538605 0.0 2.2199206352233887
0.2453019767999649 0.16507045924663544 2.256103277206421
0.3874897360801697 0.13580071926116943 2.3322107791900635
0.5621057748794556 0.09744826704263687 2.262253522872925
0.6375081539154053 0.05544702336192131 2.0833933353424072
0.6071664690971375 0.06289055198431015 1.8160356283187866
0.5839767456054688 0.0 1.6713247299194336
0.606969952583313 0.0 1.4982342720031738
0.5792765021324158 0.0 1.1839697360992432
0.48453399538993835 0.0 0.7505301833152771
0.29448816180229187 0.13701005280017853 0.3623795211315155
0.09958446025848389 0.19888967275619507 0.12346706539392471
0.0 0.17329350113868713 0.0
0.0 0.1735403686761856 0.0
0.0 0.20882725715637207 0.0
0.0 0.13961994647979736 0.0
0.0 0.03640462085604668 0.0
0.0 0.061982955783605576 0.0
0.0 0.03277180343866348 0.0
0.0 0.0 0.0
0.0 0.0 0.0
0.0 0.0 0.0
0.0 0.0 0.0
0.0 0.0 0.0
0.0 0.0 0.0
0.0 0.0 0.0
0.0 0.0 0.0
0.0 0.0 0.0
0.0 0.0 0.0
0.0 0.0 0.0
0.0 0.020791813731193542 0.0
0.14500123262405396 0.0 0.342146098613739
0.5368545055389404 0.0 0.8503725528717041
0.6604589819908142 0.09953483194112778 1.0966441631317139
0.5073344111442566 0.2934238612651825 1.0711718797683716
0.41729772090911865 0.2959749102592468 1.0051134824752808
0.5630834102630615 0.09644343703985214 1.1213010549545288
0.7835540175437927 0.0 1.3298015594482422
0.813567578792572 0.0 1.406701922416687
0.7846464514732361 0.0 1.3222240209579468
0.6674582958221436 0.020326560363173485 1.2353384494781494
0.5642115473747253 0.051444001495838165 1.2130416631698608
0.5469489097595215 0.0 1.2190138101577759
0.5045093297958374 0.0 1.0871233940124512
0.48830878734588623 0.09242978692054749 0.8139343857765198
0.38421326875686646 0.26573339104652405 0.5827001333236694
0.2740974426269531 0.1738298237323761 0.4830171763896942
0.18186311423778534 0.018042100593447685 0.3993305563926697
0.057724643498659134 0.013632971793413162 0.22287243604660034
0.0 0.0885210633277893 0.0
0.0 0.1812688410282135 0.0
0.0 0.10317910462617874 0.0
0.0 0.021890101954340935 0.0
0.0 0.0 0.0
0.0 0.0 0.0
0.0 0.0 0.0
0.0 0.0 0.0
0.0 0.0 0.0
0.0 0.0 0.0
0.0 0.0 0.0
0.0 0.0 0.0
0.0 0.0 0.0
0.0 0.0 0.0
0.0 0.0 0.0
0.0 0.0 0.0
0.0 0.0 0.0
0.0 0.0 0.0
0.0 0.0 0.0
0.05067046359181404 0.0 0.0
0.2753712236881256 0.0 0.19327859580516815
0.3976404070854187 0.0 0.34299322962760925
0.4342743158340454 0.0 0.44117411971092224
0.49909380078315735 0.09961046278476715 0.5950606465339661
0.5588055849075317 0.11462696641683578 0.8115056157112122
0.5294753909111023 0.1353580206632614 0.9693909883499146
0.47987186908721924 0.1554558426141739 1.0223764181137085
0.46647801995277405 0.19816069304943085 0.9817850589752197
0.5346967577934265 0.25537365674972534 0.9986766576766968
0.6590394973754883 0.21416787803173065 1.1482810974121094
0.6807075142860413 0.14903628826141357 1.2113170623779297
0.49102890491485596 0.255099356174469 1.0943880081176758
0.30323344469070435 0.36677154898643494 0.8984406590461731
0.23759345710277557 0.3568616807460785 0.7407103776931763
0.2893908619880676 0.16744352877140045 0.7609118223190308
0.37143006920814514 0.024457871913909912 0.8574162125587463
0.3133966028690338 0.03437894582748413 0.7938380837440491
0.19160600006580353 0.15754961967468262 0.6156803369522095
0.0362829826772213 0.26362040638923645 0.47879651188850403
0.03533356636762619 0.19672498106956482 0.4572038948535919
0.11486034840345383 0.040184635668992996 0.48419874906539917
0.06705847382545471 0.017377059906721115 0.35438108444213867
0.0 0.09199963510036469 0.06631707400083542
0.0 0.14307427406311035 0.0
0.0 0.07674344629049301 0.0
0.0 0.003875100053846836 0.0
0.0 0.0 0.0
0.0 0.0 0.0
0.0 0.017142437398433685 0.0
0.0 0.01322945300489664 0.0
0.0 0.029579930007457733 0.0
0.0 0.01625959947705269 0.0
0.0 0.014716296456754208 0.0
0.0 0.0 0.0
0.0 0.0 0.0
0.0 0.0 0.0
0.0 0.0 0.0
0.0 0.0 0.0
0.0 0.0 0.0
0.0 0.0 0.0
0.0 0.0 0.0
0.0 0.0 0.0
0.0 0.0 0.0
0.041923023760318756 0.0 0.0
0.0939212441444397 0.0 0.22851023077964783
0.09364933520555496 0.06085635721683502 0.36974406242370605
0.13865916430950165 0.05831889808177948 0.4556507170200348
0.20634792745113373 0.03883441537618637 0.5128844380378723
0.25386297702789307 0.07255509495735168 0.5679524540901184
0.28961190581321716 0.07335004955530167 0.6206596493721008
0.30114099383354187 0.06474963575601578 0.6399766206741333
0.28016114234924316 0.08830103278160095 0.6077938675880432
0.2780569791793823 0.10106689482927322 0.6067459583282471
0.3238937258720398 0.060580186545848846 0.6060042381286621
0.30286407470703125 0.043736495077610016 0.572621762752533
0.24491626024246216 0.033523041754961014 0.4972299039363861
0.1957167685031891 0.015909425914287567 0.40053290128707886
0.15900827944278717 0.0 0.3305785655975342
0.13359133899211884 0.0 0.30781468749046326
0.11583151668310165 0.0 0.2735206186771393
0.09510041028261185 0.01253253873437643 0.22003979980945587
0.03591112419962883 0.0 0.15953437983989716
0.03421735018491745 0.0 0.11242599040269852
0.019881023094058037 0.0 0.05244068428874016
0.029805824160575867 0.0 0.02484314516186714
0.05515991896390915 0.0 0.04528716579079628
0.037202224135398865 0.0 0.03130956366658211
0.012992756441235542 0.0 0.0012174444273114204
0.015292130410671234 0.0 0.0
0.05364857614040375 0.0038985712453722954 0.0
0.10132315009832382 0.0058011338114738464 0.02778327465057373
0.12443672120571136 0.0 0.05780242383480072
0.09263511747121811 0.0 0.037197548896074295
0.032078567892313004 0.012358368374407291 0.016429685056209564
0.02458949014544487 0.0431801974773407 0.022864680737257004
0.043528296053409576 0.00904166791588068 0.04430951923131943
0.05304243788123131 0.0 0.04857776686549187
0.08531701564788818 0.0 0.02434965968132019
0.163238987326622 0.0 0.021898485720157623
0.257845938205719 0.0 0.04825472831726074
0.34200209379196167 0.0 0.05532888323068619
0.38807129859924316 0.0 0.03871315345168114
0.39782992005348206 0.0 0.030408885329961777
0.3615049421787262 0.0 0.03868918493390083
0.27610960602760315 0.0 0.046517547219991684
0.20573930442333221 0.0 0.043761175125837326
0.206951305270195 0.0 0.02879980206489563
0.2615562379360199 0.005541475489735603 0.013358262367546558
0.249839648604393 0.005572900176048279 0.011104696430265903
0.18977098166942596 0.0 0.038225796073675156
0.09687647223472595 0.03974604979157448 0.0502835214138031
0.05644196271896362 0.10999784618616104 0.04903902858495712
0.09485912322998047 0.08123251050710678 0.04505626857280731
0.1198134794831276 0.042019322514534 0.0
0.06532999873161316 0.0 0.0
0.0 0.0 0.0
0.0 0.0 0.0
0.0 0.0 0.0
0.0 0.0 0.0
0.0 0.0 0.0
0.0 0.0 0.0
0.0 0.0 0.0
0.0 0.0 0.11557011306285858
0.49455833435058594 0.0 0.6747788190841675
0.979622483253479 0.0 1.0668152570724487
1.4421132802963257 0.0 1.354805827140808
2.115582227706909 0.0 1.6496638059616089
3.05564022064209 0.0 1.9641172885894775
4.3062238693237305 0.0 2.3776180744171143
4.795910358428955 0.0 2.944805860519409
4.418632507324219 0.0 3.49397611618042
3.8015878200531006 0.0 3.976203203201294
3.433180570602417 0.0 4.10313081741333
2.986476421356201 0.0 3.3852450847625732
2.2515857219696045 0.0 2.464775323867798
2.1010522842407227 0.0 2.2580931186676025
2.4891397953033447 0.0 2.802187204360962
3.4396004676818848 0.0 3.300689220428467
4.042612075805664 0.0 3.2589659690856934
4.4341912269592285 0.0 2.6421942710876465
4.232828617095947 0.0 2.03998064994812
3.8804078102111816 0.10160607844591141 1.7142590284347534
3.966387987136841 0.20484113693237305 1.3575667142868042
4.6045379638671875 0.2947864532470703 0.8546460270881653
4.581664085388184 1.2749546766281128 0.31595858931541443
4.007894039154053 2.127396821975708 0.0
3.7473528385162354 1.7537928819656372 0.0
3.7382261753082275 1.3521807193756104 0.0
3.8148624897003174 1.4601730108261108 0.0
3.753221273422241 1.9864658117294312 0.0
3.875673294067383 2.13885235786438 0.0
4.148370742797852 1.9240013360977173 0.0
4.039443492889404 2.022844076156616 0.0
3.6488349437713623 2.3396942615509033 0.0
3.5437021255493164 2.027703285217285 0.0
3.4741363525390625 1.515618920326233 0.0
2.56386399269104 1.9364689588546753 0.0
1.817126750946045 1.797011137008667 0.0
1.4904943704605103 0.9300819039344788 0.0
0.8566235899925232 0.5391530394554138 0.0
0.39149773120880127 0.3997623920440674 0.0
0.29749614000320435 0.0 0.0
0.0 0.0 0.0
0.0 0.0 0.0
0.0 0.0 0.0
0.0 0.0 0.0
0.0 0.0 0.0
0.0 0.0 0.0
0.0 0.0 0.0
0.0 0.0 0.0
0.0 0.0 0.0
0.0 0.0 0.0
0.0 0.0 0.0
0.0 0.0 0.0
0.0 0.0 0.0
0.0 0.0 0.0
0.0 0.0 0.0
0.0 0.0 0.0
0.0 0.0 0.0
0.0 0.0 0.0
0.0 0.0 0.0
0.0 0.0 0.0
0.0 0.0 0.0
0.0 0.0 0.0
0.0 0.0 0.0
0.0 0.0 0.0
0.0 0.0 0.08622396737337112
0.0 0.0 0.133280411362648
0.0 0.0 0.20658153295516968
0.0 0.0 0.29408928751945496
0.0 0.0 0.37096861004829407
0.0 0.0 0.44087687134742737
0.0 0.0 0.34483420848846436
0.0 0.0 0.21241144835948944
0.0 0.0 0.183490589261055
0.0 0.0 0.22099268436431885
0.01728164404630661 0.0 0.2619318962097168
0.06605158001184464 0.0 0.19743144512176514
0.0 0.0 0.1061454713344574
0.0 0.0 0.09463103115558624
0.008487886749207973 0.0 0.12832000851631165
0.04147939383983612 0.0 0.13500747084617615
0.05153948441147804 0.0 0.0858660340309143
0.054739538580179214 0.0 0.0935380682349205
0.0 0.04093919321894646 0.09394233673810959
0.0 0.07918884605169296 0.09523104131221771
0.043546803295612335 0.0735301598906517 0.15562912821769714
0.14146989583969116 0.02861461415886879 0.1746230572462082
0.18338991701602936 0.09877026826143265 0.1560395210981369
0.14400097727775574 0.22001440823078156 0.16458560526371002
0.11623325198888779 0.33587947487831116 0.18391349911689758
0.14305634796619415 0.3741309940814972 0.17575889825820923
0.21569406986236572 0.27732083201408386 0.15480434894561768
0.3096946179866791 0.13584838807582855 0.12537188827991486
0.35245832800865173 0.0646011084318161 0.10740675032138824
0.30339303612709045 0.043456412851810455 0.10150651633739471
0.1996903270483017 0.06165645271539688 0.12189594656229019
0.07599608600139618 0.12356536090373993 0.12086103111505508
0.026715360581874847 0.14059361815452576 0.14179028570652008
0.0 0.18511581420898438 0.20337960124015808
0.0 0.1777961105108261 0.18911731243133545
0.0 0.04516829177737236 0.13600216805934906
0.0 0.0 0.08529558777809143
0.0 0.0 0.06115616112947464
0.0057951644994318485 0.0 0.06606277078390121
0.05168087035417557 0.0 0.06653860211372375
0.09159952402114868 0.0 0.02966020628809929
0.1595892310142517 0.02302093803882599 0.0
0.24231074750423431 0.03474710136651993 0.0
0.3022981882095337 0.004959911108016968 0.0
0.3353349566459656 0.0 0.0
0.3543057441711426 0.0 0.0
0.3434533476829529 0.0 0.0
0.29736682772636414 0.0 0.0
0.23086073994636536 0.0 0.0
0.12200962752103806 0.0006977887824177742 0.0
0.0 0.09250734001398087 0.0
0.0 0.11187544465065002 0.0
0.0 0.027986135333776474 0.0
0.0 0.0 0.0
0.0 0.0 0.04205669090151787
0.0 0.0 0.06612847745418549
0.0 0.0 0.04002762585878372
0.031275466084480286 0.0 0.0
0.09933547675609589 0.026539508253335953 0.0
0.0883115902543068 0.03001200407743454 0.0
0.0 0.061270326375961304 0.0
0.0 0.09863899648189545 0.0
0.0 0.09205300360918045 0.0
0.0 0.11949155479669571 0.0
0.0 0.06181520223617554 0.0
0.009959258139133453 0.0 0.0
0.05423484370112419 0.0 0.032530032098293304
0.0976390391588211 0.0 0.06606002151966095
0.1265181005001068 0.0 0.06430819630622864
0.1440635323524475 0.0 0.019642194733023643
0.10061831772327423 0.0 0.0
0.022893166169524193 0.005192405544221401 0.0
0.0 0.07460130751132965 0.0
0.0 0.10559543967247009 0.0
0.0 0.04695583134889603 0.0
0.0 0.0 0.0
0.004290187731385231 0.0 0.010648166760802269
0.0073373764753341675 0.0 0.02672380581498146
0.042350221425294876 0.0 0.048473842442035675
0.09458492696285248 0.0 0.0543367899954319
0.08864714205265045 0.024036932736635208 0.015973690897226334
0.07816467434167862 0.0 0.0
0.061233632266521454 0.01252568606287241 0.0
0.05814329907298088 0.06463762372732162 0.0
0.032713573426008224 0.12000767141580582 0.0
0.04356116056442261 0.12111341208219528 0.0
0.07952448725700378 0.0539836511015892 0.0
0.10163005441427231 0.01132566574960947 0.0
0.10565569251775742 0.0 0.01600218564271927
0.1361273229122162 0.0 0.052413344383239746
0.32751673460006714 0.0 0.10414471477270126
0.6023128628730774 0.0 0.1428827941417694
0.6564629077911377 0.0 0.15484385192394257
0.5256535410881042 0.0 0.10864518582820892
0.48651278018951416 0.0 0.0
0.638494074344635 0.0 0.0
1.0060112476348877 0.0 0.03526818007230759
1.3001222610473633 0.0 0.04604066163301468
1.5187451839447021 0.0 0.01735256053507328
1.5957270860671997 0.0 0.0
1.4913097620010376 0.0 0.0
1.3956786394119263 0.0 0.0
1.2992671728134155 0.0 0.07051005214452744
1.164084553718567 0.04799517244100571 0.157130166888237
0.9725287556648254 0.0449913926422596 0.20755445957183838
0.8151271343231201 0.044439319521188736 0.15363290905952454
0.762234091758728 0.09146755188703537 0.11479762196540833
0.7372637987136841 0.12004939466714859 0.1605784296989441
0.674671471118927 0.16348181664943695 0.2348760962486267
0.5622991323471069 0.2241523563861847 0.2745462954044342
0.36295995116233826 0.2724437415599823 0.2588235139846802
0.11992145329713821 0.2762147784233093 0.23076844215393066
0.0 0.2574986219406128 0.22231556475162506
0.0 0.19405438005924225 0.21514767408370972
0.0 0.1489121913909912 0.168110653758049
0.0 0.12204650789499283 0.09810386598110199
0.0 0.10060592740774155 0.013940252363681793
0.0 0.09073145687580109 0.0
0.0 0.08382667601108551 0.0
0.0 0.1085250973701477 0.0
0.0 0.14770126342773438 0.0
0.0 0.19108575582504272 0.0
0.0 0.2516021132469177 0.0
0.0 0.31190699338912964 0.0
0.0 0.33996233344078064 0.0475059375166893
0.0 0.3382216989994049 0.13474763929843903
0.0 0.3517918288707733 0.13080455362796783
0.0 0.32649126648902893 0.05207991600036621
0.0 0.2034928798675537 0.0
0.0 0.05903983488678932 0.0
0.0 0.0 0.0
0.0 0.0 0.0
0.0 0.0 0.0
0.0 0.011839034967124462 0.0
0.0 0.03513583540916443 0.0
0.0 0.0 0.0
0.2615036368370056 0.0 0.0
0.4368040859699249 0.0 0.0
0.44653233885765076 0.093614861369133 0.0
0.5622847676277161 0.23062840104103088 0.0
0.8108293414115906 0.15146806836128235 0.0
1.2355595827102661 0.0 0.03998829051852226
1.5580053329467773 0.0 0.09587099403142929
1.5799331665039062 0.0 0.11797976493835449
1.4172673225402832 0.0 0.061975881457328796
1.1902464628219604 0.0 0.0
0.9377321600914001 0.07255461812019348 0.0
0.7729126214981079 0.1226462870836258 0.014582796953618526
0.6482811570167542 0.01845462992787361 0.08030401915311813
0.5325044989585876 0.0 0.11295144259929657
0.3727438449859619 0.0 0.08035861700773239
0.20889686048030853 0.0 0.03501563519239426
0.05231470614671707 0.0 0.013323654420673847
0.0 0.026363421231508255 0.023408513516187668
0.0 0.050845593214035034 0.032771654427051544
0.0 0.04023050144314766 0.04628267139196396
0.0 0.0 0.04990936443209648
0.0 0.0 0.03183555603027344
0.0 0.013348818756639957 0.0
0.0 0.011874758638441563 0.0
0.0 0.016748875379562378 0.0
0.0 0.1106729730963707 0.0
0.0 0.2564868927001953 0.0
0.0 0.343665212392807 0.002976740710437298
0.0 0.3213902711868286 0.08545909821987152
0.0 0.18960720300674438 0.08794675767421722
0.0 0.0 0.09965375065803528
0.0 0.0 0.024160057306289673
0.0 0.03216644749045372 0.0
0.0 0.01791054755449295 0.0
0.0 0.014370406977832317 0.0
0.0 0.0 0.0
0.0 0.0 0.0
0.022070255130529404 0.0 0.0
0.11281506717205048 0.0 0.0
0.1344899982213974 0.07997605204582214 0.0
0.19457171857357025 0.20004279911518097 0.0
0.3414303958415985 0.12628468871116638 0.0
0.45911523699760437 0.0 0.0
0.49469584226608276 0.0 0.0
0.528202474117279 0.0 0.0
0.6284233331680298 0.0 0.0
1.0089153051376343 0.0 0.027008309960365295
1.5340131521224976 0.0 0.10434677451848984
1.7020807266235352 0.0 0.14307738840579987
1.5188353061676025 0.0 0.1429884433746338
1.2868653535842896 0.0 0.13337042927742004
1.1344678401947021 0.28721553087234497 0.1672237366437912
0.9672724604606628 0.3871628940105438 0.25134286284446716
0.8080913424491882 0.2705525755882263 0.24937653541564941
0.5976584553718567 0.15972086787223816 0.1464935839176178
0.42353567481040955 0.08176589012145996 0.046216510236263275
0.25551098585128784 0.07700255513191223 0.0
0.07526504248380661 0.13583897054195404 0.0
0.0 0.20211893320083618 0.0
0.0 0.28869935870170593 0.0
0.0 0.32101601362228394 0.0
0.0 0.28193092346191406 0.0
0.0 0.24811439216136932 0.0
0.0 0.22292247414588928 0.0
0.0 0.29365602135658264 0.0
0.0 0.40995705127716064 0.0
0.0 0.47908473014831543 0.0
0.0 0.41720351576805115 0.0
0.0 0.222456693649292 0.0
0.0 0.0 0.0
0.0 0.0 0.0
0.0 0.0 0.0
0.0 0.0 0.0
0.0 0.0 0.0
0.0 0.16553083062171936 0.0
0.0 0.26312315464019775 0.0
0.0 0.24889282882213593 0.0
0.07899746298789978 0.1494474560022354 0.03872104361653328
0.20773333311080933 0.06616935133934021 0.06537662446498871
0.3190350830554962 0.0 0.018045326694846153
0.5906418561935425 0.0 0.0
0.9972841739654541 0.0 0.0
1.1930227279663086 0.0 0.0
1.201406717300415 0.0 0.0
1.1527459621429443 0.0 0.0
1.0467358827590942 0.0 0.04042093828320503
1.004392147064209 0.07502542436122894 0.12250568717718124
0.9910805821418762 0.014300558716058731 0.16277188062667847
0.9515368938446045 0.0 0.152421236038208
0.9263167977333069 0.0 0.11152227967977524
0.7791017293930054 0.0 0.1068822517991066
0.5337703227996826 0.0 0.10248271375894547
0.25570619106292725 0.034179456532001495 0.06575212627649307
0.01311512105166912 0.1613699048757553 0.012462008744478226
0.0 0.21923160552978516 0.0
0.0 0.18647977709770203 0.0
0.0 0.21442273259162903 0.0
0.0 0.24874289333820343 0.0
0.0 0.24143172800540924 0.0
0.0 0.21722304821014404 0.0
0.0 0.19827039539813995 0.0
0.0 0.1515098214149475 0.0
0.0 0.11739392578601837 0.0
0.0 0.06847396492958069 0.0
0.0 0.006800483912229538 0.0
0.0 0.025031685829162598 0.0
0.0 0.06121711805462837 0.0
0.0 0.0854465588927269 0.0
0.0 0.05841813609004021 0.0
0.0 0.02943602204322815 0.0
0.0 0.03256257250905037 0.0
0.0 0.03791925683617592 0.0
0.0 0.024045515805482864 0.0
0.0 0.0 0.0
0.0 0.0 0.0
0.0 0.0 0.0
0.0 0.0 0.0
0.0 0.0 0.0
0.0 0.01087511982768774 0.01601686328649521
0.0 0.06289491057395935 0.03647153824567795
0.0 0.08297114819288254 0.04658782109618187
0.0 0.10634331405162811 0.039410337805747986
0.0 0.1734483242034912 0.029556643217802048
0.0 0.14781272411346436 0.05942559242248535
0.0 0.0 0.08067575097084045
0.0 0.0 0.058483101427555084
0.0 0.0 0.02042359486222267
0.0 0.0 0.002167893573641777
0.0 0.0 0.01620567962527275
0.0 0.0338376946747303 0.04233395680785179
0.013570287264883518 0.04003593698143959 0.05373974144458771
0.06272424757480621 0.011273262090981007 0.04345434904098511
0.11189978569746017 0.0 0.029940135776996613
0.14204224944114685 0.0 0.007879042066633701
0.183762788772583 0.02926158532500267 0.003057388588786125
0.22532060742378235 0.047219812870025635 0.01207724865525961
0.28810784220695496 0.040655385702848434 0.028707891702651978
0.35398510098457336 0.018105603754520416 0.05386411398649216
0.3539174795150757 0.0 0.05153384432196617
0.3304121494293213 0.0 0.045778486877679825
0.2687690258026123 0.0 0.023865997791290283
0.16332995891571045 0.0 0.012340635992586613
0.04485097900032997 0.04434652999043465 0.022016700357198715
0.015045944601297379 0.07949759066104889 0.01969628781080246
0.0770224928855896 0.04752793908119202 0.007391949184238911
0.1920207142829895 0.0 0.024374928325414658
0.26660653948783875 0.0 0.019416123628616333
0.2484608292579651 0.0 0.01376596000045538
0.20675039291381836 0.0 0.02734435349702835
0.13294008374214172 0.0 0.06116197258234024
0.04220326244831085 0.08028960973024368 0.07765918970108032
0.0 0.11757625639438629 0.0868295207619667
0.006818374618887901 0.09092334657907486 0.09550157189369202
0.02288692817091942 0.056891947984695435 0.08486665785312653
0.031656984239816666 0.03039642423391342 0.05816047266125679
0.01592222973704338 0.00821442436426878 0.02801855280995369
0.06098504364490509 0.010339093394577503 0.00497262179851532
0.1025649830698967 0.0 0.0063974130898714066
0.11215262860059738 0.0 0.004273807629942894
0.11844088137149811 0.0 0.012824419885873795
0.12359010428190231 0.0 0.027759693562984467
0.13002616167068481 0.0 0.02025277353823185
0.10358443856239319 0.0 0.0
0.06833856552839279 0.0 0.0
0.04449767991900444 0.0 0.038711145520210266
0.014360284432768822 0.0 0.06842616200447083
0.019668763503432274 0.0 0.07497167587280273
0.036887429654598236 0.0 0.0525265596807003
0.1310163289308548 0.0 0.012453706935048103
0.2634638547897339 0.0 0.0
0.29240068793296814 0.0 0.0
0.2529827058315277 0.0 0.0
0.1794445812702179 0.0 0.0
0.15475814044475555 0.051541924476623535 0.025272566825151443
0.13860847055912018 0.11633716523647308 0.04882423207163811
0.15335306525230408 0.06629610061645508 0.06056078150868416
0.17027904093265533 0.0 0.06259410083293915
0.13825586438179016 0.0 0.06334617733955383
0.09442662447690964 0.012137525714933872 0.07475303113460541
0.051561713218688965 0.045096009969711304 0.09686632454395294
0.012109380215406418 0.0515616312623024 0.09435656666755676
0.0 0.028318360447883606 0.07153940200805664
0.003914834465831518 0.0 0.051339320838451385
0.02218545228242874 0.0 0.038698628544807434
0.013797825202345848 0.0 0.022559337317943573
0.0 0.009489544667303562 0.0
0.0 0.033965062350034714 0.0
0.0 0.025437887758016586 0.0
0.0 0.009531623683869839 0.0
0.0 0.013894413597881794 0.0
0.0 0.023434922099113464 0.0
0.0 0.0 0.0
0.0006343524437397718 0.007446900941431522 0.0
0.0 0.0 0.0
0.0 0.0 0.0
0.0 0.0 0.0
0.0 0.0 0.0
0.0 0.0 0.0
0.0 0.0 0.0
0.0 0.0 0.0
0.0 0.0 0.0
0.0 0.0 0.2104932814836502
0.0 0.0 0.49786674976348877
0.5307897329330444 0.0 0.8363451957702637
1.4274816513061523 0.0 1.1959651708602905
1.5428881645202637 0.0 1.5475860834121704
2.1583635807037354 0.0 2.205394744873047
2.8307836055755615 0.0 3.090265989303589
3.3295905590057373 0.0 3.7133965492248535
3.529275417327881 0.0 3.958921432495117
3.4391183853149414 0.0 4.072640419006348
3.285902738571167 0.0 4.040419578552246
3.0528156757354736 0.0 3.880242109298706
3.1135573387145996 0.0 3.875324249267578
3.8429667949676514 0.0 4.024428367614746
4.5471014976501465 0.0 4.158720016479492
5.212112903594971 0.0 3.9259135723114014
5.293050765991211 0.0 3.214332342147827
5.258538246154785 0.0 2.395371437072754
4.930875778198242 0.4886603057384491 1.7409733533859253
4.881758213043213 0.8036073446273804 0.8505281209945679
4.74263334274292 1.3316158056259155 0.0
4.627099990844727 1.905701756477356 0.0
4.651244163513184 2.125129461288452 0.0
4.678286552429199 2.3031628131866455 0.0
4.558839321136475 2.249237537384033 0.0
4.646870136260986 2.1476433277130127 0.0
4.8529486656188965 1.9739189147949219 0.0
4.60683012008667 2.4486804008483887 0.0
4.4967732429504395 2.6746156215667725 0.0
4.386998653411865 2.263401985168457 0.0
3.6386680603027344 2.2573578357696533 0.0
2.9512224197387695 1.9025821685791016 0.0
2.390516757965088 1.6992915868759155 0.0
1.9842886924743652 1.356011986732483 0.0
1.6935244798660278 0.4240432381629944 0.0
1.0382452011108398 0.0 0.0
0.4229884445667267 0.0 0.0
0.24580645561218262 0.0 0.0
0.0 0.0 0.0
0.0 0.0 0.0
0.0 0.0 0.0
0.0 0.0 0.0
0.0 0.0 0.0
0.0 0.0 0.0
0.0 0.0 0.0
0.0 0.0 0.0
0.0 0.0 0.0
0.0 0.0 0.0
0.0 0.0 0.0
0.0 0.0 0.0
0.0 0.0 0.0
0.0 0.0 0.0
0.0 0.0 0.0
0.0 0.0 0.0
0.0 0.0 0.0
0.0 0.0 0.0
0.0 0.0 0.0
0.0 0.0 0.0
0.0 0.0 0.0
0.0 0.0 0.0
0.0 0.0 0.15177401900291443
0.0 0.0 0.47297921776771545
0.0 0.0 0.4474557340145111
0.0 0.0 0.3330724239349365
0.06548423320055008 0.0 0.16786058247089386
0.040483009070158005 0.0 0.14708925783634186
0.0 0.0 0.2955724596977234
0.0 0.25174495577812195 0.39964693784713745
0.0 0.3390132784843445 0.4151974022388458
0.0 0.22789770364761353 0.1774652749300003
0.0 0.2657923400402069 0.0
0.0 0.22212210297584534 0.007761458866298199
0.0 0.4236527979373932 0.10193802416324615
0.0 0.5422380566596985 0.1802264302968979
0.0 0.5655154585838318 0.16933010518550873
0.0 0.3116847276687622 0.060292575508356094
0.0 0.10582637786865234 0.0
0.0 0.13974785804748535 0.0
0.0 0.37469297647476196 0.0
0.0 0.2969936728477478 0.0
0.03570982441306114 0.11360760033130646 0.0
0.2640354037284851 0.0 0.0
0.21564896404743195 0.0 0.0
0.015621600672602654 0.1640489399433136 0.0
0.0 0.13510410487651825 0.0
0.08785611391067505 0.0401349812746048 0.0
0.17356570065021515 0.018837682902812958 0.0
0.18251125514507294 0.0 0.0
0.1025378555059433 0.0 0.0
0.04104147478938103 0.0 0.0
0.07928499579429626 0.0 0.0
0.1287156641483307 0.0 0.0
0.0561719574034214 0.0 0.0
0.0 0.08398739248514175 0.0
0.0 0.048972152173519135 0.0
0.05337510630488396 0.0 0.0
0.024850785732269287 0.0 0.0
0.0 0.009815426543354988 0.0
0.0 0.032068267464637756 0.0
0.0 0.010639674961566925 0.0
0.0 0.0 0.008240294642746449
0.015973137691617012 0.0 0.013947715051472187
0.022177375853061676 0.0 0.03323587775230408
0.01004534400999546 0.0 0.07593993097543716
0.05793217569589615 0.0 0.08377202600240707
0.07844384759664536 0.0 0.0637410581111908
0.05108891800045967 0.0 0.02718704380095005
0.05239732936024666 0.0018666889518499374 0.008067144080996513
0.013055249117314816 0.0 0.0
0.04102270305156708 0.0 0.0
0.0425441674888134 0.0 0.0
0.0 0.0 0.0
0.0 0.020488576963543892 0.0
0.0 0.0 0.0
0.01151434425264597 0.0 0.0
0.0018494664691388607 0.0 0.0
0.020832479000091553 0.0 0.0
0.0 0.0 0.0
0.0 0.0 0.0
0.013418237678706646 0.025506237521767616 0.0
0.004751246888190508 0.011662594974040985 0.0
0.03357330709695816 0.0 0.0
0.013333549723029137 0.012724664062261581 0.0
0.0 0.004211869090795517 0.0
0.0 0.043500952422618866 0.0
0.0 0.08068320900201797 0.006552072241902351
0.05558620020747185 0.0007931692525744438 0.009163834154605865
0.0365975946187973 0.0 0.0
0.027100495994091034 0.0 0.0
0.008820024318993092 0.009455898776650429 0.0
0.0 0.08915472030639648 0.017229750752449036
0.0 0.08912542462348938 0.027858426794409752
0.0 0.025463363155722618 0.0
0.0069289132952690125 0.004236370325088501 0.0
0.010879180394113064 0.046613387763500214 0.004592518322169781
0.0 0.133738175034523 0.02610180340707302
0.004462826531380415 0.2828997075557709 0.0
0.04167916998267174 0.27254346013069153 0.0
0.0 0.08498340845108032 0.0178579892963171
0.0 0.28071802854537964 0.02104978822171688
0.054728928953409195 0.11708249896764755 0.0
0.20599886775016785 0.02782238833606243 0.0
0.4339769184589386 0.0 0.0
0.3809317946434021 0.0 0.0
