0.0 0.0 0.995962917804718
0.0 0.0 1.3691946268081665
0.0 0.0 1.856627345085144
0.0 0.05130236595869064 2.033783197402954
0.0 1.4626094102859497 1.9846068620681763
0.738743782043457 1.3707671165466309 1.362604022026062
0.42075803875923157 0.0 0.0
0.0 0.0 0.0
0.0 0.12982353568077087 0.0
0.0 0.8054765462875366 0.0
0.0 1.1372922658920288 0.0
0.0 0.8988426923751831 0.0
0.0 0.40928685665130615 0.0
0.0 0.3406103253364563 0.0
0.0 0.5001108050346375 0.0
0.0 0.0 0.4467136263847351
0.0 0.42549219727516174 0.25909313559532166
0.0 0.5056765079498291 0.0
0.0 0.11987050622701645 0.0
0.0 0.0 0.0
0.13147537410259247 0.2545641362667084 0.0
1.5332690477371216 0.014109990559518337 0.0
1.6662864685058594 0.14747309684753418 0.0
0.5723667740821838 0.35977017879486084 0.0
0.0 0.4136027991771698 0.6438344120979309
0.0 0.9342590570449829 1.5789515972137451
0.0 0.952786922454834 1.5714962482452393
0.0 0.6929587721824646 0.7119458317756653
0.0 0.013619969598948956 0.22431093454360962
0.053269244730472565 0.01759153977036476 0.24886848032474518
0.3790785074234009 0.0 0.30185896158218384
0.42543721199035645 0.0 0.4352186322212219
0.3538312017917633 0.0 0.5586233735084534
0.31873899698257446 0.0 0.5650895237922668
0.21240511536598206 0.0 0.42302241921424866
0.015139704570174217 0.0 0.2076166421175003
0.0 0.0 0.12020102888345718
0.0 0.0 0.08439509570598602
0.08118344098329544 0.0 0.0913105309009552
0.11072002351284027 0.0 0.1258048564195633
0.0 0.0 0.10388171672821045
0.0 0.045775242149829865 0.043862856924533844
0.3343754708766937 0.0 0.0
0.5629745721817017 0.0 0.038273148238658905
0.2849239110946655 0.0 0.08248813450336456
0.032763827592134476 0.0 0.035729411989450455
0.0 0.012850625440478325 0.0
0.0194296482950449 0.0 0.0
0.024479001760482788 0.0 0.0023432252928614616
0.0986432433128357 0.0 0.04997172951698303
0.12344499677419662 0.0 0.03985677659511566
0.048050906509160995 0.0 0.012610244564712048
0.028860701248049736 0.0 0.0015392173081636429
0.06506264954805374 0.0 0.0
0.11187941581010818 0.0 0.008450386114418507
0.14914876222610474 0.0 0.0206599161028862
0.09161888808012009 0.0 0.023566219955682755
0.06917563080787659 0.0 0.023269809782505035
0.074394091963768 0.0 0.027436591684818268
0.08520972728729248 0.0 0.01693734899163246
0.08851657062768936 0.0 0.010646696202456951
0.08094866573810577 0.0 0.021278299391269684
0.0894571989774704 0.0 0.02239363268017769
0.07757524400949478 0.0 0.03615951165556908
0.07204039394855499 0.0 0.057511668652296066
0.06979268789291382 0.0 0.07034678012132645
0.052673354744911194 0.0 0.06789454072713852
0.09867919236421585 0.0 0.05332518368959427
0.08826969563961029 0.0 0.03959179297089577
0.03940601646900177 0.0 0.022117994725704193
0.038347676396369934 0.0 0.01885082945227623
0.02237936668097973 0.0 0.013315449468791485
0.030039150267839432 0.0 0.0
0.0 0.0 0.0
0.0 0.0 0.0
0.0 0.0 0.0
0.004730330780148506 0.0 0.0
0.03545202314853668 0.0 0.0
0.026733899489045143 0.0 0.005901474505662918
0.022489087656140327 0.0 0.004818366840481758
0.030940629541873932 0.0 0.01454502996057272
0.02456076070666313 0.0 0.010163332335650921
0.026860667392611504 0.0 0.0
0.011999161913990974 0.0 0.0
0.015122251585125923 0.0 0.0
0.015072450041770935 0.0 0.0004917960613965988
0.006559656001627445 0.0 0.0015509352087974548
0.0 0.0 0.013278431259095669
0.0 0.0 0.0
0.0 0.0 0.0
0.0 0.007353329099714756 0.015360490418970585
0.0 0.0 0.015411091037094593
0.010824974626302719 0.0 0.0015866216272115707
0.019452285021543503 0.0 0.0
0.0022255294024944305 0.0 0.005773509852588177
0.0 0.0 0.005741551518440247
0.019381346181035042 0.0 0.0006618378683924675
0.0364207848906517 0.0 0.002940971404314041
0.04703880846500397 0.0 0.007299501448869705
0.012825708836317062 0.0 0.015552636235952377
0.0 0.0 0.010066259652376175
0.015181008726358414 0.0 0.0
0.023489538580179214 0.0 0.011275600641965866
0.016153063625097275 0.0 0.0016634529456496239
0.015073683112859726 0.0 0.0038099614903330803
0.01708676666021347 0.0 0.011211683973670006
0.018266547471284866 0.0 0.00163975078612566
0.02888377197086811 0.0 0.009272104129195213
0.0351581797003746 0.0 0.019976414740085602
0.015006305649876595 0.0 0.009123234078288078
0.0 0.0 0.0
0.0 0.0 0.0
0.015062764286994934 0.0 0.004878154955804348
0.017215929925441742 0.0 0.003848576918244362
0.0 0.012849593535065651 0.0
0.0 0.0032257288694381714 0.004631812684237957
0.0 0.0 0.01754734478890896
0.0 0.006400749087333679 0.006810544058680534
0.022646648809313774 0.0 0.0
0.024716457352042198 0.0 0.0
0.02677454799413681 0.0 0.007121335715055466
0.004331557080149651 0.0 0.007917353883385658
0.026883471757173538 0.0 0.0
0.013073649257421494 0.0 0.0
0.026930876076221466 0.0 0.0
0.009852556511759758 0.0053389472886919975 0.0
0.0 0.0 0.00037421658635139465
0.0 0.014911146834492683 0.011004490777850151
0.0 0.010622924193739891 0.013265514746308327
0.006508424878120422 0.0 0.005847278982400894
0.023857587948441505 0.0 0.0
0.02046099118888378 0.0 0.0
0.005434106104075909 0.0 0.009096601977944374
0.010763357393443584 0.0 0.00913601741194725
0.0 0.0 0.004686141386628151
0.004528897348791361 0.0 0.0
0.005483374465256929 0.0 0.0015603890642523766
0.0 0.010668996721506119 0.0015047285705804825
0.0022875810973346233 0.0074441758915781975 0.0048161037266254425
0.0065164146944880486 0.0 0.005864589475095272
0.010808631777763367 0.0 0.004866703413426876
0.0054381005465984344 0.0 0.005829702131450176
0.014003092423081398 0.0 0.002699955366551876
0.014008153229951859 0.0 0.003802770748734474
0.01821889914572239 0.0 0.009202304296195507
0.01610807701945305 0.0 0.007048073224723339
0.009806772693991661 0.0 0.0
0.0 0.0 0.0
0.0 0.0 0.0
0.004496162757277489 0.0 0.0
0.014086471870541573 0.002176681999117136 0.0
0.0 0.0 0.01222871895879507
0.0 0.009623413905501366 0.007926649414002895
0.020473532378673553 0.0 0.0
0.02699880860745907 0.0 0.0
0.018312375992536545 0.0 0.0
0.0 0.011777378618717194 0.007795088924467564
0.0 0.004304814618080854 0.004779325798153877
0.019449811428785324 0.0 0.0
0.006587010342627764 0.00430587911978364 0.0005811182782053947
0.0 0.012842109426856041 0.0056941211223602295
0.0 0.004384442698210478 0.0
0.00245857797563076 0.0 0.0
0.005672747269272804 0.004363936837762594 0.0
0.01407049223780632 0.0 0.0
0.006539872381836176 0.0 0.003754541277885437
0.0 0.013880476355552673 0.008966081775724888
0.0 0.0011036950163543224 0.009020409546792507
0.005549442954361439 0.002193726133555174 0.0
0.0 0.006499791983515024 0.0
0.0 0.005469681229442358 0.0
0.0 0.012856490910053253 0.003525775857269764
0.0 0.005350637715309858 0.012206881307065487
0.010852063074707985 0.0 0.0
0.0 0.0 0.0
0.00012298580259084702 0.0 0.004751894623041153
0.016102751716971397 0.0 0.004852828569710255
0.022531356662511826 0.0 0.006064566783607006
0.024511151015758514 0.0 0.02103712409734726
0.010711448267102242 0.0 0.012321929447352886
0.0 0.0001066070981323719 0.00030095409601926804
0.0 0.004432379733771086 0.0
0.01317167654633522 0.0 0.0
0.0 0.010741675272583961 0.0
0.0 0.007544283289462328 0.0003464939072728157
0.0 0.0 0.0
0.0012202081270515919 0.005367681849747896 0.003735898993909359
0.009652309119701385 0.0 0.012328588403761387
0.009846985340118408 0.0 0.0
0.002419163240119815 0.0 0.0
0.0 0.0 0.0014493092894554138
0.003351003397256136 0.0 0.002657851204276085
0.010820903815329075 0.0 0.002732420340180397
0.0 0.02776300348341465 0.0
0.0 0.030083123594522476 0.0
0.0 0.011085199192166328 0.0
0.0 0.017483709380030632 0.0
0.0 0.019533012062311172 0.0
0.0 0.006681395694613457 0.0
0.0 0.005491495132446289 0.0
0.0 0.004226760007441044 0.028051434084773064
0.005161135457456112 0.0009518712759017944 0.035806022584438324
0.038438133895397186 0.0 0.01472391001880169
0.03838300704956055 0.0 0.017880022525787354
0.04154551029205322 0.0 0.02219514362514019
0.009620864875614643 0.0 0.01442590169608593
0.0 0.0 0.0
0.0 0.0 0.0
0.008494880050420761 0.0 0.021930690854787827
0.014992993324995041 0.0 0.01346636563539505
0.01300174742937088 0.0 0.0
0.016101134940981865 0.0 0.00483106542378664
0.036317456513643265 0.0 0.011456478387117386
0.04481720179319382 0.0 0.015828322619199753
0.050274550914764404 0.0 0.004134914837777615
0.01944366842508316 0.0 0.0
0.0 0.005480043590068817 0.0
0.0 0.016221903264522552 0.0
0.0 0.011894000694155693 0.0
0.0 0.018210485577583313 0.0
0.0 0.0075032468885183334 0.0
0.006419745273888111 0.0 0.015486372634768486
0.005344627425074577 0.0 0.015458410605788231
0.011766040697693825 0.0 0.013379013165831566
0.03406788408756256 0.0 0.023195693269371986
0.045704834163188934 0.0 0.032919690012931824
0.02780759148299694 0.0 0.011430112645030022
0.0024321943055838346 0.0 0.0
0.0 0.008593011647462845 0.0
0.0 0.014990191906690598 0.0
0.0 0.006496305577456951 0.0
0.0 0.023533079773187637 0.0
0.0025336607359349728 0.0 0.0
0.030189523473381996 0.0 0.0
0.01913793757557869 0.0 0.024159757420420647
0.030664363875985146 0.0 0.04565466195344925
0.02762143686413765 0.0 0.027404552325606346
0.050167493522167206 0.0 0.01700517348945141
0.03615900129079819 0.0 0.029674628749489784
0.04273194819688797 0.03921004384756088 0.020280595868825912
0.03411608934402466 0.015822162851691246 0.024391984567046165
0.0 0.00832989253103733 0.06130712479352951
0.0 0.014772344380617142 0.04318990558385849
0.0 0.003203839994966984 0.04357020556926727
0.0 0.0 0.03072645515203476
0.0 0.0 0.01078444067388773
0.0 0.0 0.002127569168806076
0.048686519265174866 0.0 0.0
0.2095222771167755 0.03756696730852127 0.09459012746810913
0.18958663940429688 0.06921570748090744 0.1703440099954605
0.09297222644090652 0.0 0.1071181669831276
0.03164681792259216 0.0 0.0
0.00117359752766788 0.0152968131005764 0.0
0.0 0.0 0.0
0.0 0.048297375440597534 0.0
0.0 0.06602976471185684 0.01090880949050188
0.027376173064112663 0.018257183954119682 0.0
0.012569796293973923 0.0 0.0
0.0 0.0 0.0
0.0 0.014117032289505005 0.0
0.0 0.032900840044021606 0.039962299168109894
0.05600195750594139 0.02623921073973179 0.07699514925479889
0.07128983736038208 0.0 0.037499941885471344
0.02988833375275135 0.0 0.00807360839098692
0.0 0.0 0.0
0.0 0.0 0.0
0.0 0.0 0.04100865498185158
0.04127014800906181 0.0 0.052184078842401505
0.059763405472040176 0.0 0.016005035489797592
0.057648323476314545 0.0 0.009474164806306362
0.024664543569087982 0.0 0.0017115836963057518
0.0 0.0 0.0014434028416872025
0.0054319920018315315 0.0 0.006926585920155048
0.01284862868487835 0.0 0.011253156699240208
0.008663738146424294 0.008521465584635735 0.007024324499070644
0.03209689259529114 0.008458614349365234 0.011531458236277103
0.02254546619951725 0.0 0.004998723044991493
0.005538518540561199 0.0011178776621818542 0.0
0.0 0.0 0.0
0.004453813191503286 0.0 0.0
0.005536654032766819 0.0 0.0
0.0054413131438195705 0.0 0.00585492979735136
0.0 0.0 0.0
0.0 0.0 0.0
0.0 0.011785967275500298 0.00036988314241170883
0.008607279509305954 0.0 0.0112694026902318
0.00863630697131157 0.0 0.005873039364814758
0.0 0.0 0.008756975643336773
0.0 0.0033562639728188515 0.0031100092455744743
0.0 0.025672221556305885 0.0
0.002524619223549962 0.00969325564801693 0.0
0.014228679239749908 0.008594702929258347 0.0
0.007673041895031929 0.00855155847966671 0.0
0.0 0.0 0.019614489749073982
0.0 0.0011607902124524117 0.006660874933004379
0.0 0.0 0.0
0.01727374643087387 0.0 0.0
0.028969017788767815 0.0 0.0018389541655778885
0.011826248839497566 0.0 0.008070752024650574
0.004465804900974035 0.0 0.0
0.0036061364226043224 0.0 0.0
0.0 0.0097284447401762 0.0
0.0 0.0 0.0014056582003831863
0.0 0.0 0.00792800635099411
0.0 0.011808374896645546 0.0
0.00667463056743145 0.0 0.0
0.007920723408460617 0.0 0.0
0.0 0.0 0.0
0.0 0.0 0.0
0.004742773715406656 0.0 0.0
0.0 0.0 0.0
0.0 0.0 0.0
0.0 0.0012790346518158913 0.0
0.0 0.024638686329126358 0.00419585220515728
0.0 0.002251087687909603 0.004432074725627899
0.0 0.0 0.020736213773489
0.004100419115275145 0.0 0.032554253935813904
0.0 0.0 0.02175913378596306
0.0 0.0 0.0076877884566783905
0.0 0.0 0.0
0.0 0.01922580972313881 0.0078092291951179504
0.0 0.004209310747683048 0.031484730541706085
0.01805458404123783 0.0 0.026318198069930077
0.0021102388855069876 0.004242866300046444 0.020834749564528465
0.0 0.0 0.03641770780086517
0.0 0.0 0.02254263497889042
0.0 0.00013227714225649834 0.00019498541951179504
0.0 0.0 0.0
0.004607218783348799 0.0 0.0
0.0 0.0033970465883612633 0.0
0.0 0.0 0.0
0.005354501772671938 0.0 0.013316646218299866
0.014818310737609863 0.0 0.02730250172317028
0.017036456614732742 0.0 0.01767890341579914
0.023431239649653435 0.0 0.01772550866007805
0.0 0.0 0.013982169330120087
0.09691664576530457 0.0 0.0
0.16517159342765808 0.0 0.02856217883527279
0.1299382448196411 0.0 0.03253880888223648
0.11078878492116928 0.0 0.0313827320933342
0.05131746456027031 0.0 0.0
0.006630155723541975 0.0 0.0
0.011939167976379395 0.0 0.0
0.05697508528828621 0.0 0.0
0.09041666239500046 0.0 0.0
0.10980340838432312 0.0022587073035538197 0.0
0.00883897952735424 0.0 0.0
0.0 0.00541854789480567 0.010819108225405216
0.0 0.0 0.0
0.0 0.0 0.0
0.038835495710372925 0.0 0.0
0.04950092360377312 0.0 0.0
0.0003863726742565632 0.0 0.0
0.012287506833672523 0.0 0.0
0.023005397990345955 0.0 0.0
0.0 0.0 0.0
0.005112684331834316 0.0 0.0
0.04472268000245094 0.004518932197242975 0.0
0.10472529381513596 0.006613774690777063 0.0
0.0653802827000618 0.0 0.0
0.0 0.0 0.0
0.0 0.011654073372483253 0.0
0.0 0.0 0.0
0.0 0.0 0.0
0.0 0.0 0.0
0.0 0.0 0.0
0.0 0.0 0.0
0.0 0.0 0.0
0.0 0.0 0.0
0.0 0.0 0.0
0.0 0.0 0.0
0.0 0.0 0.0
0.07098864018917084 0.0 0.5872949361801147
1.0331897735595703 0.0 2.017064094543457
2.7637851238250732 0.0 2.6552512645721436
4.779506683349609 0.0 2.739374876022339
6.241231918334961 0.0 2.6442620754241943
7.5273332595825195 0.0 2.6967451572418213
8.426630020141602 0.0 1.8554807901382446
8.918169975280762 0.0 1.5247820615768433
9.010652542114258 0.0 1.1683682203292847
9.091039657592773 0.0 0.5926971435546875
9.58676815032959 0.0 0.0
7.970836162567139 0.0 0.0
3.794074296951294 0.0 0.0
0.0 0.0 0.0
0.0 0.0 0.0
0.0 0.0 0.0
0.0 0.0 0.0
0.0 0.0 0.0
0.0 0.5615960359573364 0.0
0.0 1.0346972942352295 0.0
0.0 0.8867901563644409 0.0
0.0 0.6693171262741089 0.0
0.0 0.9879451394081116 0.0
0.0 1.3980480432510376 0.0
0.0 1.8216935396194458 0.0
0.0 2.0800278186798096 0.0
0.0 2.2567317485809326 0.0
0.0 1.6053192615509033 0.0
0.0 0.9381938576698303 0.0
0.0 0.6205338835716248 0.0
0.0 0.7112496495246887 0.3974502384662628
0.0 1.5126638412475586 0.5939552783966064
0.0 1.6281731128692627 0.6905340552330017
0.0 0.3259775936603546 0.7191963195800781
0.0 0.0 0.49885326623916626
0.0 0.0 0.0697285458445549
0.0 0.6169117093086243 0.21470730006694794
0.0 0.6185458302497864 0.21185585856437683
0.0 0.0 0.0
0.0 0.0 0.5607640743255615
0.0 0.027306746691465378 0.7667169570922852
0.0 0.0 0.6026691794395447
0.0 0.0 0.5909400582313538
0.0 0.0 0.6623780131340027
0.0 0.0 0.6649684906005859
0.0 0.0 1.042284607887268
0.3625243604183197 0.0 1.221163272857666
0.3585578501224518 0.0 1.0436854362487793
0.10794851928949356 0.0 0.5420622825622559
0.0 0.0 0.312752902507782
0.0 0.006529293954372406 0.3199322521686554
0.21635755896568298 0.0 0.07255362719297409
0.4773918092250824 0.0 0.0
0.36602720618247986 0.0 0.0
0.2841549813747406 0.0 0.0
0.008511947467923164 0.06680967658758163 0.34373345971107483
0.0 0.44329649209976196 0.0
0.020683392882347107 0.1770099401473999 0.0
0.2989403307437897 0.0 0.3719927966594696
0.3348514437675476 0.0 0.440219521522522
0.20427745580673218 0.0 0.0
0.22216299176216125 0.0 0.0
0.1001633033156395 0.0 0.0
0.0 0.02731633186340332 0.0
0.0 0.7809773087501526 0.11658713221549988
0.0 0.5121583938598633 0.24814355373382568
0.0 0.27910488843917847 0.15942248702049255
0.1541362702846527 0.22977861762046814 0.0
0.3114752769470215 0.0 0.0
0.2031956911087036 0.0 0.0
0.0 0.016260486096143723 0.0
0.0 0.0 0.0
0.0 0.0 0.013815748505294323
0.0 0.0 0.019637949764728546
0.0 0.02570085972547531 0.03357666730880737
0.0 0.2192104011774063 0.06765394657850266
0.0 0.13208721578121185 0.0021114209666848183
0.0 0.0 0.0
0.04110318049788475 0.0 0.0
0.05477957800030708 0.0 0.0
0.0 0.0 0.0
0.0 0.02166137471795082 0.0
0.0 0.09079544246196747 0.0
0.0 0.04722559079527855 0.0
0.0 0.0749586895108223 0.0
0.0 0.08327999711036682 0.0
0.0 0.024518948048353195 0.011106248013675213
0.016772007569670677 0.0 0.03676154091954231
0.029996199533343315 0.0 0.0
0.0 0.0 0.0
0.0 0.0 0.022231068462133408
0.0 0.0 0.0
0.0 0.05636928975582123 0.032392892986536026
0.0 0.06805124878883362 0.050313305109739304
0.0 0.024500839412212372 0.015389676205813885
0.035414665937423706 0.0 0.0
0.07975336909294128 0.0 0.024332836270332336
0.057078950107097626 0.0 0.0584748238325119
0.0 0.006260581314563751 0.06333562731742859
0.0 0.039384178817272186 0.030115891247987747
0.0 0.013841268606483936 0.021785523742437363
0.03832443803548813 0.0 0.01995966210961342
0.004682587925344706 0.02034178003668785 0.0
0.0 0.06398672610521317 0.0
0.025524752214550972 0.0 0.017660818994045258
0.09114290773868561 0.0 0.0
0.0049041626043617725 0.0661124661564827 0.0
0.012019064277410507 0.040466487407684326 0.0
0.07474716007709503 0.0 0.006431867368519306
0.05926620587706566 0.003290889784693718 0.0
0.0 0.09601177275180817 0.0
0.0 0.07677043229341507 0.0
0.0 0.04379836842417717 0.0
0.0 0.044967763125896454 0.0
0.0 0.0 0.0
0.0 0.0 0.0
0.0 0.0 0.0
0.0 0.009032665751874447 0.0
0.0 0.06011155992746353 0.0
0.0 0.07832545787096024 0.0
0.0 0.04338664561510086 0.0
0.0 0.04559999704360962 0.0
0.0 0.005232600495219231 0.0
0.0 0.0 0.0
0.0 0.0 0.03433859720826149
0.0 0.0 0.054534949362277985
0.0 0.0 0.08680633455514908
0.05944596603512764 0.0 0.1276693493127823
0.819067120552063 0.0 0.1403353363275528
1.6893655061721802 0.0 0.10006728023290634
1.9124928712844849 0.17796096205711365 0.04475448653101921
1.8810350894927979 0.46086642146110535 0.03253750130534172
2.329319953918457 0.6930956840515137 0.0
2.889293670654297 0.7237553000450134 0.0
3.108534336090088 0.724163830280304 0.055267319083213806
2.4974164962768555 0.679314374923706 0.42613300681114197
1.5674375295639038 0.5959795117378235 0.45396435260772705
0.6973971724510193 0.8814107179641724 0.20689599215984344
0.06909620016813278 0.6415539383888245 0.14108501374721527
0.0 0.3385674059391022 0.06870802491903305
0.0 0.032104164361953735 0.015577162615954876
0.0 0.0 0.0
0.0 0.0 0.0
0.0 0.0 0.008837235160171986
0.0 0.0 0.1206042468547821
0.0 0.0 0.1690218448638916
0.0 0.0 0.1335994005203247
0.0 0.0 0.07781443744897842
0.0 0.0 0.15383224189281464
0.0 0.0 0.33158066868782043
0.0 0.0 0.4390530586242676
0.0 0.0 0.46033117175102234
0.0 0.0 0.39714956283569336
0.0 0.0 0.23315848410129547
0.0 0.0 0.1339794397354126
0.1444074511528015 0.0 0.08407952636480331
0.4247371256351471 0.1638648509979248 0.04480402171611786
0.5564613342285156 0.23496459424495697 0.011095861904323101
0.8439959287643433 0.3121320903301239 0.0
1.1895709037780762 0.4534820318222046 0.0
1.6230839490890503 0.7669488787651062 0.0
2.044227123260498 1.0394387245178223 0.0
2.1791391372680664 1.062597393989563 0.0
2.102267265319824 0.8819881081581116 0.16965195536613464
1.7521135807037354 0.8376176953315735 0.2771152853965759
1.2884836196899414 0.8351731896400452 0.3205503821372986
0.9271131753921509 0.5933829545974731 0.34713804721832275
0.6642258763313293 0.3090071380138397 0.33824869990348816
0.3881692588329315 0.1949242353439331 0.2859788239002228
0.143658846616745 0.09481202065944672 0.17744861543178558
0.0 0.20004042983055115 0.0027697542682290077
0.0 0.1963513195514679 0.0
0.0 0.019897736608982086 0.0
0.0 0.0 0.0
0.0 0.0 0.0
0.0 0.0 0.0
0.0 0.0 0.0
0.0 0.0 0.0
0.0 0.0 0.0
0.0 0.0 0.0
0.0 0.0 0.03262024372816086
0.0 0.0 0.0
0.0 0.0 0.0
0.0 0.0 0.0
0.0 0.0 0.0
0.0 0.0 0.0
0.0 0.06269047409296036 0.0
0.0 0.1968538761138916 0.0
0.0 0.036010127514600754 0.0
0.0 0.0 0.0
0.0 0.0 0.0
0.0 0.0 0.0
0.02456853911280632 0.048161331564188004 0.0
0.1782478541135788 0.09992413222789764 0.0
0.6818053126335144 0.0 0.0
0.9017099738121033 0.02089482545852661 0.0
0.823281466960907 0.30707547068595886 0.0
0.7663148641586304 0.4402500092983246 0.0
0.8919710516929626 0.6744475960731506 0.0
1.016656756401062 0.7219514846801758 0.0
1.218794584274292 0.4436032176017761 0.0
1.3164926767349243 0.29408296942710876 0.004989413544535637
1.1981399059295654 0.2525235414505005 0.09234268963336945
0.9167365431785583 0.26170292496681213 0.05964866653084755
0.6096006035804749 0.4572276771068573 0.0
0.38455307483673096 0.36102789640426636 0.0
0.20282137393951416 0.18488988280296326 0.0
0.0 0.06292243301868439 0.0
0.0 0.030248645693063736 0.02155374363064766
0.0 0.01342678815126419 0.0
0.0 0.0 0.0
0.0 0.0 0.0
0.0 0.0 0.013444949872791767
0.0 0.0 0.03593854233622551
0.0 0.0 0.014177053235471249
0.0 0.0 0.0
0.0 0.0 0.0
0.0 0.0 0.03665599599480629
0.0 0.0 0.1885073035955429
0.0 0.0 0.3280481696128845
0.0 0.0 0.2527227997779846
0.0 0.0 0.0
0.0 0.0 0.0
0.0 0.0 0.0021075010299682617
0.0 0.0 0.14977684617042542
0.11886482685804367 0.0 0.15701532363891602
0.12911081314086914 0.13045580685138702 0.039607737213373184
0.20818671584129333 0.24442313611507416 0.0
0.4721616506576538 0.23022794723510742 0.0
0.8549175262451172 0.22614984214305878 0.0
1.2145060300827026 0.32636168599128723 0.0
1.4408411979675293 0.48784804344177246 0.0
1.5241854190826416 0.7250624299049377 0.0
1.478600263595581 0.8183761835098267 0.0
1.4624508619308472 0.44355353713035583 0.05180474743247032
1.582008719444275 0.18792496621608734 0.11520103365182877
1.3835512399673462 0.020056329667568207 0.18959324061870575
1.0059547424316406 0.022996725514531136 0.16980621218681335
0.5054716467857361 0.3420908451080322 0.10815218091011047
0.20634247362613678 0.5405921936035156 0.0630749836564064
0.08664004504680634 0.3675679862499237 0.05384020134806633
0.0 0.09265143424272537 0.0
0.0 0.0 0.0
0.0 0.0 0.0
0.0 0.0 0.0
0.0 0.0 0.0
0.0 0.0 0.0
0.0 0.0 0.0
0.0 0.0 0.0
0.0 0.0 0.0
0.0 0.0 0.0
0.0 0.0 0.09499803185462952
0.0 0.0 0.11720452457666397
0.0 0.0 0.013528467155992985
0.0 0.0 0.0
0.0 0.0 0.0
0.0 0.0 0.0
0.0 0.0 0.0
0.0 0.0 0.0
0.0 0.0 0.0
0.12969990074634552 0.0 0.0
0.1686166673898697 0.09996367990970612 0.0
0.2578282952308655 0.2859671115875244 0.0
0.4441760778427124 0.45372337102890015 0.0
0.6405714154243469 0.540476381778717 0.0
0.8207947611808777 0.6771407127380371 0.0
0.9240500330924988 0.7533438801765442 0.0
1.025707721710205 0.8743746876716614 0.0
1.0641016960144043 0.895540714263916 0.0
1.1388754844665527 0.7636628746986389 0.0
1.1653989553451538 0.5807945132255554 0.0
1.2273114919662476 0.19986706972122192 0.0
1.2250092029571533 0.0 0.0
1.0194352865219116 0.0303528793156147 0.0
0.721895694732666 0.22227543592453003 0.0
0.5650160312652588 0.24383533000946045 0.0
0.5851079821586609 0.08540787547826767 0.0
0.5127208828926086 0.031035181134939194 0.0
0.2770159840583801 0.05453731119632721 0.07181720435619354
0.0 0.15927650034427643 0.11237315088510513
0.0 0.11526084691286087 0.06292624026536942
0.0 0.04239010065793991 0.0
0.0 0.0 0.0
0.0 0.0 0.017780333757400513
0.0 0.0 0.03286021575331688
0.0 0.0 0.00684699323028326
0.0 0.0 0.0
0.0 0.0 0.0
0.0 0.0 0.0
0.0 0.0 0.02847478911280632
0.0 0.0 0.03661607205867767
0.0 0.0 0.0
0.0 0.0 0.0
0.0 0.0031596082262694836 0.0
0.0 0.0 0.0
0.0 0.0 0.019957467913627625
0.0 0.0 0.0
0.0 0.04562770575284958 0.0
0.0 0.12597154080867767 0.0
0.0 0.0 0.05025305598974228
0.0968475267291069 0.0 0.02672482654452324
0.09003942459821701 0.0 0.0
0.04351932927966118 0.06609676033258438 0.0
0.05116233229637146 0.015812819823622704 0.026702988892793655
0.1117873266339302 0.0 0.03997618332505226
0.088172547519207 0.0 0.05036144703626633
0.11353356391191483 0.0 0.06645306199789047
0.022488076239824295 0.0860491618514061 0.023439284414052963
0.0 0.0809774398803711 0.0012378431856632233
0.0 0.0 0.0
0.0 0.0 0.0077854907140135765
0.0 0.02145073190331459 0.002048242837190628
0.0 0.005612912122160196 0.0
0.0 0.0 0.0
0.0 0.0 0.0
0.0 0.0 0.0
0.0 0.0 0.0
0.0 0.0 0.0
0.0 0.0 0.0
0.0 0.0 0.0
0.0 0.0 0.0
0.0 0.0 0.0
0.0 0.013127997517585754 0.0
0.0 0.0 0.0
0.0111270472407341 0.0 0.0
0.04540485888719559 0.0 0.0
0.035639844834804535 0.02242988534271717 0.0
0.03746304661035538 0.004248484503477812 0.007302832789719105
0.06391036510467529 0.0 0.023446649312973022
0.046903952956199646 0.0 0.019055362790822983
0.0 0.04907827451825142 0.0
0.0 0.01934860832989216 0.0
0.02123454213142395 0.0 0.021948888897895813
0.06028980016708374 0.0 0.059629425406455994
0.02538854256272316 0.0 0.03047819435596466
0.0 0.0 0.0
0.0 0.0 0.0
0.0 0.0 0.0
0.0 0.0 0.00908528733998537
0.0 0.0 0.0219385027885437
0.0 0.0 0.021945957094430923
0.0 0.0 0.0
0.0 0.0 0.01070368941873312
0.0 0.0 0.019390389323234558
0.0 0.0 0.0
0.0 0.0 0.0
0.0 0.0 0.0
0.0 0.0 0.0
0.004308023955672979 0.0 0.011179597117006779
0.03755626082420349 0.0 0.0
0.02928740903735161 0.0 0.0
0.011035168543457985 0.0 0.0
0.016073070466518402 0.0 0.009170775301754475
0.02466256357729435 0.01490139588713646 0.008277815766632557
0.011897234246134758 0.00537873012945056 0.0027778558433055878
0.0 0.0 0.0
0.0 0.0 0.008954792283475399
0.0032022795639932156 0.0 0.016544535756111145
0.0020683053880929947 0.0010654744692146778 0.02403201162815094
0.0 0.0 0.006820800714194775
0.0 0.01412428542971611 0.0
0.0 0.021563293412327766 0.0
0.0 0.004348353017121553 0.005755269899964333
0.022302737459540367 0.0 0.02632925659418106
0.0 0.004321189131587744 0.007987531833350658
0.0 0.034239139407873154 0.0
0.0 0.0022468524985015392 0.0
0.036235593259334564 0.0 0.017863333225250244
0.021156245842576027 0.0 0.03488146513700485
0.0 0.013886997476220131 0.015368216671049595
0.003310936503112316 0.0 0.003677738830447197
0.02133534848690033 0.0 0.014527760446071625
0.0 0.0 0.019590429961681366
0.0 0.0 0.0
0.0 0.0 0.0
0.0 0.0 0.0
0.0 0.0 0.0
0.0 0.0 0.005316685885190964
0.0 0.0 0.0
0.0 0.0 0.0
0.0 0.0 0.0
0.0 0.0 0.0
0.0 0.0 0.0019674943760037422
0.02669708803296089 0.0 0.2359301894903183
0.0 0.0 0.7330251932144165
0.0 0.0 1.7870473861694336
0.18686333298683167 0.0 3.101407766342163
1.7146461009979248 0.0 4.337256908416748
3.771219253540039 0.0 4.941569805145264
5.547958850860596 0.0 4.998429775238037
6.754672050476074 0.0 4.786432266235352
7.267772674560547 0.0 4.544742107391357
7.741316318511963 0.0 4.22170352935791
8.373398780822754 0.0 2.627915859222412
8.145435333251953 0.0 0.9526331424713135
7.580275058746338 0.0 0.0
7.010210990905762 0.8416194319725037 0.0
5.6734442710876465 2.9245622158050537 0.0
3.511507987976074 5.568898677825928 0.0
2.517678737640381 5.905023574829102 0.0
2.058187484741211 4.40562105178833 0.0
1.1018791198730469 3.0520031452178955 0.0
0.0 1.8273650407791138 0.0
0.0 0.582853376865387 0.0
0.0 0.022524574771523476 0.0
0.0 0.0 0.0
0.0 0.0 0.0
0.0 0.0 0.0
0.0 0.0 0.0
0.0 0.0 0.0
0.0 0.0 0.0
0.0 0.0 0.0
0.0 0.0 0.0
0.0 0.0 0.0
0.0 0.0 0.0
0.0 0.0 0.0
0.0 0.0 0.20784130692481995
0.0 0.0 0.44454091787338257
0.0 0.0 0.0
0.0 0.0 0.0
0.02796155959367752 0.0 0.14258693158626556
0.2593415081501007 0.0 0.37790966033935547
0.4017181098461151 0.0 0.3650122284889221
0.5174132585525513 0.02192649245262146 0.14462526142597198
0.5370956063270569 0.15421022474765778 0.013847803696990013
0.4804198443889618 0.17021822929382324 0.027221666648983955
0.3048616051673889 0.21180614829063416 0.08542851358652115
0.23750439286231995 0.15731094777584076 0.19354726374149323
0.24355696141719818 0.09129198640584946 0.2179649919271469
0.27651330828666687 0.05757130682468414 0.12096812576055527
0.20164014399051666 0.07823770493268967 0.035890258848667145
0.11959506571292877 0.0 0.10291536152362823
0.046501949429512024 0.0 0.14253655076026917
0.011696298606693745 0.0 0.1964554339647293
0.0 0.0 0.1770511120557785
0.0 0.0 0.04974455386400223
0.0 0.0 0.01545422337949276
0.0 0.0 0.10219497233629227
0.006881835870444775 0.0 0.15931658446788788
0.02541504055261612 0.0 0.12977521121501923
0.0688924714922905 0.0 0.04566165804862976
0.13215826451778412 0.0 0.0010936595499515533
0.09990285336971283 0.0 0.025363313034176826
0.02716340497136116 0.0 0.054832249879837036
0.0 0.0 0.09405262768268585
0.0 0.012728199362754822 0.058808885514736176
0.0 0.0 0.022663665935397148
0.029944278299808502 0.0 0.0
0.09774143248796463 0.0 0.03183425962924957
0.11785601824522018 0.0 0.0469740629196167
0.04331254959106445 0.0 0.048749059438705444
0.0 0.04582969471812248 0.030940769240260124
0.0 0.0 0.029865918681025505
0.00937641877681017 0.0 0.027030451223254204
0.025258712470531464 0.0 0.04002241790294647
0.0008590971119701862 0.0 0.02917163260281086
0.0020721671171486378 0.0 0.01857997477054596
0.03390626236796379 0.0 0.03488784283399582
0.05898391827940941 0.0 0.0
0.04508834332227707 0.0 0.0
0.048007167875766754 0.0 0.008224539458751678
0.0 0.05978279560804367 0.0
0.0 0.06305741518735886 0.0
0.0 0.03642500564455986 0.0
0.03645411133766174 0.0 0.0
0.038807813078165054 0.0 0.0
0.0 0.09285499155521393 0.0
0.02054331824183464 0.0 0.0
0.09158580005168915 0.0 0.02357100509107113
0.0 0.03728947043418884 0.010124437510967255
0.0 0.060762837529182434 0.006633833050727844
0.004466196987777948 0.0 0.0
0.027054863050580025 0.0 0.0
0.0 0.013995535671710968 0.0
0.0 0.0 0.018512386828660965
0.0010504263918846846 0.0 0.01974010467529297
0.017914626747369766 0.0 0.036925483494997025
0.0 0.0267797764390707 0.0
0.0 0.0 0.0
0.0 0.0 0.0
0.02677709423005581 0.0 0.0027765678241848946
0.0 0.04265434294939041 0.0
0.0 0.06405816972255707 0.0
0.0 0.0 0.0
0.0356275774538517 0.0 0.0
0.0 0.011912146583199501 0.0
0.0 0.027824265882372856 0.0
0.0 0.04595986008644104 0.0
0.0 0.04288683831691742 0.0
0.0 0.0 0.0
0.0 0.0013596359640359879 0.0
0.0004200562834739685 0.00014310423284769058 0.0
0.055512070655822754 0.0 0.012722941115498543
0.050163380801677704 0.002017437480390072 0.018100662156939507
0.009316079318523407 0.04449192434549332 0.05308474600315094
0.0 0.052736543118953705 0.13617590069770813
0.0 0.05749241262674332 0.2836465835571289
0.06101522594690323 0.055744580924510956 0.42647990584373474
0.2768995761871338 0.0 0.48708492517471313
0.29378241300582886 0.06556178629398346 0.5217803120613098
0.20741185545921326 0.271500825881958 0.6497830152511597
0.1723334938287735 0.42384323477745056 0.86786288022995
0.1705518364906311 0.4089857339859009 1.1444907188415527
0.19240760803222656 0.3977202773094177 1.3017150163650513
0.22893552482128143 0.32867196202278137 1.267669916152954
0.27838295698165894 0.21926294267177582 1.2165300846099854
0.253604918718338 0.1667688488960266 1.3357638120651245
0.1858879178762436 0.16487693786621094 1.5914770364761353
0.11614212393760681 0.15743765234947205 1.6270790100097656
0.08290614187717438 0.4257170259952545 1.264389157295227
0.07016238570213318 0.5187146663665771 0.8543300628662109
0.13950656354427338 0.299406498670578 0.615009069442749
0.12547437846660614 0.11913499981164932 0.4989064335823059
0.031450409442186356 0.22738239169120789 0.3167043924331665
0.0 0.46072083711624146 0.0
0.0 0.5802805423736572 0.0
0.0 0.5941351056098938 0.0
0.0 0.5279754996299744 0.0
0.0 0.3402780294418335 0.0
0.0 0.16355040669441223 0.0
0.0 0.00724282581359148 0.0
0.0 0.0 0.0
0.0 0.0 0.0
0.0 0.0 0.0
0.0 0.0 0.0
0.0 0.0 0.0
0.0 0.0 0.0
0.0 0.0 0.0
0.0 0.0 0.0
0.0 0.0 0.0
0.0 0.0 0.27142852544784546
0.0 0.006573363207280636 0.5335373878479004
0.1421448290348053 0.054140083491802216 0.5287753939628601
0.29777517914772034 0.0 0.5321451425552368
0.33510205149650574 0.0 0.7451444864273071
0.3407796323299408 0.0 1.1276155710220337
0.3609994351863861 0.0 1.439613699913025
0.30812689661979675 0.08303458243608475 1.522992491722107
0.3580513000488281 0.13278988003730774 1.5535653829574585
0.562129557132721 0.0 1.6956777572631836
0.6957206726074219 0.0 1.8533419370651245
0.621152937412262 0.0 1.7503644227981567
0.41645124554634094 0.006237538531422615 1.250336766242981
0.2302619069814682 0.2032238394021988 0.7010694146156311
0.14812521636486053 0.11280553042888641 0.47454118728637695
0.1930263787508011 0.0 0.4303998053073883
0.2367648035287857 0.0 0.31627988815307617
0.1134420856833458 0.0 0.08590475469827652
0.0 0.13168254494667053 0.0
0.0 0.16776011884212494 0.0
0.0 0.03965248912572861 0.0
0.0 0.0 0.0
0.0 0.0 0.0
0.0 0.11464656889438629 0.0
0.0 0.19433607161045074 0.0
0.0 0.13489536941051483 0.0
0.0 0.02629460208117962 0.0
0.0 0.0 0.0
0.0 0.0 0.0
0.0 0.0 0.0
0.0 0.0 0.0
0.0 0.0 0.0
0.0 0.0 0.0
0.0 0.0 0.0
0.0 0.0 0.0
0.0 0.0 0.0
0.0 0.0 0.0
0.12808866798877716 0.0 0.21195563673973083
0.18042564392089844 0.018672103062272072 0.3281994163990021
0.13105648756027222 0.18017470836639404 0.37950894236564636
0.17667457461357117 0.1700294017791748 0.509198009967804
0.2973906397819519 0.060708507895469666 0.6895309090614319
0.40583401918411255 0.012806231155991554 0.9318982362747192
0.45374855399131775 0.12664172053337097 1.1688437461853027
0.3734704852104187 0.4238336980342865 1.3410040140151978
0.363736629486084 0.4988538920879364 1.4693479537963867
0.5435351133346558 0.3165980577468872 1.4972610473632812
0.7013617753982544 0.17000384628772736 1.3829842805862427
0.7459558844566345 0.20568114519119263 1.2019317150115967
0.6668898463249207 0.2911992371082306 1.1191587448120117
0.5876168608665466 0.2551184594631195 1.142821192741394
0.5598637461662292 0.17016708850860596 1.1305171251296997
0.5349637269973755 0.08267932385206223 0.9430294632911682
0.41411298513412476 0.05424927920103073 0.6500799059867859
0.27350181341171265 0.07240777462720871 0.4179779887199402
0.14199012517929077 0.06698638200759888 0.23182807862758636
0.02042480930685997 0.03510727360844612 0.008300704881548882
0.0 0.008369404822587967 0.0
0.0 0.0 0.0
0.0 0.0 0.0
0.0 0.0 0.0
0.0 0.0 0.0
0.0 0.0 0.0
0.0 0.0 0.0
0.0 0.0 0.0
0.0 0.0 0.0
0.0 0.0 0.0
0.0 0.0 0.0
0.0 0.0 0.0
0.0 0.0 0.0
0.0 0.0 0.0
0.0 0.0 0.0
0.0 0.0 0.0
0.0 0.0 0.0
0.0 0.0 0.0
0.029120028018951416 0.09107067435979843 0.10578571259975433
0.16806380450725555 0.08013254404067993 0.3977200984954834
0.27583715319633484 0.1439453363418579 0.6180082559585571
0.33112889528274536 0.20180943608283997 0.7512192726135254
0.3574499785900116 0.19804532825946808 0.8903510570526123
0.37722527980804443 0.16449029743671417 1.0389357805252075
0.463296502828598 0.12553943693637848 1.1742771863937378
0.5071624517440796 0.06626839190721512 1.3636151552200317
0.4982702136039734 0.0 1.5939971208572388
0.45771506428718567 0.0 1.7964320182800293
0.5269535183906555 0.0 1.8928190469741821
0.6098752617835999 0.0 1.8111978769302368
0.6645587682723999 0.0 1.5832509994506836
0.5860564708709717 0.0 1.2475337982177734
0.4609377682209015 0.05293074622750282 0.9763796925544739
0.3743855655193329 0.0 0.7691437005996704
0.32187774777412415 0.0 0.5674865245819092
0.24532969295978546 0.0 0.3240901231765747
0.14741697907447815 0.0 0.09462684392929077
0.0 0.022809753194451332 0.0
0.0 0.04926479607820511 0.0
0.0 0.0321744941174984 0.0
0.0 0.00659429794177413 0.0
0.0 0.0 0.0
0.0 0.0 0.0
0.0 0.0 0.0
0.0 0.0 0.0
0.0 0.0 0.0
0.0 0.0 0.0
0.0 0.0 0.0
0.0 0.0 0.0
0.0 0.0 0.0
0.0 0.0 0.0
0.0 0.0 0.0
0.0 0.0 0.0
0.0 0.0 0.0
0.0 0.0 0.0
0.0 0.0 0.0
0.18532627820968628 0.0 0.35026073455810547
0.291443407535553 0.0 0.7340136766433716
0.2682901620864868 0.19096866250038147 0.8413641452789307
0.22746573388576508 0.3996017575263977 0.7946267127990723
0.3266080617904663 0.33242619037628174 0.7953993082046509
0.5166293382644653 0.03483712300658226 0.9544435739517212
0.7067018151283264 0.0 1.2172068357467651
0.7868912220001221 0.0 1.320857286453247
0.6542274355888367 0.22753119468688965 1.0953238010406494
0.5581775903701782 0.269944429397583 0.8925900459289551
0.6101105809211731 0.0 0.8857888579368591
0.6447380781173706 0.0 1.0157713890075684
0.58344966173172 0.0 1.06548011302948
0.4287378787994385 0.0 0.880787193775177
0.283107191324234 0.17149056494235992 0.6416739225387573
0.1971922516822815 0.17649704217910767 0.48592618107795715
0.26132145524024963 0.0 0.4442029595375061
0.3090341091156006 0.0 0.4516576826572418
0.1934763491153717 0.0 0.3942734897136688
0.013422160409390926 0.12483172863721848 0.1847945600748062
0.0 0.13308751583099365 0.0046484870836138725
0.0 0.0 0.0
0.0 0.0 0.0
0.0 0.023959439247846603 0.0
0.0 0.18928207457065582 0.0
0.0 0.24456611275672913 0.0
0.0 0.16498740017414093 0.0
0.0 0.0 0.0
0.0 0.0 0.0
0.0 0.0 0.0
0.0 0.0 0.0
0.0 0.0 0.0
0.0 0.0 0.0
0.0 0.0 0.0
0.0 0.0 0.0
0.0 0.0 0.0
0.0 0.0 0.0
0.059028372168540955 0.0 0.0
0.181335911154747 0.04344376176595688 0.242823526263237
0.10696660727262497 0.27176907658576965 0.34858405590057373
0.1360057145357132 0.28454506397247314 0.32861751317977905
0.27007296681404114 0.16937825083732605 0.3509497344493866
0.33589035272598267 0.07947340607643127 0.4763087034225464
0.353879451751709 0.09598979353904724 0.598330020904541
0.2855161130428314 0.22573260962963104 0.6237072348594666
0.19612310826778412 0.3007725179195404 0.5055428147315979
0.2001069337129593 0.19692252576351166 0.4133707582950592
0.21603263914585114 0.06297964602708817 0.4013441801071167
0.19011448323726654 0.0 0.41898471117019653
0.13784168660640717 0.007776312530040741 0.4206821918487549
0.03246600553393364 0.10623311251401901 0.30350232124328613
0.0 0.07927180081605911 0.1427784264087677
0.029304035007953644 0.0 0.06795132160186768
0.020718537271022797 0.0 0.06557738035917282
0.0 0.0 0.09501516073942184
0.0 0.0 0.12793689966201782
0.0 0.04260646551847458 0.04349924251437187
0.0 0.0 0.0
0.012298153713345528 0.0 0.0
0.036473263055086136 0.0 0.0
0.013785263523459435 0.0 0.02626699209213257
0.0 0.02865629456937313 0.03781206160783768
0.0 0.06398419290781021 0.0
0.004233569372445345 0.030114376917481422 0.0
0.05185701325535774 0.0 0.0
0.0684857964515686 0.0 0.0
0.009826740249991417 0.0 0.0
0.0 0.015036089345812798 0.0
0.0 0.0 0.0
0.02067805640399456 0.0 0.0
0.015219375491142273 0.0 0.0
0.0 0.0 0.00030090752989053726
0.0 0.0 0.0
0.0 0.0 0.0
0.0 0.0 0.0
0.0 0.004605553112924099 0.0
0.006021349690854549 0.0 0.0
0.029174339026212692 0.0 0.0
0.0 0.0 0.0
0.0 0.023707805201411247 0.0
0.0 0.0 0.0
0.04233715683221817 0.0 0.0
0.05917392671108246 0.0 0.0
0.056798920035362244 0.0 0.0
0.0 0.0 0.0
0.0 0.056626077741384506 0.0
0.0 0.0 0.0
0.0 0.0 0.0
0.03151939436793327 0.0 0.0
0.030452268198132515 0.0 0.0
0.0 0.0 0.01256514061242342
0.0 0.0 0.4569082260131836
0.44882261753082275 0.0 1.047147274017334
1.0401262044906616 0.0 1.6115001440048218
1.7374887466430664 0.0 2.323875665664673
2.8951163291931152 0.0 3.088512897491455
4.55273962020874 0.0 3.442774772644043
6.292222499847412 0.0 3.3610353469848633
6.726770877838135 0.0 3.3920669555664062
6.431122303009033 0.0 3.7043097019195557
6.617666244506836 0.0 3.6393651962280273
7.54941463470459 0.0 3.010951519012451
8.564970016479492 0.0 1.7715747356414795
9.231359481811523 0.0 0.0
9.012528419494629 0.0 0.0
5.9854936599731445 2.1590428352355957 0.0
3.03007173538208 6.70173454284668 0.0
1.3533309698104858 6.5108771324157715 0.0
1.5818294286727905 3.8122646808624268 0.0
1.4600366353988647 1.0763920545578003 0.0
0.30662792921066284 0.45889389514923096 0.0
0.0 0.8942829370498657 0.0
0.0 0.9271769523620605 0.0
0.0 1.082621455192566 0.0
0.0 0.8940988779067993 0.0
0.0 0.0 0.0
0.0 0.0 0.0
0.0 0.0 0.0
0.0 0.0 0.0
0.0 0.0 0.0
0.0 0.0 0.0
0.0 0.0 0.0
0.0 0.0 0.0
0.0 0.0 0.0
0.0 0.0 0.0
0.0 0.0 0.0
0.0 0.0 0.09185437113046646
0.0 0.0 0.29446232318878174
0.0 0.0 0.31727057695388794
0.0 0.0 0.4009833037853241
0.0 0.0 0.5837991833686829
0.0 0.0 0.6859508156776428
0.33539143204689026 0.0 0.6988434791564941
0.496246337890625 0.015157425776124 0.5439428091049194
0.5090537071228027 0.07860803604125977 0.34450140595436096
0.4238176941871643 0.04309345409274101 0.22067852318286896
0.35823309421539307 0.0 0.25499868392944336
0.3464994728565216 0.0 0.25489187240600586
0.3408522307872772 0.0635470598936081 0.19641312956809998
0.30307263135910034 0.12442212551832199 0.14281727373600006
0.2777435779571533 0.07251153141260147 0.10714157670736313
0.2266918271780014 0.0 0.07861139625310898
0.06466377526521683 0.019936734810471535 0.06317837536334991
0.0 0.03428078815340996 0.007147596217691898
0.0 0.0 0.0
0.0 0.0 0.0
0.0 0.0 0.0
0.0 0.0 0.0
0.0 0.0 0.03398347273468971
0.0 0.0 0.09405160695314407
0.0 0.0 0.054880499839782715
0.0 0.0 0.006281270645558834
0.0 0.0 0.0
0.0 0.0 0.007315642200410366
0.045154254883527756 0.0 0.03940513730049133
0.12075287848711014 0.0 0.05399259924888611
0.016199838370084763 0.0 0.0
0.0 0.0 0.0
0.0 0.07170245796442032 0.0
0.0 0.0 0.011020098812878132
0.07242316752672195 0.0 0.02566535770893097
0.031307682394981384 0.05323370546102524 0.0
0.036487530916929245 0.05847880244255066 0.006401113234460354
0.05645378306508064 0.005197735968977213 0.02886248007416725
0.1337115466594696 0.0 0.07301369309425354
0.15073208510875702 0.0 0.07634371519088745
0.0 0.03313615918159485 0.0
0.0 0.08857704699039459 0.0
0.0 0.0 0.0737876147031784
0.018497347831726074 0.0 0.08067534118890762
0.0 0.020122092217206955 0.07063736021518707
0.0 0.0 0.06410595774650574
0.0 0.0 0.04283422231674194
0.0 0.0 0.0
0.0 0.0 0.023308459669351578
0.0 0.0 0.09950549155473709
0.0 0.07756061851978302 0.08535291999578476
0.0 0.0724651888012886 0.04545024409890175
0.0 0.0 0.03849318251013756
0.006246932782232761 0.0 0.027149714529514313
0.0 0.013853725977241993 0.036443080753088
0.0 0.0 0.07062661647796631
0.0 0.0 0.04526906460523605
0.0011935844086110592 0.004314016550779343 0.005871056579053402
0.0 0.011834518052637577 0.0
0.0 0.008631001226603985 0.0
0.0021440666168928146 0.01383215468376875 0.018731195479631424
0.0 0.07984525710344315 0.013210727833211422
0.0 0.12153065204620361 0.0
0.0 0.11845976114273071 0.0
0.0 0.022551078349351883 0.0040627699345350266
0.0 0.007464536465704441 0.037522461265325546
0.0 0.0829630196094513 0.05865278095006943
0.0 0.14791139960289001 0.06361903995275497
0.0 0.18096308410167694 0.05801255255937576
0.0 0.227787584066391 0.06526940315961838
0.0 0.2308286428451538 0.09432342648506165
0.0 0.29678502678871155 0.09223124384880066
0.0 0.3521795868873596 0.09499800205230713
0.0 0.3371199369430542 0.0748639702796936
0.1638442873954773 0.3813587725162506 0.020469438284635544
0.39801231026649475 0.3502490520477295 0.0
0.7412234544754028 0.30982333421707153 0.0
0.9192422032356262 0.40541934967041016 0.0
1.001835584640503 0.49320968985557556 0.0
1.141992211341858 0.5164393782615662 0.0
1.3149230480194092 0.7332673072814941 0.0
1.2562577724456787 0.8311488628387451 0.0
1.0736163854599 0.7758086323738098 0.0
0.9395908713340759 0.7896559834480286 0.0
0.7893710136413574 0.7514018416404724 0.0
0.5561614632606506 0.6230872869491577 0.0
0.25375792384147644 0.4333452582359314 0.002306414768099785
0.0 0.23490780591964722 0.058516427874565125
0.0 0.001270023174583912 0.13301649689674377
0.0 0.0 0.15050627291202545
0.0 0.0 0.09247253090143204
0.0 0.0 0.03485024347901344
0.0 0.0 0.08291151374578476
0.0 0.0 0.21974046528339386
0.0 0.0 0.41463911533355713
0.0 0.0 0.6546746492385864
0.0 0.014058257453143597 0.8267486691474915
0.0 0.0 0.8372271060943604
0.0 0.0 0.7050285935401917
0.0 0.0 0.4742150902748108
0.0 0.0 0.31395217776298523
0.08325622975826263 0.0 0.2616010904312134
0.1683466136455536 0.0 0.20299547910690308
0.40549230575561523 0.0 0.006313838995993137
0.771767258644104 0.16866900026798248 0.0
1.093679428100586 0.2968546450138092 0.0
1.242809534072876 0.3506483733654022 0.0
1.3435570001602173 0.6325762271881104 0.0
1.4722208976745605 1.0849117040634155 0.0
1.5529162883758545 1.3340226411819458 0.0
1.4695137739181519 1.60826575756073 0.0
1.2639662027359009 1.4493287801742554 0.0
1.2062454223632812 1.0692936182022095 0.0
1.0318808555603027 0.8045189380645752 0.0
0.7570804953575134 0.4272683262825012 0.0
0.6407466530799866 0.04033391922712326 0.0
0.45794594287872314 0.0 0.0
0.13339102268218994 0.04117414727807045 0.025470223277807236
0.0 0.07680697739124298 0.03856072574853897
0.0 0.0 0.0751781240105629
0.0 0.0 0.08779378235340118
0.0 0.0 0.018621105700731277
0.0 0.0 0.02169439196586609
0.0 0.0 0.15165318548679352
0.0 0.0 0.3147190809249878
0.0 0.0 0.40794384479522705
0.0 0.0 0.3168030083179474
0.0 0.0 0.17306660115718842
0.0 0.0 0.25180163979530334
0.0 0.0 0.4182865023612976
0.0 0.0 0.44470131397247314
0.0 0.0 0.41324886679649353
0.0 0.0 0.36779695749282837
0.0 0.0 0.2839318811893463
0.0 0.0 0.1684926152229309
0.16457584500312805 0.0 0.09714759886264801
0.3583548963069916 0.11077959090471268 0.057855863124132156
0.7957354784011841 0.33164939284324646 0.0
1.1540054082870483 0.5228731632232666 0.0
1.3981189727783203 0.6229552626609802 0.0
1.5241626501083374 0.7446644306182861 0.0
1.6033337116241455 0.8944006562232971 0.0
1.6041382551193237 0.9608504772186279 0.0
1.5486195087432861 0.9148688912391663 0.0
1.3526899814605713 0.6691813468933105 0.0
1.1013786792755127 0.4654764235019684 0.0
0.8185869455337524 0.47879061102867126 0.0
0.582651674747467 0.34176352620124817 0.0
0.5813437700271606 0.28323736786842346 0.0
0.4395866394042969 0.26087719202041626 0.0
0.15358604490756989 0.19092370569705963 0.05607021227478981
0.0 0.014692207798361778 0.1360129714012146
0.0 0.0 0.13478727638721466
0.0 0.0 0.0022979509085416794
0.0 0.0 0.0
0.0 0.0 0.0
0.0 0.0 0.10336757451295853
0.0 0.0 0.2697882652282715
0.0 0.0 0.30310866236686707
0.0 0.0 0.2802827060222626
0.0 0.0 0.3235689401626587
0.0 0.0 0.4823780059814453
0.0 0.0 0.5760799646377563
0.0 0.0 0.4445241093635559
0.0 0.0 0.27306821942329407
0.0 0.0 0.17329153418540955
0.0 0.01579803042113781 0.13779878616333008
0.0 0.0 0.12740767002105713
0.21091178059577942 0.0 0.05271132290363312
0.4530394673347473 0.15906277298927307 0.0
0.8120479583740234 0.5439406633377075 0.0
0.9931737780570984 0.7510634660720825 0.0
1.0586893558502197 0.7347567081451416 0.0
1.0803896188735962 0.7475955486297607 0.0
1.0909194946289062 0.7681034803390503 0.0
0.9614856243133545 0.6991816759109497 0.0
0.661082923412323 0.5674342513084412 0.0
0.4120864272117615 0.4345894455909729 0.0
0.3090149164199829 0.30068328976631165 0.0
0.2871870994567871 0.30306604504585266 0.0
0.20679345726966858 0.2095901370048523 0.0
0.06608481705188751 0.05865255370736122 0.0
0.0 0.0 0.014976728707551956
0.0 0.0 0.07134279608726501
0.0 0.0 0.004568029195070267
0.0 0.0 0.0
0.0 0.0 0.041083432734012604
0.0 0.0 0.17085793614387512
0.0 0.0 0.19217734038829803
0.0 0.0 0.0872245579957962
0.0 0.0 0.0
0.0 0.0 0.0
0.0 0.0 0.01661803387105465
0.0 0.0 0.07825689762830734
0.0 0.04764623939990997 0.07523846626281738
0.0 0.04897036403417587 0.002658010460436344
0.006090186536312103 0.018308857455849648 0.0
0.09097498655319214 0.0 0.0
0.1105625331401825 0.0998774915933609 0.0
0.08367978781461716 0.09454317390918732 0.0
0.1194756031036377 0.010351331904530525 0.02522883377969265
0.05251947045326233 0.054149944335222244 0.004403978586196899
0.0 0.05122894048690796 0.0
0.003980186767876148 0.00349284615367651 0.0
0.021130144596099854 0.0 0.0
0.016513021662831306 0.010805354453623295 0.0
0.0029625927563756704 0.0 0.0324007049202919
0.012633861973881721 0.0 0.026090875267982483
0.0 0.024783220142126083 0.0
0.0 0.025884971022605896 0.0
0.0 0.0 0.01722947508096695
0.04157496616244316 0.0 0.016830533742904663
0.032998789101839066 0.004180740565061569 0.026487156748771667
0.016016609966754913 0.0 0.0166891198605299
0.0 0.0 0.011164125055074692
0.0 0.010825860314071178 0.0
0.0 0.02470838651061058 0.0
0.013063697144389153 0.0 0.0
0.03843776136636734 0.0 0.004927268251776695
0.060495924204587936 0.0 0.03059374913573265
0.0 0.0 0.0003152061253786087
0.0 0.010880454443395138 0.004987189546227455
0.0 0.0 0.000220397487282753
0.03941221162676811 0.0 0.011288229376077652
0.043644774705171585 0.0 0.014528496190905571
0.0 0.049172449856996536 0.0
0.0 0.07365861535072327 0.0
0.017279213294386864 0.0 0.0
0.047135379165410995 0.0 0.0
0.0 0.047962307929992676 0.005747522227466106
0.0 0.021363187581300735 0.016247034072875977
0.025776829570531845 0.0 0.0
0.01761317439377308 0.0 0.0
0.0 0.0 0.0
0.0042747319675982 0.0 0.015472587198019028
0.020400172099471092 0.0 0.003878781571984291
0.0 0.029973454773426056 0.0
0.0 0.02043694257736206 0.0
0.0 0.0 0.0
0.006454529240727425 0.0 0.005765898153185844
0.03719300031661987 0.0 0.009991003200411797
0.10951753705739975 0.0 0.0014600986614823341
0.07585171610116959 0.0 0.0
0.0 0.0 0.0
0.0 0.0 0.0
0.0 0.0 0.02415262907743454
0.0 0.0 0.08431929349899292
0.0 0.0 0.2624751925468445
0.0 0.0 0.5951311588287354
0.08015884459018707 0.0 1.228857159614563
1.018277883529663 0.0 1.8632721900939941
2.4444267749786377 0.0 2.485731601715088
4.335061550140381 0.0 3.1810200214385986
5.392362594604492 0.0 3.6459238529205322
5.848405838012695 0.0 3.944766044616699
6.395310878753662 0.0 4.172791481018066
6.776171684265137 0.0 4.090229511260986
7.2632622718811035 0.0 2.9651718139648438
7.911535739898682 0.0 1.1743167638778687
8.574970245361328 0.0 0.0
8.161233901977539 0.0 0.0
6.764094829559326 1.8825488090515137 0.0
3.7586164474487305 6.796368598937988 0.0
2.61852765083313 7.354950428009033 0.0
3.0499486923217773 4.244625568389893 0.0
2.562497854232788 2.3718531131744385 0.0
1.5701347589492798 1.7501425743103027 0.0
0.8732770681381226 1.0264743566513062 0.0
0.0 0.9251679182052612 0.0
0.0 0.1185840517282486 0.0
0.0 0.0 0.0
0.0 0.0 0.0
0.0 0.0 0.0
0.0 0.0 0.0
0.0 0.0 0.0
0.0 0.0 0.0
0.0 0.0 0.0
0.0 0.0 0.0
0.0 0.0 0.0
0.0 0.0 0.0
0.0 0.0 0.0
0.0 0.0 0.15094521641731262
0.0 0.0 0.7295901775360107
0.0 0.0 0.5925313830375671
0.0 0.0 0.4172472059726715
0.0 0.0 0.6002537608146667
0.0 0.0 0.8718913793563843
0.0 0.0 0.9089109301567078
0.0 0.029489070177078247 0.775152862071991
0.0 0.3248860836029053 0.5839357376098633
0.0 0.14306357502937317 0.45349761843681335
0.23050162196159363 0.0 0.40922629833221436
0.34068563580513 0.0 0.370509535074234
0.27118831872940063 0.0 0.30631721019744873
0.21792270243167877 0.18483898043632507 0.2340369075536728
0.21186988055706024 0.24341998994350433 0.20852674543857574
0.24192684888839722 0.18711012601852417 0.18300487101078033
0.255503386259079 0.0190912913531065 0.18686912953853607
0.188577339053154 0.0 0.14536428451538086
0.109183169901371 0.0 0.07279900461435318
0.0 0.0 0.003264135681092739
0.0 0.0 0.0
0.0 0.0 0.013268504291772842
0.0 0.0 0.043365418910980225
0.0 0.0 0.034043557941913605
0.08031197637319565 0.0 0.05272509902715683
0.028905773535370827 0.0 0.0
0.0 0.0 0.0
0.0 0.0 0.0
0.0 0.0 0.0
0.0 0.0 0.0
0.0 0.0 0.0
0.0 0.0 0.0
0.060617633163928986 0.0 0.0
0.10395444929599762 0.0 0.0
0.11541696637868881 0.0 0.0
0.04756440967321396 0.0 0.0
0.0 0.0 0.0
0.0 0.04720070958137512 0.0
0.09895623475313187 0.046859025955200195 0.0
0.30066272616386414 0.01564943790435791 0.0
0.26919296383857727 0.0017067249864339828 0.0
0.12830133736133575 0.061479516327381134 0.004120812751352787
0.0 0.1852555125951767 0.0
0.0 0.17059320211410522 0.0
0.0 0.012019550427794456 0.0
0.0 0.018335236236453056 0.0
0.0020651044324040413 0.15551252663135529 0.0
0.0 0.3342426121234894 0.0
0.0 0.3937394917011261 0.0
0.0 0.323403537273407 0.007199959829449654
0.0 0.23503585159778595 0.03375593572854996
0.0 0.17879414558410645 0.007893180474638939
0.0 0.13091769814491272 0.0026733847334980965
0.0 0.1371428370475769 0.0275715421885252
0.03687048703432083 0.07308343797922134 0.07589060813188553
0.062223516404628754 0.0 0.08541380614042282
0.011038625612854958 0.0 0.08061584830284119
0.0 0.0 0.0525493323802948
0.0 0.012787071987986565 0.02281913347542286
0.022201532498002052 0.0 0.033746086061000824
0.0360742062330246 0.0 0.03388457000255585
0.018963392823934555 0.0 0.040185607969760895
0.0 0.07882840931415558 0.002482435666024685
0.0 0.045882172882556915 0.0
0.02356027625501156 0.0 0.004908575676381588
0.05764128267765045 0.0 0.005104051902890205
0.0 0.0 0.0
0.0 0.025778504088521004 0.0
0.0 0.01836133562028408 0.0
0.0 0.0 0.0
0.0 0.0 0.0
0.0 0.0 0.019453395158052444
0.00854257307946682 0.0 0.014413894154131413
0.0034564684610813856 0.0 0.0
0.0 0.0 0.0
0.0 0.0 0.00018861889839172363
0.0 0.00646617729216814 0.007800200022757053
0.013857710175216198 0.0 0.015514577738940716
0.010787618346512318 0.0 0.0037567224353551865
0.0 0.008781529031693935 0.0
0.0 0.0 0.0
0.0 0.0 0.0
0.0 0.0 0.006329867988824844
0.0 0.0 0.00844415184110403
0.0 0.0 0.0
0.009039785712957382 0.0 0.0
0.02923799864947796 0.0 0.0
0.042886700481176376 0.0 0.0
0.0782574713230133 0.0 0.0
0.06440263986587524 0.0 0.0
0.014179154299199581 0.02134579047560692 0.0
0.01384199783205986 0.014847145415842533 0.023123495280742645
0.0 0.040517088025808334 0.0
0.0 0.012941653840243816 0.0
0.0 0.001155034638941288 0.0004227105528116226
0.0044383760541677475 0.0 0.0005332315340638161
0.03840033710002899 0.0 0.016848556697368622
0.07253061234951019 0.0 0.01605892926454544
0.079691581428051 0.0 0.039484892040491104
0.0 0.039438243955373764 0.0
0.0 0.0735408216714859 0.004387624561786652
0.0 0.0 0.011059642769396305
0.013040119782090187 0.0 0.0
0.00015121931210160255 0.0 0.00263393297791481
0.0 0.013959513045847416 0.0
0.0 0.0 0.0
0.005623482633382082 0.0 0.0
0.007738831453025341 0.0 0.0
0.04111569747328758 0.00438624806702137 0.0
0.0051965778693556786 0.04284336045384407 0.0
0.02376227267086506 0.0 0.0
0.06914040446281433 0.0 0.027628231793642044
0.005398445762693882 0.011710739694535732 0.013414143584668636
0.0 0.0885448008775711 0.0
0.0 0.017239198088645935 0.0
0.03848822042346001 0.0 0.0039367517456412315
0.018141139298677444 0.0 0.017773203551769257
0.0 0.024522144347429276 0.015283149667084217
0.0 0.0 0.0014634737744927406
0.002294531324878335 0.0 0.0
0.0 0.0 0.015267969109117985
0.0 0.004293037578463554 0.024799156934022903
0.0 0.0 0.033476799726486206
0.03073895536363125 0.0 0.0305531807243824
0.05547359585762024 0.0 0.007190602831542492
0.017422351986169815 0.0 0.0
0.0 0.05447658151388168 0.0
0.0 0.07360287010669708 0.0
0.002597332699224353 0.038427308201789856 0.0
0.04507262259721756 0.0 0.0
0.03754599392414093 0.0 0.0
0.0033028041943907738 0.0 0.001466137357056141
0.0 0.0 0.008889964781701565
0.0 0.031000282615423203 0.0
0.0 0.0 0.020541027188301086
0.05332256108522415 0.0 0.01695960760116577
0.005644255317747593 0.03730185329914093 0.0
0.0 0.02345634624361992 0.01319656241685152
0.012974872253835201 0.02448539063334465 0.004984705708920956
0.012971410527825356 0.014921181835234165 0.003885352984070778
0.0 0.028793320059776306 0.004721585661172867
0.000276920385658741 0.023487772792577744 0.0
0.03014959767460823 0.0042996956035494804 0.0
0.024763621389865875 0.0 0.0
0.0 0.03098377212882042 0.0
0.0 0.0 0.0
0.05450261011719704 0.0 0.001928994432091713
0.00768956309184432 0.0 0.0
0.0 0.016039706766605377 0.0036118458956480026
0.012881661765277386 0.0 0.009150155819952488
0.04060143977403641 0.0 0.009371730498969555
0.014199127443134785 0.012852703221142292 0.0
0.0 0.0 0.0
0.0 0.0 0.0
0.0 0.01393021922558546 0.002472812309861183
0.0 0.03837404400110245 0.012027702294290066
0.026668313890695572 0.0 0.016745224595069885
0.04796428233385086 0.0 0.015765447169542313
0.0 0.0 0.0
0.0 0.012774939648807049 0.02599092200398445
0.0 0.02658742666244507 0.018739666789770126
0.005610433407127857 0.0075380997732281685 0.0
0.008625397458672523 0.0 0.006950384937226772
0.015794361010193825 0.0 0.03694476932287216
0.0 0.06816229969263077 0.0004916870966553688
0.0 0.04493846744298935 0.0
0.0 0.0 0.0
0.03634943813085556 0.0 0.004997489042580128
0.032349102199077606 0.0 0.0
0.030240945518016815 0.0 0.0
0.0 0.04905544966459274 0.0
0.0 0.034153055399656296 0.0
0.0 0.03742661327123642 0.0
0.0 0.0 0.0
0.010600543580949306 0.0 0.017560316249728203
0.03476899489760399 0.0 0.0497472807765007
0.010679639875888824 0.029773753136396408 0.021007245406508446
0.0 0.04374869167804718 0.0
0.0033370377495884895 0.0 0.0
0.05005394294857979 0.0 0.017888683825731277
0.0 0.03200734779238701 0.0
0.0 0.033253706991672516 0.0
0.0 0.0 0.0
0.03736744076013565 0.0 0.008192114531993866
0.007559479679912329 0.0 0.006957206875085831
0.0 0.044981203973293304 0.0
0.0 0.0 0.0
0.029947075992822647 0.0 0.001673760823905468
0.034091487526893616 0.0 0.016733404248952866
0.0 0.05762961879372597 0.0
0.0 0.028906628489494324 0.0
0.025679361075162888 0.0 0.00490843690931797
0.02339836210012436 0.0 0.018763266503810883
0.0 0.0288243368268013 0.01519409753382206
0.0 0.025596853345632553 0.016422346234321594
0.029807794839143753 0.0 0.019933458417654037
0.027889784425497055 0.0 0.0029110657051205635
0.0 0.03104567900300026 0.0
0.0 0.0 0.001367230899631977
0.02569746971130371 0.0 0.0005802670493721962
0.0 0.013019010424613953 0.0
0.0 0.021531270816922188 0.0
0.0 0.0 0.0
0.017351124435663223 0.0 0.0
0.0 0.008690306916832924 0.0
0.0024475420359522104 0.007588823791593313 0.0
0.014090616255998611 0.0022177607752382755 0.0
0.0076585495844483376 0.011782770976424217 0.000620746985077858
0.0 0.011836299672722816 0.0014013200998306274
0.0 0.0 0.0
0.0 0.0 0.0
0.0 0.0 0.002523043192923069
0.0011876006610691547 0.0 0.0025928178802132607
0.012894057668745518 0.0 0.0026407549157738686
0.015186772681772709 0.0 0.0
0.0 0.0 0.0
0.005492600612342358 0.0 0.0016226284205913544
0.00010635703802108765 0.02239307016134262 0.010194545611739159
0.012795787304639816 0.0031991354189813137 0.01880561001598835
0.023670006543397903 0.007502271328121424 0.0
0.03947719931602478 0.0 0.012527739629149437
0.04689702391624451 0.0 0.013574235141277313
0.0 0.04487922787666321 0.0
0.0 0.054478056728839874 0.0
0.006645475048571825 0.0 0.0
0.019558344036340714 0.0 0.0
0.0 0.0023658573627471924 0.0
0.0 0.0 0.0
0.0 0.014037426561117172 0.0
0.0 0.0033405739814043045 0.0
0.0 0.0 0.0
0.0 0.00011202413588762283 0.0
0.007665998302400112 0.0 0.0
0.003596155671402812 0.0 0.0
0.0 0.012975357472896576 0.0
0.0 0.036386676132678986 0.0
0.0 0.026859214529395103 0.0
0.0 0.0 0.0
0.0 0.01624145917594433 0.0
0.0 0.08970768749713898 0.0
0.0003279242664575577 0.04370184242725372 0.0
0.02620639279484749 0.0 0.052870772778987885
0.04133740812540054 0.0 0.18640460073947906
0.2485257387161255 0.0 0.6958340406417847
0.6025969982147217 0.0 1.4502476453781128
1.212193250656128 0.0 2.306398868560791
1.7047784328460693 0.0 3.055302858352661
2.233389139175415 0.0 3.3787789344787598
3.2016799449920654 0.0 3.6455509662628174
4.278483867645264 0.0 3.776322364807129
4.974498271942139 0.0 3.8568384647369385
5.530497074127197 0.0 4.053280830383301
6.218822956085205 0.0 3.809321403503418
6.663551330566406 0.0 2.548173427581787
6.844020843505859 0.0 1.3420034646987915
6.610273838043213 0.0 0.39969104528427124
6.384273052215576 0.6717665791511536 0.0
5.948395729064941 1.2848306894302368 0.0
5.265963077545166 2.518897771835327 0.0
4.37612247467041 3.960827350616455 0.0
3.895350217819214 4.505672454833984 0.0
3.169689655303955 4.3739728927612305 0.0
2.0226097106933594 3.7383244037628174 0.0
1.2749093770980835 2.080639123916626 0.0
0.5656414031982422 0.3975438177585602 0.0
0.0 0.0 0.0
0.0 0.0 0.0
0.0 0.0 0.0
0.0 0.0 0.0
0.0 0.0 0.0
0.0 0.0 0.0
0.0 0.0 0.0
0.0 0.0 0.0
0.0 0.0 0.0
0.0 0.0 0.0
0.0 0.0 0.0
0.0 0.0 0.5430746674537659
0.0 0.0 1.2223820686340332
0.0 0.0 1.3558471202850342
0.0 0.0 1.3039578199386597
0.0 0.0 1.4432307481765747
0.0 0.0 1.5039136409759521
0.0 0.0 1.3625178337097168
0.0 0.07243552803993225 1.1496641635894775
0.18774868547916412 0.21643957495689392 0.8940574526786804
0.5381871461868286 0.0 0.7162405848503113
0.6409553289413452 0.0 0.5532130002975464
0.35819631814956665 0.0 0.3618004620075226
0.048475481569767 0.15444891154766083 0.20553815364837646
0.0 0.23467956483364105 0.11631747335195541
0.022649213671684265 0.0751226544380188 0.10994292795658112
0.07871940732002258 0.0 0.01130210142582655
0.0 0.0 0.0
0.0 0.0 0.0
0.0 0.0 0.0
0.0018270229920744896 0.0 0.003855903632938862
0.05035673826932907 0.0 0.046810563653707504
0.02539679780602455 0.0 0.0
0.0 0.0 0.0
0.0 0.0 0.0
0.050388164818286896 0.0 0.011939396150410175
0.15913595259189606 0.0 0.0
0.14565050601959229 0.0 0.0
0.009642069227993488 0.0 0.0
0.0 0.0 0.0
0.045450665056705475 0.0 0.0
0.10865280777215958 0.0 0.0
0.11607157438993454 0.0 0.0
0.0 0.0 0.0
0.0 0.0 0.0
0.0 0.06304708123207092 0.0
0.11734297126531601 0.0012369821779429913 0.0
0.10842164605855942 0.0 0.0
0.10812497138977051 0.0 0.0
0.07851008325815201 0.0 0.0
0.0 0.0 0.0
0.0 0.11105242371559143 0.0
0.0 0.07702947407960892 0.0
0.060381144285202026 0.0 0.0
0.07010781019926071 0.0 0.0
0.0 0.0492098331451416 0.0
0.0 0.04061444103717804 0.0
0.014266110956668854 0.00013359542936086655 0.0
0.01641394942998886 0.0 0.0
0.013415763154625893 0.0 0.0
0.0 0.075687475502491 0.0
0.0070060668513178825 0.06716589629650116 0.0
0.029315100982785225 0.00014371564611792564 0.0
0.05359167605638504 0.0 0.0
0.059759825468063354 0.0 0.006183164194226265
0.06063201278448105 0.0 0.025424769148230553
0.027047153562307358 0.0 0.07422799617052078
0.0 0.0 0.15840253233909607
0.009234067052602768 0.0 0.25795334577560425
0.06232311576604843 0.0 0.3920866549015045
0.20739135146141052 0.0 0.591884195804596
0.3702585697174072 0.0 0.8293361663818359
0.3549448847770691 0.011171067133545876 1.10765540599823
0.3083648681640625 0.235484316945076 1.4177287817001343
0.4500040113925934 0.12022485584020615 1.7435381412506104
0.7087199687957764 0.0 1.9837146997451782
0.8558849096298218 0.0 2.0896708965301514
0.8418269157409668 0.0 2.018278121948242
0.7935781478881836 0.05006546527147293 1.8450276851654053
0.7807965874671936 0.028178812935948372 1.7347925901412964
0.862288236618042 0.0 1.6774868965148926
0.8710814714431763 0.0 1.4534412622451782
0.6356292963027954 0.19416511058807373 0.9262336492538452
0.3355807662010193 0.334905207157135 0.12672901153564453
0.011914272792637348 0.274426132440567 0.0
0.0 0.053467124700546265 0.0
0.0 0.0 0.0
0.0 0.005500397644937038 0.0
0.0 0.24090439081192017 0.0
0.0 0.3651565909385681 0.0
0.0 0.24299256503582 0.0
0.0 0.0 0.0
0.0 0.0 0.0
0.0 0.0 0.0
0.0 0.0 0.0
0.0 0.0 0.0
0.0 0.0 0.0
0.0 0.0 0.0
0.0 0.0 0.0
0.060539066791534424 0.0 0.25100117921829224
0.14728540182113647 0.13058720529079437 0.5589904189109802
0.2782444953918457 0.161977618932724 0.9076030254364014
0.5445132255554199 0.1309981346130371 1.3738114833831787
0.7970120310783386 0.13939827680587769 1.8357367515563965
0.965687096118927 0.21122506260871887 2.15494441986084
1.0443028211593628 0.26328107714653015 2.4069526195526123
1.2299702167510986 0.12188497930765152 2.5974433422088623
1.4916335344314575 0.0 2.6429872512817383
1.691017746925354 0.0 2.4199275970458984
1.554581880569458 0.0 1.8681070804595947
1.0881356000900269 0.0 1.154331922531128
0.5686325430870056 0.0 0.6315118670463562
0.3130979537963867 0.0 0.47855427861213684
0.23518159985542297 0.0 0.387236088514328
0.08074381202459335 0.11237563192844391 0.07004880905151367
0.0 0.19007763266563416 0.0
0.0 0.11315993219614029 0.0
0.0 0.06074146926403046 0.0
0.0 0.06380170583724976 0.0
0.0 0.05184198170900345 0.0
0.0 0.028175268322229385 0.0
0.0 0.0 0.0
0.0 0.0 0.0
0.0 0.0 0.0
0.0 0.0 0.0
0.0 0.0 0.0
0.0 0.0 0.0
0.0 0.0 0.0
0.0 0.0 0.0
0.0 0.0 0.0
0.008206762373447418 0.0 0.0
0.1260409951210022 0.0 0.09652622044086456
0.25638753175735474 0.0 0.40353089570999146
0.44664323329925537 0.002596139907836914 0.8008710741996765
0.659004807472229 0.061168372631073 1.2294402122497559
0.784307062625885 0.2709602117538452 1.6362637281417847
0.8021430373191833 0.5849343538284302 1.8180049657821655
0.8593307137489319 0.6133481860160828 1.8656742572784424
1.0561803579330444 0.3084641695022583 1.9820303916931152
1.2583966255187988 0.0 2.094139337539673
1.3151330947875977 0.0 2.1779541969299316
1.180618166923523 0.14588510990142822 1.8951444625854492
0.8371710777282715 0.35657763481140137 1.1755567789077759
0.5201667547225952 0.2539561986923218 0.6411045789718628
0.41979536414146423 0.0 0.5853779315948486
0.49770161509513855 0.0 0.5577801465988159
0.33279523253440857 0.0 0.3303395211696625
0.017934758216142654 0.17390716075897217 0.0
0.0 0.22087761759757996 0.0
0.0 0.014597142115235329 0.0
0.0 0.0 0.0
0.0 0.0 0.0
0.0 0.023489970713853836 0.0
0.0 0.12385598570108414 0.0
0.0 0.023259872570633888 0.0
0.0 0.0 0.0
0.0 0.0 0.0
0.0 0.0 0.0
0.0 0.0 0.0
0.0 0.0 0.0
0.0 0.0 0.0
0.0 0.0 0.0
0.0 0.0 0.0
0.08377488702535629 0.0 0.0
0.2297440767288208 0.0 0.28007039427757263
0.16050082445144653 0.10454505681991577 0.41054266691207886
0.17119048535823822 0.22566109895706177 0.42706677317619324
0.32185110449790955 0.1899755299091339 0.5085797309875488
0.46149635314941406 0.11727364361286163 0.8270288109779358
0.629996120929718 0.1684553325176239 1.2647508382797241
0.683501660823822 0.31995537877082825 1.3779494762420654
0.5137509703636169 0.532890796661377 1.1023869514465332
0.37762701511383057 0.5528533458709717 0.953664243221283
0.5209410190582275 0.20869596302509308 1.081109881401062
0.7237114310264587 0.0 1.3546862602233887
0.8641796112060547 0.0 1.4926968812942505
0.8614245653152466 0.09608153998851776 1.1653379201889038
0.7112893462181091 0.273393452167511 0.7402914762496948
0.537122905254364 0.2389870136976242 0.650838315486908
0.5343553423881531 0.10236074030399323 0.7967270612716675
0.5498184561729431 0.02523372694849968 0.9429908394813538
0.4495440721511841 0.10726334154605865 0.9508016109466553
0.3069656193256378 0.21474133431911469 0.715764582157135
0.26235100626945496 0.15193787217140198 0.4768809378147125
0.27458637952804565 0.0 0.2958533763885498
0.17017261683940887 0.0 0.06283768266439438
0.0 0.0 0.0
0.0 0.0 0.0
0.0 0.0 0.0
0.0 0.0 0.0
0.0 0.0 0.0
0.0 0.0 0.0
0.0 0.0 0.0
0.0 0.0 0.0
0.0 0.0 0.0
0.0 0.0 0.0
0.0 0.0 0.0
0.0 0.0 0.0
0.0 0.01350116916000843 0.0
0.0 0.11116248369216919 0.0
0.0 0.0382818840444088 0.0
0.07769515365362167 0.0 0.14010052382946014
0.16611848771572113 0.1018424779176712 0.2781188488006592
0.12467385083436966 0.23905785381793976 0.2813545763492584
0.1464928537607193 0.25831544399261475 0.23783400654792786
0.23492471873760223 0.13762684166431427 0.3387478291988373
0.3064027726650238 0.09207175672054291 0.5433632731437683
0.37428542971611023 0.1232680231332779 0.693706750869751
0.4060044586658478 0.1609554886817932 0.8330268263816833
0.3695172965526581 0.2353314459323883 0.8638845682144165
0.30715858936309814 0.2293020486831665 0.8034164309501648
0.309980183839798 0.12754453718662262 0.7208544611930847
0.324768990278244 0.0 0.6072416305541992
0.2658225893974304 0.0 0.41089874505996704
0.09069018065929413 0.0 0.22022974491119385
0.0 0.0 0.13257792592048645
0.0 0.0 0.08958037942647934
0.0 0.0 0.06182544678449631
0.0 0.0 0.026754280552268028
0.0 0.0 0.0
0.0 0.0 0.0
0.0 0.0 0.0
0.0 0.005056164693087339 0.0
0.0 0.0 0.0
0.04144114628434181 0.0 0.0
0.03613239899277687 0.0 0.0
0.0 0.0 0.0
0.0 0.0 0.0
0.005543064791709185 0.0 0.0
0.0699409618973732 0.0 0.0
0.07717596739530563 0.0 0.0
0.03184843808412552 0.0 0.0
0.0 0.0 0.0
0.03993113338947296 0.0 0.0
0.1248319074511528 0.0 0.0
0.1777001917362213 0.0 0.0
0.10468136519193649 0.0 0.0
0.0 0.0 0.0
0.0 0.0 0.0
0.0 0.0 0.0
0.0 0.0 0.0
0.0 0.0 0.0
0.0 0.0 0.0
0.0 0.03801065310835838 0.0
0.0 0.0284150168299675 0.0
0.0 0.023173917084932327 0.0
0.0 0.02523307129740715 0.0
0.0 0.021669497713446617 0.0
0.0 0.07163439691066742 0.0
0.0 0.14203239977359772 0.0
0.0 0.08020631223917007 0.0
0.06597871333360672 0.0 0.0
0.10203071683645248 0.0 0.0
0.09034556895494461 0.0 0.0
0.0 0.05148864537477493 0.0
0.0 0.10145833343267441 0.0
0.0 0.02574027329683304 0.0
0.0 0.0 0.0
0.0 0.0 0.004057393409311771
0.0 0.2235444188117981 0.04419948533177376
0.0 0.3500344455242157 0.09713700413703918
0.0 0.3829266130924225 0.1101478785276413
0.0 0.4775436818599701 0.11989930272102356
0.0 0.5595821142196655 0.09517132490873337
0.0 0.3746583163738251 0.04289853200316429
0.0 0.03945714980363846 0.006690193898975849
0.09171735495328903 0.0 0.006377272307872772
0.02762279100716114 0.0 0.01978735253214836
0.0 0.0 0.025785591453313828
0.031855084002017975 0.0 0.015384082682430744
0.054602209478616714 0.0 0.0
0.05080614238977432 0.0 0.0
0.03471505641937256 0.0 0.0
0.14932367205619812 0.0 0.047192879021167755
0.5558964610099792 0.0 0.6585816740989685
1.613028645515442 0.0 1.4402596950531006
3.211641550064087 0.0 2.255484104156494
5.104358673095703 0.0 3.1469783782958984
7.113699913024902 0.0 4.355489253997803
7.954361438751221 0.0 5.832449436187744
6.9610419273376465 0.0 6.841880798339844
7.236393451690674 0.0 6.255184650421143
8.54417896270752 0.0 3.583263874053955
9.686745643615723 0.0 0.0
9.817298889160156 0.0 0.0
8.271632194519043 0.44660094380378723 0.0
4.8938493728637695 5.249757289886475 0.0
2.2578630447387695 6.5227580070495605 0.0
1.9911296367645264 4.334964752197266 0.0
1.361573576927185 2.3233790397644043 0.0
0.03949276730418205 0.81605464220047 0.0
0.0 0.2672263979911804 0.0
0.0 0.18356025218963623 0.0
0.0 0.0 0.0
0.0 0.0 0.0
0.0 0.0 0.0
0.0 0.0 0.0
0.0 0.0 0.0
0.0 0.0 0.0
0.0 0.0 0.0
0.0 0.0 0.0
0.0 0.0 0.0
0.0 0.0 0.0
0.0 0.0 0.5164352059364319
0.0 0.0 1.079637885093689
0.0 0.0 1.2471661567687988
0.0 0.0 1.3622267246246338
0.0 0.39354103803634644 1.4471384286880493
0.20225225389003754 0.17457590997219086 1.5574902296066284
0.916534960269928 0.0 1.5631248950958252
1.1832377910614014 0.0 1.1914643049240112
0.9119420647621155 0.0 0.7531676888465881
0.6481615304946899 0.25976458191871643 0.44048887491226196
0.32023775577545166 0.3524676263332367 0.2729930877685547
0.0 0.4421069622039795 0.18033024668693542
0.0 0.5012762546539307 0.21162718534469604
0.0 0.22681887447834015 0.19271022081375122
0.07235205918550491 0.06249438226222992 0.048435598611831665
0.4349254369735718 0.0025681965053081512 0.0
0.3411440849304199 0.035740796476602554 0.0
0.13873852789402008 0.05925677716732025 0.026653602719306946
0.07224446535110474 0.06351756304502487 0.05912099778652191
0.1505243480205536 0.03268694877624512 0.01813867688179016
0.0710308626294136 0.12269140779972076 0.0
0.05492405965924263 0.2523178458213806 0.0
0.0 0.06085599958896637 0.0
0.0 0.0 0.012102888897061348
0.0 0.022855091840028763 0.0
0.016578003764152527 0.08878777176141739 0.0
0.05656083673238754 0.037496618926525116 0.0
0.0 0.06636901199817657 0.0
0.0 0.1648005098104477 0.04020403325557709
0.08169921487569809 0.07300667464733124 0.07527093589305878
0.21177040040493011 0.0 0.05556860566139221
0.20018857717514038 0.0 0.03613738715648651
0.0 0.0 0.03851665183901787
0.0 0.08414933830499649 0.07274892926216125
0.0 0.12632955610752106 0.09138466417789459
0.08927085250616074 0.08259192109107971 0.06683111935853958
0.07860729098320007 0.0 0.04599614068865776
0.02340714819729328 0.0 0.0
0.0 0.0 0.0
0.0 0.0 0.0
0.0 0.02680136263370514 0.0
0.0 0.03202701732516289 0.0014441199600696564
0.0238239336758852 0.0 0.0
0.009428481571376324 0.0 0.0
0.0 0.0 0.0
0.0 0.021717123687267303 0.0
0.0 0.056634627282619476 0.0
0.0 0.11835098266601562 0.0
0.0 0.10989704728126526 0.0
0.0 0.06634584069252014 0.0
0.02532861940562725 0.0 0.0
0.0680081769824028 0.0 0.0
0.02538907341659069 0.02578803151845932 0.0
0.0 0.05654262378811836 0.0
0.0 0.037256814539432526 0.02393694780766964
0.019006676971912384 0.01267210766673088 0.039195530116558075
0.01203425507992506 0.053245898336172104 0.0
0.0 0.08760839700698853 0.0
0.0 0.07908575236797333 0.0
0.0 0.018184585496783257 0.007830416783690453
0.050002679228782654 0.0 0.025417136028409004
0.038384370505809784 0.0 0.02010093256831169
0.0 0.06704667210578918 0.010296504944562912
0.0 0.04801278933882713 0.0023839864879846573
0.0 0.00020771566778421402 0.0
0.0 0.0 0.013074714690446854
0.0 0.0 0.048405274748802185
0.002715055365115404 0.0 0.05698038637638092
0.0 0.053197432309389114 0.04079236090183258
0.0 0.08848936855792999 0.005272718146443367
0.011987649835646152 0.014977075159549713 0.0
0.03523677960038185 0.0 0.011450719088315964
0.0 0.07475465536117554 0.0
0.0 0.15982533991336823 0.0
0.0 0.0447288453578949 0.01647317409515381
0.05863078683614731 0.0 0.012597475200891495
0.03805999830365181 0.0 0.03905145078897476
0.030910473316907883 0.0 0.016742153093218803
0.05472925677895546 0.023412903770804405 0.0
0.027843311429023743 0.0 0.003898792900145054
0.01615762710571289 0.0 0.0
0.057766057550907135 0.0 0.0
0.12716057896614075 0.0 0.0
0.14424635469913483 0.12637178599834442 0.0
0.09303296357393265 0.2847971022129059 0.0
0.0 0.0 0.16202184557914734
0.0 0.06473824381828308 0.2837376594543457
0.0 0.03474119305610657 0.13698813319206238
0.21336762607097626 0.0 0.0
0.2089286744594574 0.0 0.0
0.3123525381088257 0.0 0.0
0.4770653247833252 0.0 0.0
