0.0 0.12863683700561523 0.0
0.018062546849250793 0.0 0.0
0.030183924362063408 0.0 0.005803123116493225
0.0 0.0 0.0846947431564331
0.0 0.14634686708450317 0.05317330360412598
0.012327163480222225 0.17294812202453613 0.025891613215208054
0.1323758065700531 0.0768815129995346 0.06523875147104263
0.08658301830291748 0.0 0.0365956574678421
0.0362202450633049 0.0 0.0
0.02912025898694992 0.042510222643613815 0.0
0.03199247643351555 0.04132085293531418 0.0
0.0 0.024378091096878052 0.0
0.0 0.0 0.0
0.038477540016174316 0.0 0.0
0.0 0.0021026115864515305 0.0
0.0 0.029803216457366943 0.0
0.0 0.028747007250785828 0.0
0.0 0.0 0.0
0.0 0.0 0.001018221490085125
0.0 0.0 0.04080691188573837
0.0 0.0 0.05323854833841324
0.004394938237965107 0.0 0.02918274700641632
0.022893788293004036 0.0 0.0
0.03249821066856384 0.0 0.0
0.04528458043932915 0.0 0.00411707628518343
0.05512496083974838 0.0 0.0
0.058511968702077866 0.0 0.0
0.059771642088890076 0.0 0.0
0.06616642326116562 0.0 0.0
0.10532022267580032 0.0 0.0
0.14668364822864532 0.0 0.0
0.13297155499458313 0.0 0.0
0.0702437236905098 0.0 0.0
0.0 0.0 0.0
0.0 0.0 0.0
0.0 0.0 0.0
0.04015959054231644 0.0 0.0
0.11904721707105637 0.0 0.0
0.1596825271844864 0.0 0.0
0.12887507677078247 0.0 0.0
0.0925154760479927 0.0 0.0
0.10726273059844971 0.0 0.0
0.1092236116528511 0.0 0.0
0.16871678829193115 0.0 0.018639802932739258
0.2594616115093231 0.0 0.021813225001096725
0.28991565108299255 0.0 0.0
0.1886686533689499 0.0 0.0
0.04564039409160614 0.0 0.0
0.0 0.0 0.0
0.0 0.03464721888303757 0.0
0.0 0.023972470313310623 0.0
0.0 0.0 0.0
0.05448555201292038 0.030364856123924255 0.0
0.0971512570977211 0.053648609668016434 0.0
0.045485932379961014 0.04933854937553406 0.005506690591573715
0.017440984025597572 0.04609668254852295 0.03406057134270668
0.05399712920188904 0.06843794137239456 0.010995198972523212
0.07212047278881073 0.09283383190631866 0.01659689098596573
0.1129872128367424 0.026990365236997604 0.0
0.16119442880153656 0.0 0.0
0.18581348657608032 0.0 0.0
0.19537928700447083 0.0 0.0
0.2819274961948395 0.0 0.0
0.3753748834133148 0.0 0.0
0.292238712310791 0.0 0.0
0.16410206258296967 0.0 0.0
0.003084947355091572 0.0 0.0
0.0 0.3122711181640625 0.04554998129606247
0.0 0.23674678802490234 0.04027212783694267
0.0 0.022953014820814133 0.008648955263197422
0.0 0.07953613251447678 0.0
0.0 0.1369733214378357 0.0
0.0 0.15489372611045837 0.04730180650949478
0.0 0.20153526961803436 0.08167895674705505
0.0 0.22592076659202576 0.0799950361251831
0.0 0.1917867660522461 0.08569394052028656
0.0 0.1194169744849205 0.0690704882144928
0.012155940756201744 0.06525173783302307 0.03193323686718941
0.010246986523270607 0.040899790823459625 0.006195650435984135
0.013348769396543503 0.0472322553396225 0.016930319368839264
0.0 0.0801372081041336 0.03826303780078888
0.0 0.09072674065828323 0.050037138164043427
0.0 0.09069105237722397 0.0606977716088295
0.0 0.09173234552145004 0.06709975004196167
0.002192788291722536 0.10232879966497421 0.07254990935325623
0.001127523835748434 0.11083200573921204 0.07363514602184296
0.0 0.10132159292697906 0.06597749143838882
0.0 0.11408239603042603 0.07858169823884964
0.0 0.15336507558822632 0.10413339734077454
0.0 0.1512526571750641 0.09986434876918793
0.0 0.08956000953912735 0.08723936975002289
0.03536325693130493 0.031104683876037598 0.05342068523168564
0.05803447961807251 0.016279932111501694 0.02582288160920143
0.058043695986270905 0.020578205585479736 0.02477102540433407
0.06029326841235161 0.060993000864982605 0.019582921639084816
0.02529054321348667 0.11533107608556747 0.006589625030755997
0.009356584399938583 0.1493913233280182 0.004404234699904919
0.021892350167036057 0.10782761871814728 0.024692727252840996
0.042031705379486084 0.05354733765125275 0.030059529468417168
0.012220813892781734 0.012192709371447563 0.016807908192276955
0.00041209161281585693 0.009002774953842163 0.02308950386941433
0.008622882887721062 0.0024910802021622658 0.05413157492876053
0.0 0.0 0.06035298854112625
0.0 0.0 0.04740177094936371
0.011809888295829296 0.0 0.0475812628865242
0.02120179310441017 0.0 0.06796243786811829
0.0 0.0 0.030394824221730232
0.0 0.0 0.002570915035903454
0.0 0.0 0.0
0.0 0.02613089419901371 0.0
0.0 0.0 0.0
0.0 0.0 0.0
0.0029897650238126516 0.0 0.0
0.008473480120301247 0.0 0.0
0.0 0.0 0.0
0.0 0.0 0.0
0.0029173269867897034 0.0 0.0
0.027314279228448868 0.0 0.0
0.08189496397972107 0.0 0.0
0.12586349248886108 0.0 0.0
0.12808643281459808 0.0 0.0
0.11531577259302139 0.0 0.0
0.08966740220785141 0.0 0.0
0.05453205108642578 0.030426574870944023 0.0
0.04921718314290047 0.04425796866416931 0.0
0.048063233494758606 0.015539504587650299 0.0
0.04573936015367508 0.0 0.0
0.0369461327791214 0.0 0.0
0.013355586677789688 0.0 0.006046606227755547
0.0 0.0 0.012292517349123955
0.0 0.0 0.014364190399646759
0.0 0.010042473673820496 0.03159590810537338
0.010954480618238449 0.02487255074083805 0.0382026806473732
0.022922193631529808 0.02493300475180149 0.015887785702943802
0.02841256745159626 0.0 0.0
0.05406546592712402 0.0 0.0
0.06583317369222641 0.0 0.0
0.10316137224435806 0.0 0.0
0.17144589126110077 0.0 0.0
0.19920268654823303 0.0 0.0
0.2076648771762848 0.0 0.0
0.18419630825519562 0.0 0.0
0.16708309948444366 0.0 0.0
0.15530498325824738 0.0 0.0
0.12753646075725555 0.0 0.002824898809194565
0.09764274954795837 0.0 0.01013900339603424
0.03887982666492462 0.02384283021092415 0.02031813934445381
0.024957619607448578 0.034477900713682175 0.0266234390437603
0.0290524959564209 0.02059270814061165 0.041575755923986435
0.023623645305633545 0.0 0.04568794369697571
0.0 0.0 0.028213877230882645
0.0 0.0 0.026829566806554794
0.0 0.004926132038235664 0.020205486565828323
0.0 0.006996472366154194 0.026781365275382996
0.0 0.0 0.032603032886981964
0.043895360082387924 0.0 0.04369856044650078
0.03233351185917854 0.0 0.02758616954088211
0.0047697946429252625 0.0 0.012416806071996689
0.004789501894265413 0.0 0.00809209793806076
0.03899567574262619 0.0 0.0
0.1254408210515976 0.0 0.0
0.21926771104335785 0.0 0.0
0.1967935711145401 0.0 0.0
0.07736729830503464 0.0 0.0
0.0 0.12076298892498016 0.03757808357477188
0.0 0.1867246925830841 0.05642367899417877
0.0 0.13674594461917877 0.04478779435157776
0.0 0.0 0.03244644030928612
0.04312676936388016 0.0 0.0
0.0 0.0 0.0
0.0 0.004081376828253269 0.0
0.0 0.053064364939928055 0.03145388141274452
0.0 0.0 0.2523380517959595
0.3641971945762634 0.0 0.7527340054512024
0.8091464042663574 0.0 1.0340592861175537
0.87416672706604 0.0 1.270151972770691
0.5762189030647278 0.0 1.2744662761688232
0.13286225497722626 0.3215214014053345 1.1033576726913452
0.0 0.5862571597099304 0.9332044720649719
0.0 0.47701776027679443 0.8277571201324463
0.06216597557067871 0.28382062911987305 0.7051156163215637
0.08798638731241226 0.1673581898212433 0.5629100203514099
0.03904680907726288 0.17746594548225403 0.44493919610977173
0.0 0.28867849707603455 0.36240142583847046
0.0 0.4203305244445801 0.21688473224639893
0.0 0.43601176142692566 0.06409917771816254
0.0 0.3439851403236389 0.0
0.0 0.2422177791595459 0.0
0.0 0.20002052187919617 0.0
0.0 0.24516937136650085 0.0
0.0 0.34055954217910767 0.0
0.0 0.3655239939689636 0.0
0.0 0.30607157945632935 0.0
0.0 0.22001154720783234 0.0
0.0 0.14326190948486328 0.0
0.0 0.11036360263824463 0.0
0.0 0.03604169934988022 0.0
0.0 0.0 0.0
0.0 0.0 0.0
0.0 0.0 0.0
0.02955915406346321 0.0 0.0
0.28904610872268677 0.0 0.0
0.9005308151245117 0.0 0.0
1.5039293766021729 0.0 0.15444564819335938
1.4603195190429688 0.0 0.24591539800167084
1.0293258428573608 0.0 0.3073963224887848
0.6125855445861816 0.0 0.4494283199310303
0.4174879789352417 0.125857874751091 0.6878557801246643
0.3698336184024811 0.19861863553524017 0.8713659644126892
0.28723064064979553 0.23514309525489807 0.8140385150909424
0.22009742259979248 0.1740770787000656 0.6903136372566223
0.16614043712615967 0.13610465824604034 0.6383724212646484
0.07482010871171951 0.1906435340642929 0.6013142466545105
0.04822791367769241 0.1971035599708557 0.5935913324356079
0.07378733158111572 0.14815625548362732 0.5915513634681702
0.025005415081977844 0.15580406785011292 0.5622443556785583
0.0 0.23273693025112152 0.5081464648246765
0.0 0.3032345175743103 0.46688878536224365
0.0 0.36186161637306213 0.446389377117157
0.0 0.3459729254245758 0.42403319478034973
0.0 0.25577670335769653 0.3547537326812744
0.0 0.21279330551624298 0.19225695729255676
0.0 0.25725236535072327 0.0004145503044128418
0.0 0.3622930347919464 0.0
0.0 0.48109185695648193 0.0
0.0 0.5104854106903076 0.0
0.0 0.4365275800228119 0.0
0.0 0.2943784296512604 0.0
0.0 0.12672607600688934 0.0
0.0 0.0 0.0
0.0 0.0 0.0
0.0 0.0 0.0
0.0 0.0 0.0
0.0 0.0 0.0
0.0 0.03921938315033913 0.0
0.0 0.0 0.0
0.0 0.0 0.0
0.0 0.0 0.0
0.0 0.0 0.0
0.0 0.0 0.0
0.0 0.0 0.0
0.0 0.0 0.0
0.0032058442011475563 0.0 0.0
0.053286053240299225 0.0 0.060810502618551254
0.06343696266412735 0.0074880123138427734 0.12093321979045868
0.03093627467751503 0.04668814688920975 0.1741514354944229
0.03145479038357735 0.059235893189907074 0.22974972426891327
0.07759352773427963 0.03971812129020691 0.30706608295440674
0.1394427865743637 0.018997395411133766 0.4133799970149994
0.16153742372989655 0.019899941980838776 0.44458478689193726
0.1472221463918686 0.07966101169586182 0.3922880291938782
0.16165806353092194 0.08408957719802856 0.33796247839927673
0.20832782983779907 0.04032745212316513 0.359653115272522
0.2321503460407257 0.01770096831023693 0.427121639251709
0.22823895514011383 0.010009760037064552 0.4954298734664917
0.1666187345981598 0.061235666275024414 0.4757506847381592
0.1099778339266777 0.0988999530673027 0.3845001459121704
0.1554981768131256 0.0657353401184082 0.41582849621772766
0.3079284429550171 0.0 0.5216854214668274
0.4005574584007263 0.0 0.6377731561660767
0.4005047082901001 0.0 0.6507611274719238
0.2184651643037796 0.19485044479370117 0.5397323369979858
0.0464976541697979 0.3124079704284668 0.4668184518814087
0.06315786391496658 0.21128028631210327 0.49229663610458374
0.18719139695167542 0.03541019186377525 0.5474496483802795
0.22514356672763824 0.0 0.4781579375267029
0.10232870280742645 0.06524025648832321 0.29243946075439453
0.0 0.1704106330871582 0.09918291866779327
0.0 0.13685399293899536 0.0013658152893185616
0.0 0.021166540682315826 0.0
0.0 0.0 0.0
0.0 0.0 0.0
0.0 0.01414724625647068 0.0
0.0 0.012576781213283539 0.0
0.0 0.0 0.0
0.0 0.0 0.0
0.0 0.0 0.0
0.0 0.0 0.0
0.0 0.0 0.0
0.0 0.0 0.0
0.0 0.0 0.0
0.0 0.0 0.0
0.0 0.0 0.0
0.0 0.0 0.0
0.0 0.0 0.0
0.03201671689748764 0.0 0.0
0.04237987473607063 0.0 0.0
0.041068535298109055 0.0 0.009547845460474491
0.048285700380802155 0.0 0.03418741375207901
0.04291676729917526 0.0 0.03515387326478958
0.020662065595388412 0.0 0.022163771092891693
0.04626249894499779 0.0 0.024580057710409164
0.06439010798931122 0.009961823001503944 0.028007280081510544
0.08037641644477844 0.0 0.027049334719777107
0.1089223101735115 0.0 0.047504544258117676
0.14398522675037384 0.0 0.058444537222385406
0.12800678610801697 0.0 0.057254642248153687
0.12905021011829376 0.0 0.05830579251050949
0.1366783082485199 0.0 0.039069779217243195
0.11657197028398514 0.0 0.025039711967110634
0.10493981838226318 0.0 0.015326099470257759
0.22631977498531342 0.0 0.018133336678147316
0.42153292894363403 0.0 0.0
0.48878949880599976 0.0 0.0
0.41403430700302124 0.0 0.008872726932168007
0.26369327306747437 0.0 0.03821144253015518
0.10693185776472092 0.18093714118003845 0.06744815409183502
0.007805810309946537 0.30974653363227844 0.07435373216867447
0.01989603042602539 0.2896633446216583 0.037018343806266785
0.08435917645692825 0.20894108712673187 0.0
0.14976002275943756 0.08566735684871674 0.0
0.258871853351593 0.0 0.0
0.3281254768371582 0.0 0.0
0.3109270930290222 0.1186884269118309 0.0
0.23115740716457367 0.23862068355083466 0.0
0.12177179008722305 0.31620708107948303 0.0
0.023770395666360855 0.26546454429626465 0.0
0.0 0.04776524379849434 0.0
0.07223326712846756 0.0 0.0
0.11740075051784515 0.0 0.0
0.07169637829065323 0.06277962028980255 0.0
0.02609187364578247 0.14160305261611938 0.0
0.0 0.15023808181285858 0.0
0.01778733730316162 0.1002657413482666 0.0
0.04835936054587364 0.09620921313762665 0.0
0.12076511979103088 0.1427583247423172 0.0
0.2024884819984436 0.15266422927379608 0.0
0.22102035582065582 0.16725409030914307 0.0
0.25178438425064087 0.16181272268295288 0.0
0.3016622066497803 0.08617015928030014 0.004987175576388836
0.3241824507713318 0.07979056239128113 0.0
0.24714702367782593 0.054368820041418076 0.008612802252173424
0.1432906687259674 0.050199106335639954 0.040679655969142914
0.03325364738702774 0.10668875277042389 0.060061611235141754
0.005548248998820782 0.08975797146558762 0.05332008749246597
0.10185001790523529 0.0 0.007892951369285583
0.1752382069826126 0.0 0.0
0.23381124436855316 0.0 0.0
0.19745643436908722 0.0 0.0
0.0 0.0 0.0
0.0 0.0 0.0
0.0 0.0 0.0
0.0 0.0 0.0
0.0 0.0 0.0
0.0 0.0 0.205585315823555
0.0 0.0 0.9618639349937439
0.0 0.0 1.526470422744751
0.0 0.0 1.8080540895462036
0.4828130602836609 0.0 1.6462500095367432
0.645757257938385 0.0 1.9308184385299683
1.1908317804336548 0.0 2.8967466354370117
2.174931049346924 0.0 3.530848741531372
3.235732078552246 0.0 3.988671064376831
3.25244402885437 0.0 3.598383665084839
3.4169368743896484 0.0 3.126967430114746
4.34354829788208 0.0 3.5972485542297363
3.930410385131836 0.0 3.8491311073303223
3.377218246459961 0.0 3.457751750946045
2.9129700660705566 0.0 3.079955577850342
2.712440252304077 0.0 3.190373659133911
3.1025733947753906 0.0 3.8095176219940186
3.607412576675415 0.0 4.169244289398193
3.902026414871216 0.0 3.9729156494140625
4.046339988708496 0.0 3.6598238945007324
3.6705362796783447 0.0 2.3034491539001465
3.052894115447998 0.0 1.9947056770324707
4.358431816101074 0.0 1.9879403114318848
4.541178226470947 0.0 1.6085457801818848
3.3583219051361084 0.0 0.36235523223876953
2.0394136905670166 0.3081824481487274 0.0
1.7894145250320435 0.6326047778129578 0.0
2.481492280960083 0.5368689298629761 0.0
3.1495413780212402 0.6580156087875366 0.0
3.574153423309326 1.3199975490570068 0.0
3.780263662338257 1.8891220092773438 0.0
3.80818772315979 2.110649824142456 0.0
3.9890310764312744 1.9570724964141846 0.0
3.9487757682800293 2.1538331508636475 0.0
3.7762997150421143 2.465766191482544 0.0
3.4852912425994873 2.543752670288086 0.0
3.0056710243225098 2.318603515625 0.0
2.6637492179870605 2.1147220134735107 0.0
2.5520787239074707 1.9806952476501465 0.0
2.758026599884033 1.615041732788086 0.0
2.8068318367004395 1.712709903717041 0.0
2.7014825344085693 1.7426183223724365 0.0
2.471731185913086 2.2290523052215576 0.0
2.090836763381958 2.4961459636688232 0.0
1.6892565488815308 2.1622819900512695 0.0
1.4587247371673584 1.061699390411377 0.0
0.893373429775238 0.336797833442688 0.0
0.18223831057548523 0.0 0.0
0.0 0.0 0.0
0.0 0.0 0.0
0.0 0.0 0.0
0.0 0.0 0.0
0.0 0.0 0.0
0.0 0.0 0.0
0.0 0.0 0.0
0.0 0.0 0.0
0.0 0.0 0.0
0.0 0.0 0.0
0.0 0.0 0.0
0.0 0.0 0.0
0.0 0.0 0.0
0.0 0.0 0.0
0.0 0.0 0.0
0.0 0.0 0.0
0.0 0.0 0.0
0.0 0.0 0.0
0.0 0.0 0.0
0.0 0.0 0.0
0.0 0.0 0.0
0.0 0.0 0.0
0.0 0.0 0.0
0.0 0.0 0.2994306981563568
0.0 0.0 0.5307949185371399
0.0 0.0 0.4025576114654541
0.0 0.0 0.13028478622436523
0.0 0.0 0.03237927332520485
0.0 0.0 0.12032216787338257
0.0 0.014171160757541656 0.179350346326828
0.0 0.2551816403865814 0.24358578026294708
0.0 0.0 0.2016891986131668
0.05611647665500641 0.0 0.058962684124708176
0.08915539085865021 0.0 0.0
0.11677263677120209 0.0 0.0
0.040336716920137405 0.0 0.07348915934562683
0.0 0.10759910941123962 0.13836535811424255
0.0 0.05960628762841225 0.17041516304016113
0.03388494253158569 0.0 0.08205388486385345
0.049701988697052 0.0 0.0
0.0733892098069191 0.0 0.0
0.0882461816072464 0.0 0.0
0.003291879314929247 0.18042005598545074 0.0
0.0 0.3899141550064087 0.0
0.0 0.35878074169158936 0.06544508039951324
0.06617151200771332 0.13524512946605682 0.08078062534332275
0.17501330375671387 0.0 0.0534675158560276
0.19657506048679352 0.0 0.029042866080999374
0.17567430436611176 0.0 0.0
0.11483544856309891 0.0 0.0
0.050681766122579575 0.07277588546276093 0.02059771493077278
0.0018318076618015766 0.17390985786914825 0.011891420930624008
0.0 0.20795944333076477 0.009759293869137764
0.046460263431072235 0.15568718314170837 0.028302883729338646
0.12735484540462494 0.07575826346874237 0.03739837557077408
0.17338278889656067 0.017278175801038742 0.015233954414725304
0.18016985058784485 0.0 0.0
0.18987680971622467 0.0 0.0
0.20792639255523682 0.0 0.0
0.20908460021018982 0.014198229648172855 0.0
0.183669775724411 0.006883325986564159 0.0
0.16664180159568787 0.0 0.0
0.12716630101203918 0.0 0.0
0.0756426453590393 0.03144672513008118 0.0
0.036947183310985565 0.04204690456390381 0.0021999115124344826
0.025172017514705658 0.01761826127767563 0.002003103494644165
0.011453809216618538 0.0 0.0
0.046630702912807465 0.0 0.0
0.053072359412908554 0.0 0.0
0.02650679461658001 0.0 0.0
0.029709510505199432 0.0 0.0
0.004374593961983919 0.0 0.0
0.032064810395240784 0.0 0.0
0.07759208232164383 0.0 0.0
0.08494932949542999 0.0 0.0
0.07108491659164429 0.0 0.0
0.0520385205745697 0.0 0.0
0.04472095146775246 0.0 0.0
0.020141571760177612 0.0028648823499679565 0.0
0.025462834164500237 0.0 0.0
0.03499668464064598 0.0 0.0
0.02429290860891342 0.0 0.0
0.03901992365717888 0.0 0.0
0.021958647295832634 0.0 0.0
0.0 0.04963425174355507 0.0
0.02193680964410305 0.03142542019486427 0.007357122376561165
0.042063117027282715 0.0047666458413004875 0.01815490983426571
0.04449085518717766 0.011245050467550755 0.0
0.05510195344686508 0.0 0.0
0.08359804004430771 0.0 0.018390333279967308
0.08982717990875244 0.0 0.0333639532327652
0.03678712993860245 0.0 0.007312381640076637
0.0 0.015586004592478275 0.002574351616203785
0.0 0.004889151081442833 0.01334950141608715
0.026061246171593666 0.0 0.012546824291348457
0.024056419730186462 0.0 0.0
0.0 0.0 0.0
0.0 0.0 0.0
0.0 0.01990991085767746 0.00642421655356884
0.0 0.05070404335856438 0.021383458748459816
0.0 0.0644206553697586 0.03138309717178345
0.00672569777816534 0.03670460730791092 0.033932168036699295
0.048383928835392 0.0 0.02242438495159149
0.06656213104724884 0.0 0.01722642593085766
0.06017986685037613 0.0 0.016115088015794754
0.04642650485038757 0.0 0.007500294595956802
0.0028776966501027346 0.018803637474775314 0.0
0.0 0.0 0.0
0.0 0.0 0.0
0.0 0.0 0.0
0.0 0.0 0.0
0.0 0.0 0.0
0.0 0.0 0.0
0.0003378400579094887 0.0 0.022982049733400345
0.040488190948963165 0.0 0.057458266615867615
0.02433478645980358 0.0 0.07226704061031342
0.0 0.0 0.06647360324859619
0.0 0.0 0.08674877882003784
0.026835493743419647 0.0 0.12646529078483582
0.07338355481624603 0.0 0.16645371913909912
0.17777307331562042 0.0 0.19110873341560364
0.26606830954551697 0.0 0.22414952516555786
0.30945760011672974 0.0 0.26856571435928345
0.36156579852104187 0.009520924650132656 0.29271605610847473
0.5654656887054443 0.0 0.28181812167167664
0.9316887259483337 0.01631464809179306 0.16809850931167603
1.1150697469711304 0.07153289765119553 0.08998558670282364
1.2281723022460938 0.1046338602900505 0.0
1.248636245727539 0.5521106719970703 0.0
1.163818359375 0.9602246880531311 0.0
0.9946343898773193 0.9958066940307617 0.0
0.8359898924827576 0.7362078428268433 0.0
0.7069138884544373 0.3712431788444519 0.0
0.6484559178352356 0.15110574662685394 0.0
0.4964711666107178 0.10449057817459106 0.0
0.19895584881305695 0.09627020359039307 0.0
0.0 0.054016754031181335 0.04715263098478317
0.0 0.0 0.14075103402137756
0.0 0.0 0.18351393938064575
0.0 0.0 0.2110140025615692
0.0 0.0 0.16125735640525818
0.0 0.0 0.0
0.0 0.0 0.0
0.0 0.0 0.0
0.0 0.005514197982847691 0.0
0.0 0.06156441569328308 0.0
0.0 0.0666196346282959 0.0
0.0 0.025739043951034546 0.0
0.0 0.0 0.0
0.0 0.0 0.0
0.0 0.0 0.0
0.12378377467393875 0.0 0.0
0.45124179124832153 0.0 0.0
0.676764965057373 0.0 0.0
0.7088598012924194 0.0 0.0
0.8092782497406006 0.0 0.0
0.9624518156051636 0.0 0.0
1.0729374885559082 0.031177332624793053 0.0
1.1154488325119019 0.009777501225471497 0.0
1.1206691265106201 0.0 0.0
1.1085608005523682 0.18638849258422852 0.0
0.8927348256111145 0.33654099702835083 0.0
0.6724940538406372 0.3240784704685211 0.0
0.5015243887901306 0.28820887207984924 0.0
0.36475589871406555 0.2076634168624878 0.0
0.18973535299301147 0.2366974651813507 0.0
0.0 0.3571184277534485 0.0
0.0 0.3383154571056366 0.0
0.0 0.2304006814956665 0.0
0.0 0.22884167730808258 0.0
0.0 0.20481756329536438 0.0
0.0 0.21044322848320007 0.0
0.0 0.18165498971939087 0.0639258548617363
0.0 0.0 0.07100347429513931
0.0 0.0 0.05564262717962265
0.0 0.0 0.009227989241480827
0.0 0.0 0.0
0.0 0.0 0.0
0.0 0.04478289186954498 0.0
0.0 0.08001970499753952 0.0
0.0 0.025608660653233528 0.0
0.0 0.0 0.0
0.0 0.0 0.0
0.1677083522081375 0.0 0.0
0.24632327258586884 0.03152354061603546 0.0
0.24375145137310028 0.0 0.0
0.5514541864395142 0.0 0.0
0.9057113528251648 0.0 0.0
1.0886656045913696 0.0 0.0
1.0490210056304932 0.0 0.0
0.9549041986465454 0.0 0.0
1.034611701965332 0.0 0.0
1.094069242477417 0.0 0.0
1.1484205722808838 0.0 0.0
1.3549835681915283 0.0 0.0
1.3192384243011475 0.0 0.0
1.0131051540374756 0.0 0.0
0.5503050088882446 0.0 0.0
0.1787807047367096 0.17006704211235046 0.0
0.0 0.45397892594337463 0.0
0.0 0.32308244705200195 0.1031733900308609
0.0 0.011420822702348232 0.11340489238500595
0.0 0.0 0.13273918628692627
0.0 0.11854354292154312 0.05834163725376129
0.0 0.3217563033103943 0.11169114708900452
0.0 0.0 0.11318650841712952
0.0 0.0 0.01849488914012909
0.006159509997814894 0.0 0.0
0.0 0.0 0.0
0.0 0.0 0.0
0.0 0.0 0.19689205288887024
0.12309811264276505 0.0 0.5040029883384705
0.3977821171283722 0.0 0.19127517938613892
0.35141170024871826 0.0 0.0
0.3684016168117523 0.0 0.0
0.6565748453140259 0.0 0.0
0.45393407344818115 0.0 0.0
0.0 0.0 0.0
0.0 0.5783146023750305 0.01856706105172634
0.0 0.7033824920654297 0.0
0.0 1.0185612440109253 0.0
0.0 1.4274542331695557 0.0
0.0 1.7372444868087769 0.0
0.053421031683683395 0.9476287364959717 0.0
1.3453396558761597 0.2096276432275772 0.0
1.8941609859466553 0.0 0.0
1.8434200286865234 0.0 0.0
1.4827384948730469 0.5078337788581848 0.0
1.0731185674667358 1.15792715549469 0.0
0.8650071620941162 1.0860813856124878 0.0
0.720075249671936 0.941936731338501 0.0
0.6772039532661438 0.6221265196800232 0.0
0.6280468106269836 0.3381059765815735 0.0
0.38940489292144775 0.47221639752388 0.0
0.0 0.3649037778377533 0.0
0.0 0.48193877935409546 0.008097374811768532
0.0 0.46511000394821167 0.050112202763557434
0.0 0.37994691729545593 0.10280817002058029
0.0 0.31803640723228455 0.17303359508514404
0.0 0.26515480875968933 0.1473759114742279
0.0 0.3432336449623108 0.07504764944314957
0.0 0.3798379898071289 0.07182814925909042
0.0 0.1569007784128189 0.09150917828083038
0.0 0.0 0.11578761786222458
0.0 0.0 0.1516854465007782
0.0 0.0 0.0602085143327713
0.0 0.0 0.0
0.0 0.0 0.0
0.0 0.0 0.0
0.0 0.0 0.06515267491340637
0.0 0.0 0.03198885917663574
0.0 0.0 0.0
0.02665499970316887 0.0 0.0
0.2706865668296814 0.0 0.0
0.465167373418808 0.0 0.0
0.8844019174575806 0.0 0.0
1.2593497037887573 0.0 0.0
1.3156987428665161 0.0 0.0
1.140958309173584 0.0 0.0340927317738533
1.0127670764923096 0.013409697450697422 0.06527568399906158
1.0032687187194824 0.17816269397735596 0.07960295677185059
0.8348849415779114 0.34115079045295715 0.08058592677116394
0.5733617544174194 0.37777140736579895 0.09091207385063171
0.3110680878162384 0.4665675759315491 0.0800333321094513
0.16324692964553833 0.5446162819862366 0.04035036265850067
0.09618613868951797 0.5405619144439697 0.022574294358491898
0.06812707334756851 0.4044962227344513 0.03253611549735069
0.0 0.30994921922683716 0.054929304867982864
0.0 0.33246782422065735 0.0917738676071167
0.0 0.30302897095680237 0.07640556991100311
0.0 0.22986343502998352 0.07102039456367493
0.0 0.21853142976760864 0.07021825015544891
0.0 0.35636597871780396 0.08398492634296417
0.0 0.4836781322956085 0.08983482420444489
0.0 0.4214634895324707 0.08288636803627014
0.0 0.17186325788497925 0.029528874903917313
0.0 0.0 0.0
0.0 0.0 0.0
0.0 0.0 0.0
0.0 0.0 0.0
0.0 0.0 0.0
0.0 0.0 0.0
0.0 0.0 0.0
0.0010356567800045013 0.0 0.0
0.0764680951833725 0.0 0.0
0.2791631519794464 0.0 0.0
0.5919644832611084 0.0 0.0
0.7937308549880981 0.0 0.0
0.9691264033317566 0.0 0.0
1.1767547130584717 0.0 0.0
1.40401291847229 0.0 0.0
1.3625905513763428 0.0 0.0
0.9636328220367432 0.0 0.05158304423093796
0.3406350314617157 0.44156235456466675 0.21165047585964203
0.0 0.8228756189346313 0.28375691175460815
0.0 0.7563373446464539 0.25723394751548767
0.0 0.4196927547454834 0.14632552862167358
0.0 0.059372127056121826 0.04725860431790352
0.0 0.0 0.0
0.0 0.0 0.0
0.006419236771762371 0.050466254353523254 0.06495824456214905
0.0 0.06748536229133606 0.08881191909313202
0.0 0.07730843871831894 0.06765256822109222
0.0 0.0 0.03982093557715416
0.0 0.0 0.06812021881341934
0.0 0.022991135716438293 0.05328827351331711
0.0 0.0 0.018849611282348633
0.0 0.0 0.0
0.0 0.0 0.0
0.023171525448560715 0.0 0.0
0.06454932689666748 0.0 0.007643560878932476
0.03901520371437073 0.0463089756667614 0.008646507747471333
0.03790812939405441 0.019732756540179253 0.008549301885068417
0.06379511952400208 0.0 0.0
0.0714450478553772 0.0 0.0
0.026681840419769287 0.0 0.0
0.0 0.022170614451169968 0.0
0.0 0.07106971740722656 0.0
0.0 0.027401860803365707 0.012678799219429493
0.0 0.0 0.007503745146095753
0.025630157440900803 0.0 0.0
0.05088943988084793 0.0 0.0
0.04196758568286896 0.11141953617334366 0.0
0.020108358934521675 0.18883922696113586 0.000373130664229393
0.03369474038481712 0.165330708026886 0.025003906339406967
0.03596055880188942 0.09312122315168381 0.00128952506929636
0.0627189353108406 0.02296902984380722 0.0
0.1436963528394699 0.03444965183734894 0.0
0.16911302506923676 0.0 0.006471504457294941
0.12965935468673706 0.0 0.0
0.11060896515846252 0.0 0.0
0.11903680115938187 0.030206169933080673 0.00832532998174429
0.1638074815273285 0.01947336457669735 0.01194270234555006
0.28653818368911743 0.0 0.0
0.5042175054550171 0.0 0.0
0.5299108624458313 0.0 0.0
0.3040047883987427 0.0 0.0
0.0072953589260578156 0.24198952317237854 0.008963956497609615
0.0 0.4164217710494995 0.04897262528538704
0.0 0.30258363485336304 0.02490723505616188
0.1942751109600067 0.01856629177927971 0.0
0.43971896171569824 0.0 0.0
0.46869415044784546 0.0 0.0
0.26610589027404785 0.0 0.0
0.05893085524439812 0.24097591638565063 0.0
0.0 0.315438449382782 0.0
0.0 0.1941910982131958 0.016980871558189392
0.14793317019939423 0.0 0.0
0.4554145634174347 0.0 0.0
0.5345290303230286 0.0 0.0
0.407128244638443 0.0 0.0
0.23539938032627106 0.0 0.0
0.17077991366386414 0.006922892294824123 0.0
0.17173437774181366 0.0 0.0
0.3330119550228119 0.0 0.0
0.5281841158866882 0.0 0.0
0.5521584153175354 0.0 0.0
0.3384876549243927 0.0 0.0
0.20492243766784668 0.0 0.11682649701833725
0.4408334791660309 0.0 0.158415749669075
0.5280069708824158 0.0 0.0985201895236969
0.06193837523460388 0.0 0.0
0.0 0.0 0.27200940251350403
0.9191539883613586 0.0 0.6641764044761658
2.5254979133605957 0.0 1.4148836135864258
2.561922073364258 0.0 1.78970468044281
1.8173834085464478 0.0 1.9750044345855713
1.8015283346176147 0.0 2.040684700012207
3.1234610080718994 0.0 2.8036160469055176
4.874861240386963 0.0 4.389702320098877
5.235787868499756 0.0 5.926102161407471
4.643145561218262 0.0 5.470217227935791
3.3692309856414795 0.0 4.320505619049072
3.169313907623291 0.0 3.974027395248413
3.4092066287994385 0.0 4.447057723999023
4.235734462738037 0.0 4.75316858291626
5.003129482269287 0.0 4.789614200592041
5.497759819030762 0.0 4.461010932922363
5.591671466827393 0.0 3.643035888671875
5.030178546905518 0.005751101300120354 2.5411384105682373
4.62366247177124 0.5572832226753235 0.8381063938140869
3.6046864986419678 1.95345139503479 0.0
2.974003553390503 3.0284571647644043 0.0
3.3431973457336426 2.8762710094451904 0.0
3.669844388961792 2.604707717895508 0.0
3.5646607875823975 2.768165349960327 0.0
3.385737419128418 3.5637848377227783 0.0
3.8196794986724854 3.9951894283294678 0.0
4.406174182891846 4.278069972991943 0.0
4.555769443511963 4.499131202697754 0.0
4.600109100341797 4.057008266448975 0.0
4.310274600982666 3.3459978103637695 0.0
4.0192131996154785 2.7618815898895264 0.0
3.8430252075195312 2.7789154052734375 0.0
3.792038679122925 2.8326239585876465 0.0
3.6454200744628906 2.72477388381958 0.0
3.140164613723755 2.377751111984253 0.0
2.6011998653411865 1.512710690498352 0.0
1.8546245098114014 0.8798967003822327 0.0
1.3263421058654785 0.619036853313446 0.0
1.1967419385910034 0.05680123716592789 0.0
0.6270917654037476 0.0 0.0
0.06425958126783371 0.0 0.0
0.0 0.0 0.0
0.0 0.0 0.0
0.0 0.0 0.0
0.0 0.0 0.0
0.0 0.0 0.0
0.0 0.0 0.0
0.0 0.0 0.0
0.0 0.0 0.0
0.0 0.0 0.0
0.0 0.0 0.0
0.0 0.0 0.0
0.0 0.0 0.0
0.0 0.0 0.0
0.0 0.0 0.0
0.0 0.0 0.0
0.0 0.0 0.0
0.0 0.0 0.0
0.0 0.0 0.0
0.0 0.0 0.0
0.0 0.0 0.0612490214407444
0.0 0.0 0.3806309998035431
0.0 0.0 0.4118938446044922
0.0 0.0 0.20616839826107025
0.14551235735416412 0.0 0.07672225683927536
0.23954591155052185 0.0 0.07793319225311279
0.17639249563217163 0.0 0.13803061842918396
0.034018583595752716 0.0 0.1565108299255371
0.0 0.26484397053718567 0.16600313782691956
0.06924661248922348 0.17951680719852448 0.20274783670902252
0.25568413734436035 0.0 0.09378113597631454
0.3767019212245941 0.0 0.0336858332157135
0.38438698649406433 0.0 0.012389601208269596
0.3844088315963745 0.0 0.016804322600364685
0.21920335292816162 0.06293506920337677 0.02759571745991707
0.010567320510745049 0.286678671836853 0.00807554554194212
0.0 0.3324517607688904 0.0026917001232504845
0.11166970431804657 0.14718177914619446 0.015043173916637897
0.24154433608055115 0.0 0.014568333514034748
0.2267688512802124 0.0 0.0
0.19183270633220673 0.0 0.0
0.12540628015995026 0.0 0.0
0.14664100110530853 0.0 0.003947646357119083
0.209389328956604 0.0 0.024861451238393784
0.2773953080177307 0.0 0.04675130173563957
0.30180928111076355 0.0 0.05108213424682617
0.26581692695617676 0.0 0.021868322044610977
0.23434928059577942 0.0 0.0
0.21123890578746796 0.0 0.0
0.18013633787631989 0.0 0.0
0.16805624961853027 0.0 0.0010386984795331955
0.1604776829481125 0.0 0.013830925337970257
0.08923280984163284 0.0 0.0
0.08941256999969482 0.008079387247562408 0.0
0.059568390250205994 0.0 0.0
0.07462989538908005 0.0 0.0
0.09578152000904083 0.0 0.0
0.11280418187379837 0.0 0.0
0.1288854032754898 0.0 0.0
0.08060523122549057 0.0 0.003556717187166214
0.046397991478443146 0.04310820996761322 0.016189955174922943
0.06236443668603897 0.001622021198272705 0.014078333042562008
0.06344621628522873 0.0 0.008661464788019657
0.12539799511432648 0.0 0.0
0.21691486239433289 0.0 0.004307461902499199
0.31575942039489746 0.0 0.028455674648284912
0.3518569767475128 0.0 0.03715222701430321
0.32639607787132263 0.0 0.024119783192873
0.24441279470920563 0.0 0.024793561547994614
0.12615886330604553 0.0 0.027314241975545883
0.047290682792663574 0.006915586069226265 0.02783302590250969
0.006778409238904715 0.039949703961610794 0.028603747487068176
0.004849481862038374 0.02409084513783455 0.006098437123000622
0.014569487422704697 0.0 0.0
0.0009021442383527756 0.0 0.0
0.0 0.0 0.0
0.0 0.0 0.0
0.0 0.02319948375225067 0.0
0.0 0.007259134203195572 0.0
0.0 0.0 0.0
0.0 0.0030928850173950195 0.0
0.0 0.06478261202573776 0.0
0.0 0.10411857068538666 0.0
0.0 0.08167557418346405 0.0
0.02625117637217045 0.01981966756284237 0.0
0.035012975335121155 0.024135053157806396 0.0
0.0 0.06692805886268616 0.0
0.0 0.12045732885599136 0.0
0.0 0.16120663285255432 0.0
0.0 0.17759358882904053 0.0
0.0 0.17690089344978333 0.0
0.0 0.18911096453666687 0.0
0.0 0.17136099934577942 0.0
0.0 0.16531002521514893 0.0
0.0 0.1411447525024414 0.0
0.0 0.1148468479514122 0.0
0.0 0.04044158756732941 0.0
0.0 0.0 0.0
0.0 0.0 0.0
0.0 0.0 0.0
0.0 0.0 0.0
0.0 0.0003184909000992775 0.0
0.0 0.02004798874258995 0.0
0.0 0.037701815366744995 0.0
0.0 0.08443736284971237 0.0
0.0 0.12265904992818832 0.0
0.0 0.09449665248394012 0.0
0.0 0.08859109878540039 0.0
0.0 0.047507043927907944 0.0
0.0 0.0 0.0
0.0017869556322693825 0.0 0.09141109138727188
0.027422010898590088 0.04031464457511902 0.20187795162200928
0.09780589491128922 0.03976443409919739 0.3115474581718445
0.16524645686149597 0.014876394532620907 0.39226412773132324
0.1969468593597412 0.016822900623083115 0.4235682487487793
0.21048982441425323 0.0007363408803939819 0.45356425642967224
0.273727148771286 0.0 0.5201855897903442
0.33368128538131714 0.0 0.605159342288971
0.3919738829135895 0.0 0.7608967423439026
0.452042818069458 0.05726459622383118 0.8450273275375366
0.42471131682395935 0.11484906822443008 0.8128915429115295
0.3934839069843292 0.12263854593038559 0.7367544174194336
0.43630272150039673 0.022722601890563965 0.7090820074081421
0.5211036205291748 0.0 0.7523746490478516
0.5665571093559265 0.0 0.791201114654541
0.6437251567840576 0.0 0.8537193536758423
0.6319113373756409 0.0 0.7552900314331055
0.4954747259616852 0.0 0.6539314389228821
0.47640302777290344 0.0 0.6442090272903442
0.5043566226959229 0.0 0.7245246171951294
0.5218279957771301 0.0 0.7811226844787598
0.4494992196559906 0.0 0.6554643511772156
0.2928904592990875 0.024033144116401672 0.4352331757545471
0.21862365305423737 0.03429590165615082 0.28923362493515015
0.171112060546875 0.01013943087309599 0.23526492714881897
0.07819357514381409 0.051065560430288315 0.14366257190704346
0.0 0.0815289244055748 0.0019163601100444794
0.0 0.07599301636219025 0.0
0.0 0.04375704750418663 0.0
0.0 0.023157496005296707 0.0
0.0 0.0013611186295747757 0.0
0.0 0.0 0.0
0.0 0.0 0.0
0.0 0.0 0.0
0.0 0.013651340268552303 0.0
0.0 0.007414217106997967 0.0
0.0 0.0 0.0
0.0 0.0 0.0
0.0 0.011688857339322567 0.0
0.0 0.056519292294979095 0.0
0.0 0.06804491579532623 0.0
0.0 0.0015910603106021881 0.0
0.0 0.0 0.0
0.0 0.0 0.0
0.0 0.0 0.0
0.0 0.0 0.0
0.0 0.0 0.0
0.0 0.0 0.0
0.0 0.0 0.034078046679496765
0.050264980643987656 0.0 0.13861724734306335
0.05226368457078934 0.0 0.16564114391803741
0.07970063388347626 0.04657265171408653 0.20455658435821533
0.11525889486074448 0.08023686707019806 0.28087133169174194
0.19831809401512146 0.058362461626529694 0.4002131521701813
0.2981581389904022 0.03740924596786499 0.5485700964927673
0.4373173415660858 0.0 0.7100668549537659
0.5196106433868408 0.0 0.8005706667900085
0.5504399538040161 0.007200743071734905 0.8170028924942017
0.5555713176727295 0.05280498042702675 0.8439098596572876
0.5400962233543396 0.045201122760772705 0.8950098156929016
0.5518812537193298 0.0 0.9868257641792297
0.6011263132095337 0.0 1.0737948417663574
0.6557320356369019 0.007137891836464405 1.0616306066513062
0.6347936987876892 0.10760058462619781 0.9324807524681091
0.6326152086257935 0.1419827938079834 0.8374903202056885
0.6534496545791626 0.021686207503080368 0.8693580031394958
0.7292512059211731 0.0 0.9421355128288269
0.7810390591621399 0.0 0.9754183888435364
0.6844499111175537 0.0 0.8272006511688232
0.49351778626441956 0.0 0.6280859708786011
0.3380850553512573 0.0 0.49969926476478577
0.26238229870796204 0.02597896009683609 0.49689653515815735
0.2542458176612854 0.01657959818840027 0.456188827753067
0.21974509954452515 0.02580425515770912 0.2828069031238556
0.1525663137435913 0.049055516719818115 0.07175299525260925
0.011230496689677238 0.0425102636218071 0.0
0.0 0.0 0.0
0.0 0.0 0.0
0.0 0.0 0.0
0.0 0.0 0.0
0.0 0.0 0.0
0.0 0.0 0.0
0.0 0.0 0.0
0.0 0.0 0.0
0.0 0.0 0.0
0.0 0.026295077055692673 0.0
0.0 0.10848341882228851 0.0
0.0 0.08711661398410797 0.0
0.0 0.0 0.0
0.0 0.0 0.0
0.0 0.0 0.0
0.0 0.0 0.0
0.0 0.017972994595766068 0.0
0.0 0.005992232821881771 0.0
0.0 0.0 0.0
0.0 0.0 0.0
0.0 0.0 0.0
0.0 0.0 0.0
0.0 0.0 0.0
0.0 0.0 0.0
0.0 0.0 0.0
0.13381539285182953 0.0 0.08444389700889587
0.23955221474170685 0.0 0.28636103868484497
0.1776243895292282 0.0 0.3151487410068512
0.08347152918577194 0.12182082235813141 0.2646637260913849
0.09716923534870148 0.1578557938337326 0.2873519957065582
0.20067645609378815 0.0765012875199318 0.3810657262802124
0.2628737688064575 0.01871868222951889 0.4477352797985077
0.3064233660697937 0.021744832396507263 0.46847811341285706
0.3372233510017395 0.062006231397390366 0.48921430110931396
0.3391464352607727 0.08848843723535538 0.5138905644416809
0.3123590350151062 0.1320662796497345 0.5308573246002197
0.31430527567863464 0.1086171418428421 0.5457571744918823
0.3262772262096405 0.053426593542099 0.5147166848182678
0.2950490117073059 0.038902245461940765 0.4353023171424866
0.26393210887908936 0.040356867015361786 0.34739431738853455
0.25279557704925537 0.03422520309686661 0.2874374985694885
0.21368199586868286 0.04825260490179062 0.2529061436653137
0.17541158199310303 0.08025927096605301 0.24301277101039886
0.16782769560813904 0.07704483717679977 0.2536097466945648
0.12423547357320786 0.06018995866179466 0.23495829105377197
0.06433192640542984 0.04258566349744797 0.1413593739271164
0.0 0.06233326718211174 0.019916828721761703
0.0 0.02961793541908264 0.0
0.0 0.0 0.0
0.0 0.0 0.0
0.0 0.0 0.0
0.0 0.0 0.0
0.0 0.0 0.0
0.0 0.0 0.0
0.0 0.0 0.0
0.0 0.0 0.0
0.0 0.0 0.0
0.0 0.0 0.0
0.0 0.0 0.0
0.0 0.0 0.0
0.0 0.0 0.0
0.0 0.0 0.0
0.0 0.0 0.0
0.0 0.0 0.0
0.0 0.0 0.0
0.0 0.0 0.0
0.0 0.0 0.0
0.008236912079155445 0.0 0.0
0.0 0.04541551694273949 0.0
0.0 0.04210866987705231 0.020939532667398453
0.0385546050965786 0.022762134671211243 0.05022977665066719
0.053284283727407455 0.03540602698922157 0.07285252958536148
0.0350983552634716 0.04923901706933975 0.07912560552358627
0.01925334520637989 0.040829818695783615 0.0618470162153244
0.02796773985028267 0.028127074241638184 0.042663201689720154
0.04174960032105446 0.018503211438655853 0.050247885286808014
0.04806794971227646 0.013146794401109219 0.057771846652030945
0.05130954831838608 0.003592170774936676 0.05243167653679848
0.04302845150232315 0.006890495307743549 0.027788382023572922
0.01858995109796524 0.0 0.014669652096927166
0.0 0.00815975945442915 0.0
0.0 0.00713710393756628 0.0
0.013386134058237076 0.012349710799753666 0.005075347609817982
0.010230820626020432 0.0 0.0
0.0 0.0 0.0
0.029339266940951347 0.0 0.007302283309400082
0.05908997356891632 0.006878511048853397 0.02260720357298851
0.03567679226398468 0.0 0.014867790974676609
0.004812087398022413 0.0 0.0038180695846676826
0.0 0.0 0.0
0.0006359843537211418 0.0 0.0
0.033543601632118225 0.0 0.012665090151131153
0.03990615904331207 0.0 0.018101133406162262
0.027110468596220016 0.008017546497285366 0.019086506217718124
0.0 0.050636112689971924 0.01666249707341194
0.0 0.050707750022411346 0.004773878492414951
0.027392230927944183 0.03574690967798233 0.0
0.22670747339725494 0.10790739208459854 0.0
0.22604088485240936 0.27275121212005615 0.0
0.16885828971862793 0.24925947189331055 0.0
0.07395627349615097 0.22503694891929626 0.0
0.057803668081760406 0.16445030272006989 0.0
0.04892522096633911 0.08252613991498947 0.0
0.01371396891772747 0.019907493144273758 0.0
0.0 0.001999334432184696 0.0
0.0 0.0723605826497078 0.0
0.0 0.1808748096227646 0.0
0.0 0.17015931010246277 0.0
0.0 0.05722424015402794 0.0
0.0 0.018830247223377228 0.0
0.0 0.061402205377817154 0.0
0.0 0.0803881511092186 0.022079098969697952
0.049420036375522614 0.043000295758247375 0.03437917307019234
0.1895003318786621 0.05983351171016693 0.010193790309131145
0.3302249312400818 0.04143906012177467 0.02222302183508873
0.40837541222572327 0.05518816411495209 0.000613601878285408
0.44919154047966003 0.23729270696640015 0.0
0.5731608867645264 0.5020796060562134 0.0
0.878180205821991 0.7217448949813843 0.0
1.138930320739746 0.7064849734306335 0.0
1.228439450263977 0.5256251692771912 0.0
1.096862554550171 0.33624377846717834 0.0
0.8609005212783813 0.2395838350057602 0.0
0.590146005153656 0.3209870755672455 0.0
0.3364380896091461 0.38255029916763306 0.0
0.2770634591579437 0.23192830383777618 0.0
0.3094581365585327 0.0 0.0
0.2778695821762085 0.0 0.0
0.07564912736415863 0.0 0.0
0.03171762079000473 0.0 0.0
0.1319582164287567 0.0 0.2622832953929901
0.1084480807185173 0.0 0.534586489200592
0.0 0.0 0.4119769036769867
0.49275100231170654 0.0 0.3794248104095459
1.1740281581878662 0.0 0.599751889705658
1.7492506504058838 0.0 1.0854066610336304
2.428410768508911 0.0 1.6744425296783447
2.677372694015503 0.0 2.1368186473846436
2.671255111694336 0.0 2.1865060329437256
2.5743649005889893 0.0 2.106422185897827
2.7238597869873047 0.0 2.306605100631714
3.3219783306121826 0.0 3.300659656524658
3.8501901626586914 0.0 4.409554481506348
3.730368137359619 0.0 4.012924671173096
2.8000528812408447 0.0 3.2275397777557373
2.6682980060577393 0.0 2.871861696243286
2.759347677230835 0.0 3.4004054069519043
3.456268787384033 0.0 3.854853868484497
4.424338340759277 0.0 3.9118640422821045
4.914795875549316 0.0 3.6967413425445557
4.939673900604248 0.0 3.2025997638702393
4.710374355316162 0.0 2.054356098175049
3.8021554946899414 0.29945090413093567 0.5641222596168518
2.7361059188842773 1.4436144828796387 0.0
2.8033504486083984 1.7841243743896484 0.0
3.1648788452148438 2.0423030853271484 0.0
3.4860830307006836 2.271564483642578 0.0
3.552517890930176 2.1505167484283447 0.0
3.1243274211883545 2.4273719787597656 0.0
3.3265926837921143 2.2115983963012695 0.0
3.591489553451538 2.4719932079315186 0.0
3.613384246826172 3.4690542221069336 0.0
3.5293946266174316 3.8328440189361572 0.0
3.7081563472747803 3.28192400932312 0.0
3.5777244567871094 3.086193561553955 0.0
3.4128470420837402 2.910611152648926 0.0
3.4249370098114014 2.5724329948425293 0.0
3.349285125732422 2.3275697231292725 0.0
3.2201342582702637 2.1228604316711426 0.0
2.9207024574279785 2.0298349857330322 0.0
2.6840288639068604 2.0912344455718994 0.0
2.3948752880096436 1.6588605642318726 0.0
1.8652337789535522 1.099042296409607 0.0
1.3466763496398926 0.36056795716285706 0.0
0.6359769701957703 0.15691789984703064 0.0
0.37132105231285095 0.0 0.0
0.366046667098999 0.0 0.0
0.004237078595906496 0.0 0.0
0.0 0.0 0.0
0.0 0.0 0.0
0.0 0.0 0.0
0.0 0.0 0.0
0.0 0.0 0.0
0.0 0.0 0.0
0.0 0.0 0.0
0.0 0.0 0.0
0.0 0.0 0.0
0.0 0.0 0.0
0.0 0.0 0.0
0.0 0.0 0.0
0.0 0.0 0.0
0.0 0.0 0.0
0.0 0.0 0.0
0.0 0.0 0.0
0.0 0.0 0.0
0.0 0.0 0.0
0.0 0.0 0.12542682886123657
0.0 0.0 0.38136595487594604
0.0 0.0 0.381447434425354
0.0 0.0 0.2135966420173645
0.0 0.0 0.17415522038936615
0.0 0.0 0.15607741475105286
0.0 0.0 0.1510499119758606
0.0 0.0 0.2672843933105469
0.0 0.0 0.2950363755226135
0.0 0.0 0.22843870520591736
0.0 0.0 0.18471519649028778
0.0 0.0 0.14994975924491882
0.0 0.0 0.10430450737476349
0.0 0.0 0.02993440255522728
0.0 0.0 0.05783633887767792
0.005006998311728239 0.050317421555519104 0.09912838786840439
0.10722817480564117 0.046843595802783966 0.1215045303106308
0.08297242224216461 0.10226406902074814 0.10114463418722153
0.1145484521985054 0.16512292623519897 0.049316320568323135
0.11786036193370819 0.2516160309314728 0.0
0.1277012825012207 0.24212051928043365 0.0
0.16327205300331116 0.18972280621528625 0.0
0.2270353138446808 0.1225576251745224 0.0011594435200095177
0.2882864475250244 0.0 0.0
0.28947925567626953 0.0 0.0
0.3220832943916321 0.0 0.0
0.2686554789543152 0.0 0.0
0.19130901992321014 0.06266073137521744 0.0
0.1147223562002182 0.19214282929897308 0.0
0.08870168030261993 0.1665429174900055 0.0
0.11427361518144608 0.07509823143482208 0.0
0.19007889926433563 0.0 0.0
0.2624622881412506 0.0 0.0
0.2804229259490967 0.0 0.0
0.2577759325504303 0.0 0.0
0.1787671148777008 0.0 0.0
0.11177583783864975 0.0 0.0
0.06825099885463715 0.020950041711330414 0.0
0.10757310688495636 0.0 0.0
0.1296999752521515 0.0 0.0007908623665571213
0.12745094299316406 0.0 0.008163823746144772
0.10187766700983047 0.0 0.0058063929900527
0.0933760553598404 0.0 0.00033865775913000107
0.08378548175096512 0.0 0.0
0.0741560235619545 0.0 0.0
0.05490349978208542 0.0 0.006385098211467266
0.030201084911823273 0.0 0.024358239024877548
0.021497875452041626 0.0 0.04356628656387329
0.008609773591160774 0.0 0.05199439451098442
0.01086573675274849 0.000571797601878643 0.04026902839541435
0.019515153020620346 0.002720968797802925 0.029679235070943832
0.03237316012382507 0.0 0.022277776151895523
0.0334906205534935 0.0 0.012570823542773724
0.04309584200382233 0.0 0.010485301725566387
0.006857147440314293 0.0 0.012401445768773556
0.0 0.02832353115081787 0.02093980461359024
0.002519656904041767 0.018722038716077805 0.024219755083322525
0.004765767138451338 0.0060081081464886665 0.011381189338862896
0.007016404531896114 0.0 0.0
0.0208003930747509 0.0 0.007233581505715847
0.010083034634590149 0.015553676523268223 0.014670192264020443
0.011035114526748657 0.026134945452213287 0.027533791959285736
0.013103857636451721 0.02610671892762184 0.033964261412620544
0.00795650016516447 0.01343566458672285 0.013573768548667431
0.0 0.02097853645682335 0.0
0.01345939002931118 0.023049142211675644 0.0
0.001606192672625184 0.04109392315149307 0.012531674467027187
0.004698778502643108 0.04104548692703247 0.023245442658662796
0.01767076924443245 0.028330225497484207 0.005172434262931347
0.01677461713552475 0.011394116096198559 0.0
0.0 0.0 0.0
0.0 0.0 0.0
0.0062705762684345245 0.0 0.0
0.02857588231563568 0.0 0.0
0.030689632520079613 0.0 0.0
0.033886224031448364 0.0 0.0
0.054300952702760696 0.0 0.0
0.041659459471702576 0.0 0.0
0.027858160436153412 0.0 0.0
0.008548111654818058 0.0 0.0
0.0 0.0 0.0
0.0 0.0 0.0
0.0 0.0 0.0
0.023060208186507225 0.0 0.0
0.021931294351816177 0.0 0.0
0.014451274648308754 0.0017662569880485535 0.0029175356030464172
0.014346612617373466 0.0 0.012517432682216167
0.021908657625317574 0.0006842147558927536 0.004056836478412151
0.019751498475670815 0.014493237249553204 0.008353314362466335
0.019680924713611603 0.0038419244810938835 0.013659662567079067
0.00796088483184576 0.0 0.01030674297362566
0.01225869357585907 0.0 0.006045418791472912
0.013175886124372482 0.0 0.019925281405448914
0.032335467636585236 0.0 0.023286987096071243
0.018530704081058502 0.0 0.02002009004354477
0.0 0.0 0.026258278638124466
0.0 0.002743903547525406 0.03584326058626175
0.009951597079634666 0.0 0.024211104959249496
0.01966601051390171 0.0 0.01144364569336176
0.019755758345127106 0.0 0.0
0.0 0.0 0.0
0.0 0.0 0.0
0.0 0.0 0.0
0.0 0.0 0.0
0.0 0.01369056012481451 0.0
0.0 0.000849064439535141 0.0
0.010420580394566059 0.0 0.0
0.005336339585483074 0.0 0.0
0.0034473594278097153 0.0 0.0
0.0 0.017060790210962296 0.0
0.0 0.05032180994749069 0.0
0.0 0.04530734196305275 0.0
0.0 0.008188736625015736 0.0
0.0 0.0 0.0
0.0 0.0 0.0
0.0 0.0 0.0
0.0 0.0 0.0
0.0 0.0 0.0
0.0 0.0 0.0
0.0 0.0 0.0
0.0 0.0 0.10063720494508743
0.08464309573173523 0.0 0.22450801730155945
0.16406415402889252 0.0 0.38654565811157227
0.23189885914325714 0.0 0.5367852449417114
0.2606745660305023 0.0 0.6537035703659058
0.29598569869995117 0.016437239944934845 0.7578709721565247
0.3151002526283264 0.055678918957710266 0.7731455564498901
0.33669131994247437 0.0684778019785881 0.7509680986404419
0.39531946182250977 0.025835270062088966 0.751415491104126
0.4484809637069702 0.0 0.764627993106842
0.4327661693096161 0.0 0.7378048896789551
0.38756513595581055 0.016575723886489868 0.6733209490776062
0.3316667079925537 0.048806361854076385 0.6130414009094238
0.3011804521083832 0.057537004351615906 0.5689641833305359
0.3597998321056366 0.0 0.566116988658905
0.42072150111198425 0.0 0.5450937747955322
0.402286559343338 0.0 0.4679643511772156
0.3139537572860718 0.0 0.34761184453964233
0.23728324472904205 0.016388237476348877 0.23594628274440765
0.17634212970733643 0.04023630917072296 0.14567631483078003
0.08818616718053818 0.06858406215906143 0.0038699163123965263
0.0 0.0825672522187233 0.0
0.0 0.01965300552546978 0.0
0.0 0.0 0.0
0.0 0.0 0.0
0.0 0.00527593120932579 0.0
0.0 0.0 0.0
0.0 0.0 0.0
0.0 0.0 0.0
0.0 0.006849858909845352 0.0
0.0 0.0 0.0
0.0 0.0 0.0
0.0 0.0 0.0
0.0 0.0 0.0
0.0 0.0 0.0
0.0 0.0 0.0
0.0 0.0 0.0
0.0 0.0 0.00846466701477766
0.10467086732387543 0.0 0.24382710456848145
0.16617417335510254 0.0 0.39852482080459595
0.18782168626785278 0.02512740157544613 0.4822615087032318
0.20330584049224854 0.018528886139392853 0.5326056480407715
0.235850989818573 0.0 0.5820000767707825
0.36514559388160706 0.0 0.6654329299926758
0.5067594647407532 0.0 0.7981651425361633
0.5785883665084839 0.0 0.8791841268539429
0.5964315533638 0.029079796746373177 0.9147506356239319
0.6388910412788391 0.010859916917979717 0.9343460202217102
0.7058413028717041 0.0 0.9507907629013062
0.7097180485725403 0.0 0.8845912218093872
0.67207270860672 0.0 0.8116328716278076
0.6151191592216492 0.0 0.7480930685997009
0.49630752205848694 0.020581521093845367 0.6851039528846741
0.4019501209259033 0.046498071402311325 0.6276246905326843
0.3513000011444092 0.035121578723192215 0.5693928003311157
0.34472811222076416 0.02271444723010063 0.4795484244823456
0.37732866406440735 0.0 0.416719913482666
0.390728622674942 0.0 0.3526245653629303
0.3245357573032379 0.0 0.24610529839992523
0.22976796329021454 0.0 0.11797608435153961
0.08924760669469833 0.0 0.0
0.0 0.04394702985882759 0.0
0.0 0.04027958959341049 0.0
0.0 0.0 0.0
0.0 0.0 0.0
0.0 0.0 0.0
0.0 0.0 0.0
0.0 0.009815159253776073 0.0
0.0 0.0695786252617836 0.0
0.0 0.07510574907064438 0.0
0.0 0.05279058963060379 0.0
0.0 0.004884849302470684 0.0
0.0 0.0 0.0
0.0 0.0 0.0
0.0 0.0 0.0
0.0 0.0 0.0
0.0 0.0 0.0
0.0 0.0 0.0
0.0 0.0 0.0
0.0 0.0 0.0
0.0 0.017962034791707993 0.0
0.0 0.0 0.0
0.0 0.0 0.0
0.0 0.0 0.0
0.0 0.0 0.0
0.0 0.0 0.0335613377392292
0.0 0.036507755517959595 0.11793853342533112
0.01009952649474144 0.0944613367319107 0.23393064737319946
0.11421234905719757 0.10537763684988022 0.3867068886756897
0.16352982819080353 0.1506606936454773 0.4760165214538574
0.19801802933216095 0.18963871896266937 0.5534061193466187
0.2970106601715088 0.20595723390579224 0.6858507394790649
0.3969380557537079 0.2721650302410126 0.8387643694877625
0.46453067660331726 0.30644285678863525 1.0179593563079834
0.5644122958183289 0.31313109397888184 1.1664063930511475
0.5506210923194885 0.3673786222934723 1.1664444208145142
0.48834866285324097 0.3751939535140991 1.0996121168136597
0.49901077151298523 0.260416179895401 1.0833219289779663
0.5119789838790894 0.1435697227716446 1.0499550104141235
0.5264000296592712 0.030719880014657974 1.0839192867279053
0.5699664354324341 0.0 1.1919288635253906
0.5481090545654297 0.0 1.2419174909591675
0.47622770071029663 0.026563484221696854 1.0844730138778687
0.33610016107559204 0.13415305316448212 0.8184797167778015
0.2563973367214203 0.13415677845478058 0.5762441754341125
0.17935846745967865 0.06701689958572388 0.37655025720596313
0.09498021006584167 0.0 0.1617785543203354
0.002368779154494405 0.0 0.0
0.0 0.0 0.0
0.0 0.0 0.0
0.0 0.005450207740068436 0.0
0.0 0.034925010055303574 0.0
0.0 0.01392971258610487 0.0
0.0 0.0 0.0
0.0 0.0 0.0
0.0 0.026464413851499557 0.0
0.0 0.06317182630300522 0.0
0.0 0.07489132881164551 0.0
0.0 0.06086020544171333 0.0
0.0 0.09200666844844818 0.0
0.0 0.1185099184513092 0.0
0.0 0.06931599974632263 0.0
0.0 0.0 0.0
0.0 0.0 0.0
0.0 0.0 0.0
0.0 0.0 0.0
0.0 0.0 0.0
0.0 0.0 0.0
0.0 0.0 0.0
0.0 0.0 0.0
0.04907982423901558 0.0 0.046763818711042404
0.06378846615552902 0.0 0.1849595159292221
0.02562483213841915 0.028377361595630646 0.2712627053260803
0.03805646672844887 0.04096559062600136 0.3098870515823364
0.08316536247730255 0.06077791377902031 0.38945725560188293
0.20900876820087433 0.05546277388930321 0.6064968705177307
0.39146941900253296 0.04183351621031761 1.0259867906570435
0.5620003938674927 0.10119616985321045 1.2661170959472656
0.6259034276008606 0.2359665036201477 1.2992417812347412
0.6703683733940125 0.22512184083461761 1.3327685594558716
0.783599317073822 0.041787177324295044 1.399540901184082
0.789953351020813 0.0 1.3896726369857788
0.7511308789253235 0.0 1.3175570964813232
0.6614038944244385 0.0 1.2248735427856445
0.5649149417877197 0.0 1.1717461347579956
0.5109281539916992 0.025242287665605545 1.135026216506958
0.5204672813415527 0.04007503017783165 1.1437160968780518
0.5711873173713684 0.00788783747702837 1.1889864206314087
0.522949755191803 0.05823676288127899 1.1128172874450684
0.41739264130592346 0.10707993805408478 0.9014629125595093
0.3515675663948059 0.07411879301071167 0.6539175510406494
0.29639965295791626 0.0 0.40098893642425537
0.13848087191581726 0.0 0.08316384255886078
0.0 0.0183924101293087 0.0
0.0 0.0022379420697689056 0.0
0.0 0.0 0.0
0.0 0.0 0.0
0.0 0.0 0.0
0.0 0.0 0.0
0.0 0.0 0.0
0.0 0.0 0.0
0.0 0.015573454089462757 0.0
0.0 0.043636515736579895 0.0
0.0 0.004934924654662609 0.0
0.0 0.0 0.0
0.0 0.025002378970384598 0.0
0.0 0.06117130070924759 0.0
0.0 0.09553726017475128 0.0
0.0 0.06284509599208832 0.0
0.0 0.0 0.0
0.0 0.0 0.0
0.0 0.0 0.0
0.0 0.0 0.0
0.0 0.0 0.0
0.0027501925360411406 0.0035111987963318825 0.10429495573043823
0.07750751823186874 0.014678898267447948 0.20549960434436798
0.1100875660777092 0.008054285310208797 0.25387778878211975
0.12674030661582947 0.00361586082726717 0.29462575912475586
0.11577874422073364 0.042845290154218674 0.3288295269012451
0.15146109461784363 0.05742902308702469 0.3901272416114807
0.18500760197639465 0.07095389068126678 0.45140019059181213
0.22392651438713074 0.06535565853118896 0.5062549114227295
0.26065975427627563 0.061867982149124146 0.5664361715316772
0.31124943494796753 0.04028332978487015 0.6256289482116699
0.33922088146209717 0.03248026594519615 0.7070750594139099
0.34841758012771606 0.022749077528715134 0.7455947399139404
0.3505220115184784 0.01742115616798401 0.7477351427078247
0.34755977988243103 0.0 0.7198331952095032
0.30453240871429443 0.0 0.6467211842536926
0.23728838562965393 0.0013881269842386246 0.5467770099639893
0.2135087549686432 0.0017167609184980392 0.4717584550380707
0.228835791349411 0.0 0.4290724992752075
0.20621490478515625 0.0 0.3433445692062378
0.15721353888511658 0.0 0.2274235486984253
0.11984965205192566 0.0 0.1168602854013443
0.08213689178228378 0.0 0.04921519011259079
0.031231634318828583 0.0 0.025369778275489807
0.0 0.0 0.034753646701574326
0.01186412200331688 0.0 0.04667795076966286
0.058701399713754654 0.0 0.05453747138381004
0.07157166302204132 0.0 0.044978853315114975
0.0504746288061142 0.0 0.02346077933907509
0.05694345012307167 0.0 0.019300390034914017
0.09520029276609421 0.0 0.03243989497423172
0.11993014067411423 0.0 0.009066925384104252
0.09903258085250854 0.0 0.0
0.08007007092237473 0.0 0.0
0.0 0.0 0.0
0.0 0.027447205036878586 0.0
0.0 0.0 0.0
0.0 0.0 0.0
0.0 0.0 0.0
0.015911594033241272 0.0 0.0
0.004976654425263405 0.014576678164303303 0.0
0.0 0.016795359551906586 0.0
0.0030341451056301594 0.0 0.0
0.026473689824342728 0.0 0.0
0.02426726184785366 0.0 0.0
0.1167103722691536 0.0 0.01882181689143181
0.21994781494140625 0.0 0.04219025745987892
0.29903143644332886 0.0 0.021393101662397385
0.31714174151420593 0.0 0.01932355761528015
0.2680588960647583 0.0 0.02648746222257614
0.2116592526435852 0.005538443103432655 0.026265621185302734
0.2955847978591919 0.04454629495739937 0.06996303051710129
0.3071058988571167 0.030630216002464294 0.0892626941204071
0.2635136544704437 0.01377533283084631 0.07061124593019485
0.18269339203834534 0.0777931958436966 0.051850076764822006
0.12953269481658936 0.14278684556484222 0.041914887726306915
0.1423443704843521 0.13957586884498596 0.04096413776278496
0.24439723789691925 0.14599595963954926 0.0
0.23321515321731567 0.13134723901748657 0.0
0.17861635982990265 0.07865685969591141 0.0
0.19170738756656647 0.08550358563661575 0.0
0.3841378092765808 0.06930889934301376 0.0
0.5552515387535095 0.0 0.0
0.6724239587783813 0.0 0.0
0.823083221912384 0.0 0.0
1.1006395816802979 0.0 0.0
1.4857912063598633 0.0 0.0
1.3870055675506592 0.0 0.0
1.1271848678588867 0.0 0.0
0.8474277257919312 0.0 0.0
0.9356116056442261 0.0 0.11125454306602478
1.578526258468628 0.0 0.38797375559806824
2.345688819885254 0.0 0.5992332696914673
2.3083975315093994 0.0 0.5565217733383179
2.109637498855591 0.0 0.8213424682617188
2.595027208328247 0.0 1.7060387134552002
3.676889657974243 0.0 3.0501976013183594
4.579174041748047 0.0 4.403925895690918
3.684504747390747 0.0 3.846813917160034
2.919725179672241 0.0 3.349193811416626
3.32669734954834 0.0 3.229757070541382
3.3202126026153564 0.0 3.9286863803863525
3.538530111312866 0.0 4.32698917388916
3.678541898727417 0.0 4.2274322509765625
4.396789073944092 0.0 4.074367046356201
5.190433502197266 0.0 3.7489824295043945
5.23313045501709 0.0 3.5598056316375732
4.76450777053833 0.025524932891130447 3.371837854385376
4.612560749053955 0.9391431212425232 2.5036723613739014
4.477101802825928 1.562159776687622 1.4402962923049927
3.4948487281799316 2.535799503326416 0.0
3.172529935836792 2.6931962966918945 0.0
3.233410358428955 2.799579620361328 0.0
3.352930784225464 2.6335840225219727 0.0
3.5914878845214844 2.4052681922912598 0.0
3.6380531787872314 3.014495849609375 0.0
3.6522276401519775 3.4107470512390137 0.0
4.12999963760376 3.3205432891845703 0.0
4.137607574462891 3.779322624206543 0.0
4.019143581390381 3.7670812606811523 0.0
3.8467600345611572 2.9623563289642334 0.0
3.5530242919921875 2.2745869159698486 0.0
3.2511188983917236 2.2766785621643066 0.0
3.261005401611328 2.41780424118042 0.0
3.447770595550537 2.5029494762420654 0.0
3.1710050106048584 2.787963390350342 0.0
2.682114362716675 2.944410562515259 0.0
2.393754005432129 2.5767500400543213 0.0
1.8315167427062988 1.952244758605957 0.0
1.2265986204147339 0.9429059028625488 0.0
0.6329135894775391 0.07507037371397018 0.0
0.2426566779613495 0.0 0.0
0.011634912341833115 0.0 0.0
0.0 0.0 0.0
0.0 0.0 0.0
0.0 0.0 0.0
0.0 0.0 0.0
0.0 0.0 0.0
0.0 0.0 0.0
0.0 0.0 0.0
0.0 0.0 0.0
0.0 0.0 0.0
0.0 0.0 0.0
0.0 0.0 0.0
0.0 0.0 0.0
0.0 0.0 0.0
0.0 0.0 0.0
0.0 0.0 0.0
0.0 0.0 0.0
0.0 0.0 0.0
0.0 0.0 0.0
0.0 0.0 0.0
0.0 0.0 0.0
0.0 0.0 0.0
0.0 0.0 0.0
0.0 0.0 0.0
0.0 0.0 0.21995356678962708
0.0 0.0 0.34584784507751465
0.0 0.0 0.27960678935050964
0.0 0.0 0.15140432119369507
0.0 0.0 0.058020055294036865
0.0 0.0 0.08064600080251694
0.0 0.0 0.1936926543712616
0.0 0.0 0.27523306012153625
0.0 0.09752092510461807 0.3195384740829468
0.0 0.20283538103103638 0.29545125365257263
0.03367359936237335 0.15289923548698425 0.2332877516746521
0.1160811185836792 0.021066367626190186 0.1909509301185608
0.1922225058078766 0.0 0.13901957869529724
0.2468753606081009 0.0 0.10402856022119522
0.3089653551578522 0.0 0.07886780798435211
0.34650394320487976 0.0 0.05562959611415863
0.26783841848373413 0.0 0.03584231436252594
0.20739425718784332 0.0 0.004399435594677925
0.18708473443984985 0.0 0.008490582928061485
0.10942241549491882 0.0 0.0
0.08292023837566376 0.0 0.0
0.09112410247325897 0.0 0.0120746660977602
0.14863693714141846 0.0 0.017866242676973343
0.17683076858520508 0.0 0.0
0.12275952845811844 0.0 0.0
0.13751265406608582 0.0 0.0
0.11587552726268768 0.0 0.0
0.10204679518938065 0.0 0.0
0.025566935539245605 0.0 0.0
0.03933681175112724 0.0 0.0
0.09131079167127609 0.0 0.0
0.10196876525878906 0.0 0.0
0.07864080369472504 0.0 0.0
0.0582234188914299 0.0 0.0
0.06356358528137207 0.0 0.0
0.04868743568658829 0.0 0.0
0.06127939373254776 0.0 0.004209019243717194
0.0834139883518219 0.0 0.028949253261089325
0.07903926074504852 0.0 0.04067614674568176
0.046133507043123245 0.0 0.03199078142642975
0.0 0.013370143249630928 0.03162539005279541
0.00668543204665184 0.013342978432774544 0.03385765105485916
0.034464068710803986 0.0 0.02656378783285618
0.03992834314703941 0.0 0.010517977178096771
0.03679220378398895 0.0 0.0029844269156455994
0.044196855276823044 0.0 0.010560587048530579
0.03976988419890404 0.0 0.02873612754046917
0.0289478600025177 0.0 0.04577263444662094
0.05444496497511864 0.0 0.056699857115745544
0.07805389165878296 0.0 0.04193449020385742
0.053653474897146225 0.0 0.027806418016552925
0.05047685652971268 0.0 0.024552570655941963
0.062076520174741745 0.0 0.03856319189071655
0.07579446583986282 0.0 0.05256050080060959
0.03652455657720566 0.0 0.03188452124595642
0.0 0.0 0.0
0.0 0.0 0.0
0.0 0.0 0.0
0.008344048634171486 0.0 0.0
0.006392218172550201 0.0 0.0
0.0010845381766557693 0.0 0.0
0.003163401735946536 0.0 0.0
0.03399109095335007 0.0 0.0
0.06711149215698242 0.0 0.0
0.06828994303941727 0.0 0.0
0.05013543739914894 0.0 0.0
0.04885578900575638 0.0 0.0
0.0007588337175548077 0.0 0.0
0.0 0.0 0.0
0.0031420965678989887 0.0 0.0
0.02341567538678646 0.0 0.0
0.050952762365341187 0.0 0.0
0.04453747346997261 0.0 0.0
0.016821956261992455 0.0 0.0
0.005961052142083645 0.0 0.0
0.01962945982813835 0.0 0.012448502704501152
0.024039121344685555 0.0 0.0018784161657094955
0.02419758029282093 0.0 0.0
0.006100069265812635 0.0 0.0
0.0 0.0 0.0
0.0 0.0 0.0016432590782642365
0.03242435306310654 0.0 0.014736955985426903
0.03453357517719269 0.0 0.0168877262622118
0.031262416392564774 0.0 0.02543940208852291
0.0 0.0 0.006970113143324852
0.0 0.0 0.0
0.005833753384649754 0.0 0.00701751746237278
0.021921642124652863 0.0 0.0
0.001984866103157401 0.0 0.0
0.006596129387617111 0.0 0.0
0.02385820634663105 0.0 0.0
0.0 0.0 0.0
0.0 0.0 0.0
0.0483611524105072 0.0 0.0
0.07929137349128723 0.0 0.0
0.03487330675125122 0.0 0.0
0.0 0.0 0.0
0.0 0.0 0.0
0.0 0.0 0.0
0.01212698221206665 0.0 0.0
0.02529764547944069 0.0 0.0840943455696106
0.0 0.03279522806406021 0.2517096996307373
0.045968569815158844 0.0 0.35994696617126465
0.1913081854581833 0.0 0.4294280409812927
0.28812500834465027 0.0 0.451602041721344
0.2539273500442505 0.0 0.46425604820251465
0.19739803671836853 0.0 0.47576355934143066
0.19838659465312958 0.03892076760530472 0.4941655099391937
0.24514345824718475 0.031317174434661865 0.5127692818641663
0.28344106674194336 0.0 0.5161704421043396
0.3015210032463074 0.0 0.41042691469192505
0.24220837652683258 0.0 0.26460766792297363
0.151600182056427 0.0 0.15484654903411865
0.0962839424610138 0.01492675207555294 0.1426602005958557
0.08348985016345978 0.0733967199921608 0.15020014345645905
0.22320885956287384 0.030588271096348763 0.15252533555030823
0.4252932667732239 0.0 0.10626569390296936
0.5425572991371155 0.0 0.009028362110257149
0.6852028965950012 0.10732033103704453 0.0
0.8893291354179382 0.2950960695743561 0.0
1.1730036735534668 0.5974045395851135 0.0
1.04656982421875 0.9893866777420044 0.0
0.7832258343696594 0.8990128636360168 0.0
0.6835485100746155 0.5189368724822998 0.0
0.6475377678871155 0.15985198318958282 0.0
0.6057080626487732 0.0 0.0
0.4537579417228699 0.0 0.0
0.17079491913318634 0.014153903350234032 0.0
0.0 0.050211772322654724 0.0
0.0 0.024406807497143745 0.10112527012825012
0.0 0.0 0.17544050514698029
0.0 0.0 0.1759694218635559
0.0 0.0 0.16467441618442535
0.0 0.0 0.16412873566150665
0.0 0.0 0.16468612849712372
0.0 0.0 0.15331390500068665
0.0 0.0 0.10586462914943695
0.0 0.0 0.0626031756401062
0.0 0.0 0.05075240507721901
0.0 0.0 0.013471877202391624
0.0 0.0 0.0
0.0 0.0 0.0
0.0 0.0 0.0
0.0 0.0 0.0
0.0 0.0 0.0
0.0 0.0 0.0
0.0046618166379630566 0.0 0.0
0.1569157987833023 0.018693409860134125 0.0
0.32023414969444275 0.0 0.0
0.5735257863998413 0.08602291345596313 0.0
0.7332329154014587 0.12063495814800262 0.0
0.7432940602302551 0.026886094361543655 0.014553386718034744
0.6960216164588928 0.016630258411169052 0.0
0.719769299030304 0.1371430903673172 0.0
0.7535773515701294 0.22301699221134186 0.0
0.7487722039222717 0.12893229722976685 0.016007207334041595
0.7622629404067993 0.09263820946216583 0.048073794692754745
0.6855854988098145 0.08753585815429688 0.03126658499240875
0.5723811984062195 0.0505400225520134 0.0332208126783371
0.5153983235359192 0.12208078801631927 0.0
0.43178412318229675 0.28294607996940613 0.0
0.3395255506038666 0.31589072942733765 0.0
0.24607497453689575 0.25847509503364563 0.03811357542872429
0.14214511215686798 0.16183671355247498 0.06347006559371948
0.031123783439397812 0.04835090413689613 0.04917341470718384
0.0 0.0 0.06699343025684357
0.0 0.0 0.06765894591808319
0.0 0.0 0.08121763169765472
0.0 0.0 0.1387491077184677
0.0 0.0 0.19715222716331482
0.0 0.0 0.2201526165008545
0.0 0.0 0.2490399330854416
0.0 0.0 0.3023678660392761
0.0 0.0 0.3485233783721924
0.0 0.0 0.3987484574317932
0.0 0.0 0.42522749304771423
0.0 0.0 0.3113184869289398
0.0 0.0 0.11197608709335327
0.0 0.0777261033654213 0.0
0.0 0.22379623353481293 0.0
0.0 0.23996400833129883 0.0
0.0 0.1692887842655182 0.0
0.0 0.0845901370048523 0.0
0.0 0.0 0.0
0.0 0.0 0.0
0.0 0.015003067441284657 0.0
0.0 0.15336307883262634 0.0
0.0 0.15392979979515076 0.0
0.1106235608458519 0.11371785402297974 0.0
0.22274237871170044 0.061732422560453415 0.0
0.30064836144447327 0.0378103107213974 0.0
0.29714685678482056 0.24317143857479095 0.0
0.24590682983398438 0.3983994126319885 0.0
0.22011038661003113 0.31298622488975525 0.0
0.27418187260627747 0.14553597569465637 0.09037609398365021
0.37139976024627686 0.008983189240098 0.1646183729171753
0.4192751348018646 0.0 0.17133378982543945
0.4185403883457184 0.002582547254860401 0.14583882689476013
0.34194067120552063 0.07826238870620728 0.13356751203536987
0.24928344786167145 0.08555999398231506 0.22026751935482025
0.22577784955501556 0.060765158385038376 0.32357901334762573
0.25290772318840027 0.0 0.37383949756622314
0.28116708993911743 0.0 0.3206375241279602
0.20464593172073364 0.0 0.28997498750686646
0.11353413015604019 0.0 0.3274967670440674
0.09529094398021698 0.0 0.4317947030067444
0.20262061059474945 0.0 0.5562481880187988
0.24041618406772614 0.0 0.6033275127410889
0.21263381838798523 0.0 0.6018785238265991
0.11821729689836502 0.0 0.6413281559944153
0.015703976154327393 0.0 0.7557746171951294
0.03704122453927994 0.0 0.8639516830444336
0.08557679504156113 0.0 0.7368256449699402
0.07815776765346527 0.07966215908527374 0.46425169706344604
0.0 0.2537285089492798 0.30160897970199585
0.0 0.30262652039527893 0.30284708738327026
0.10534091293811798 0.4269697964191437 0.2583957314491272
0.09823346883058548 0.6665834188461304 0.15440647304058075
0.013470117002725601 0.9383185505867004 0.03051595762372017
0.0 0.9726381301879883 0.0
0.0 0.7602608799934387 0.0
0.10394541919231415 0.6565925478935242 0.0
0.07888107746839523 0.5977334976196289 0.0
0.0 0.46338826417922974 0.0
0.0 0.29187214374542236 0.0
0.0 0.06987237930297852 0.0
0.0 0.0 0.0
0.0 0.0 0.0
0.0 0.0 0.0
0.0 0.0 0.0
0.0 0.0 0.0
0.0 0.0 0.0
0.0 0.0 0.0
0.0 0.0 0.0
0.0 0.0 0.0
0.0 0.0 0.0
0.0 0.0 0.0
0.0 0.0 0.0
0.0 0.0 0.0
0.0 0.0 0.0
0.0 0.0 0.0
0.10241347551345825 0.0 0.0
0.43963173031806946 0.0 0.0
0.8327169418334961 0.0 0.0
1.1436585187911987 0.0 0.0
1.3184303045272827 0.0 0.0
1.2386457920074463 0.0 0.0
0.9694660305976868 0.0 0.0
0.7175959348678589 0.0 0.0
0.6262239813804626 0.0 0.058716025203466415
0.6352155804634094 0.0 0.10770992934703827
0.6411901116371155 0.0 0.13960155844688416
0.5970202684402466 0.0 0.18193410336971283
0.48025718331336975 0.0 0.23767459392547607
0.30083683133125305 0.0 0.27269861102104187
0.10015537589788437 0.11532259732484818 0.30113503336906433
0.0 0.1898128092288971 0.3450484275817871
0.004435506649315357 0.12055225670337677 0.3739096522331238
0.006670165341347456 0.0493939146399498 0.3534033000469208
0.0 0.0 0.3154846727848053
0.0 0.013651898130774498 0.2915143668651581
0.0 0.049737460911273956 0.3286247253417969
0.0 0.08771947026252747 0.40148240327835083
0.0 0.153598353266716 0.3966330587863922
0.0 0.24087360501289368 0.3639307916164398
0.0 0.29827696084976196 0.36624348163604736
0.0 0.46430668234825134 0.3732169568538666
0.0 0.6464410424232483 0.32913950085639954
0.0 0.7242966890335083 0.29356661438941956
0.0 0.7543368935585022 0.23255279660224915
0.0 0.7354497313499451 0.15577226877212524
0.0 0.7165871262550354 0.07467634975910187
0.0 0.8010545969009399 0.0
0.0 0.7928035855293274 0.0
0.0 0.7024811506271362 0.0
0.0 0.648464024066925 0.0
0.0 0.46041980385780334 0.0
0.0 0.2126728594303131 0.0
0.0 0.0 0.0
0.0 0.0 0.0
0.0 0.0 0.0
0.0 0.02877678908407688 0.0
0.0 0.12358212471008301 0.0
0.0 0.15762585401535034 0.0
0.0 0.07245982438325882 0.0
0.0 0.0 0.0
0.0 0.0 0.0
0.0 0.0 0.0
0.0 0.0 0.0
0.0 0.0 0.0
0.0 0.0 0.0
0.042587075382471085 0.0 0.0
0.07860047370195389 0.0 0.0
0.0997113510966301 0.0 0.0
0.1424151360988617 0.0 0.0
0.24697883427143097 0.0 0.0
0.3675369322299957 0.0 0.0
0.3877367377281189 0.0 0.0
0.3244709372520447 0.0 0.0
0.20463962852954865 0.0 0.0
0.13937407732009888 0.0 0.0
0.16274890303611755 0.0 0.0
0.22255338728427887 0.0 0.0
0.26424381136894226 0.0 0.0
0.3036053478717804 0.0 0.0
0.2574194669723511 0.0 0.012275396846234798
0.16209456324577332 0.0 0.06079312786459923
0.07221447676420212 0.03428648039698601 0.09868219494819641
0.04125522822141647 0.07684565335512161 0.10598910599946976
0.047642022371292114 0.06620153784751892 0.10601840168237686
0.054086871445178986 0.021577075123786926 0.09525497257709503
0.024485569447278976 0.0 0.06389598548412323
0.0 0.0 0.0538334883749485
0.0 0.009217876009643078 0.03452104702591896
0.0 0.04529518634080887 0.0559493713080883
0.0 0.04836660996079445 0.07017651200294495
0.022506840527057648 0.027112454175949097 0.0532931350171566
0.013184712268412113 0.018734417855739594 0.024328328669071198
0.014212159439921379 0.0 0.025344859808683395
0.005804293788969517 0.03472030907869339 0.017896529287099838
0.0016497622709721327 0.08152270317077637 0.01373347733169794
0.026096250861883163 0.060187049210071564 0.0203184075653553
0.09221721440553665 0.003724840469658375 0.0165226049721241
0.14442715048789978 0.0 0.01905633881688118
0.1571994125843048 0.0 0.02020389214158058
0.12843354046344757 0.0 0.021109100431203842
0.07421024888753891 0.049499787390232086 0.010081217624247074
0.04952008277177811 0.06118334084749222 0.025897197425365448
0.05045219138264656 0.03669317811727524 0.03544196859002113
0.041017141193151474 0.011273038573563099 0.014967319555580616
0.0271599143743515 0.0 0.006127488799393177
0.030437201261520386 0.0 0.0
0.027372967451810837 0.0 0.0
0.041215550154447556 0.01984601840376854 0.0
0.07508908957242966 0.018614839762449265 0.023877989500761032
0.0748310312628746 0.0 0.04624774307012558
0.060035839676856995 0.0 0.030034150928258896
0.047455333173274994 0.0 0.009648720733821392
0.07520141452550888 0.01762937568128109 0.012126453220844269
0.09639724344015121 0.014345431700348854 0.02621564082801342
0.1103157252073288 0.0 0.01771855726838112
0.1272992342710495 0.0 0.019876517355442047
0.12196492403745651 0.0 0.018734287470579147
0.10283250361680984 0.0 0.015431435778737068
0.0824768990278244 0.0 0.02706572227180004
0.0748211145401001 0.0 0.04405801743268967
0.04285172373056412 0.004819838330149651 0.042742952704429626
0.033509623259305954 0.00493488647043705 0.01701042428612709
0.026164356619119644 0.0007452014833688736 0.004103680141270161
0.047475770115852356 0.001753740943968296 0.007524777203798294
0.061370279639959335 0.001734033226966858 0.005526873283088207
0.04118884727358818 0.013496950268745422 0.0
0.035790618509054184 0.008171958848834038 0.003155594691634178
0.04744727537035942 0.0 0.008554887026548386
0.05928555876016617 0.0 0.0
0.0773569718003273 0.002757219597697258 0.007826512679457664
0.08250992745161057 0.0 0.024953568354249
0.06760261207818985 0.0 0.020507419481873512
0.03576239198446274 0.00391143374145031 0.005278133787214756
0.053969357162714005 0.011337125673890114 0.00014249421656131744
0.14151917397975922 0.012241534888744354 0.0
0.2005864828824997 0.03670027107000351 0.0
0.18816231191158295 0.014551827684044838 0.0
0.16923150420188904 0.0 0.0
0.07136379927396774 0.0 0.0
0.0 0.0 0.0
0.0 0.0 0.0
0.08383458107709885 0.0 0.0
0.263782262802124 0.0 0.07063929736614227
0.5130082964897156 0.0 0.2683854103088379
1.0742391347885132 0.0 0.46574828028678894
2.2792131900787354 0.0 1.0561527013778687
3.4452273845672607 0.0 1.9558210372924805
3.9473960399627686 0.0 2.6154794692993164
3.224954128265381 0.0 2.8407235145568848
2.979172945022583 0.0 2.587970018386841
3.4230737686157227 0.0 2.8790338039398193
4.602895259857178 0.0 3.949647903442383
4.912457466125488 0.0 5.457931995391846
4.690584182739258 0.0 6.017861843109131
3.853545904159546 0.0 5.245503902435303
3.7644400596618652 0.0 4.056941032409668
3.8536789417266846 0.0 3.6927614212036133
4.295174598693848 0.0 3.625795602798462
4.9032487869262695 0.0 3.159393310546875
5.162198066711426 0.24680157005786896 2.2932584285736084
4.412963390350342 1.7074822187423706 1.5758060216903687
3.752368211746216 2.2065188884735107 0.39460912346839905
3.1965765953063965 1.7820894718170166 0.0
2.9242637157440186 1.4297477006912231 0.0
2.8147013187408447 1.6334353685379028 0.0
3.0734670162200928 1.5250076055526733 0.0
2.924544095993042 1.3331583738327026 0.0
2.486630916595459 1.3439595699310303 0.0
2.5936901569366455 1.1920437812805176 0.0
2.7906482219696045 1.2683771848678589 0.0
2.9661896228790283 1.3606642484664917 0.0
3.086318016052246 1.6455271244049072 0.0
2.9957478046417236 2.410630941390991 0.0
2.913505792617798 2.899540901184082 0.0
2.904860019683838 2.4066576957702637 0.0
2.661100387573242 1.8553991317749023 0.0
2.540034532546997 1.3819596767425537 0.0
2.416738510131836 1.3467673063278198 0.0
2.4029228687286377 1.7111079692840576 0.0
2.7446646690368652 1.8572684526443481 0.0
2.8898518085479736 1.951959252357483 0.0
2.8221428394317627 1.9346396923065186 0.0
2.4439804553985596 2.0501182079315186 0.0
2.1596829891204834 2.321866273880005 0.0
1.9835542440414429 2.0217745304107666 0.0
1.5130729675292969 1.494834303855896 0.0
1.1353046894073486 0.5433124303817749 0.0
0.7298300862312317 0.0 0.0
0.309416264295578 0.0 0.0
0.0 0.0 0.0
0.0 0.0 0.0
0.0 0.0 0.0
0.0 0.0 0.0
0.0 0.0 0.0
0.0 0.0 0.0
0.0 0.0 0.0
0.0 0.0 0.0
0.0 0.0 0.0
0.0 0.0 0.0
0.0 0.0 0.0
0.0 0.0 0.0
0.0 0.0 0.0
0.0 0.0 0.0
0.0 0.0 0.0
0.0 0.0 0.0
0.0 0.0 0.0
0.0 0.0 0.0
0.0 0.0 0.0
0.0 0.0 0.0
0.0 0.0 0.0
0.0 0.0 0.0
0.0 0.0 0.196546733379364
0.0 0.0 0.23991528153419495
0.0 0.0 0.23423555493354797
0.011461460031569004 0.0 0.4132066071033478
0.0 0.0 0.6660122275352478
0.0 0.0 0.6694900393486023
0.0 0.0 0.38634198904037476
0.0 0.0 0.18407756090164185
0.0 0.0 0.2263573706150055
0.0 0.0 0.36641886830329895
0.05617060884833336 0.0 0.47358474135398865
0.15441754460334778 0.0 0.4714432954788208
0.25425493717193604 0.0 0.40165969729423523
0.2912401258945465 0.0 0.3238394558429718
0.317579060792923 0.0 0.25033435225486755
0.2870642840862274 0.0 0.2138383984565735
0.2552349865436554 0.0 0.20409202575683594
0.2701396346092224 0.0 0.2107160985469818
0.3139970898628235 0.0 0.1906355917453766
0.3889291286468506 0.0 0.15803876519203186
0.43320924043655396 0.0 0.10284290462732315
0.4093414545059204 0.0 0.04619480296969414
0.283737450838089 0.0 0.04234946519136429
0.15803997218608856 0.0 0.04812825843691826
0.0355372354388237 0.1302746683359146 0.04628162086009979
0.0003664642572402954 0.15267477929592133 0.04493459314107895
0.04637816548347473 0.07612541317939758 0.021643120795488358
0.07344893366098404 0.0 0.0
0.1577925682067871 0.0 0.0
0.154625803232193 0.0 0.0
0.1259499490261078 0.0 0.0
0.10528942197561264 0.0 0.0
0.10724896937608719 0.0 0.0
0.06605306267738342 0.0 0.0
0.021663231775164604 0.011688902974128723 0.0
0.05455060675740242 0.0 0.0
0.10220175236463547 0.0 0.0
0.13929904997348785 0.0 0.0
0.11994878947734833 0.0 0.0004084063693881035
0.11151456087827682 0.0 0.0
0.06260959804058075 0.0 0.0
0.005122337490320206 0.0 0.0
0.0 0.03808934986591339 0.0
0.018703926354646683 0.014578966423869133 0.005142441019415855
0.0 0.0 0.0
0.0 0.0 0.0
0.012409545481204987 0.0 0.0
0.02391519956290722 0.0 0.01256919838488102
0.0 0.0 0.008039427921175957
0.0 0.0040336474776268005 0.007822379469871521
0.001594714354723692 0.0 0.004895832389593124
0.011222483590245247 0.0 0.002870716154575348
0.017575189471244812 0.0 0.007193559780716896
0.033471863716840744 0.0 0.013665573671460152
0.0 0.0 0.0
0.0 0.0 0.0
0.004919847007840872 0.004040594212710857 0.0
0.047429755330085754 0.0 0.00962129794061184
0.0050261071883141994 0.009392216801643372 0.0
0.0 0.016943875700235367 0.0
0.0 0.0 0.0
0.009269054979085922 0.0 0.0
0.01678236573934555 0.0 0.0
0.0008252370171248913 0.0 0.0
0.0 0.0 0.0
0.013488834723830223 0.0 0.0
0.036833569407463074 0.0 0.003126380033791065
0.03669295459985733 0.0 0.015923934057354927
0.027268828824162483 0.007161285728216171 0.0009322017431259155
0.019954988732933998 0.009358393028378487 0.0
0.003998393192887306 0.021096808835864067 0.0
0.02635429985821247 0.0 0.0
0.02742888405919075 0.0 0.0
0.0 0.01485436037182808 0.0
0.0 0.005279229953885078 0.0
0.0 0.0 0.0
0.010273866355419159 0.0 0.0
0.011324217543005943 0.005090944468975067 0.0
0.03673689812421799 0.0 0.012743586674332619
0.05252784490585327 0.0 0.030996892601251602
0.04203232750296593 0.006004408933222294 0.01816897839307785
0.016387417912483215 0.01985630765557289 0.023299291729927063
0.0248501468449831 0.0 0.026499081403017044
0.0 0.02635149285197258 0.0028219809755682945
0.0 0.01678861305117607 0.006957070901989937
0.0014276441652327776 0.0 0.019831323996186256
0.03235093876719475 0.0 0.015722066164016724
0.01105896569788456 0.0 0.013434944674372673
0.0014750482514500618 0.0018328335136175156 0.0177503302693367
0.0 0.055008433759212494 0.0167806725949049
0.0 0.04869301617145538 0.005960782989859581
0.008181421086192131 0.0 0.0
0.047645203769207 0.0 0.0
0.02334359660744667 0.010483046993613243 0.0
0.0 0.05306299775838852 0.0
0.0039017205126583576 0.022123990580439568 0.0
0.0368221178650856 0.0 0.0020097168162465096
0.03799843788146973 0.0 0.0
0.0 0.0 0.0
0.0008526677265763283 0.0073104240000247955 0.0
0.005063657648861408 0.012593602761626244 0.0
0.0 0.01145402155816555 0.008093304932117462
0.018604382872581482 0.0 0.010398538783192635
0.01665681228041649 0.0 0.0
0.0 0.0 0.0
0.0 0.0 0.0
0.013472471386194229 0.0 0.0
0.031373705714941025 0.0 0.012631598860025406
0.09154996275901794 0.0 0.07188214361667633
0.16535095870494843 0.0 0.14274431765079498
0.20244798064231873 0.0 0.1556723713874817
0.22059662640094757 0.0 0.14713481068611145
0.21546179056167603 0.0 0.12567958235740662
0.24331259727478027 0.0 0.11308284103870392
0.14923882484436035 0.0 0.046391427516937256
0.08023232966661453 0.0 0.029002580791711807
0.08109492808580399 0.016399243846535683 0.06132563576102257
0.07910101860761642 0.10252134501934052 0.06051656976342201
0.20541048049926758 0.14278888702392578 0.029859323054552078
0.8584298491477966 0.0 0.018771782517433167
1.2702879905700684 0.0 0.0
1.1990790367126465 0.0 0.0
1.1086095571517944 0.0 0.0
1.1155388355255127 0.0 0.0
1.1107484102249146 0.09304102510213852 0.0
1.1246111392974854 0.3027244806289673 0.0
1.139702558517456 0.4833834767341614 0.0
0.9527523517608643 0.4811645448207855 0.0
0.7087689638137817 0.3588165044784546 0.0
0.5625550150871277 0.1748884916305542 0.07199026644229889
0.49585428833961487 0.0 0.09527507424354553
0.49482232332229614 0.0 0.06913615763187408
0.4093460440635681 0.0 0.07242169976234436
0.22672243416309357 0.0 0.09976676106452942
0.0 0.08769819140434265 0.1062861829996109
0.0 0.22322538495063782 0.11256565153598785
0.0 0.1863163709640503 0.09521782398223877
0.0 0.002634163945913315 0.031574130058288574
0.0 0.0 0.0
0.0 0.0 0.0008665518835186958
0.0 0.0 0.01872064918279648
0.0 0.0 0.014900878071784973
0.0 0.030601616948843002 0.0
0.0 0.14912265539169312 0.0
0.0 0.2535199224948883 0.0
0.0 0.3535067141056061 0.0
0.0 0.40880244970321655 0.0
0.0 0.42367780208587646 0.0
0.0 0.46940481662750244 0.0
0.0 0.4266672134399414 0.0
0.0 0.28481045365333557 0.0
0.0 0.08235695958137512 0.0
0.0 0.0 0.0
0.0 0.0 0.0
0.0 0.0 0.0
0.0 0.0 0.0
0.0 0.0 0.0
0.0 0.0 0.0
0.048878930509090424 0.0 0.0
0.1623852550983429 0.0 0.0
0.3622802495956421 0.0 0.0
0.7323997020721436 0.0 0.0
1.072389006614685 0.0 0.0
1.136949896812439 0.0 0.0
0.9994159936904907 0.0 0.0
0.8957841396331787 0.0 0.0
0.8160802721977234 0.1250615417957306 0.0
0.8219586610794067 0.24811264872550964 0.0
0.8285901546478271 0.18403804302215576 0.044764500111341476
0.7575186491012573 0.09894019365310669 0.09398956596851349
0.6606909036636353 0.06098508834838867 0.05978153273463249
0.5800573229789734 0.024129070341587067 0.007577450945973396
0.5214869379997253 0.06891784816980362 0.0017959950491786003
0.3742636740207672 0.15423062443733215 0.009148450568318367
0.21545326709747314 0.3256886601448059 0.014527769759297371
0.09354253858327866 0.35027575492858887 0.042234230786561966
0.0 0.2866259515285492 0.06544448435306549
0.0 0.24445399641990662 0.045719243586063385
0.0 0.24800798296928406 0.02818339318037033
0.0 0.22268664836883545 0.05228819698095322
0.0 0.13451683521270752 0.09357811510562897
0.0 0.0305267833173275 0.09644633531570435
0.0 0.0 0.05592447891831398
0.0 0.0 0.012739989906549454
0.0 0.0 0.0
0.0 0.007942909374833107 0.0
0.0 0.10688760131597519 0.0
0.0 0.15231552720069885 0.015267062932252884
0.0 0.21033808588981628 0.07535862922668457
0.0 0.2747804820537567 0.12897658348083496
0.0 0.27565959095954895 0.1267555058002472
0.0 0.21084222197532654 0.09178394079208374
0.0 0.1461298167705536 0.024841126054525375
0.0 0.1930786669254303 0.0
0.0 0.23773109912872314 0.0
0.0 0.23765093088150024 0.0
0.0 0.16097372770309448 0.0
0.0 0.0 0.0
0.12769171595573425 0.0 0.0
0.2735956609249115 0.0 0.0
0.39714315533638 0.0 0.0
0.6213943362236023 0.0 0.0
0.9187727570533752 0.0 0.0
0.8995934724807739 0.0 0.0
0.791094958782196 0.0 0.0
0.7233121991157532 0.0 0.0
0.6935657858848572 0.1781323403120041 0.0
0.7729471325874329 0.2790682911872864 0.0
0.8292844295501709 0.1758074015378952 0.0
0.7582640647888184 0.0 0.004987634718418121
0.8112114071846008 0.0 0.01773618534207344
0.9833235740661621 0.0 0.0
0.9235414266586304 0.0 0.007454254664480686
0.6980167031288147 0.0 0.0524667352437973
0.46097514033317566 0.0347759835422039 0.06945397704839706
0.3072361648082733 0.05949491262435913 0.07868155837059021
0.21535897254943848 0.026701010763645172 0.0829990804195404
0.1588887721300125 0.0 0.06843025237321854
0.01493479497730732 0.012297570705413818 0.059584036469459534
0.0 0.09784895926713943 0.02381458505988121
0.0 0.14184144139289856 0.0020203404128551483
0.0 0.1665092408657074 0.011503591202199459
0.0 0.17310748994350433 0.027198664844036102
0.0 0.15742813050746918 0.031049594283103943
0.0 0.11305960267782211 0.003283211961388588
0.0 0.09741006791591644 0.0
0.0 0.1242174506187439 0.0
0.0 0.18486109375953674 0.0
0.0 0.19116425514221191 0.0
0.0 0.17096684873104095 0.0
0.0 0.14981308579444885 0.0
0.0 0.1146194115281105 0.0
0.0 0.09320227056741714 0.0
0.0 0.11001694202423096 0.0
0.0 0.08428281545639038 0.0
0.0 0.04463846608996391 0.0
0.0 0.04017714038491249 0.0
0.0 0.009214961901307106 0.0
0.0 0.007942236959934235 0.0
0.0 0.03107898309826851 0.0
0.0 0.11703942716121674 0.009979729540646076
0.0 0.1265285462141037 0.026129670441150665
0.0 0.0 0.013118266128003597
0.24300497770309448 0.0 0.0
0.6126783490180969 0.0 0.0
0.9160635471343994 0.0 0.0
0.9157394170761108 0.0 0.0
0.7168668508529663 0.0 0.0
0.5648325681686401 0.0 0.028654612600803375
0.5122764110565186 0.06551658362150192 0.0668611228466034
0.5571429133415222 0.11857181787490845 0.0706862211227417
0.46872252225875854 0.23570019006729126 0.07232017815113068
0.3342270255088806 0.19664067029953003 0.06871345639228821
0.41007092595100403 0.10301350057125092 0.04780125617980957
0.5017505288124084 0.018854685127735138 0.045239292085170746
0.5033491849899292 0.0 0.08231502026319504
0.46989724040031433 0.0 0.11284469813108444
0.4519456624984741 0.0 0.09778852015733719
0.3636871576309204 0.0 0.07137848436832428
0.22934481501579285 0.0 0.06701169908046722
0.10462019592523575 0.03765260800719261 0.059494659304618835
0.0 0.07840190827846527 0.04424833506345749
0.0 0.10421726107597351 0.033396750688552856
0.0 0.04912710562348366 0.019674014300107956
0.0 0.02175513468682766 0.0
0.0 0.07194000482559204 0.0
0.0 0.1432751715183258 0.0337887704372406
0.0 0.19659724831581116 0.04676182568073273
0.0 0.1788100004196167 0.005440482869744301
0.0 0.10147020220756531 0.0
0.0 0.011365078389644623 0.0
0.0 0.07320261001586914 0.0
0.0 0.11659109592437744 0.0
0.0 0.09823845326900482 0.0
0.0 0.02252851612865925 0.0
0.0 0.0 0.0
0.0 0.0 0.0
0.0 0.03251137584447861 0.0
0.0 0.0 0.0
0.008411369286477566 0.0 0.0
0.16099770367145538 0.0 0.0
0.20167270302772522 0.0 0.0
0.15152564644813538 0.0 0.0
0.17130467295646667 0.0 0.0
0.3504613935947418 0.0 0.0
0.5886827111244202 0.0 0.0
0.7306736707687378 0.0 0.0
0.7052141427993774 0.0 0.0
0.6221466660499573 0.0 0.0
0.532272219657898 0.0 0.0
0.4710754156112671 0.0 0.0
0.440189927816391 0.0 0.0
0.34319815039634705 0.0 0.0
0.1788043975830078 0.0 0.0
0.048455189913511276 0.0 0.012831553816795349
0.0 0.058305952697992325 0.023748384788632393
0.0 0.0818946361541748 0.0039579011499881744
0.0 0.02770942822098732 0.0
0.0 0.0 0.0
0.0 0.0 0.0
0.0 0.017100460827350616 0.0013653142377734184
0.0 0.0617278590798378 0.0
0.0 0.09994901716709137 0.01233665645122528
0.0 0.05932541936635971 0.035340242087841034
0.0 0.026337377727031708 0.022808738052845
0.0 0.015773149207234383 0.0014741551131010056
0.0 0.01678941212594509 0.010097736492753029
0.04940049350261688 0.0 0.026757940649986267
0.09641674160957336 0.0016312319785356522 0.02190299704670906
0.09009838849306107 0.006987648084759712 0.01437903381884098
0.07733731716871262 0.029343020170927048 0.013255713507533073
0.06555842608213425 0.03147674724459648 0.017418233677744865
0.0688285231590271 0.03362058848142624 0.011047951877117157
0.08700300008058548 0.004907718859612942 0.0036582136526703835
0.09333572536706924 0.0 0.0046622250229120255
0.10497027635574341 0.0 0.011105477809906006
0.05709569901227951 0.0 0.001116226427257061
0.0 0.030595771968364716 0.012311089783906937
0.0 0.033773455768823624 0.02495870739221573
0.0 0.0 0.014233892783522606
0.0026194085367023945 0.0 0.000458691269159317
0.0420517660677433 0.0 0.006200732663273811
0.026995588093996048 0.0 0.019993510097265244
0.0 0.0 0.0
0.012341544032096863 0.008258242160081863 0.0
0.08148865401744843 0.0 0.017411842942237854
0.13909603655338287 0.0 0.011397892609238625
0.15316630899906158 0.0 0.0
0.14588789641857147 0.0 0.0
0.12231198698282242 0.0 0.0
0.08686771243810654 0.01654626615345478 0.01865101046860218
0.07620947062969208 0.07607510685920715 0.026215720921754837
0.11035492271184921 0.04519202560186386 0.022183429449796677
0.124275803565979 0.0 0.010415984317660332
0.1053260788321495 0.0 0.0
0.08427432179450989 0.0072121527045965195 0.0
0.04167785868048668 0.04451904445886612 0.0
0.03543354570865631 0.07009098678827286 0.0
0.03474991396069527 0.10742264240980148 0.0
0.03590812161564827 0.08089010417461395 0.0
0.037078846246004105 0.011860167607665062 0.0
0.0917130634188652 0.0 0.0
0.0841454267501831 0.0 0.0
0.0 0.0 0.0
0.0 0.0 0.0
0.0 0.0 0.0
0.2954035997390747 0.0 0.09546909481287003
1.123335361480713 0.0 0.2820991575717926
1.8055623769760132 0.0 0.5315452218055725
1.9566349983215332 0.0 0.8974789977073669
2.1615700721740723 0.0 1.2628580331802368
3.0071675777435303 0.0 1.5480003356933594
4.194364547729492 0.0 1.6567673683166504
4.554932594299316 0.0 1.8083611726760864
4.055159568786621 0.0 2.15600848197937
4.176504135131836 0.0 2.7280967235565186
4.502649784088135 0.0 3.633610248565674
4.490192890167236 0.0 4.835071563720703
4.290587425231934 0.0 5.076331615447998
3.5342462062835693 0.0 3.959235191345215
3.222675323486328 0.0 3.149280548095703
3.796856164932251 0.0 3.312263011932373
4.576623439788818 0.0 3.7066452503204346
4.8062615394592285 0.0 3.785810708999634
4.753735542297363 0.09081164747476578 3.2854137420654297
4.394952774047852 0.7364795804023743 2.251929521560669
3.785099983215332 1.2615247964859009 0.9132130742073059
3.111311912536621 1.6723687648773193 0.0
2.9325928688049316 1.9981389045715332 0.0
3.2722973823547363 2.3059616088867188 0.0
3.6505532264709473 2.5190751552581787 0.0
3.737208843231201 2.5039443969726562 0.0
3.3605570793151855 2.921184778213501 0.0
3.559689521789551 3.1093263626098633 0.0
4.015651226043701 3.213162899017334 0.0
4.105976581573486 3.4374330043792725 0.0
4.187841892242432 3.3981211185455322 0.0
4.389848709106445 3.1615567207336426 0.0
4.167569160461426 3.427243947982788 0.0
4.25507116317749 3.4965264797210693 0.0
4.484652996063232 3.297426223754883 0.0
4.129204273223877 3.1901135444641113 0.0
3.8507678508758545 2.748957395553589 0.0
3.412097930908203 2.3121957778930664 0.0
2.796740770339966 1.6726154088974 0.0
1.9120863676071167 1.1634559631347656 0.0
1.3691437244415283 0.4730657935142517 0.0
0.9204996228218079 0.0 0.0
0.5661668181419373 0.0 0.0
0.04231320694088936 0.0 0.0
0.0 0.0 0.0
0.0 0.0 0.0
0.0 0.0 0.0
0.0 0.0 0.0
0.0 0.0 0.0
0.0 0.0 0.0
0.0 0.0 0.0
0.0 0.0 0.0
0.0 0.0 0.0
0.0 0.0 0.0
0.0 0.0 0.0
0.0 0.0 0.0
0.0 0.0 0.0
0.0 0.0 0.0
0.0 0.0 0.0
0.0 0.0 0.0
0.0 0.0 0.0
0.0 0.0 0.0
0.0 0.0 0.0
0.0 0.0 0.0
0.0 0.0 0.0
0.0 0.0 0.0
0.0 0.0 0.0
0.0 0.0 0.0
0.0 0.0 0.0
0.0 0.0 0.0
0.0 0.0 0.0
0.0 0.0 0.0
0.0 0.0 0.0
0.0 0.0 0.1289471536874771
0.0 0.0 0.08379512280225754
0.0 0.0 0.0
0.0 0.0 0.0
0.0 0.0 0.1878293752670288
0.0 0.0 0.38524872064590454
0.0 0.0 0.4265540838241577
0.0 0.0 0.15339364111423492
0.0 0.0 0.05610969662666321
0.0 0.0 0.15476037561893463
0.0 0.0 0.3689831793308258
0.0 0.20713189244270325 0.6375229954719543
0.0 0.27320224046707153 0.6222822666168213
0.0 0.14420565962791443 0.3772405982017517
0.2872074842453003 0.0 0.1105540320277214
0.3994237780570984 0.0 0.07928053289651871
0.2898450791835785 0.0 0.0
0.18018224835395813 0.0420401357114315 0.0
0.08096671104431152 0.11131401360034943 0.0
0.014468908309936523 0.05500813573598862 0.007369588129222393
0.09322124719619751 0.0 0.016426466405391693
0.15899652242660522 0.0 0.049004651606082916
0.12899228930473328 0.02157321199774742 0.07464077323675156
0.0 0.12507696449756622 0.04163115471601486
0.013349581509828568 0.03480273112654686 0.009429543279111385
0.1185484379529953 0.0 0.0
0.2773359417915344 0.0 0.0
0.2960292100906372 0.0 0.0
0.2772033214569092 0.0 0.0
0.15636666119098663 0.0 0.0
0.12832491099834442 0.0 0.0
0.2158968299627304 0.047465261071920395 0.0
0.36484673619270325 0.01765771582722664 0.0
0.3603867292404175 0.0 0.0
0.3656030595302582 0.0 0.0
0.25170284509658813 0.0 0.0
0.056552015244960785 0.08273498713970184 0.0
0.0 0.10954210162162781 0.0
0.011951521039009094 0.0977802500128746 0.0
0.05315595120191574 0.047606028616428375 0.0
0.13925568759441376 0.0 0.0
0.19968760013580322 0.0 0.03115745261311531
0.11509761959314346 0.0 0.06572555005550385
0.03841908276081085 0.0026904838159680367 0.057650841772556305
0.09579022973775864 0.015233173966407776 0.08497247844934464
0.23610712587833405 0.0 0.12123088538646698
0.20435719192028046 0.0 0.10292165726423264
0.07170406728982925 0.12953497469425201 0.0
0.0 0.4814642667770386 0.0
0.0 0.49407482147216797 0.0
0.1896972805261612 0.0 0.0
0.4550756812095642 0.0 0.0
0.23451535403728485 0.0 0.0
0.06866566836833954 0.11299275606870651 0.0
0.04193764925003052 0.20334449410438538 0.0
0.042510226368904114 0.0703427642583847 0.0
0.08500310033559799 0.014934632927179337 0.0
0.0 0.03204784169793129 0.0
0.0 0.0 0.0
0.0641247108578682 0.0 0.0
0.11492504179477692 0.0 0.0
0.0 0.04469838738441467 0.0
0.0 0.12968358397483826 0.033649373799562454
0.0 0.08591000735759735 0.06063837558031082
0.0 0.038090817630290985 0.0
0.08282995969057083 0.0 0.0
0.0024166060611605644 0.0 0.02623140439391136
0.0 0.049950141459703445 0.0061280010268092155
0.0 0.025626160204410553 0.0
0.0 0.0 0.0
0.11585342139005661 0.0 0.0
0.0 0.0 0.0
0.0 0.0 0.0
0.019127674400806427 0.0 0.0
0.0 0.0 0.0
0.010881995782256126 0.0 0.0
0.024891555309295654 0.0 0.0
0.0 0.03212533891201019 0.0
0.0 0.08932657539844513 0.0
0.06470421701669693 0.05176322162151337 0.0
0.055227093398571014 0.027390237897634506 0.0
0.056556008756160736 0.0 0.0
0.0 0.0 0.0
0.0 0.05118114873766899 0.0
0.0 0.05321047827601433 0.0
0.007352027110755444 0.0 0.0
0.016914106905460358 0.0 0.0
0.0 0.0075077032670378685 0.0
0.0 0.06781498342752457 0.05853836238384247
0.021037477999925613 0.029164530336856842 0.09174851328134537
0.0 0.05898847430944443 0.1030949130654335
0.0 0.1304147094488144 0.07823643088340759
0.0 0.06982194632291794 0.050756074488162994
0.0568372905254364 0.01868259534239769 0.03331476449966431
0.00681832991540432 0.07302252948284149 0.027649687603116035
0.0 0.21990597248077393 0.020983263850212097
0.0 0.3325771391391754 0.056046709418296814
0.0 0.28003162145614624 0.18287496268749237
0.08113037794828415 0.14526262879371643 0.28609028458595276
0.05315413698554039 0.19344080984592438 0.21118490397930145
0.0 0.07282652705907822 0.13764463365077972
0.0 0.0 0.0
0.2643265724182129 0.0 0.0
0.5182424783706665 0.0 0.0
