0.0 0.0 0.03882931172847748
0.0 0.0 0.0
0.0 0.03307623043656349 0.0
0.04849464073777199 0.038152482360601425 0.0
0.0 0.04318319261074066 0.0
0.0 0.0 0.05027957260608673
0.0 0.0 0.0
0.0 0.0 0.0
0.0 0.0 0.0
0.00572027824819088 0.0 0.0
0.024837514385581017 0.0 0.0
0.0 0.0 0.0
0.0 0.022623322904109955 0.0
0.0 0.05075749009847641 0.008262614719569683
0.08275461196899414 0.013964055106043816 0.06483853608369827
0.20246343314647675 0.0 0.04133161902427673
0.1705763339996338 0.0 0.030368182808160782
0.08739569783210754 0.007716545835137367 0.02747359499335289
0.050155386328697205 0.051395583897829056 0.022969920188188553
0.030523894354701042 0.13136285543441772 0.0
0.08951078355312347 0.1749180555343628 0.0
0.22033511102199554 0.21207953989505768 0.0
0.38570940494537354 0.0 0.0
0.7949877381324768 0.0 0.0
1.199817419052124 0.0 0.0
1.234684944152832 0.0 0.0
0.7929142117500305 0.0 0.0
0.2382856160402298 0.11992430686950684 0.0
0.0 0.17477025091648102 0.0
0.0 0.0 0.0
0.03581852465867996 0.0 0.0
0.03343925625085831 0.0 0.0
0.331956148147583 0.0 0.0
0.3308277726173401 0.1610693484544754 0.0
0.05470433086156845 0.34687837958335876 0.03999790921807289
0.0 0.0 0.0
0.07085800170898438 0.1286376416683197 0.0
0.8114565014839172 0.9794427752494812 0.0
1.2247302532196045 1.1433062553405762 0.0
0.982423722743988 0.6527519822120667 0.0
0.8966733813285828 0.45660433173179626 0.0
0.7819995284080505 0.5683354139328003 0.0
0.7702669501304626 0.25848910212516785 0.0
1.2645970582962036 0.4250842332839966 0.0
1.2455637454986572 0.5556890964508057 0.0
0.5192456245422363 0.555437445640564 0.04211333766579628
0.2840331196784973 0.680962085723877 0.0
0.16633471846580505 0.0 0.0
0.2506464123725891 0.0 0.0
0.35705938935279846 0.0 0.0
0.22991609573364258 0.0 0.0
0.0 0.0 0.0
0.0 0.0 0.0005600359290838242
0.0 0.0 0.22744804620742798
0.0 0.0 0.3742188513278961
0.0 0.0 0.22128842771053314
0.0 0.0 0.5065502524375916
0.0 0.0 0.917241096496582
0.0 0.6432580947875977 0.792693018913269
0.0 0.8387530446052551 0.6084036231040955
0.0 0.7148750424385071 0.5888397693634033
0.0 0.6111936569213867 0.5494401454925537
0.3903036415576935 0.5658791661262512 0.44254598021507263
0.061535608023405075 0.13734667003154755 0.07037214189767838
0.0 0.02745399996638298 0.0834173709154129
0.0 0.03503655269742012 0.05758124217391014
0.0 0.03828667476773262 0.0
0.0 0.17310547828674316 0.0
0.05301375687122345 0.34920912981033325 0.0
0.16551047563552856 0.27689605951309204 0.0
0.2929248809814453 0.0 0.0
0.4251132905483246 0.0 0.0
0.4826207756996155 0.0 0.0
0.5547482371330261 0.0 0.0
0.48994341492652893 0.0 0.0
0.352312833070755 0.0 0.0
0.30415916442871094 0.0 0.0
0.33518072962760925 0.0 0.0
0.22716237604618073 0.0 0.0
0.24260418117046356 0.0 0.0
0.16949376463890076 0.0 0.0
0.09710904955863953 0.0 0.0
0.11890701949596405 0.0 0.0
0.051550619304180145 0.0 0.0
0.0 0.00570290070027113 0.0
0.0 0.023819319903850555 0.0
0.0 0.0 0.0
0.0 0.10432535409927368 0.0
0.0 0.40862131118774414 0.017888426780700684
0.0 0.3655308485031128 0.0
0.0 0.46235406398773193 0.0
0.0 0.5976916551589966 0.03393929824233055
0.0 0.47555455565452576 0.048647936433553696
0.0 0.46817252039909363 0.0
0.0 0.27392491698265076 0.0
0.0 0.05080901458859444 0.11643242090940475
0.0 0.0 0.14784441888332367
0.0 0.09365101903676987 0.0950714722275734
0.0 0.1981300264596939 0.03525102138519287
0.0 0.20950545370578766 0.06413805484771729
0.0 0.13686640560626984 0.08764497935771942
0.0 0.0462089367210865 0.09195078164339066
0.044037114828825 0.0 0.0758620947599411
0.1490444839000702 0.0 0.021058766171336174
0.14589104056358337 0.0 0.008028451353311539
0.06895657628774643 0.0 0.02451181970536709
0.008447427302598953 0.0 0.008214075118303299
0.015004130080342293 0.0 0.0
0.07030946761369705 0.0 0.004396433010697365
0.04442673549056053 0.0 0.02975665219128132
0.0 0.0 0.010967250913381577
0.0 0.06044193357229233 0.0
0.0 0.0911436527967453 0.005774885416030884
0.03136632591485977 0.01555728167295456 0.0
0.12624303996562958 0.0 0.0
0.1776428371667862 0.0 0.04053579270839691
0.12679937481880188 0.0 0.014640549197793007
0.024991251528263092 0.09208375215530396 0.0
0.009663959965109825 0.0739084780216217 0.018375098705291748
0.07255211472511292 0.0 0.010111842304468155
0.041130274534225464 0.0 0.0
0.0 0.0 0.0
0.014128482900559902 0.0 0.0
0.14446064829826355 0.0 0.044353701174259186
0.3248879611492157 0.0 0.10189954936504364
0.43217766284942627 0.0 0.2524709403514862
0.5244144201278687 0.0 0.3394383192062378
0.41661468148231506 0.01641109213232994 0.3950960040092468
0.21997378766536713 0.37930405139923096 0.6848900318145752
0.0 0.36501219868659973 0.9544967412948608
0.0 0.00846901349723339 1.0621440410614014
0.0 0.0 0.9952859282493591
0.0 0.08188597112894058 0.7842230200767517
0.0 0.3405952751636505 0.8692574501037598
0.0 0.3554389476776123 1.3340245485305786
0.0 0.22688470780849457 1.5974104404449463
0.0 0.5547587275505066 1.590043544769287
0.0 0.8000991940498352 1.6067354679107666
0.006974966265261173 0.6461259126663208 1.9346251487731934
0.0 0.2835386395454407 2.312222957611084
0.0 0.0 1.9963264465332031
0.0 0.0 1.1119784116744995
0.0 0.13531723618507385 0.40461573004722595
0.0 0.3129284977912903 0.41219189763069153
0.0 0.4556780457496643 0.393453985452652
0.0 0.43644124269485474 0.11918196827173233
0.0 0.2941328287124634 0.0
0.0 0.2526035010814667 0.0
0.0 0.4065872132778168 0.0
0.0 0.555217444896698 0.0
0.0 0.6652880311012268 0.0
0.0 0.5344266891479492 0.0
0.0 0.29891958832740784 0.0
0.0 0.017033061012625694 0.0
0.14856098592281342 0.0 0.0
0.23281806707382202 0.0 0.0
0.23742693662643433 0.0 0.0
0.09793934971094131 0.0 0.0
0.03908002749085426 0.05810007452964783 0.0
0.13744868338108063 0.0 0.0
0.37904638051986694 0.0 0.0
0.4720759391784668 0.0 0.0
0.4538058340549469 0.0 0.0
0.41177770495414734 0.0 0.0
0.35604944825172424 0.0 0.0
0.29488277435302734 0.0 0.0
0.26963308453559875 0.0 0.0
0.23403353989124298 0.0 0.0
0.1999959498643875 0.0 0.0
0.16953709721565247 0.0 0.0
0.1386343091726303 0.0 0.0
0.12519067525863647 0.002325222361832857 0.0
0.10891423374414444 0.05538604408502579 0.0
0.07409366965293884 0.05095800757408142 0.0
0.04683568701148033 0.06461229920387268 0.0
0.033378198742866516 0.0665244460105896 0.0
0.04050268977880478 0.047257278114557266 0.02500806748867035
0.0 0.06099306046962738 0.07684063911437988
0.0 0.044833000749349594 0.15332582592964172
0.0 0.0 0.21623662114143372
0.0 0.0 0.2439310997724533
0.003297263290733099 0.0 0.2070511132478714
0.038423825055360794 0.02032552659511566 0.11998011916875839
0.0389399453997612 0.01520160585641861 0.0686895027756691
0.07965142279863358 0.0 0.04651335999369621
0.10959441214799881 0.0 0.038214150816202164
0.05318572744727135 0.0 0.02705417573451996
0.0 0.008177252486348152 0.0
0.0 0.0 0.0
0.0066038439981639385 0.0 0.0
0.03369138762354851 0.0 0.0
0.05963936448097229 0.0 0.019585341215133667
0.021214213222265244 0.0 0.023550786077976227
0.0 0.0 0.024158786982297897
0.0 0.0 0.02005200833082199
0.02548985555768013 0.0 0.02142167091369629
0.02446693554520607 0.0 0.01932310312986374
0.008662670850753784 0.0 0.0
0.0 0.015622595325112343 0.0
0.0 0.010341547429561615 0.0
0.0 0.0 0.0
0.0 0.0 0.0
0.0 0.0 0.0
0.0 0.0 0.0
0.0025017138104885817 0.0 0.0
0.01622338593006134 0.0 0.0
0.03822615370154381 0.002575503196567297 0.03231799602508545
0.05628451704978943 0.0 0.03996260091662407
0.03666021674871445 0.01766337640583515 0.0
0.010237397626042366 0.0061220345087349415 0.0
0.020686045289039612 0.01770731806755066 0.0
0.05549781769514084 0.0 0.011079552583396435
0.06084597855806351 0.0 0.0035169748589396477
0.0 0.0 0.0
0.0 0.011421725153923035 0.0
0.0 0.05281151086091995 0.0
0.0 0.03990849480032921 0.02238866686820984
0.01586971804499626 0.009015027433633804 0.027842286974191666
0.021141711622476578 0.017481481656432152 0.03540060669183731
0.026371628046035767 0.026995092630386353 0.0472351610660553
0.03581466153264046 0.01416637934744358 0.06117601320147514
0.004143020138144493 0.03135628625750542 0.029934201389551163
0.0 0.0 0.027587957680225372
0.0 0.0 0.031698811799287796
0.0 0.003942237701267004 0.0
0.0 0.02204001508653164 0.0
0.030989281833171844 0.0 0.005452027544379234
0.06285746395587921 0.0 0.01746634766459465
0.03859633207321167 0.016524076461791992 0.0
0.004338495898991823 0.045240942388772964 0.012888106517493725
0.016974397003650665 0.012214282527565956 0.024658747017383575
0.02041945978999138 0.02185998484492302 0.002289789728820324
0.0077811642549932 0.03150968253612518 0.0
0.006836807355284691 0.01880613900721073 0.0
0.0 0.0071992832235991955 0.0
0.0003634616732597351 0.008167609572410583 0.0
0.01844552531838417 0.01235995814204216 0.0
0.0 0.04225926846265793 0.0
0.0 0.030663330107927322 0.0
0.0016023644711822271 0.013541068881750107 0.0
0.01946871355175972 0.004903904628008604 0.0
0.014903522096574306 0.0 0.016039956361055374
0.000968265812844038 0.0 0.021225132048130035
0.0 0.0006220745854079723 0.0157235749065876
0.008468540385365486 0.0 0.017003880813717842
0.015284102410078049 0.01132994145154953 0.0
0.01387981791049242 0.00483342632651329 0.012853611260652542
0.023322589695453644 0.0 0.025702031329274178
0.0 0.008146931417286396 0.0
0.0 0.0 0.0
0.004383784253150225 0.0 0.0
0.0 0.01139119453728199 0.0
0.0 0.007155170664191246 0.0
0.0 0.0 0.004072635434567928
0.03528417646884918 0.0 0.0
0.000348562840372324 0.0 0.0
0.0 0.0 0.0
0.0 0.02197486348450184 0.0
0.0226416178047657 0.009148811921477318 0.0
0.04086536169052124 0.005955150350928307 0.0
0.02691173180937767 0.010203424841165543 0.0
0.01938137598335743 0.020821714773774147 0.0
0.00644800066947937 0.022925611585378647 0.011769704520702362
0.03598431870341301 0.0 0.038620494306087494
0.0181182399392128 0.0 0.01392287015914917
0.0 0.007036926224827766 0.006185054779052734
0.008600367233157158 0.005927186459302902 0.007462840527296066
0.022425636649131775 0.0 0.009682318195700645
0.0 0.0 0.0030039092525839806
0.0 0.0 0.0
0.0 0.020998282358050346 0.0
0.0 0.014605097472667694 0.0
0.0 0.0 0.0
0.0 0.002803298644721508 0.0
0.0 0.018760427832603455 0.002933335490524769
0.0 0.0 0.0
0.0 0.00823055487126112 0.0
0.0 0.0 0.0
0.019241293892264366 0.0 0.0075035858899354935
0.019240494817495346 0.006957030855119228 0.010777410119771957
0.020382724702358246 0.013357672840356827 0.0043996721506118774
0.04085417464375496 0.0 0.0
0.04098653420805931 0.0 0.0
0.01417542900890112 0.0 0.0
0.010889886878430843 0.0 0.0
0.007670657709240913 0.010229790583252907 0.0
0.02683316543698311 0.0 0.0
0.017364565283060074 0.0 0.0
0.0065579889342188835 0.0017148647457361221 0.0
0.0 0.005924790166318417 0.014812365174293518
0.005413362290710211 0.0 0.0009109312668442726
0.0 0.0 0.0
0.0 0.0 0.0
0.0 0.0 0.0
0.0 0.004000697284936905 0.0
0.0 0.0 0.0
0.007835193537175655 0.0 0.0
0.009890355169773102 0.0 0.0
0.00235707126557827 0.0 0.0
0.006587768904864788 0.0 0.0
0.01721990667283535 0.0 0.0
0.013113845139741898 0.0 0.0
0.01733415573835373 0.0 0.0
0.013210517354309559 0.0 0.0
0.009116706438362598 0.0 0.0
0.015385521575808525 0.0 0.0
0.004656977020204067 0.004996719770133495 0.0
0.0 0.013563577085733414 0.0
0.0016350881196558475 0.008256428875029087 0.0
0.0027395011857151985 0.004017742350697517 0.0
0.0 0.0062425462529063225 0.0
0.0 0.0 0.0
0.0 0.0 0.0
0.0 0.0041125500574707985 0.0
0.0 0.030769459903240204 0.0
0.0 0.012715626507997513 0.0
0.0010657042730599642 0.012690858915448189 0.0
0.0 0.007357878610491753 0.0
0.0 0.0 0.0
0.006818398833274841 0.0 0.0
0.0 0.0 0.0
0.0 0.0 0.0
0.0 0.0 0.0
0.0 0.0 0.0
0.004588800016790628 0.0 0.0
0.0 0.0 0.0
0.0 0.0039575546979904175 0.0
0.0 0.01672794483602047 0.0
0.0 0.0 0.0
0.0 0.0 0.0
0.0 0.002901610918343067 0.0
0.0033224672079086304 0.0 0.0
0.023463688790798187 0.0 0.011815987527370453
0.006419723387807608 0.0 0.010618895292282104
0.0 0.0 0.0
0.0 0.0 0.0
0.01075481716543436 0.0 0.0020709484815597534
0.02354491502046585 0.0 0.004349015653133392
0.0 0.0 0.007315510883927345
0.0 0.007083307020366192 0.0
0.0 0.009178414940834045 0.007186081260442734
0.009553465060889721 0.0 0.014871697872877121
0.0 0.0006317989900708199 0.01155899278819561
0.0 0.006987166590988636 0.020082704722881317
0.0 0.021960049867630005 0.0008511347696185112
0.01190083660185337 0.0006558257155120373 0.0
0.016140587627887726 0.0 0.0
0.0 0.0 0.017860744148492813
0.0 0.010105520486831665 0.042493920773267746
0.015778400003910065 0.016442513093352318 0.037482649087905884
0.02987823821604252 0.0005596857517957687 0.013000741600990295
0.03103538230061531 0.0 0.00228791031986475
0.011879798024892807 0.0 0.0
0.0 0.0 0.0
0.0 0.0 0.0
0.0 0.0 0.0
0.004519619047641754 0.0 0.0
0.038650158792734146 0.0 0.0
0.0 0.0 0.0
0.0 0.0 0.0
0.0 0.0 0.0
0.0 0.009193122386932373 0.0
0.013973042368888855 0.010191807523369789 0.004326559603214264
0.004663696046918631 0.01031883992254734 0.0
0.0 0.01579642854630947 0.0
0.0 0.0 0.0
0.0 0.0 0.0
0.0 0.0 0.0
0.0 0.0 0.0
0.0 0.0 0.0
0.0 0.0 0.0
0.14427432417869568 0.0 0.0
0.5832908153533936 0.0 0.0
1.5443811416625977 0.0 0.46215003728866577
2.808288812637329 0.0 1.1364083290100098
4.112603664398193 0.0 1.5598706007003784
5.253827095031738 0.0 1.9057796001434326
7.167111873626709 0.0 2.6215813159942627
8.697051048278809 0.0 3.075819730758667
8.83244514465332 0.0 3.581944465637207
8.37846565246582 0.0 3.9670915603637695
8.186415672302246 0.0 4.565174579620361
8.409420013427734 0.0 4.788756370544434
8.512029647827148 0.0 4.388805389404297
8.888675689697266 0.0 3.310636520385742
9.323199272155762 0.0 1.7821489572525024
7.58699369430542 0.22677364945411682 1.5111504793167114
3.577690601348877 4.232789516448975 1.0375310182571411
1.6006362438201904 5.204909801483154 0.0
1.336781620979309 3.7853305339813232 0.0
1.9885692596435547 2.0256564617156982 0.0
2.1890451908111572 1.8239413499832153 0.0
1.5490834712982178 2.7068111896514893 0.0
1.3401851654052734 3.311474323272705 0.0
1.472662091255188 3.1875979900360107 0.0
1.1524033546447754 3.0481667518615723 0.0
0.45397090911865234 3.020400047302246 0.0
0.14790871739387512 2.9926745891571045 0.0
0.0 2.94923734664917 0.0
0.0 2.538829803466797 0.0
0.0 1.8054585456848145 0.0
0.0 1.4323824644088745 0.0
0.0 0.9881484508514404 0.0
0.0 0.64903324842453 0.0
0.0 0.16107238829135895 0.0
0.0 0.0 0.0
0.0 0.0 0.0
0.0 0.0 0.0
0.0 0.0 0.0
0.0 0.0 0.0
0.0 0.0 0.0
0.0 0.0 0.0
0.0 0.0 0.0
0.0 0.0 0.0
0.0 0.0 0.0
0.0 0.0 0.0
0.0 0.0 0.0
0.0 0.0 0.0
0.0 0.0 0.0
0.0 0.0 0.0
0.0 0.0 0.0
0.0 0.0 0.0
0.0 0.0 0.0
0.0 0.0 0.0
0.0 0.0 0.0
0.0 0.0 0.0
0.0 0.0 0.0
0.0 0.0 0.0
0.0 0.0 0.0
0.0 0.0 0.059726353734731674
0.0 0.0 0.0
0.0 0.0 0.0
0.0 0.0 0.0
0.0 0.13478699326515198 0.03526761755347252
0.0 0.2568686902523041 0.07953628152608871
0.0 0.2309769093990326 0.12536129355430603
0.071677066385746 0.0894320160150528 0.1130625531077385
0.12082836031913757 0.0 0.09185287356376648
0.07786384969949722 0.0 0.11811776459217072
0.020223194733262062 0.06607343256473541 0.13170254230499268
0.019382169470191002 0.1075977087020874 0.11580401659011841
0.031308602541685104 0.08745461702346802 0.09449153393507004
0.0 0.07384426891803741 0.057755086570978165
0.0 0.04084930196404457 0.06831905245780945
0.01746538281440735 0.02692546881735325 0.08240533620119095
0.06566593796014786 0.03752085566520691 0.06689641624689102
0.0977860540151596 0.04280856251716614 0.05761956050992012
0.13069048523902893 0.0 0.06739389151334763
0.0627356618642807 0.029126038774847984 0.0390637144446373
0.0 0.07174167782068253 0.05028121545910835
0.009366977028548717 0.07916790246963501 0.047239355742931366
0.047595854848623276 0.06308427453041077 0.06359382718801498
0.08803755044937134 0.019398843869566917 0.06812945753335953
0.05338716506958008 0.024988552555441856 0.013317340053617954
0.03303954750299454 0.013314586132764816 0.018417827785015106
0.09031135588884354 0.0 0.044432383030653
0.08405319601297379 0.0 0.02830401435494423
0.05010002478957176 0.0 0.015283285640180111
0.023242047056555748 0.015388123691082 0.03755636513233185
0.03353463113307953 0.0 0.06959792971611023
0.0 0.0 0.06062839552760124
0.0 0.0069451043382287025 0.038266632705926895
0.05303695797920227 0.0 0.03767114877700806
0.0870836079120636 0.0 0.04106774553656578
0.0587017685174942 0.0 0.0
0.033395614475011826 0.0 0.0
0.0301809124648571 0.0 0.0
0.09508880227804184 0.0 0.0
0.10783522576093674 0.0 0.0
0.08762023597955704 0.0 0.0
0.04526372253894806 0.0 0.0
0.0474935881793499 0.0 0.0
0.07206790894269943 0.0 0.0
0.10288893431425095 0.0 0.0
0.04202878102660179 0.0 0.0
0.014197684824466705 0.0 0.0
0.0058742412365973 0.0 0.0
0.04315929487347603 0.0 0.0
0.07072221487760544 0.0 0.0
0.07808665186166763 0.0 0.0
0.07266205549240112 0.0 0.0
0.02770044468343258 0.0037610288709402084 0.017265211790800095
0.028712978586554527 0.0037389248609542847 0.022616833448410034
0.03437512367963791 0.01766086556017399 0.0
0.03858717903494835 0.0091312937438488 0.0
0.052467308938503265 0.0 0.0
0.06002962216734886 0.0 0.0
0.021469179540872574 0.0 0.0
0.0 0.00599941611289978 0.013566878624260426
0.0 0.015540190041065216 0.014783411286771297
0.02143802121281624 0.0027626100927591324 0.003311311826109886
0.040665775537490845 0.0 0.0
0.036445729434490204 0.0 0.0
0.026959819719195366 0.0 0.0
0.019391894340515137 0.0 0.0
0.028951842337846756 0.02085479535162449 0.0013111941516399384
0.03450559824705124 0.013486094772815704 0.0
0.008121929131448269 0.00620927382260561 0.0
0.012527329847216606 0.039189860224723816 0.0
0.034734100103378296 0.03482067957520485 0.0
0.05162306874990463 0.00603004265576601 0.0
0.029075946658849716 0.0017743110656738281 0.0
0.005577278323471546 0.0018131937831640244 0.0
0.005636933259665966 0.012460511177778244 0.0
0.01647147163748741 0.0 0.0
0.02807086892426014 0.0 0.0
0.04065963253378868 0.0 0.0002701645717024803
0.04288763552904129 0.0 0.0
0.004540243651717901 0.014576924964785576 0.0
0.018340211361646652 0.0 0.0
0.0373607762157917 0.0 0.006578126922249794
0.04152249917387962 0.0 0.014032315462827682
0.014979302883148193 0.0 0.004231882281601429
0.017225945368409157 0.0 0.0
0.020352229475975037 0.0 0.0
0.04474598914384842 0.0 0.013020314276218414
0.08638930320739746 0.0 0.005847622640430927
0.09929417818784714 0.0 0.0
0.12279444932937622 0.0 0.0
0.21001990139484406 0.0 0.0012853611260652542
0.4048016369342804 0.0 0.023982416838407516
0.7549630999565125 0.0 0.07025137543678284
1.1639175415039062 0.0 0.20237159729003906
1.3159584999084473 0.0 0.4459323287010193
1.0831371545791626 0.0 0.7213910818099976
0.8567246198654175 0.0 1.0012937784194946
0.8353673815727234 0.0 1.1297698020935059
0.9409391283988953 0.0 1.128480315208435
0.9019863605499268 0.0 1.1760685443878174
0.7761432528495789 0.0 1.2774969339370728
0.6684330105781555 0.0 1.183882474899292
0.6570717096328735 0.0 0.9708150029182434
0.782484769821167 0.10736332088708878 0.635151743888855
0.9996330738067627 0.30951347947120667 0.1988983005285263
1.0887553691864014 0.5855235457420349 0.0
0.8515018820762634 0.677639901638031 0.0
0.5487052798271179 0.7605518102645874 0.0
0.28289303183555603 0.8457732200622559 0.0
0.03128557279706001 0.7411695718765259 0.0
0.0 0.45024609565734863 0.0
0.0 0.12896421551704407 0.0
0.0 0.0 0.0
0.0 0.0 0.0
0.0 0.03765854239463806 0.0
0.0 0.0013755522668361664 0.0
0.0 0.0 0.0
0.0 0.0 0.0
0.0 0.0 0.0
0.0 0.0 0.0
0.0 0.0 0.0
0.0 0.0 0.0
0.0 0.0 0.0
0.0 0.0 0.0
0.0 0.0 0.0
0.0 0.0 0.13195906579494476
0.0 0.0 0.20127315819263458
0.0 0.0 0.22187884151935577
0.13953331112861633 0.0 0.21968279778957367
0.195577934384346 0.0 0.2966569662094116
0.21474683284759521 0.14538998901844025 0.4287596046924591
0.28778696060180664 0.29764100909233093 0.6148013472557068
0.369313508272171 0.3436015844345093 0.7899001836776733
0.4394524097442627 0.30191487073898315 0.8129003047943115
0.44316351413726807 0.20540298521518707 0.7485255599021912
0.4680835008621216 0.07798564434051514 0.6928090453147888
0.4690832495689392 0.0 0.6850307583808899
0.44017037749290466 0.0 0.6921685934066772
0.3894507586956024 0.023405753076076508 0.5465556979179382
0.29816770553588867 0.08511865139007568 0.2979946434497833
0.24665656685829163 0.1351701021194458 0.019880205392837524
0.2330446094274521 0.3709016442298889 0.0
0.19695159792900085 0.437313973903656 0.0
0.1745179146528244 0.47638678550720215 0.0
0.04594689980149269 0.6880162358283997 0.0
0.009027497842907906 0.7201246023178101 0.0
0.008951330557465553 0.5475712418556213 0.0
0.05862141773104668 0.2844514548778534 0.0
0.0885542780160904 0.0 0.0
0.02398248016834259 0.0 0.0
0.0 0.0 0.0
0.0 0.0 0.0
0.0 0.0 0.0
0.0 0.0 0.0
0.0 0.0 0.0
0.0 0.0 0.0
0.0 0.0 0.0
0.0 0.0 0.0
0.0 0.0 0.0
0.0 0.0 0.0
0.0 0.0 0.09757127612829208
0.0 0.0 0.1904897540807724
0.0 0.0 0.16500836610794067
0.0 0.1466938704252243 0.2712964713573456
0.0 0.6173023581504822 0.3846922814846039
0.0 0.8138148784637451 0.40713340044021606
0.0 0.7115415334701538 0.39318856596946716
0.1622450053691864 0.5818468928337097 0.3057252764701843
0.20848120748996735 0.5021920204162598 0.2599913477897644
0.24176514148712158 0.4193213880062103 0.22800570726394653
0.2568892538547516 0.5564278364181519 0.2307378351688385
0.23914511501789093 0.6681770086288452 0.20848819613456726
0.2078694850206375 0.7673280835151672 0.15080812573432922
0.22769778966903687 0.7005759477615356 0.08028096705675125
0.21953146159648895 0.5987238883972168 0.028590071946382523
0.18788832426071167 0.40978965163230896 0.0
0.16389377415180206 0.28890904784202576 0.0
0.13105008006095886 0.2072456330060959 0.0
0.08216455578804016 0.10966314375400543 0.0
0.05901210382580757 0.0 0.0
0.03721226379275322 0.0 0.0
0.0 0.0 0.0
0.0 0.0 0.0
0.0 0.0 0.0
0.0 0.0 0.0
0.0 0.0 0.0
0.0 0.0 0.0
0.0 0.0 0.0
0.0 0.0 0.0
0.0 0.0 0.0
0.0 0.0 0.0
0.0 0.0 0.015849243849515915
0.0 0.0 0.0
0.0 0.0 0.0
0.0 0.0 0.0
0.0 0.0 0.0
0.012729025445878506 0.0 0.0
0.015152501873672009 0.0 0.0
0.08360505849123001 0.0 0.0
0.2677304446697235 0.0 0.0
0.40834400057792664 0.0 0.0
0.43131324648857117 0.0 0.0
0.3496364951133728 0.0 0.0
0.24298593401908875 0.0 0.0
0.1464948058128357 0.14538012444972992 0.0
0.16745761036872864 0.3428327441215515 0.0
0.20688678324222565 0.3370286524295807 0.07782632857561111
0.24630102515220642 0.30678045749664307 0.18495357036590576
0.1998421847820282 0.3544774055480957 0.24767474830150604
0.14940884709358215 0.37997689843177795 0.2782348096370697
0.11355523765087128 0.36918818950653076 0.3387356996536255
0.11376349627971649 0.2987435758113861 0.412223219871521
0.08281436562538147 0.313287615776062 0.5187928080558777
0.0 0.2750132083892822 0.5794728994369507
0.0 0.23160064220428467 0.5677712559700012
0.0 0.18184693157672882 0.5350940227508545
0.0 0.057376112788915634 0.5141453146934509
0.0 0.0 0.45478957891464233
0.020523997023701668 0.0 0.39294084906578064
0.0 0.0 0.36696943640708923
0.0 0.0889124646782875 0.344051331281662
0.0 0.20192956924438477 0.29667210578918457
0.0 0.23721778392791748 0.2381102591753006
0.0 0.2492952197790146 0.13350795209407806
0.0 0.4527631402015686 0.08285623043775558
0.0 0.6122033596038818 0.11706773191690445
0.0 0.681159257888794 0.1316586434841156
0.0 0.8375304937362671 0.11075044423341751
0.0 0.9653995037078857 0.021650660783052444
0.0 1.1028037071228027 0.0
0.0 0.997661828994751 0.0
0.0 0.8321335911750793 0.0
0.0 0.6316031813621521 0.0
0.0 0.3201534152030945 0.0
0.0 0.0 0.0
0.2114737182855606 0.0 0.0
0.27802956104278564 0.0 0.0
0.15878041088581085 0.0 0.0
0.0 0.0 0.0
0.0 0.0 0.0
0.0 0.0 0.0
0.0 0.0 0.0
0.0 0.0 0.0
0.0 0.0 0.0
0.0 0.0 0.0
0.0 0.0 0.0
0.0 0.0 0.0
0.0 0.0 0.0
0.0 0.0 0.0
0.03896292671561241 0.0 0.0
0.03800392150878906 0.0 0.0
0.012372860684990883 0.0 0.0
0.0811934694647789 0.0 0.0
0.09950056672096252 0.0 0.0
0.12172810733318329 0.0 0.0
0.1631927341222763 0.0 0.0032490165904164314
0.1423785388469696 0.0 0.0
0.10319490730762482 0.0 0.0
0.024098757654428482 0.0 0.0
0.0 0.0 0.0
0.03738127276301384 0.0 0.006597141735255718
0.07053016871213913 0.0 0.0
0.07794786989688873 0.0 0.0
0.0640759989619255 0.0 0.0025318264961242676
0.03432038426399231 0.0 0.0
0.03432837501168251 0.002781920600682497 0.0
0.05572953820228577 0.0 0.0
0.043017204850912094 0.0 0.0
0.0 0.0 0.0
0.0 0.0 0.0
0.0 0.029716065153479576 0.0
0.0 0.022368937730789185 0.0
0.0 0.0 0.0
0.0 0.0 0.0
0.0 0.0 0.0
0.0 0.0 0.0
0.048247385770082474 0.0 0.0
0.18631550669670105 0.0 0.013653257861733437
0.6125273108482361 0.0 0.11140165477991104
1.5320923328399658 0.0 0.40552863478660583
2.438751697540283 0.0 0.6186320781707764
3.1574223041534424 0.0 1.127322793006897
4.186974048614502 0.0 1.9703423976898193
5.655860424041748 0.0 2.998063325881958
7.394094467163086 0.0 3.693350076675415
8.437060356140137 0.0 4.210495948791504
8.563470840454102 0.0 4.91950798034668
8.361781120300293 0.0 5.532706260681152
8.289288520812988 0.0 5.7329206466674805
9.10234546661377 0.0 5.020059585571289
10.217369079589844 0.0 3.808483123779297
7.940443515777588 0.10772085189819336 3.876345634460449
3.1810553073883057 3.3499128818511963 2.225088357925415
0.5837161540985107 3.699796676635742 0.15658937394618988
0.8997063636779785 2.3471601009368896 0.0
1.6498650312423706 1.6564011573791504 0.0
1.7399078607559204 2.3383641242980957 0.0
1.4881410598754883 3.559208869934082 0.0
1.7005393505096436 3.8242743015289307 0.0
1.8479477167129517 3.900489568710327 0.0
1.4266825914382935 4.057178020477295 0.0
0.5735018849372864 4.497629165649414 0.0
0.448239266872406 4.098487377166748 0.0
0.3921099603176117 3.099060535430908 0.0
0.0 2.0932459831237793 0.0
0.0 1.3707910776138306 0.0
0.0 0.8025342226028442 0.0
0.0 0.4813442528247833 0.0
0.0 0.0 0.0
0.0 0.0 0.0
0.0 0.0 0.0
0.0 0.0 0.0
0.0 0.0 0.0
0.0 0.0 0.0
0.0 0.0 0.0
0.0 0.0 0.0
0.0 0.0 0.0
0.0 0.0 0.0
0.0 0.0 0.0
0.0 0.0 0.0
0.0 0.0 0.0
0.0 0.0 0.0
0.0 0.0 0.0
0.0 0.0 0.0
0.0 0.0 0.0
0.0 0.0 0.0
0.0 0.0 0.0
0.0 0.0 0.0
0.0 0.0 0.302945077419281
0.0 0.0 0.3914339244365692
0.0 0.0 0.2732897102832794
0.13534174859523773 0.0 0.11510113626718521
0.35263946652412415 0.0 0.0706750825047493
0.4351164996623993 0.1866920441389084 0.071071095764637
0.410969614982605 0.3420185148715973 0.05530864745378494
0.3258504569530487 0.3422808349132538 0.029887976124882698
0.26263418793678284 0.21586963534355164 0.03525663912296295
0.25483301281929016 0.11163350194692612 0.0519338920712471
0.21486186981201172 0.09240814298391342 0.0963415652513504
0.1728512942790985 0.10722330957651138 0.1365659534931183
0.11852388083934784 0.09142889827489853 0.1242206022143364
0.12103390693664551 0.00018287776038050652 0.07373905181884766
0.039679136127233505 0.0 0.0
0.03222601115703583 0.0 0.0
0.024558506906032562 0.0006084507331252098 0.010814415290951729
0.060726895928382874 0.0 0.021848158910870552
0.10927020013332367 0.0 0.06810779869556427
0.017973043024539948 0.03880617022514343 0.034375399351119995
0.0 0.04442703723907471 0.0
0.06914754211902618 0.0 0.029324183240532875
0.20528514683246613 0.0 0.06464142352342606
0.1914643943309784 0.0 0.061339907348155975
0.08489082753658295 0.0 0.0551171600818634
0.0021538652945309877 0.011280536651611328 0.011693526059389114
0.0013546505942940712 0.0007551908493041992 0.0
0.10682940483093262 0.0 0.0
0.13229668140411377 0.0 0.004156779497861862
0.06378287076950073 0.0 0.03466728329658508
0.0 0.020761122927069664 0.0362718403339386
0.0 0.00809992291033268 0.01268741674721241
0.043838195502758026 0.0 0.0
0.11005370318889618 0.0 0.0
0.13875165581703186 0.0 0.0
0.07820868492126465 0.0 0.0
0.0 0.04862350970506668 0.0
0.009722160175442696 0.04212939366698265 0.006528947502374649
0.059903569519519806 0.0 0.0
0.1193554475903511 0.0 0.01466037891805172
0.054797492921352386 0.0 0.0
0.010120037011802197 0.0018980824388563633 0.0
0.021342065185308456 0.0 0.011848611757159233
0.07964105904102325 0.0 0.05088949203491211
0.05651230365037918 0.005849148612469435 0.017561892047524452
0.04499439895153046 0.0 0.0
0.07500449568033218 0.0 0.0
0.0611315593123436 0.0 0.0
0.05032498389482498 0.01125350035727024 0.0
0.03963451832532883 0.0 0.0
0.012198368087410927 0.008248656988143921 0.0
0.019578786566853523 0.0 0.0
0.062076181173324585 0.0 0.0
0.03544669598340988 0.0 0.0
0.014125697314739227 0.0 0.0
0.031066864728927612 0.0 0.0
0.05010020732879639 0.0 0.012018522247672081
0.05258201062679291 0.0 0.0
0.07071281224489212 0.0 0.0
0.03543950617313385 0.0 0.0
0.0003422410227358341 0.0 0.0
0.04706820100545883 0.0 0.0
0.012075063772499561 0.0 0.0
0.0 0.0 0.0
0.03408369421958923 0.0 0.011837959289550781
0.07136102765798569 0.0 0.017513688653707504
0.0492064505815506 0.0 0.0
0.0 0.01881980709731579 0.0
0.024644916877150536 0.001716454979032278 0.0022737495601177216
0.019390234723687172 0.0 0.0
0.014237550087273121 0.010334709659218788 0.0
0.013059367425739765 0.001795817632228136 0.0
0.0 0.0007904740050435066 0.0
0.0 0.013621050864458084 0.0
0.0004378487356007099 0.0008261604234576225 0.0
0.038667261600494385 0.0 0.0
0.027118993923068047 0.0 0.0
0.0 0.0 0.0
0.0 0.018962552770972252 0.0
0.0 0.020003316923975945 0.0
0.0 0.015800315886735916 0.0
0.0 0.0 0.0
0.0012764779385179281 0.0 0.0
0.0 0.00605980446562171 0.0
0.0 0.03056781180202961 0.0
0.0 0.03274920582771301 0.0
0.0 0.0 0.0
0.02157321386039257 0.0 0.0
0.00365972681902349 0.03481730446219444 0.0
0.0 0.06153919920325279 0.0
0.027573581784963608 0.04236816614866257 0.0
0.043686505407094955 0.040249887853860855 0.0
0.04626764357089996 0.06166010722517967 0.0
0.03221467137336731 0.12895499169826508 0.0
0.006919436156749725 0.1503726691007614 0.0
0.0 0.16010838747024536 0.0
0.0 0.2433556169271469 0.0
0.0 0.3986080288887024 0.0
0.0 0.5508886575698853 0.0
0.05276069417595863 0.5184614658355713 0.25314608216285706
0.12236107885837555 0.4556041955947876 0.5346046090126038
0.01891617849469185 0.2942126393318176 0.8161518573760986
0.0 0.2205704003572464 0.9242615699768066
0.0 0.20432351529598236 1.0284345149993896
0.0 0.20663434267044067 1.2728803157806396
0.0 0.07161873579025269 1.5135972499847412
0.02366459369659424 0.0 1.6536246538162231
0.1381797194480896 0.0 1.7197861671447754
0.25017309188842773 0.0 1.7240607738494873
0.27666541934013367 0.0 1.5472798347473145
0.24230292439460754 0.03798593208193779 1.2673137187957764
0.30326560139656067 0.0 1.0369793176651
0.29353734850883484 0.016474783420562744 0.7410760521888733
0.16234683990478516 0.15473012626171112 0.23169536888599396
0.008526653051376343 0.20475813746452332 0.0
0.0 0.25575366616249084 0.0
0.0 0.277221143245697 0.0
0.0 0.208554208278656 0.0
0.0 0.23378527164459229 0.0
0.0 0.3404216766357422 0.0
0.0 0.2170390486717224 0.0
0.0 0.0 0.0
0.0 0.0 0.0
0.0 0.0 0.0
0.0 0.0 0.0
0.0 0.0 0.0
0.0 0.0 0.0
0.037972960621118546 0.0 0.0
0.0 0.0 0.00175404641777277
0.0 0.0 0.3701435327529907
0.0 0.0 0.5651731491088867
0.13600099086761475 0.0 0.6650254726409912
0.2842056155204773 0.0 0.7698408365249634
0.3290223479270935 0.0 0.9665802717208862
0.41885024309158325 0.0 1.2546885013580322
0.5026636719703674 0.0 1.5108184814453125
0.4760317802429199 0.0 1.5237548351287842
0.429288774728775 0.0 1.425593614578247
0.4438943564891815 0.0 1.3727275133132935
0.4497002959251404 0.0 1.3235746622085571
0.4392159879207611 0.0 1.1940605640411377
0.3261440098285675 0.0 0.877834141254425
0.2088182121515274 0.0 0.5692398548126221
0.11569012701511383 0.07233113050460815 0.39868780970573425
0.014358710497617722 0.13775834441184998 0.2985343337059021
0.0030157743021845818 0.12344332039356232 0.1530836522579193
0.0 0.10246026515960693 0.0
0.0 0.09135808050632477 0.0
0.0 0.10822894424200058 0.0
0.0 0.11821553111076355 0.0
0.0 0.10309356451034546 0.0
0.0 0.010407835245132446 0.0
0.0 0.0 0.0
0.0 0.0 0.0
0.0 0.0 0.0
0.0 0.0 0.0
0.0 0.0 0.0
0.0 0.0 0.0
0.0 0.0 0.0
0.0 0.0 0.0
0.040802303701639175 0.0 0.0
0.05616021901369095 0.0 0.13568735122680664
0.03340563923120499 0.0 0.3888823390007019
0.00895941723138094 0.004141950514167547 0.49354907870292664
0.0785193219780922 0.0 0.5786221623420715
0.260729044675827 0.0 0.8034544587135315
0.42043164372444153 0.0 1.1445622444152832
0.4394415616989136 0.0 1.3897552490234375
0.3444623053073883 0.1764785647392273 1.421552300453186
0.29436957836151123 0.3108752369880676 1.3306807279586792
0.4368833005428314 0.19353318214416504 1.361636757850647
0.676116406917572 0.0 1.518163800239563
0.7265567183494568 0.0 1.4832513332366943
0.5525761246681213 0.0652891993522644 1.1957194805145264
0.3882603943347931 0.22657795250415802 0.7982556819915771
0.25130173563957214 0.2544580399990082 0.5234891176223755
0.1775369793176651 0.12677305936813354 0.30760690569877625
0.06323038041591644 0.039941757917404175 0.0
0.0 0.028923995792865753 0.0
0.0 0.09484629333019257 0.0
0.0 0.08564426749944687 0.0
0.0 0.0 0.0
0.0 0.0 0.0
0.0 0.0 0.0
0.0 0.0 0.0
0.0 0.0626332238316536 0.0
0.0 0.015545926988124847 0.0
0.0 0.0 0.0
0.0 0.0 0.0
0.0 0.0 0.0
0.0 0.0 0.0
0.0 0.0 0.0
0.0 0.0 0.0
0.0 0.0 0.0
0.0 0.0 0.0
0.0 0.0 0.0
0.06468257308006287 0.0 0.0
0.1512289196252823 0.0 0.14556290209293365
0.18450750410556793 0.045798636972904205 0.34480276703834534
0.1437174677848816 0.11340270936489105 0.4824272096157074
0.17830340564250946 0.13183552026748657 0.6516264081001282
0.27443525195121765 0.11495347321033478 0.850170373916626
0.3788471519947052 0.10858584940433502 1.075538992881775
0.4807431399822235 0.12266385555267334 1.2368497848510742
0.5093647241592407 0.14803765714168549 1.2596526145935059
0.5109705924987793 0.12166890501976013 1.2029623985290527
0.5877700448036194 0.0 1.286519169807434
0.6633912920951843 0.0 1.3796511888504028
0.5842940807342529 0.0 1.2869840860366821
0.38114890456199646 0.0 1.0355247259140015
0.2733313739299774 0.05264429375529289 0.7399208545684814
0.18948575854301453 0.0782037079334259 0.48918017745018005
0.13006557524204254 0.0176042839884758 0.2373359650373459
0.05602383613586426 0.0 0.0
0.0 0.0 0.0
0.0 0.0 0.0
0.0 0.0 0.0
0.0 0.0 0.0
0.0 0.01621438004076481 0.0
0.0 0.0062954360619187355 0.0
0.0 0.0 0.0
0.0 0.0 0.0
0.0 0.0 0.0
0.0 0.0 0.0
0.0 0.0 0.0
0.0 0.0 0.0
0.0 0.0 0.0
0.0 0.0 0.0
0.0 0.0 0.0
0.0 0.0 0.0
0.0 0.0 0.0
0.0 0.0 0.0
0.0 0.0 0.0
0.0 0.0 0.0
0.0 0.0 0.0
0.0 0.0 0.0
0.04625016450881958 0.0 0.0
0.17028369009494781 0.0 0.16074024140834808
0.16278529167175293 0.061035215854644775 0.27840614318847656
0.13548097014427185 0.08742314577102661 0.3433862328529358
0.11823168396949768 0.11608195304870605 0.3646731376647949
0.17627739906311035 0.0997900664806366 0.4260941445827484
0.2881011664867401 0.04596411809325218 0.5456197261810303
0.3822542726993561 0.022097934037446976 0.6234016418457031
0.33079642057418823 0.06142829358577728 0.6518596410751343
0.34408798813819885 0.08137644082307816 0.7118827700614929
0.37136754393577576 0.09815142303705215 0.7602838277816772
0.3886868953704834 0.14669179916381836 0.8482161164283752
0.4024184048175812 0.16892600059509277 0.8655183911323547
0.29927656054496765 0.22318044304847717 0.6274978518486023
0.11095912009477615 0.2313169240951538 0.2581424415111542
0.004421757999807596 0.13462474942207336 0.016393713653087616
0.0 0.01700170896947384 0.0
0.0 0.0 0.0
0.0 0.024553900584578514 0.0
0.0 0.03308507055044174 0.0
0.0 0.03746650367975235 0.0
0.0 0.0407528430223465 0.0
0.0 0.07385886460542679 0.0
0.0 0.11454877257347107 0.0
0.0 0.10727275162935257 0.0
0.0 0.046469055116176605 0.0
0.0 0.03457191586494446 0.0
0.0 0.0908929780125618 0.0
0.0 0.19644442200660706 0.0
0.0 0.2806519865989685 0.0
0.0 0.28582942485809326 0.0
0.0 0.24076315760612488 0.0
0.0 0.12779346108436584 0.0
0.0 0.0 0.0
0.052221767604351044 0.0 0.0
0.09575113654136658 0.0 0.0
0.018554087728261948 0.0 0.0
0.0 0.017704783007502556 0.021130144596099854
0.004223618656396866 0.002796141430735588 0.015964411199092865
0.11062409728765488 0.0 0.03273060917854309
0.1063513234257698 0.0 0.034862469881772995
0.0 0.002843279391527176 0.025162704288959503
0.0 0.021808182820677757 0.055432725697755814
0.01267462782561779 0.0399368517100811 0.030057325959205627
0.008687077090144157 0.0017963908612728119 0.0
0.017032090574502945 0.0 0.008455628529191017
0.023609034717082977 0.0 0.0
0.0 0.0 0.0
0.00664017116650939 0.0 0.0
0.028643473982810974 0.0 0.024675343185663223
0.004166007973253727 0.02612113021314144 0.025651244446635246
0.02551896683871746 0.011206628754734993 0.022611243650317192
0.024593785405158997 0.0 0.002162962220609188
0.02365448698401451 0.0 0.0
0.005517561919987202 0.0 0.0
0.004288246855139732 0.0 0.009538320824503899
0.0 0.0 0.007183553650975227
0.0 0.0 0.0
0.0 0.0 0.0
0.0 0.0 0.0
0.011876657605171204 0.0 0.0
0.038545288145542145 0.0 0.0
0.024586061015725136 0.013382963836193085 0.00978918932378292
0.0 0.029411466792225838 0.0031443368643522263
0.003528979606926441 0.014592571184039116 0.0
0.01629643887281418 0.0 0.0
0.04272671788930893 0.0 0.007785428315401077
0.018247205764055252 0.012356581166386604 0.003312649205327034
0.0 0.0061114695854485035 0.0
0.0 0.0 0.0
0.0 0.0 0.0
0.0 0.0 0.0
0.0 0.0 0.0
0.0 0.0 0.0
0.0 0.0 0.0
0.0 0.0 0.0
0.0 0.0 0.0
0.0 0.0 0.0
0.0 0.0 0.0
0.0 0.0 0.0
0.02129785716533661 0.0 0.0
0.6572745442390442 0.0 0.0
1.4282053709030151 0.0 0.23760610818862915
1.7563403844833374 0.0 0.3869979977607727
2.602029323577881 0.0 0.7738777995109558
4.4822564125061035 0.0 1.7663776874542236
6.617218971252441 0.0 2.31477689743042
8.120866775512695 0.0 2.706143379211426
8.092180252075195 0.0 3.370241403579712
6.975438594818115 0.0 4.130284309387207
6.471286296844482 0.0 4.477884292602539
6.494396686553955 0.0 4.076112747192383
6.25964879989624 0.0 3.0956003665924072
6.098495960235596 0.0 2.4646646976470947
5.877926826477051 0.0 2.374844789505005
6.272838115692139 0.0 1.9829566478729248
6.610217094421387 0.0 1.0344390869140625
6.070639133453369 0.0 0.0
3.748286008834839 1.3472481966018677 0.0
0.9682806134223938 4.380249500274658 0.0
0.5406098961830139 4.558052062988281 0.0
0.6783155798912048 4.130486488342285 0.0
0.8116653561592102 3.7672061920166016 0.0
0.7665910720825195 3.1838629245758057 0.0
0.3771655261516571 2.9289865493774414 0.0
0.04284055531024933 2.5378506183624268 0.0
0.0 2.0893232822418213 0.0
0.0 1.7597280740737915 0.0
0.0 2.061420440673828 0.0
0.0 1.9801105260849 0.0
0.0 1.378039836883545 0.0
0.0 0.7354826927185059 0.0
0.0 0.3596486449241638 0.0
0.0 0.27207058668136597 0.0
0.0 0.0 0.0
0.0 0.0 0.0
0.0 0.0 0.0
0.0 0.0 0.0
0.0 0.0 0.0
0.0 0.0 0.0
0.0 0.0 0.0
0.0 0.0 0.0
0.0 0.0 0.0
0.0 0.0 0.0
0.0 0.0 0.0
0.0 0.0 0.0
0.0 0.0 0.0
0.0 0.0 0.0
0.0 0.0 0.0
0.0 0.0 0.0
0.0 0.0 0.0
0.0 0.0 0.0
0.0 0.05238110572099686 0.0
0.0 0.0 0.0
0.0 0.0 0.0
0.0 0.0 0.0
0.0 0.0 0.0
0.0 0.0 0.0
0.0 0.0 0.0
0.0 0.0 0.0
0.0 0.0 0.0
0.0 0.0 0.031237849965691566
0.0 0.0 0.022332238033413887
0.0 0.0 0.0
0.0 0.0 0.0
0.0 0.0 0.0
0.0 0.0 0.0
0.0 0.0 0.0
0.0 0.0 0.0
0.0 0.0 0.0
0.0 0.0 0.0
0.0 0.0 0.0
0.0 0.0 0.0
0.0 0.0 0.0981622189283371
0.0 0.0 0.17777182161808014
0.06587420403957367 0.0 0.13825103640556335
0.12299342453479767 0.13515311479568481 0.10946014523506165
0.12222243845462799 0.17245282232761383 0.08607038855552673
0.12938153743743896 0.11813419312238693 0.10840046405792236
0.15952453017234802 0.0 0.1659279465675354
0.17627394199371338 0.0 0.18395647406578064
0.1285863220691681 0.0 0.16127006709575653
0.07313159108161926 0.08502817153930664 0.17717181146144867
0.09809605777263641 0.06136438623070717 0.23717015981674194
0.13190780580043793 0.0 0.2597111463546753
0.07820278406143188 0.0 0.18647874891757965
0.05684982240200043 0.0 0.0859106034040451
0.09620735049247742 0.0 0.09258235991001129
0.135431170463562 0.0 0.12080147862434387
0.16992869973182678 0.0 0.08040904998779297
0.17471332848072052 0.0 0.029161039739847183
0.07906990498304367 0.0 0.0
0.06938745081424713 0.0 0.0
0.05085557699203491 0.0 0.03213925287127495
0.021870797500014305 0.0 0.058774594217538834
0.04321123659610748 0.0 0.056799326092004776
0.10636571049690247 0.0 0.02072494477033615
0.11413761228322983 0.0 0.0
0.06294712424278259 0.0 0.00026600901037454605
0.0 0.03262382000684738 0.014955738559365273
0.012773971073329449 0.06871285289525986 0.023746833205223083
0.0628238245844841 0.0058838194236159325 0.02511143684387207
0.07361388951539993 0.0 0.008005687966942787
0.0005050548352301121 0.026432767510414124 0.0
0.0 0.034035295248031616 0.0
0.0010270343627780676 0.01068549882620573 0.0
0.05647964030504227 0.0 0.0
0.07527916133403778 0.0 0.0
0.05882854759693146 0.0 0.0
0.04904409497976303 0.0 0.006612854078412056
0.01816048100590706 0.0 0.003165125846862793
0.021444424986839294 0.0 0.0
0.06068982928991318 0.0 0.01308034174144268
0.08606176823377609 0.0 0.034654874354600906
0.04235636442899704 0.0 0.036503374576568604
0.0 0.01661502569913864 0.03198425844311714
0.0 0.03682069480419159 0.03935695067048073
0.026453031226992607 0.0 0.028925083577632904
0.04565735161304474 0.0 0.02583261951804161
0.05950605869293213 0.0 0.025919172912836075
0.054325077682733536 0.0 0.020712915807962418
0.0043588485568761826 0.041090454906225204 0.008610979653894901
0.0 0.011481963098049164 0.0
0.0 0.0 0.0
0.0 0.0 0.0
0.0 0.0 0.0
0.0 0.0 0.011457632295787334
0.0 0.0 0.019976284354925156
0.0 0.0 0.010280248709022999
0.0 0.0 0.005978976376354694
0.016943350434303284 0.0 0.019178401678800583
0.04028462618589401 0.0 0.03331312909722328
0.01578087918460369 0.004824591334909201 0.03424710035324097
0.004264039918780327 0.007054190617054701 0.012772967107594013
0.018401164561510086 0.0 0.0
0.013158464804291725 0.0 0.0
0.023639600723981857 0.0 0.0
0.02028508298099041 0.0 0.0053203776478767395
0.013835707679390907 0.0 0.010614742524921894
0.03221631422638893 0.0 0.0
0.04591561108827591 0.0 0.006710014306008816
0.05115298554301262 0.0 0.016377024352550507
0.03947103023529053 0.0 0.012014766223728657
0.03411354869604111 0.0 0.014097890816628933
0.05843087285757065 0.0 0.034597039222717285
0.04994817078113556 0.0 0.028078418225049973
0.02118390053510666 0.0 0.022435981780290604
0.0 0.0 0.0029911771416664124
0.0 0.0 0.0027634762227535248
0.0 0.0 0.0006436007097363472
0.0 0.0 0.0
0.0 0.0 0.0
0.0 0.0 0.0
0.006493371911346912 0.0 0.0
0.013954751193523407 0.0 0.0
0.006332783494144678 0.0 0.006101216189563274
0.01271132007241249 0.0 0.011571881361305714
0.0137262511998415 0.0 0.020204253494739532
0.0 0.0 0.010534846223890781
0.0 0.014534743502736092 0.01365234237164259
0.0 0.0017497059889137745 0.01479617040604353
0.030862094834446907 0.0 0.01832485944032669
0.038430798798799515 0.004867734853178263 0.010970539413392544
0.03429410979151726 0.0 0.0
0.0 0.0 0.0
0.0 0.0 0.0
0.00654077623039484 0.0 0.0
0.03532395511865616 0.0 0.0
0.03215958550572395 0.0 0.0
0.017244286835193634 0.0 0.0
0.0 0.0 0.0
0.0 0.0 0.0
0.0023562863934785128 0.0 0.0
0.024644281715154648 0.0 0.0
0.013792699202895164 0.0 0.01708536222577095
0.0 0.0 0.014714348129928112
0.0 0.0 0.004942411556839943
0.004424497485160828 0.0 0.0
0.001251074718311429 0.0 0.0
0.001104334369301796 0.0 0.0
0.004238342400640249 0.0 0.005087021738290787
0.0 0.0 0.002873668447136879
0.0 0.0 0.0
0.0 0.0 0.0
0.0 0.0 0.0
0.0 0.0 0.0
0.0 0.0 0.00414586067199707
0.011742064729332924 0.0 0.006326722912490368
0.0 0.0 0.007231132127344608
0.0 0.01032242365181446 0.0030763354152441025
0.005426378455013037 0.008174850605428219 0.003175937570631504
0.020424501970410347 0.0 0.0
0.005658872425556183 0.0 0.0
0.009907413274049759 0.0 0.0
0.0 0.0 0.0
0.0 0.0 0.0
0.0 0.0 0.0
0.0 0.0 0.0
0.0 0.0 0.0
0.0 0.0 0.0
0.014104554429650307 0.0 0.0
0.009826719760894775 0.0 0.0
0.0012526726350188255 0.0 0.0
0.0 0.0 0.0
0.0 0.0 0.0
0.0 0.0 0.0
0.0 0.0 0.0
0.0 0.0 0.0
0.0 0.0 0.0
0.0 0.0 0.0
0.0 0.015891093760728836 0.0
0.0 0.04346705973148346 0.0
0.0 0.037065621465444565 0.0
0.0 0.036043766885995865 0.0
0.0 0.08080271631479263 0.0
0.0 0.08714742958545685 0.0
0.0 0.05736636370420456 0.0
0.0 0.0 0.0
0.0 0.0 0.0
0.0 0.0 0.0
0.0022175980266183615 0.0 0.0
0.0 0.0 0.014814126305282116
0.0 0.0048989662900567055 0.03193292394280434
0.006213937420397997 0.0 0.027696900069713593
0.0 0.0 0.02009810507297516
0.003281530924141407 0.009244712069630623 0.004226995632052422
0.01831347681581974 0.012436244636774063 0.0
0.002353152958676219 0.007172507233917713 0.0
0.002266866387799382 0.0 0.0
0.0021992221008986235 0.0 0.00090789794921875
0.0 0.0 0.0
0.004281547851860523 0.0 0.004092239774763584
0.0 0.0 0.004163878969848156
0.004243731033056974 0.0 0.012745116837322712
0.018178455531597137 0.0 0.005375084467232227
0.016061242669820786 0.0 0.003207004629075527
0.023353243246674538 0.0 0.020365752279758453
0.0031283991411328316 0.0017508435994386673 0.018089283257722855
0.0 0.015704741701483727 0.0
0.0 0.0 0.0
0.025814270600676537 0.0 0.0
0.012850800529122353 0.0 0.005339131690561771
0.013695823028683662 0.01975487731397152 0.031072989106178284
0.022206220775842667 0.016540441662073135 0.03328421339392662
0.011763432994484901 0.0 0.007468328811228275
0.0 0.0 0.0
0.00234356545843184 0.0007937033660709858 0.0
0.011861170642077923 0.0 0.0
0.02571280486881733 0.0 0.0
0.01091494970023632 0.0 0.0
0.0 0.0 0.0
0.0 0.0 0.0
0.01319221779704094 0.0 0.0
0.05773119255900383 0.0 0.0
0.07264063507318497 0.0 0.0
0.06516966223716736 0.0 0.0
0.11712181568145752 0.0 0.008992190472781658
0.35757434368133545 0.0 0.05133325234055519
0.7393739223480225 0.0 0.1353224366903305
1.0029077529907227 0.0 0.21962319314479828
1.1918505430221558 0.0 0.44305121898651123
1.1994973421096802 0.0 0.7914563417434692
1.0283740758895874 0.0 1.1750849485397339
0.8076310157775879 0.054503001272678375 1.4033557176589966
0.647577702999115 0.15258297324180603 1.414894700050354
0.5706394910812378 0.10315070301294327 1.3124759197235107
0.5153744220733643 0.04848399758338928 1.1771388053894043
0.453771710395813 0.0 1.0342363119125366
0.3301565647125244 0.0 0.7966764569282532
0.16344617307186127 0.0 0.5153374075889587
0.024010352790355682 0.11976245790719986 0.29003289341926575
0.0 0.15983878076076508 0.13132260739803314
0.0 0.3023131191730499 0.0
0.0 0.4276249408721924 0.0
0.0 0.4730936288833618 0.0
0.0 0.3759891986846924 0.0
0.0 0.3014393150806427 0.0
0.0 0.25006774067878723 0.0
0.0 0.1384591907262802 0.0
0.0 0.04274731129407883 0.0
0.0 0.0 0.0
0.0 0.0 0.0
0.0 0.0 0.0
0.0 0.0 0.0
0.0 0.0 0.0
0.0 0.0 0.0
0.0 0.0 0.0
0.0 0.0 0.0
0.0 0.0 0.0
0.004899775609374046 0.0 0.0
0.05456852912902832 0.0 0.0
0.08478182554244995 0.0 0.04836566746234894
0.10120554268360138 0.0 0.12574034929275513
0.15257124602794647 0.0 0.2159767746925354
0.2388342320919037 0.0 0.332080215215683
0.31949499249458313 0.0 0.47484907507896423
0.40796172618865967 0.0 0.6914570331573486
0.48439738154411316 0.0 0.9389773607254028
0.4066922068595886 0.0 1.0433226823806763
0.26058053970336914 0.16887755692005157 0.9591842889785767
0.2267078012228012 0.24169236421585083 0.8383623361587524
0.316737562417984 0.13858915865421295 0.7855116128921509
0.3498491644859314 0.041172318160533905 0.6637386083602905
0.23522964119911194 0.05835636332631111 0.39450204372406006
0.07696811109781265 0.14898400008678436 0.12506763637065887
0.0 0.14980612695217133 0.0
0.0 0.09697991609573364 0.0
0.0 0.0484190434217453 0.0
0.0 0.0 0.0
0.0 0.0 0.0
0.0 0.0 0.0
0.0 0.0 0.0
0.0 0.0 0.0
0.0 0.0 0.0
0.0 0.0 0.0
0.0 0.0 0.0
0.0 0.008756853640079498 0.0
0.0 0.06670404225587845 0.0
0.0 0.08954091370105743 0.0
0.0 0.06604038178920746 0.0
0.0 0.0 0.0
0.0 0.0 0.0
0.0 0.0 0.0
0.0 0.0 0.0
0.0 0.0 0.05615775287151337
0.0381602942943573 0.0 0.13911442458629608
0.17817997932434082 0.0 0.2140355408191681
0.30357199907302856 0.0 0.2589119076728821
0.3533768355846405 0.0 0.2903175354003906
0.3813434839248657 0.0 0.3783043622970581
0.42772936820983887 0.0 0.5444784164428711
0.5152472257614136 0.0 0.7547808289527893
0.586352527141571 0.0 0.9008349776268005
0.5688483715057373 0.00562720000743866 0.9510496854782104
0.416365385055542 0.16893702745437622 0.8581807017326355
0.33849215507507324 0.2364356368780136 0.7604048848152161
0.42118170857429504 0.09050028026103973 0.7928072810173035
0.4963662326335907 0.008319921791553497 0.8381611704826355
0.4042157828807831 0.06082254275679588 0.7775852084159851
0.1862056851387024 0.23126457631587982 0.5184958577156067
0.02389773540198803 0.29541829228401184 0.22329561412334442
0.0 0.1719871461391449 0.0
0.0 0.0 0.0
0.0 0.0 0.0
0.0 0.0 0.0
0.0 0.0 0.0
0.0 0.02379501983523369 0.0
0.0 0.008282105438411236 0.0
0.0 0.0 0.0
0.0 0.0 0.0
0.0 0.0 0.0
0.0 0.0 0.0
0.0 0.0 0.0
0.0 0.0 0.0
0.0 0.0 0.0
0.0 0.0 0.0
0.0 0.0 0.0
0.06767158210277557 0.0 0.0
0.12772798538208008 0.0 0.026420362293720245
0.11799786984920502 0.0 0.04679674282670021
0.11209790408611298 0.0 0.10338891297578812
0.04520063102245331 0.014848128892481327 0.18520787358283997
0.0443502813577652 0.05172625184059143 0.27398914098739624
0.16210301220417023 0.01510752085596323 0.3380773067474365
0.26870962977409363 0.0038375556468963623 0.45234715938568115
0.36376264691352844 0.05176886171102524 0.6617736220359802
0.4815649092197418 0.12382575124502182 0.9462876915931702
0.6238823533058167 0.1331326961517334 1.2244333028793335
0.6201357841491699 0.19881770014762878 1.2876393795013428
0.48230260610580444 0.2780502140522003 1.2106690406799316
0.4652024507522583 0.25190356373786926 1.1046501398086548
0.5243006348609924 0.13717962801456451 1.0482478141784668
0.583962619304657 0.0 0.9330152869224548
0.4874512851238251 0.0 0.5559127330780029
0.28764018416404724 0.0 0.16185781359672546
0.07578171044588089 0.013705099932849407 0.0
0.0 0.022621896117925644 0.0
0.0 0.0 0.0
0.0 0.0 0.0
0.0 0.0 0.0
0.0 0.0 0.0
0.0 0.0 0.0
0.0 0.0 0.0
0.0 0.0 0.0
0.0 0.0 0.0
0.0 0.0 0.0
0.0 0.0 0.0
0.0 0.0 0.0
0.0 0.0 0.0
0.0 0.0 0.0
0.02172726020216942 0.0 0.06281139701604843
0.01729336380958557 0.0 0.09189044684171677
0.0 0.09325399249792099 0.03157970681786537
0.0 0.05826990678906441 0.0
0.0522548109292984 0.0 0.008829118683934212
0.01532608550041914 0.0 0.0
0.0 0.0 0.0
0.0 0.0 0.0
0.0 0.0 0.0
0.0 0.0338367335498333 0.0
0.0 0.04670752212405205 0.0
0.0 0.08962436765432358 0.0
0.0 0.13044290244579315 0.0
0.0 0.19831089675426483 0.0
0.0 0.23577651381492615 0.0
0.0 0.2190830111503601 0.0
0.0 0.0986223891377449 0.0
0.0 0.0 0.0
0.0 0.0 0.0
0.0 0.0 0.0
0.0 0.0 0.0
0.011122819036245346 0.0 0.0
0.13290011882781982 0.0 0.2573564052581787
0.216497004032135 0.0 0.43888914585113525
0.20878635346889496 0.0 0.4666811227798462
0.23647257685661316 0.0006321752443909645 0.4733811020851135
0.3152502179145813 0.0 0.4879520535469055
0.36984288692474365 0.0 0.46811652183532715
0.35911381244659424 0.0 0.4798951745033264
0.30156877636909485 0.0812564492225647 0.48604416847229004
0.1171717643737793 0.22483159601688385 0.2763420343399048
0.02699420042335987 0.175658717751503 0.11182951182126999
0.08285719901323318 0.0 0.04767901822924614
0.10776787996292114 0.0 0.0
0.03986019641160965 0.0 0.0
0.0 0.0 0.0
0.0 0.0 0.0
0.0 0.0 0.0
0.0 0.0 0.0
0.0 0.0 0.0
0.0 0.051781781017780304 0.0
0.018049173057079315 0.026099584996700287 0.024721771478652954
0.023280154913663864 0.0 0.02782382071018219
0.0 0.0 0.0
0.0 0.0 0.0
0.0 0.0 0.0
0.0 0.0 0.0
0.0 0.0 0.0
0.0 0.025415685027837753 0.0
0.0 0.016890909522771835 0.0
0.0 0.012538238428533077 0.0
0.0 0.003856067545711994 0.02109294757246971
0.0 0.025124870240688324 0.028469104319810867
0.0 0.10944720357656479 0.0
0.0 0.1160379946231842 0.0
0.0 0.03622119501233101 0.0
0.030098114162683487 0.0 0.0
0.024990703910589218 0.0 0.0
0.0 0.04912181571125984 0.0
0.0 0.10239382833242416 0.0
0.0 0.06307385116815567 0.0
0.020219117403030396 0.0 0.0
0.0942067950963974 0.0 0.0
0.0 0.014759846962988377 0.0
0.0 0.0533120334148407 0.0
0.0 0.0 0.0
0.0413888543844223 0.0 0.0
0.028626184910535812 0.0 0.0
0.0 0.021156229078769684 0.0
0.016435032710433006 0.0018555009737610817 0.0
0.04394388943910599 0.0 0.0
0.021913154050707817 0.0 0.0
0.0 0.0 0.0
0.0 0.0 0.0
0.011906594038009644 0.0 0.0
0.05232938379049301 0.0 0.0
0.046334072947502136 0.0 0.0
0.03799545019865036 0.0 0.0
0.057334527373313904 0.0 0.0
0.05212938040494919 0.0 0.0
0.02004040591418743 0.0 0.0
0.050570353865623474 0.0 0.0
0.10904830694198608 0.0 0.0
0.16178980469703674 0.0 0.0
0.261924147605896 0.0 0.0
0.2926897704601288 0.0 0.0
0.22731982171535492 0.0 0.0
0.20773492753505707 0.0 0.0
0.42423686385154724 0.0 0.0
0.958737850189209 0.0 0.0
1.7713944911956787 0.0 0.0
2.5102837085723877 0.0 0.02385665848851204
2.7361018657684326 0.0 0.352422297000885
3.0433430671691895 0.0 0.7598971128463745
4.036738872528076 0.0 1.2341359853744507
5.617616176605225 0.0 1.5583397150039673
7.265483856201172 0.0 1.887064814567566
8.072578430175781 0.0 2.3156402111053467
8.013134956359863 0.0 2.7356204986572266
8.199739456176758 0.0 2.9891581535339355
9.090319633483887 0.0 2.3318235874176025
10.348724365234375 0.0 1.5596380233764648
10.224811553955078 0.0 1.8844746351242065
5.9398369789123535 0.4205229580402374 2.3104538917541504
3.0161097049713135 2.8542661666870117 0.9548112154006958
1.9803160429000854 3.374513864517212 0.0
1.3424510955810547 4.271294116973877 0.0
1.4745588302612305 4.091887474060059 0.0
1.5393537282943726 3.700352191925049 0.0
1.1700245141983032 3.902381181716919 0.0
1.018807291984558 4.023097038269043 0.0
0.7922865748405457 4.304971218109131 0.0
0.4131794273853302 4.341705799102783 0.0
0.06742789596319199 4.051764488220215 0.0
0.04193292185664177 3.7981863021850586 0.0
0.0 3.1083784103393555 0.0
0.0 2.2898597717285156 0.0
0.0 1.9618875980377197 0.0
0.0 1.7538646459579468 0.0
0.0 1.5831024646759033 0.0
0.0 1.3548303842544556 0.0
0.0 0.9806538820266724 0.0
0.0 0.5477501749992371 0.0
0.0 0.33631911873817444 0.0
0.0 0.09468679130077362 0.0
0.0 0.0688120499253273 0.0
0.0 0.0 0.0
0.0 0.0 0.0
0.0 0.0 0.0
0.0 0.0 0.0
0.0 0.0 0.0
0.0 0.0 0.0
0.0 0.0 0.0
0.0 0.0 0.0
0.0 0.0 0.0
0.0 0.0 0.0
0.0 0.0 0.0
0.0 0.0 0.0
0.0 0.0 0.0
0.0 0.0 0.0
0.0 0.0 0.0
0.0 0.0 0.0
0.0 0.0 0.0
0.0 0.0 0.0
0.0 0.0 0.0
0.0 0.0 0.0
0.0 0.0 0.0
0.0 0.0 0.0
0.0 0.0 0.0
0.0 0.0 0.0
0.0 0.0 0.0
0.0 0.0 0.0
0.0 0.0 0.0630662590265274
0.0 0.0 0.04575251787900925
0.0 0.0 0.01360443513840437
0.0 0.0 0.0
0.0 0.0 0.0
0.0 0.13519030809402466 0.009328997693955898
0.0 0.08893385529518127 0.10203549265861511
0.0 0.04394853860139847 0.14024625718593597
0.0 0.0 0.08385409414768219
0.0 0.0 0.051707614213228226
0.0 0.05581212416291237 0.07549735903739929
0.0 0.08862839639186859 0.10041815787553787
0.0026553799398243427 0.031294528394937515 0.06945598125457764
0.04146961867809296 0.0 0.010649126954376698
0.05106924846768379 0.0 0.0
0.07352688908576965 0.0 0.0
0.18113164603710175 0.0 0.0
0.3379444479942322 0.0 0.07095587253570557
0.0 0.0 0.1793697029352188
0.07386750727891922 0.0 0.23964448273181915
0.0027160998433828354 0.0 0.24404829740524292
0.0 0.0016556777991354465 0.08967895805835724
0.0 0.03274994716048241 0.0
0.030930161476135254 0.04949617013335228 0.020654886960983276
0.041090384125709534 0.0 0.053501520305871964
0.020692437887191772 0.0 0.04866628348827362
0.0 0.0 0.0616779588162899
0.0 0.0 0.08032940328121185
0.0 0.0 0.0785195529460907
0.0 0.0 0.08368848264217377
0.1137559562921524 0.0 0.11765284091234207
0.16659972071647644 0.0 0.14437100291252136
0.06979888677597046 0.0 0.1353338211774826
0.0 0.0 0.09345775842666626
0.04333692044019699 0.008945529349148273 0.053764939308166504
0.09350261837244034 0.0 0.03245165944099426
0.08079374581575394 0.0 0.0
0.029052523896098137 0.0 0.0
0.049252867698669434 0.0 0.0
0.0 0.0 0.0
0.041918519884347916 0.0 0.0
0.0701269879937172 0.0 0.0
0.05711664631962776 0.0 0.0
0.06595754623413086 0.0 0.0
0.0 0.0 0.0
0.0 0.0 0.0
0.0 0.007473333738744259 0.0
0.021830562502145767 0.0 0.0
0.08925753831863403 0.0 0.0
0.001794004114344716 0.0 0.0
0.0 0.0 0.0
0.0 0.017829034477472305 0.0
0.00489498907700181 0.0 0.054418474435806274
0.07235738635063171 0.0 0.022839510813355446
0.037466514855623245 0.0 0.0
0.05236157402396202 0.0 0.0
0.06235162541270256 0.0 0.0
0.005446529481559992 0.0 0.0
0.0 0.0 0.0
0.0 0.0 0.0
0.0 0.0 0.0
0.0 0.0 0.0
0.0 0.0 0.0
0.0 0.1193937435746193 0.0
0.0 0.0 0.020923100411891937
0.016994262114167213 0.0 0.01491900347173214
0.0 0.0 0.018799228593707085
0.0 0.0 0.0
0.0 0.0 0.027636928483843803
0.0 0.08149056881666183 0.07999441027641296
0.0 0.1451539695262909 0.1101754829287529
0.0 0.16422326862812042 0.123151995241642
0.0 0.10714426636695862 0.037456266582012177
0.0 0.0 0.0
0.007990647107362747 0.10180222988128662 0.0
0.0 0.4742719531059265 0.0
0.0 0.8402456641197205 0.0
0.0 0.5017096400260925 0.0
0.0 0.27496111392974854 0.07018639147281647
0.0 0.12500542402267456 0.09302806854248047
0.0 0.27115491032600403 0.0
0.0 0.46438029408454895 0.0
0.34713515639305115 0.025713201612234116 0.0
