0.01149994321167469 0.018909616395831108 0.09692171961069107
0.03628252074122429 0.0 0.06711188703775406
0.04881482571363449 0.0 0.06664770096540451
0.07828163355588913 0.0 0.09007233381271362
0.09164990484714508 0.0 0.13060830533504486
0.10664696246385574 0.0 0.13634076714515686
0.11564312130212784 0.0 0.11995112895965576
0.03929908573627472 0.04012489318847656 0.0951315388083458
0.0 0.0744549036026001 0.08006683737039566
0.0 0.010888708755373955 0.054640837013721466
0.0 0.0 0.015209274366497993
0.0 0.0 0.004134786315262318
0.0 0.0341426283121109 0.02709016762673855
0.0 0.04900679737329483 0.0419122576713562
0.0 0.0064643993973731995 0.050244756042957306
0.0 0.0 0.06746049970388412
0.05976547673344612 0.0 0.06626766920089722
0.09840714186429977 0.0 0.046393558382987976
0.10821955651044846 0.005152791738510132 0.029471034184098244
0.11792545020580292 0.014733780175447464 0.021052516996860504
0.1317182332277298 0.00511390995234251 0.027569005265831947
0.1242816150188446 0.0 0.019923603162169456
0.12129008769989014 0.04347594827413559 0.009427819401025772
0.06272265315055847 0.21364662051200867 0.022214187309145927
0.0 0.37963932752609253 0.0765426754951477
0.0 0.4723556637763977 0.06733959168195724
0.0 0.4534496068954468 0.016859102994203568
0.0 0.33117324113845825 0.0
0.014219829812645912 0.13107983767986298 0.0
0.1817196011543274 0.0 0.0
0.22417466342449188 0.0 0.0
0.19638830423355103 0.04028521478176117 0.0
0.24844111502170563 0.06280037760734558 0.0
0.21136778593063354 0.1086656004190445 0.0
0.13671165704727173 0.17364592850208282 0.0
0.10042928159236908 0.21728289127349854 0.0
0.0809013843536377 0.17895254492759705 0.0
0.04401527717709541 0.13311448693275452 0.0
0.12837490439414978 0.09790270775556564 0.0
0.16907837986946106 0.0033106831833720207 0.0
0.1273604929447174 0.0 0.0
0.12296947836875916 0.0 0.0
0.13030914962291718 0.0 0.0
0.10554973781108856 0.0 0.0
0.08209509402513504 0.0 0.0
0.18797385692596436 0.08632218837738037 0.0
0.31198740005493164 0.055344030261039734 0.0
0.33779504895210266 0.011800285428762436 0.0
0.30728214979171753 0.0 0.0
0.3025211989879608 0.0 0.0
0.31892815232276917 0.05592060834169388 0.0
0.3853473961353302 0.05269498750567436 0.0
0.49195078015327454 0.0014395229518413544 0.0
0.562034547328949 0.0 0.0
0.43287229537963867 0.0 0.027799922972917557
0.25034376978874207 0.0 0.31704211235046387
0.041561517864465714 0.0 0.4106399714946747
0.0 0.0 0.2594832181930542
0.0 0.18908478319644928 0.010319999419152737
0.0 0.15881715714931488 0.0
0.0 0.004713613539934158 0.0
0.0 0.0 0.0
0.0 0.0 0.0
0.0 0.0777265727519989 0.0
0.0 0.05081452801823616 0.0
0.0 0.0 0.0
0.0 0.0 0.0
0.0 0.0 0.0
0.0 0.0 0.0
0.0 0.0 0.0
0.0 0.0 0.0
0.0 0.0 0.0
0.0 0.0 0.0
0.0 0.0 0.0
0.0 0.07224711775779724 0.0
0.0 0.18399521708488464 0.0
0.0 0.15839478373527527 0.0
0.0 0.04228176176548004 0.0
0.0 0.0 0.0
0.04376421868801117 0.0 0.0
0.11735854297876358 0.0 0.0
0.12023795396089554 0.0 0.0
0.0818072035908699 0.04490311071276665 0.0037116315215826035
0.044758107513189316 0.11415328830480576 0.0
0.011586574837565422 0.11206110566854477 0.0
0.03576674684882164 0.015187026932835579 0.013838567771017551
0.04419511556625366 0.0 0.02023947611451149
0.0 0.0 0.0
0.0 0.0 0.0
0.0 0.0 0.0
0.0 0.020163942128419876 0.0
0.0 0.0 0.0
0.0 0.0 0.0
0.0 0.0 0.0
0.022542240098118782 0.0 0.0
0.016183145344257355 0.0 0.0
0.0 0.0 0.0
0.0 0.0 0.0
0.0 0.0 0.0024027591571211815
0.0 0.019690852612257004 0.01082500722259283
0.0 0.0 0.006661686114966869
0.004040728788822889 0.0 0.0
0.01778263971209526 0.0 0.0
0.013556469231843948 0.0 0.0
0.0 0.0 0.0
0.0 0.0 0.0
0.0 0.0 0.0
0.02151639200747013 0.0 0.0
0.020230351015925407 0.0 0.0
0.0 0.0 0.0
0.0 0.0 0.0
0.0 0.0 0.006835059262812138
0.0 0.0 0.013121183030307293
0.0 0.0 0.017128176987171173
0.0 0.0 0.008542145602405071
0.0 0.0 0.0
0.0 0.0 0.00895200576633215
0.008793672546744347 0.0 0.03589387610554695
0.007777409628033638 0.006721791811287403 0.03490158170461655
0.0 0.037633635103702545 0.0178256593644619
0.007089515216648579 0.055739931762218475 0.005140755325555801
0.024126555770635605 0.0238158218562603 0.004139140248298645
0.040322836488485336 0.0 0.0
0.032014839351177216 0.0 0.0
0.018396232277154922 0.0 0.0
0.011050967499613762 0.0 0.0
0.02060692198574543 0.0 0.0
0.015206297859549522 0.0 0.0
0.001192211639136076 0.014498221687972546 0.0
0.0 0.035818424075841904 0.0
0.0 0.03260478749871254 0.0
0.009716724045574665 0.013414048589766026 0.0
0.029796957969665527 0.006926854141056538 0.0
0.014508815482258797 0.0 0.0007382836192846298
0.0124275553971529 0.0 0.0
0.0007362784817814827 0.001580825075507164 0.0
0.002742171287536621 0.0 0.002743643708527088
0.014369532465934753 0.0 0.012446871958673
0.03143852949142456 0.0 0.011514498852193356
0.005888163577765226 0.0 0.004839285276830196
0.0069329217076301575 0.0 0.004801468923687935
0.0 0.0 0.0
0.0 0.0 0.015298050828278065
0.0 0.0 0.011050309054553509
0.0 0.0 0.0036163674667477608
0.0036891899071633816 0.0 0.010150167159736156
0.010140698403120041 0.0 0.00704412255436182
0.001620979281142354 0.0 0.005904556252062321
0.0 0.0 0.003671761602163315
0.0 0.0 0.0
0.0 0.0 0.0
0.0 0.006914215162396431 0.0
0.0 0.03669314831495285 0.0
0.0 0.025960609316825867 0.020961802452802658
0.009031224995851517 0.011067148298025131 0.01676838845014572
0.017627641558647156 0.014259479939937592 0.011523026041686535
0.011300770565867424 0.0 0.001796896569430828
0.008193394169211388 0.0 0.0
0.011481599882245064 0.0 0.0
0.0 0.0 0.0
0.0 0.0 0.0
0.0 0.0 0.0
0.00817714910954237 0.0 0.0
0.01557807344943285 0.0 0.0
0.0016822319012135267 0.0 0.0016698632389307022
0.0 0.0 0.008030024357140064
0.0 0.0 0.014428800903260708
0.0037363278679549694 0.0 0.006976745091378689
0.006964611820876598 0.0 0.0059751300141215324
0.006839975714683533 0.0 0.018807303160429
0.010059737600386143 0.0 0.015603522770106792
0.011262953281402588 0.0 0.0038986625149846077
0.010158274322748184 0.0 0.007082206197082996
0.02944249100983143 0.0 0.0
0.020045792683959007 0.0 0.0
0.04994270205497742 0.0 0.0
0.1311238557100296 0.0 0.0
0.16962996125221252 0.0 0.0
0.20262306928634644 0.0 0.0
0.2397259622812271 0.0 0.011731020174920559
0.24545840919017792 0.0 0.04637368395924568
0.14720934629440308 0.0 0.05942903459072113
0.010865876451134682 0.0 0.07061537355184555
0.0 0.0 0.05780237168073654
0.0 0.11861623823642731 0.08334129303693771
0.0 0.04932105913758278 0.11027916520833969
0.0 0.0 0.11542651802301407
0.16075044870376587 0.0 0.15384022891521454
0.1957683563232422 0.0 0.17014196515083313
0.16206791996955872 0.0 0.2427155077457428
0.10217155516147614 0.0 0.3727262318134308
0.0275788102298975 0.0 0.485645592212677
0.0 0.055017296224832535 0.5184037685394287
0.0 0.08592727780342102 0.4939996898174286
0.021374301984906197 0.065619558095932 0.4881959557533264
0.028887080028653145 0.08687131106853485 0.48727157711982727
0.0 0.17127567529678345 0.4068446457386017
0.0 0.19708064198493958 0.34677863121032715
0.0 0.159747913479805 0.3661406338214874
0.02320229634642601 0.0998973697423935 0.4188847839832306
0.04514487832784653 0.07949328422546387 0.4617704749107361
0.006821991875767708 0.12741900980472565 0.45940637588500977
0.0 0.2371731996536255 0.433348685503006
0.0 0.35953426361083984 0.45211145281791687
0.0 0.3305225670337677 0.5112053751945496
0.0 0.31956765055656433 0.5809229612350464
0.0 0.30856189131736755 0.6771003603935242
0.0 0.3266735076904297 0.6685816645622253
0.0 0.3347063958644867 0.5178520679473877
0.0 0.2919831871986389 0.27963078022003174
0.0 0.19802340865135193 0.07791335880756378
0.004539928864687681 0.07939209043979645 0.0
0.0 0.0 0.0
0.0 0.032081834971904755 0.0
0.0 0.08882926404476166 0.0
0.0 0.12649010121822357 0.0
0.0 0.08945856988430023 0.0
0.0 0.025752831250429153 0.0
0.0 0.04198932647705078 0.0
0.0 0.08797626197338104 0.0
0.0 0.0582154355943203 0.0
0.0 0.0 0.0
0.0 0.0 0.0
0.0 0.025100890547037125 0.0
0.0 0.004059520550072193 0.0
0.0 0.0 0.0
0.0 0.0 0.0
0.0 0.0 0.0
0.0 0.0 0.0
0.0 0.0 0.0
0.0 0.0 0.0
0.0 0.0 0.0
0.0 0.0 0.0
0.13883674144744873 0.0 0.0
0.2970474362373352 0.0 0.0
0.4251808822154999 0.0 0.0
0.5190733075141907 0.0 0.0
0.5406856536865234 0.0 0.0
0.4918520748615265 0.0 0.07272898405790329
0.46885567903518677 0.0 0.12910224497318268
0.459764689207077 0.0 0.182409405708313
0.4417676031589508 0.0 0.27413827180862427
0.4361874759197235 0.0 0.39681679010391235
0.3990992307662964 0.0 0.477689266204834
0.29115092754364014 0.03631599247455597 0.5068204998970032
0.1270996630191803 0.19825643301010132 0.5014334321022034
0.0 0.2782471179962158 0.5004147887229919
0.0 0.24950285255908966 0.5204358696937561
0.0 0.2016277313232422 0.5204505324363708
0.0 0.19640900194644928 0.5157556533813477
0.0 0.19465796649456024 0.44783470034599304
0.0 0.24073705077171326 0.3874616324901581
0.0 0.3227003514766693 0.38616999983787537
0.0 0.43652915954589844 0.3903658092021942
0.0 0.555959165096283 0.3344511389732361
0.0 0.6266085505485535 0.24421632289886475
0.0 0.6706330180168152 0.15517619252204895
0.0 0.6846907734870911 0.08904644101858139
0.0 0.7188785672187805 0.01808890700340271
0.0 0.7487725615501404 0.0
0.0 0.8075062036514282 0.0
0.0 0.9631277322769165 0.0
0.0 0.8805340528488159 0.0
0.0 0.539360761642456 0.0
0.0 0.11415699124336243 0.0
0.0 0.0 0.0
0.03642835095524788 0.0 0.0
0.03415907546877861 0.0 0.0
0.04628657549619675 0.0 0.0
0.08432797342538834 0.0 0.0
0.15931645035743713 0.0 0.0
0.2442539781332016 0.0 0.0
0.31373026967048645 0.0 0.0
0.3926048278808594 0.0 0.0
0.4429100751876831 0.0 0.0
0.3863373398780823 0.0 0.0
0.31569406390190125 0.0 0.0
0.29921630024909973 0.0 0.0
0.31035229563713074 0.0 0.0
0.28018349409103394 0.0 0.0
0.23632575571537018 0.0 0.0
0.21267874538898468 0.0 0.02061065286397934
0.1753566712141037 0.0 0.021389096975326538
0.14127780497074127 0.0 0.01683082804083824
0.09647305309772491 0.0 0.017507005482912064
0.07489851862192154 0.0 0.04190395772457123
0.061019714921712875 0.0 0.042844053357839584
0.06732075661420822 0.0 0.0514223612844944
0.08762336522340775 0.0 0.038581397384405136
0.11681747436523438 0.0 0.0
0.12893351912498474 0.0 0.0
0.10863704234361649 0.0 0.0
0.0903903916478157 0.0 0.0
0.047486864030361176 0.0 0.008502592332661152
0.0057937270030379295 0.038693301379680634 0.02430417388677597
0.0 0.04836776480078697 0.005984288640320301
0.0 0.02079685963690281 0.0
0.018074627965688705 0.0 0.0
0.0171385258436203 0.0 0.0
0.0 0.0 0.0
0.0 0.005000319331884384 0.0
0.0 0.016744859516620636 0.0
0.012521671131253242 0.0 0.0
0.08199156075716019 0.0 0.0
0.0737522691488266 0.0 0.0
0.0 0.0 0.0
0.0 0.0 0.0
0.0 0.16798311471939087 0.0
0.0 0.16672316193580627 0.03922213613986969
0.0 0.0 0.0
0.15823732316493988 0.0 0.0
0.2678954005241394 0.0 0.0
0.15005289018154144 0.0 0.0
0.0 0.0 0.0
0.1390915960073471 0.0 0.0
0.4952307939529419 0.0 0.016253169625997543
0.9142110347747803 0.0 0.08277973532676697
1.0369927883148193 0.0 0.14734886586666107
1.0741792917251587 0.0 0.5093923211097717
1.4335836172103882 0.0 1.1755311489105225
2.139448404312134 0.0 1.774717092514038
2.532599449157715 0.0 2.1177279949188232
1.9504567384719849 0.0 1.8742538690567017
1.2230387926101685 0.0 1.5875242948532104
0.9060002565383911 0.0 1.2765917778015137
1.2260769605636597 0.0 1.2032240629196167
1.5117026567459106 0.0 1.4299744367599487
1.4380544424057007 0.0 1.6037826538085938
1.1026232242584229 0.0 1.6281790733337402
1.127777338027954 0.0 1.6798534393310547
1.467383861541748 0.0 1.8156821727752686
1.8106908798217773 0.0 2.006006956100464
1.923608660697937 0.0 2.111407518386841
1.80181086063385 0.0 2.0597710609436035
1.572647213935852 0.0 1.8857866525650024
1.3284404277801514 0.0 1.5969023704528809
1.1212518215179443 0.0 1.499603509902954
1.2648606300354004 0.0 1.4814975261688232
1.4443336725234985 0.0 1.5305426120758057
1.4421168565750122 0.0 1.6361342668533325
1.5594667196273804 0.0 1.6601604223251343
1.7633001804351807 0.0 1.672047734260559
1.8089680671691895 0.0 1.6862261295318604
1.7984116077423096 0.0 1.6721742153167725
1.8264514207839966 0.0 1.54874587059021
1.821846604347229 0.0 1.5000507831573486
1.7581781148910522 0.0 1.4020411968231201
1.8705205917358398 0.0 1.2936375141143799
2.055422782897949 0.0 1.2742688655853271
2.239668607711792 0.0 1.2055553197860718
2.3540263175964355 0.0 1.294304609298706
2.331984043121338 0.0 1.2806825637817383
2.5287137031555176 0.0 1.1383634805679321
2.8026607036590576 0.0 0.9528769254684448
2.9540510177612305 0.0 0.7872642874717712
3.032188653945923 0.26727327704429626 0.7144278883934021
2.8892710208892822 0.6951245069503784 0.6652446389198303
2.656376600265503 0.9710865616798401 0.6253533959388733
2.3619120121002197 1.1644115447998047 0.5407783389091492
1.881331205368042 1.2248517274856567 0.2680264711380005
1.387081265449524 1.0488380193710327 0.0
1.0252602100372314 0.7478878498077393 0.0
0.797618567943573 0.40792280435562134 0.0
0.6895467042922974 0.147036612033844 0.0
0.7472091913223267 0.06299390643835068 0.0
0.824892520904541 0.18707723915576935 0.0
0.9372963309288025 0.30705156922340393 0.0
1.0631271600723267 0.4484787583351135 0.0
1.0992188453674316 0.6669442653656006 0.0
1.0211997032165527 0.7592206597328186 0.0
1.0380198955535889 0.5654323101043701 0.0
1.0076152086257935 0.41626542806625366 0.0
0.7874277234077454 0.5958663821220398 0.0
0.7257031202316284 0.8359103798866272 0.0
0.7021914124488831 0.9128406047821045 0.0
0.6272713541984558 0.9313647150993347 0.0
0.49635350704193115 0.8216382265090942 0.0
0.34516212344169617 0.7204533219337463 0.0
0.18434154987335205 0.6114479899406433 0.0
0.01101637352257967 0.586519718170166 0.0
0.0 0.6327117085456848 0.0
0.0 0.6095427870750427 0.0
0.0 0.4421162009239197 0.0
0.0 0.4803767502307892 0.0
0.0 0.5609731078147888 0.0
0.0 0.5249019265174866 0.0
0.0 0.41524994373321533 0.0
0.0 0.40804529190063477 0.0
0.0 0.34403836727142334 0.0
0.0 0.16172926127910614 0.0
0.0 0.10614537447690964 0.0
0.0 0.08447203785181046 0.0
0.0 0.0 0.0
0.0 0.0 0.0
0.0 0.0 0.0
0.0 0.01090213656425476 0.0
0.0 0.0 0.0
0.0 0.0 0.0
0.0 0.0 0.0
0.0 0.0 0.0
0.0 0.0 0.0
0.0 0.0 0.0
0.0 0.0 0.0
0.0 0.0 0.0
0.0 0.0 0.0
0.0 0.0 0.0
0.0 0.0 0.0
0.0 0.0 0.0
0.0 0.0 0.0
0.0 0.0 0.0
0.0 0.0 0.0
0.0 0.0 0.0
0.0 0.0 0.0
0.0 0.0 0.0
0.0 0.0 0.0
0.0 0.0 0.0
0.0 0.0 0.0
0.0 0.0 0.0
0.0 0.0 0.0
0.0 0.0 0.0
0.0 0.0 0.0
0.0 0.0 0.0
0.0 0.0 0.0
0.0 0.0 0.0
0.0 0.0 0.0
0.0 0.0 0.0
0.0 0.0 0.0
0.0 0.0 0.0
0.0 0.0 0.0
0.0 0.0 0.0
0.022530313581228256 0.0 0.0
0.09235306829214096 0.0 0.0
0.14983314275741577 0.0 0.00713711604475975
0.12790334224700928 0.0 0.0
0.08635349571704865 0.048301972448825836 0.0
0.08712101727724075 0.04500257968902588 0.003771413117647171
0.09764769673347473 0.0 0.006840173155069351
0.08403787761926651 0.0 0.0
0.08205249160528183 0.0 0.0
0.06639736890792847 0.0 0.0
0.08214117586612701 0.0 0.0
0.06583783775568008 0.0 0.0
0.029505398124456406 0.0 0.0
0.023008614778518677 0.0 0.0
0.049910444766283035 0.0 0.0
0.07875008136034012 0.0 0.0
0.10423307120800018 0.0 0.0
0.1391468495130539 0.0 0.009176744148135185
0.13806959986686707 0.0 0.013511570170521736
0.11248540878295898 0.0 0.012222334742546082
0.08178582042455673 0.0 0.0
0.035214588046073914 0.008046666160225868 0.0
0.03331788629293442 0.020888429135084152 0.0
0.07376144826412201 0.0 0.0
0.10355423390865326 0.0 0.0
0.08134347200393677 0.0 0.0
0.09187626838684082 0.0 0.0
0.10210254043340683 0.0 0.0
0.058579299598932266 0.0 0.0
0.0 0.0 0.0
0.0 0.0 0.0
0.05841151997447014 0.0 0.0
0.09231196343898773 0.0 0.0
0.08147662878036499 0.0 0.01287081465125084
0.07504802197217941 0.0 0.018210185691714287
0.038532890379428864 0.0 0.04573182389140129
0.0 0.0 0.06353692710399628
0.0 0.0 0.06879240274429321
0.0012920426670461893 0.0 0.03904329612851143
0.0008390387520194054 0.0 0.0
0.005330193787813187 0.0 0.0
0.006249250844120979 0.0 0.0
0.009282324463129044 0.0 0.0
0.018808718770742416 0.0 0.0
0.016773797571659088 0.0 0.0
0.02242955192923546 0.0 0.0
0.039372317492961884 0.0 0.0
0.05638565495610237 0.0 0.0
0.05107983946800232 0.0 0.0
0.03820904716849327 0.0 0.0
0.023143280297517776 0.0 0.0
0.01797647960484028 0.0005828915163874626 0.0
0.01383659616112709 0.020826909691095352 0.0
0.031741827726364136 0.009016323834657669 0.0
0.03808947280049324 0.0 0.0
0.013607831671833992 0.0 0.0
0.0008504907600581646 0.0 0.0
0.0018632907886058092 0.0 0.0
0.004981852136552334 0.0 0.0
0.01558070071041584 0.0 0.0
0.0070330193266272545 0.0 0.0
0.0 0.0 0.0
0.0 0.0 0.0
0.0 0.0 0.0
0.0 0.0 0.005775422789156437
0.0 0.0 0.02302391827106476
0.008873606100678444 0.003596195951104164 0.030632037669420242
0.0121556855738163 0.0 0.021012164652347565
0.015386633574962616 0.0 0.017832618206739426
0.021801920607686043 0.0 0.01683180034160614
0.025176413357257843 0.0 0.0
0.0380791611969471 0.0 0.0
0.04670460894703865 0.0 0.0
0.0615788958966732 0.0 0.0
0.04357113316655159 0.0 0.0
0.051054347306489944 0.0 0.0
0.0648639053106308 0.0 0.0
0.06913987547159195 0.0 0.0
0.03821924328804016 0.0 0.0
0.009262960404157639 0.0 0.0
0.0016825390048325062 0.0 0.0016816109418869019
0.0134222861379385 0.0 0.00070982426404953
0.0 0.0 0.003799889236688614
0.0 0.0 0.01229910273104906
0.0025246303994208574 0.0 0.02194986492395401
0.028078991919755936 0.0 0.025358177721500397
0.026933565735816956 0.0 0.031728994101285934
0.04809264838695526 0.0 0.04573855176568031
0.08638597279787064 0.0 0.05131414532661438
0.1034264788031578 0.0 0.051411885768175125
0.09384442120790482 0.0 0.050272051244974136
0.10424193739891052 0.0 0.08035724610090256
0.11664241552352905 0.0 0.12218965590000153
0.16512472927570343 0.0 0.18032751977443695
0.3011358082294464 0.0 0.23393216729164124
0.458554208278656 0.0 0.2846145033836365
0.6108942031860352 0.0 0.30959653854370117
0.676654040813446 0.0 0.2669212520122528
0.6537843942642212 0.12491357326507568 0.2286958545446396
0.5833408832550049 0.19624021649360657 0.23997487127780914
0.5316755771636963 0.14836563169956207 0.2756263315677643
0.6092531681060791 0.020586099475622177 0.28880685567855835
0.8292662501335144 0.0 0.2619211673736572
1.0270386934280396 0.0 0.22098413109779358
1.033958911895752 0.0 0.1686684638261795
0.8828474283218384 0.0003945436328649521 0.14404675364494324
0.6683444380760193 0.15382617712020874 0.16590437293052673
0.48573070764541626 0.26783397793769836 0.19436264038085938
0.3311653435230255 0.3075188100337982 0.18226417899131775
0.22424452006816864 0.2549208402633667 0.08915047347545624
0.12679918110370636 0.13850367069244385 0.0
0.011690165847539902 0.021904896944761276 0.0
0.0 0.0 0.0
0.0 0.0 0.0
0.0 0.02251923456788063 0.0
0.0 0.042820777744054794 0.0
0.0 0.04508606344461441 0.0
0.0 0.02816646918654442 0.0
0.0 0.0 0.0
0.0 0.0 0.0
0.0 0.0 0.0
0.0 0.0 0.0
0.0 0.0 0.0
0.0 0.0 0.0
0.0 0.0 0.0
0.0 0.0 0.0
0.0 0.0 0.0
0.0 0.0 0.0
0.0 0.0 0.0
0.0 0.0 0.0
0.0 0.0 0.0
0.0 0.0 0.0
0.09159520268440247 0.0 0.0
0.22177265584468842 0.0 0.0
0.39436572790145874 0.0 0.0
0.5384421944618225 0.0 0.0
0.6143425107002258 0.0 0.0
0.6100252866744995 0.0 0.0
0.5383518934249878 0.0 0.010113781318068504
0.4367305040359497 0.05798748508095741 0.04897116497159004
0.39067167043685913 0.1249566599726677 0.0754360556602478
0.3979543447494507 0.12381070107221603 0.09366646409034729
0.440633088350296 0.07590842247009277 0.08752761781215668
0.5688821077346802 0.0 0.0575617216527462
0.693895161151886 0.0 0.04277478903532028
0.6978214383125305 0.016958553344011307 0.08029073476791382
0.646007239818573 0.03703266382217407 0.14073224365711212
0.6181617975234985 0.1592445969581604 0.16862645745277405
0.5304433703422546 0.24221991002559662 0.2011369913816452
0.4310944378376007 0.24450437724590302 0.21083515882492065
0.36275801062583923 0.16705991327762604 0.2024233043193817
0.32529717683792114 0.06402646005153656 0.19744186103343964
0.25613436102867126 0.00154790747910738 0.16770394146442413
0.1232047900557518 0.0 0.12042270600795746
0.0 0.03870087116956711 0.05691936984658241
0.0 0.08163607865571976 0.03299592807888985
0.0 0.06395429372787476 0.0037259235978126526
0.0 0.04621497914195061 0.0
0.0 0.03907397761940956 0.0
0.0 0.033983077853918076 0.0
0.0 0.014020289294421673 0.0
0.0 0.0 0.0
0.0 0.0 0.0
0.0 0.11082299798727036 0.0
0.0 0.22232866287231445 0.0
0.0 0.2881747782230377 0.0
0.0 0.30396944284439087 0.02045529894530773
0.0 0.29625216126441956 0.07002604752779007
0.0 0.3236211836338043 0.12284106016159058
0.0 0.3393484950065613 0.16487212479114532
0.0 0.3041175305843353 0.18017065525054932
0.0 0.21910971403121948 0.13879871368408203
0.0 0.09804186224937439 0.0434170737862587
0.0 0.013911543413996696 0.0
0.0 0.0 0.0
0.17275312542915344 0.0 0.0
0.4001319408416748 0.0 0.0
0.712437093257904 0.0 0.0
0.9916703701019287 0.0 0.0
1.0492124557495117 0.0 0.0
0.9831866025924683 0.0 0.0
0.9650528430938721 0.0 0.0
1.0042083263397217 0.0 0.0486786812543869
1.0273218154907227 0.0 0.09180004894733429
0.9601534605026245 0.0 0.09126049280166626
0.8385889530181885 0.0 0.08477783203125
0.7202394008636475 0.0 0.0750809907913208
0.6785430908203125 0.0 0.08104700595140457
0.6632986068725586 0.0 0.10862590372562408
0.5701963305473328 0.0 0.13333578407764435
0.425296425819397 0.01737072318792343 0.11709848046302795
0.2816833257675171 0.06244978308677673 0.07841899991035461
0.143516406416893 0.10118333250284195 0.02802187204360962
0.006127930711954832 0.13662149012088776 0.00539805181324482
0.0 0.14542430639266968 0.0018406016752123833
0.0 0.13714559376239777 0.0
0.0 0.17264260351657867 0.0
0.0 0.20597019791603088 0.0
0.0 0.21366994082927704 0.0
0.0 0.17774654924869537 0.0
0.0 0.053496770560741425 0.0
0.0 0.0 0.0
0.0 0.0 0.0
0.0 0.0 0.0
0.0 0.0 0.0
0.0 0.0 0.0
0.0 0.0 0.0
0.0 0.0 0.0
0.0 0.0 0.0
0.0 0.0 0.0
0.0 0.0 0.0
0.0 0.0 0.0
0.07522444427013397 0.0 0.0
0.1211506575345993 0.027258241549134254 0.0
0.15842244029045105 0.09619860351085663 0.0
0.184686541557312 0.07474284619092941 0.0
0.2903493344783783 0.0 0.0
0.5032986402511597 0.0 0.0
0.5752119421958923 0.0 0.0
0.5398691296577454 0.002109922468662262 0.0
0.4676530063152313 0.01792803406715393 0.0
0.4071848690509796 0.0 0.006812280043959618
0.34408366680145264 0.03380047529935837 0.0255324374884367
0.347801148891449 0.1157992035150528 0.0
0.41564011573791504 0.158390074968338 0.0
0.5012165904045105 0.20823486149311066 0.0
0.46428224444389343 0.166629359126091 0.0
0.4390895366668701 0.08356216549873352 0.030916018411517143
0.44844573736190796 0.1291419118642807 0.0621383860707283
0.37045028805732727 0.17495228350162506 0.07753252238035202
0.25926464796066284 0.22078874707221985 0.10327836126089096
0.1353221833705902 0.2772940695285797 0.12572641670703888
0.0 0.3487895727157593 0.13825765252113342
0.0 0.35010063648223877 0.13178032636642456
0.0 0.23560656607151031 0.07318064570426941
0.0 0.07650133222341537 0.0
0.0 0.0 0.0
0.0 0.0 0.0
0.0 0.0 0.0
0.0 0.0 0.0
0.0 0.0 0.0
0.0 0.0 0.0
0.0 0.0 0.0
0.0 0.0 0.0
0.0 0.0 0.0
0.0 0.0 0.0
0.0 0.04293911159038544 0.0
0.0 0.06102197617292404 0.0
0.0 0.046124786138534546 0.005571778863668442
0.0 0.021668976172804832 0.00760723277926445
0.0 0.011011270806193352 0.0
0.0 0.0 0.0
0.0 0.0 0.0
0.0 0.0 0.0
0.07993030548095703 0.0 0.0
0.20932823419570923 0.0 0.0
0.25726327300071716 0.0 0.0
0.24330776929855347 0.0 0.0
0.21556855738162994 0.0 0.0
0.1771756261587143 0.061992160975933075 0.0
0.183547243475914 0.06303052604198456 0.0
0.2656005620956421 0.015009475871920586 0.0
0.3329138159751892 0.0 0.0
0.3414173126220703 0.0 0.0
0.28599783778190613 0.0 0.0
0.19083483517169952 0.0 0.0
0.11274588853120804 0.020540188997983932 0.0
0.026277577504515648 0.07276637852191925 0.008596436120569706
0.0 0.06434600055217743 0.014434617944061756
0.0 0.008112282492220402 0.0
0.008456769399344921 0.0 0.0
0.016936007887125015 0.0 0.0
0.0 0.0 0.0
0.0 0.001796863041818142 0.0
0.0 0.0 0.0002269204705953598
0.0 0.0 0.011232965625822544
0.005855393595993519 0.0 0.00916795153170824
0.0 0.0 0.0
0.0 0.0 0.0
0.0017498643137514591 0.0037556178867816925 0.0
0.008114020340144634 0.014354200102388859 0.0018157623708248138
0.007984058000147343 0.0004935115575790405 0.012452694587409496
0.0 0.0037606777623295784 0.0
0.0 0.0 0.0
0.0 0.007041425444185734 0.0
0.006219447590410709 0.0 0.0
0.01131274364888668 0.0 0.0
0.009056512266397476 0.0 0.008107480593025684
0.0 0.0038347141817212105 0.0
0.0 0.015554753132164478 0.0
0.0008166925981640816 0.0 0.0
0.011436313390731812 0.0 0.0
0.009247461333870888 0.0 0.0
0.00929007213562727 0.006954074837267399 0.0
0.0 0.018700212240219116 0.0
0.006134226452559233 0.015477520413696766 0.0
0.019995713606476784 0.008007886819541454 0.0
0.016833210363984108 0.004840856418013573 0.0
0.008249575272202492 0.01015359628945589 0.0
0.009274626150727272 0.011198620311915874 0.0
0.012419287115335464 0.0 0.0
0.013561250641942024 0.0 0.0
0.0007903273217380047 0.002734561450779438 0.0
0.0 0.009072885848581791 0.0026748981326818466
0.0 0.001587006263434887 0.01440079603344202
0.0 0.0 0.0069279661402106285
0.0 0.0 0.0
0.0 0.019722066819667816 0.0
0.0048487186431884766 0.015399756841361523 0.00819642934948206
0.0069688609801232815 0.013265232555568218 0.00927900429815054
0.014362063258886337 0.005784413777291775 0.015738502144813538
0.02076004073023796 0.0025822287425398827 0.015792030841112137
0.0 0.006949280388653278 0.0
0.0 0.009108838625252247 0.0
0.017723187804222107 0.005858811549842358 0.0
0.023059897124767303 0.0 0.0
0.00925726443529129 0.0 0.0
0.007192515768110752 0.0 0.0
0.012601396068930626 0.0 0.0
0.012561182491481304 0.0 0.0
0.028529230505228043 0.0 0.0
0.05093679949641228 0.0 0.0
0.045865077525377274 0.0 0.0
0.05678457021713257 0.0 0.0
0.07709196954965591 0.0 0.0
0.11741223186254501 0.0 0.0
0.14366167783737183 0.0 0.0
0.20553728938102722 0.0 0.004780306480824947
0.15389646589756012 0.0 0.0
0.027413897216320038 0.0 0.0
0.0 0.0 0.0
0.0 0.0 0.029531726613640785
0.0 0.0 0.24127645790576935
0.016754062846302986 0.0 0.24623794853687286
0.0 0.0 0.34116658568382263
0.0 0.0 0.590133011341095
0.2024429738521576 0.0 0.8391870260238647
0.6397167444229126 0.0 1.2192329168319702
1.3855326175689697 0.0 1.58191978931427
2.0384881496429443 0.0 1.7659002542495728
2.2237401008605957 0.0 2.0188076496124268
2.3486526012420654 0.0 2.341923952102661
2.6693992614746094 0.0 2.581923723220825
3.0623092651367188 0.0 3.047556161880493
3.517078161239624 0.0 3.6260743141174316
3.9147722721099854 0.0 4.044825077056885
4.287661552429199 0.0 4.402831077575684
4.454319953918457 0.0 4.850993633270264
4.421393871307373 0.0 5.032127857208252
4.431542873382568 0.0 4.9297966957092285
4.817502498626709 0.0 4.664671421051025
5.671874046325684 0.0 4.249173641204834
6.576340675354004 0.0 3.7468161582946777
6.852740287780762 0.0 2.9796977043151855
6.180189609527588 0.0 1.8733694553375244
5.115176200866699 1.0459542274475098 0.6480224132537842
3.386312484741211 2.1287038326263428 0.0
1.7085140943527222 1.9784592390060425 0.0
1.0641117095947266 1.109915852546692 0.0
1.129157543182373 0.4174934923648834 0.0
1.4369568824768066 0.1156790554523468 0.0
1.5840890407562256 0.4982471764087677 0.0
1.544135570526123 1.2484290599822998 0.0
1.5739672183990479 1.6313772201538086 0.0
1.5392836332321167 1.6810247898101807 0.0
1.1244741678237915 1.9123754501342773 0.0
0.39908772706985474 2.516892671585083 0.0
0.21143873035907745 2.8686394691467285 0.0
0.21478232741355896 2.9897005558013916 0.0
0.05460117757320404 2.9041903018951416 0.0
0.1205543652176857 2.5504302978515625 0.0
0.03454890847206116 2.356199264526367 0.0
0.0 2.291904926300049 0.0
0.0 2.034959077835083 0.0
0.0 1.2796366214752197 0.0
0.0 0.6768753528594971 0.0
0.0 0.029024364426732063 0.0
0.0 0.0 0.0
0.0 0.0 0.0
0.0 0.0 0.0
0.0 0.0 0.0
0.0 0.0 0.0
0.0 0.0 0.0
0.0 0.0 0.0
0.0 0.0 0.0
0.0 0.0 0.0
0.0 0.0 0.0
0.0 0.0 0.0
0.0 0.0 0.0
0.0 0.0 0.0
0.0 0.0 0.0
0.0 0.0 0.0
0.0 0.0 0.0
0.0 0.0 0.0
0.0 0.0 0.0
0.0 0.0 0.02954358607530594
0.0 0.0 0.04808105155825615
0.0 0.0 0.08323877304792404
0.1971609890460968 0.0 0.21444232761859894
0.3674269914627075 0.0 0.27407848834991455
0.4273398518562317 0.0 0.2695487141609192
0.5324767231941223 0.0 0.22157694399356842
0.7744240760803223 0.0 0.13285905122756958
1.0079954862594604 0.0 0.02365986257791519
1.0315897464752197 0.0 0.014322022907435894
0.8392872214317322 0.0 0.06870537251234055
0.4867427349090576 0.01071273535490036 0.16042357683181763
0.2663762867450714 0.19052565097808838 0.2378605753183365
0.18803726136684418 0.18772560358047485 0.17510664463043213
0.2797831594944 0.000916297547519207 0.04615132510662079
0.3317992389202118 0.0 0.0
0.3586675822734833 0.0 0.0
0.219692662358284 0.0 0.0
0.0677982047200203 0.0 0.004442494362592697
0.08093727380037308 0.004393124952912331 0.07943209260702133
0.1170358881354332 0.0 0.09249836206436157
0.08319883048534393 0.0 0.0
0.11771233379840851 0.0 0.0
0.1823776215314865 0.0 0.0
0.17775917053222656 0.0 0.0
0.11681298166513443 0.0 0.0
0.100528284907341 0.0 0.02476857788860798
0.12171372771263123 0.0 0.04211081564426422
0.16233865916728973 0.0 0.03175751119852066
0.15899772942066193 0.0 0.04234171658754349
0.1006300151348114 0.0 0.016254186630249023
0.05919656157493591 0.0 0.006411941722035408
0.061254385858774185 0.0 0.020461713895201683
0.07821978628635406 0.01413949579000473 0.03349895030260086
0.08695735037326813 0.0 0.011089785024523735
0.09996423125267029 0.0 0.0
0.08863674104213715 0.0 0.0
0.05895581096410751 0.0 0.0
0.0557328537106514 0.0 0.0
0.0801636278629303 0.0 0.0
0.08010157197713852 0.0 0.0
0.0747438296675682 0.0 0.0
0.048069607466459274 0.0 0.0
0.041642334312200546 0.0 0.0
0.054566390812397 0.0 0.0
0.06839139014482498 0.0 0.0
0.06947395950555801 0.0 0.0
0.04508154094219208 0.0 0.0
0.02903732843697071 0.0 0.0
0.03860313445329666 0.0 0.0
0.039653751999139786 0.0 0.0
0.05991082265973091 0.0 0.0
0.08003313094377518 0.0 0.0
0.051196690648794174 0.0 0.0
0.026645543053746223 0.0 0.0
0.05532965064048767 0.0 0.0
0.06822068244218826 0.0 0.0
0.04068732634186745 0.0 0.0
0.007655339781194925 0.0 0.0
0.029838673770427704 0.0 0.0
0.03715437650680542 0.0 0.0
0.013585932552814484 0.0 0.0
0.02511289343237877 0.0 0.0018432894721627235
0.07188306003808975 0.0 0.01610851101577282
0.06558655202388763 0.0 0.006448160856962204
0.05495574325323105 0.0 0.00206193421036005
0.05700824037194252 0.0 0.0073653534054756165
0.056931544095277786 0.0 0.013750283047556877
0.029171284288167953 0.0 0.01780840754508972
0.01944289728999138 0.0 0.03381815925240517
0.06293205171823502 0.0 0.06207296624779701
0.131813645362854 0.0 0.11085487902164459
0.18143074214458466 0.0 0.1647825688123703
0.24831442534923553 0.013163038529455662 0.2029200941324234
0.27658015489578247 0.0 0.25334012508392334
0.26967111229896545 0.0 0.299128919839859
0.2486577183008194 0.0 0.3704816699028015
0.266079306602478 0.0 0.43898215889930725
0.23355412483215332 0.0 0.489963561296463
0.1911555379629135 0.0 0.5631946325302124
0.18974167108535767 0.0 0.5951882600784302
0.20491449534893036 0.0 0.5750970840454102
0.21599750220775604 0.0 0.5411564707756042
0.2886703908443451 0.0 0.526829183101654
0.32452237606048584 0.0 0.5633818507194519
0.30211934447288513 0.0 0.5642644166946411
0.19577425718307495 0.009202918969094753 0.4352753162384033
0.0927077904343605 0.16442713141441345 0.20506101846694946
0.0 0.30040279030799866 0.003646939992904663
0.0 0.28906679153442383 0.0
0.0 0.23954370617866516 0.0
0.0 0.16032132506370544 0.0
0.0 0.05146621912717819 0.0
0.0 0.015118864364922047 0.0
0.0 0.06495805829763412 0.0
0.0 0.0931159257888794 0.0
0.0 0.0 0.0
0.0 0.0 0.0
0.0 0.0 0.0
0.0 0.0 0.0
0.0 0.0 0.0
0.0 0.0 0.0
0.0 0.0 0.0
0.0 0.0 0.0
0.0 0.0 0.0
0.013728553429245949 0.0 0.0
0.11356353759765625 0.0 0.11589705944061279
0.22003911435604095 0.0 0.24298521876335144
0.3490564823150635 0.0 0.35529738664627075
0.5761870741844177 0.0 0.4673621356487274
0.7968134880065918 0.0 0.5889697670936584
0.9628791213035583 0.0 0.723931074142456
1.031943678855896 0.0 0.8537886738777161
0.9757254123687744 0.0 0.934639036655426
0.8274504542350769 0.0 0.9529328346252441
0.626157820224762 0.11275754123926163 0.9452235102653503
0.4962366223335266 0.204494908452034 0.9314032793045044
0.38427305221557617 0.23064342141151428 0.8214014172554016
0.29352426528930664 0.17740391194820404 0.6077274680137634
0.19271494448184967 0.09572703391313553 0.3297622799873352
0.08497516065835953 0.054240040481090546 0.10954684764146805
0.0 0.0 0.009989365935325623
0.0 0.0 0.0
0.0 0.0 0.0
0.0 0.012736542150378227 0.0
0.0 0.06446125358343124 0.0
0.0 0.043776750564575195 0.0
0.0 0.01137593388557434 0.0
0.0 0.01834835484623909 0.0
0.0 0.10547313839197159 0.0
0.0 0.23659813404083252 0.0
0.0 0.2565729022026062 0.0
0.0 0.13232019543647766 0.0
0.0 0.0 0.0
0.0 0.0 0.0
0.0 0.0 0.0
0.0 0.0 0.0
0.0 0.0 0.0
0.0 0.0 0.0
0.07874789088964462 0.0 0.0
0.19598956406116486 0.0 0.1990485042333603
0.2655465304851532 0.006033099256455898 0.3953663408756256
0.3186874985694885 0.03839423507452011 0.5263366103172302
0.35120630264282227 0.06362368911504745 0.5855005979537964
0.43057382106781006 0.03346845507621765 0.6470896601676941
0.5588716268539429 0.0 0.7175619602203369
0.6806672811508179 0.0 0.7997655272483826
0.7244706749916077 0.0 0.8973701000213623
0.7034956216812134 0.0 0.9819081425666809
0.6355258822441101 0.08145222067832947 1.0680723190307617
0.648145318031311 0.10434208810329437 1.194333791732788
0.7492860555648804 0.11534866690635681 1.32464599609375
0.8081030249595642 0.11846483498811722 1.3134921789169312
0.849227786064148 0.11540619283914566 1.2572722434997559
0.842199981212616 0.05222243070602417 1.0999548435211182
0.6849568486213684 0.0015110522508621216 0.8140477538108826
0.5070875287055969 0.0 0.5632094144821167
0.3202371895313263 0.016647661104798317 0.37137576937675476
0.0613449327647686 0.20790790021419525 0.25189492106437683
0.0 0.30839240550994873 0.19181855022907257
0.0 0.32632240653038025 0.0006914716213941574
0.0 0.2893388271331787 0.0
0.0 0.2611226439476013 0.0
0.0 0.21460948884487152 0.0
0.0 0.14300960302352905 0.0
0.0 0.07447979599237442 0.0
0.0 0.09496376663446426 0.0
0.0 0.09639068692922592 0.0
0.0 0.0 0.0
0.0 0.0 0.0
0.0 0.0 0.0
0.0 0.0 0.0
0.0 0.0 0.0
0.0 0.0 0.0
0.0 0.0 0.0
0.0 0.0 0.0
0.0 0.017352482303977013 0.0
0.18998496234416962 0.0 0.1583469659090042
0.3485437333583832 0.0 0.4153231084346771
0.3562852740287781 0.06282675266265869 0.5064921975135803
0.3542572855949402 0.1553116887807846 0.5099766254425049
0.4471496641635895 0.1317693442106247 0.5022817254066467
0.5716835856437683 0.03471096605062485 0.5203041434288025
0.6659504771232605 0.0 0.5732197761535645
0.7000045776367188 0.0 0.6780570149421692
0.6332311034202576 0.0 0.7437664866447449
0.553759753704071 0.0 0.8052138686180115
0.5551664233207703 0.012127626687288284 0.8800883889198303
0.5836928486824036 0.0 0.905960738658905
0.5136498808860779 0.014372937381267548 0.8700661063194275
0.46178773045539856 0.008258320391178131 0.8267956376075745
0.466943621635437 0.0 0.8362860679626465
0.467770516872406 0.0 0.8532458543777466
0.3956103026866913 0.0 0.8217342495918274
0.34192097187042236 0.00026164576411247253 0.7539951801300049
0.31946760416030884 0.005995698273181915 0.6544361114501953
0.3010534346103668 0.0 0.5708006024360657
0.32506850361824036 0.0 0.5055981278419495
0.33375972509384155 0.0 0.37948042154312134
0.24156667292118073 0.0 0.2239387482404709
0.12661771476268768 0.016954340040683746 0.10236252099275589
0.03278922289609909 0.08981655538082123 0.00017143972218036652
0.0 0.1504277139902115 0.0
0.0 0.23388558626174927 0.0
0.0 0.21908187866210938 0.0
0.0 0.0676737129688263 0.0
0.0 0.0 0.0
0.0 0.0 0.0
0.0 0.0 0.0
0.0 0.0 0.0
0.0 0.0 0.0
0.0 0.0 0.0
0.0 0.0 0.0
0.0 0.0 0.0
0.10902567207813263 0.0 0.0
0.22779493033885956 0.0 0.10184933245182037
0.23852133750915527 0.016285087913274765 0.22206123173236847
0.2552899420261383 0.1107061356306076 0.26633575558662415
0.32756760716438293 0.10833112895488739 0.2948262691497803
0.442489355802536 0.05168375372886658 0.3192945122718811
0.5627044439315796 0.0 0.3469918966293335
0.6176446676254272 0.0 0.3954864740371704
0.6331226825714111 0.0 0.44690918922424316
0.5871267318725586 0.023195119574666023 0.4691428542137146
0.5231645107269287 0.023346921429038048 0.4620945155620575
0.4996788799762726 0.0 0.4520144760608673
0.4947730600833893 0.0 0.400483638048172
0.4034559428691864 0.0 0.2532731294631958
0.20267517864704132 0.009489692747592926 0.07318619638681412
0.0 0.13069868087768555 0.0
0.0 0.1987195461988449 0.0
0.0 0.16230320930480957 0.0
0.0 0.06397370994091034 0.0
0.0 0.0 0.0
0.0 0.0 0.0
0.0 0.0 0.0
0.0 0.0 0.0
0.0 0.0 0.0
0.0 0.0 0.0
0.0 0.0 0.0
0.0 0.0 0.0
0.0 0.0 0.0
0.003785506123676896 0.06644592434167862 0.0147633645683527
0.02206464484333992 0.12915058434009552 0.010875949636101723
0.08794432133436203 0.08641324192285538 0.03276180475950241
0.17475725710391998 0.025420190766453743 0.09218864887952805
0.17958609759807587 0.029474319890141487 0.1424608677625656
0.08867961913347244 0.09227246046066284 0.17060089111328125
0.045871175825595856 0.09018746763467789 0.18191799521446228
0.0639636218547821 0.035943403840065 0.1787179410457611
0.057600799947977066 0.01897001452744007 0.17218947410583496
0.051051557064056396 0.02317940630018711 0.18709412217140198
0.025530483573675156 0.010512880980968475 0.1761149764060974
0.0 0.03212549537420273 0.10944486409425735
0.0 0.0 0.06004109978675842
0.0 0.0 0.03563588857650757
0.011964606121182442 0.0 0.03372640162706375
0.00663029495626688 0.0 0.03913528472185135
0.0 0.014290308579802513 0.03901304304599762
0.009948859922587872 0.0015300381928682327 0.02850261516869068
0.02296825498342514 0.005832906812429428 0.008348610252141953
0.03049434907734394 0.006901100277900696 0.0030856700614094734
0.028404034674167633 0.014359284192323685 0.0
0.0401294007897377 0.0 0.0
0.029636278748512268 0.008042264729738235 0.0
0.010581361129879951 0.023012427613139153 0.0
0.025226350873708725 0.0 0.0
0.0 0.0 0.0
0.0 0.016715381294488907 0.0
0.0 0.0 0.0
0.0 0.0 0.0
0.010279476642608643 0.0 0.0
0.009074928238987923 0.0 0.003802953287959099
0.020801357924938202 0.0 0.007169721648097038
0.0 0.01987769454717636 0.0
0.0 0.022119009867310524 0.0
0.0 0.0 0.0
0.018698260188102722 0.0 0.003940371796488762
0.03244816139340401 0.0 0.01800692267715931
0.011242209002375603 0.015435008332133293 0.00826321542263031
0.0 0.018701376393437386 0.0005512330681085587
0.0 0.03148455172777176 0.0
0.002788270590826869 0.027170496061444283 0.0018069138750433922
0.02181469276547432 0.0005018655210733414 0.015798630192875862
0.030343465507030487 0.0 0.014774112030863762
0.01978456601500511 0.0 0.003992569632828236
0.0 0.009142491966485977 0.0
0.0 0.0070178210735321045 0.0
0.003951006568968296 0.0 0.0
0.011367377825081348 0.0 0.0
0.0 0.013387303799390793 0.0
0.0 0.014399837702512741 0.00916815735399723
0.0027483233716338873 0.0005921470001339912 0.0017203614115715027
0.012498954311013222 0.0 0.0
0.009510355070233345 0.014523942023515701 0.0
0.012759678065776825 0.002847045660018921 0.0
0.014876359142363071 0.0 0.0
0.015963993966579437 0.0 0.0
0.0 0.014643782749772072 0.0
0.0 0.023258043453097343 0.0
0.0 0.023437807336449623 0.0
0.0 0.005534174852073193 0.0
0.0 0.03767959773540497 0.0
0.0 0.10066469013690948 0.0
0.0 0.09313193708658218 0.0
0.0 0.08223454654216766 0.0
0.0 0.14908015727996826 0.0
0.0 0.14043313264846802 0.0
0.0 0.1116531565785408 0.0
0.0 0.07444879412651062 0.0
0.0 0.05429346114397049 0.0
0.0 0.03515464812517166 0.0
0.0 0.019173819571733475 0.0
0.0 0.0074838753789663315 0.0
0.0 0.0 0.0
0.0 0.0 0.0
0.0 0.02359786443412304 0.0
0.0 0.0 0.0
0.0 0.0 0.0
0.0 0.0 0.0
0.0 0.0 0.0
0.0 0.0 0.0
0.0 0.030838768929243088 0.0
0.0 0.032735470682382584 0.0005670860409736633
0.0 0.06455172598361969 0.02202417701482773
0.0 0.05052964761853218 0.05233600735664368
0.0 0.030155401676893234 0.06991526484489441
0.0 0.010140147060155869 0.01442058477550745
0.007985565811395645 0.029232081025838852 0.015753496438264847
0.05593232065439224 0.008920686319470406 0.020439859479665756
0.1059374287724495 0.0034529492259025574 0.034809745848178864
0.13688762485980988 0.012955375015735626 0.03621802479028702
0.16783329844474792 0.0 0.03215723857283592
0.1634630411863327 0.0 0.03407790884375572
0.1274147629737854 0.0 0.011294032447040081
0.015583565458655357 0.0 0.0
0.0 0.0 0.0
0.05923091247677803 0.0 0.0
0.0 0.0 0.045645084232091904
0.0 0.0 0.046248022466897964
0.0 0.0 0.0973769798874855
0.0 0.0 0.5961921215057373
0.0 0.0 0.8437950015068054
0.0 0.0 1.1788461208343506
0.0 0.0 1.369728446006775
0.0 0.0 1.6044472455978394
0.0 0.0 1.6159452199935913
0.2896137833595276 0.0 1.9027271270751953
0.756773829460144 0.0 2.2788360118865967
1.94546639919281 0.0 2.473588705062866
2.4684784412384033 0.0 2.512678384780884
3.087400197982788 0.0 3.6859328746795654
3.7873265743255615 0.0 4.665555000305176
3.2685015201568604 0.0 4.176723480224609
3.2410547733306885 0.0 3.2607624530792236
2.9510562419891357 0.0 3.0422427654266357
2.420116424560547 0.0 3.185164451599121
2.443113088607788 0.0 3.6556849479675293
2.667603015899658 0.0 4.014363765716553
3.0690224170684814 0.0 3.8823931217193604
3.4028286933898926 0.0 3.8133389949798584
3.3488407135009766 0.0 3.992685317993164
4.118777751922607 0.0 3.9132080078125
4.743878364562988 0.0 3.4206676483154297
4.759713649749756 0.0 2.287552833557129
4.477956295013428 0.11562210321426392 0.7241082787513733
4.0954270362854 0.5099214315414429 0.0
3.6027631759643555 1.3653911352157593 0.0
4.27445125579834 1.3350920677185059 0.0
4.582705497741699 1.7809327840805054 0.0
4.631218433380127 2.293788433074951 0.0
4.464838981628418 2.5115373134613037 0.0
4.046482086181641 2.8263165950775146 0.0
4.145635604858398 2.6054680347442627 0.0
3.961073160171509 2.812382459640503 0.0
3.4576263427734375 3.439594030380249 0.0
3.4274706840515137 2.8482677936553955 0.0
2.8566222190856934 2.4934773445129395 0.0
2.440504550933838 2.4560794830322266 0.0
2.48935866355896 1.9959744215011597 0.0
2.245328903198242 1.5207281112670898 0.0
1.5532456636428833 1.1496102809906006 0.0
1.1788629293441772 0.2709103226661682 0.0
0.7800011038780212 0.0 0.0
0.336062490940094 0.0 0.0
0.31340137124061584 0.0 0.0
0.18664585053920746 0.0 0.0
0.027273768559098244 0.0 0.0
0.0 0.0 0.0
0.0 0.0 0.0
0.0 0.0 0.0
0.0 0.0 0.0
0.0 0.0 0.0
0.0 0.0 0.0
0.0 0.0 0.0
0.0 0.0 0.0
0.0 0.0 0.0
0.0 0.0 0.0
0.0 0.0 0.0
0.0 0.0 0.0
0.0 0.0 0.0
0.0 0.0 0.0
0.0 0.0 0.0
0.0 0.0 0.0
0.0 0.0 0.0
0.0 0.0 0.0
0.0 0.0 0.0
0.0 0.0 0.12636706233024597
0.0 0.0 0.3416415750980377
0.3722921311855316 0.0 0.5530286431312561
0.7234163880348206 0.0 0.4944998323917389
0.5553663969039917 0.0 0.23135685920715332
0.34173741936683655 0.0 0.2682105004787445
0.36832401156425476 0.0 0.3054012656211853
0.4090091288089752 0.0 0.2286931574344635
0.5901155471801758 0.0 0.16444893181324005
0.5740055441856384 0.0 0.06373323500156403
0.33478283882141113 0.07649744302034378 0.0010102037340402603
0.18896760046482086 0.005345501005649567 0.05594376102089882
0.09156885743141174 0.0 0.0
0.16556426882743835 0.039826810359954834 0.0
0.22711578011512756 0.3842366337776184 0.0
0.12898947298526764 0.853035032749176 0.0
0.0 1.1175689697265625 0.12683600187301636
0.0 0.6177932024002075 0.1655551642179489
0.11732509732246399 0.0 0.04072801023721695
0.28473299741744995 0.0 0.0
0.29043588042259216 0.0 0.0
0.18091125786304474 0.0 0.0001297174021601677
0.07021510601043701 0.024611108005046844 0.0868702083826065
0.02067950926721096 0.15523889660835266 0.1498294621706009
0.05998190864920616 0.18697018921375275 0.172759547829628
0.16136471927165985 0.12514197826385498 0.16395699977874756
0.1576240509748459 0.1423444002866745 0.11483286321163177
0.09739425778388977 0.1618099808692932 0.058741893619298935
0.06357264518737793 0.1322462260723114 0.021985478699207306
0.09341469407081604 0.04185613989830017 0.012375730089843273
0.1373579204082489 0.01633746176958084 0.0
0.175042986869812 0.02169840782880783 0.0
0.1892019510269165 0.04515153542160988 0.0
0.14992618560791016 0.10374666750431061 0.0
0.1039954423904419 0.17607547342777252 0.0
0.11329919099807739 0.1940097212791443 0.0
0.15986083447933197 0.1363949030637741 0.0
0.1864785999059677 0.05981596186757088 0.0
0.20905502140522003 0.010954947210848331 0.0
0.2529508173465729 0.0 0.0
0.3140355050563812 0.0 0.0
0.3656933605670929 0.0 0.0
0.3500049412250519 0.0 0.0
0.2826181948184967 0.0 0.0
0.2160617858171463 0.0 0.0
0.1955927312374115 0.015382985584437847 0.0
0.18389827013015747 0.022860344499349594 0.0
0.17212869226932526 0.0 0.0
0.1806766390800476 0.0 0.0
0.19029544293880463 0.0 0.0
0.21361194550991058 0.0 0.0
0.19203634560108185 0.0 0.0
0.14181871712207794 0.0 0.0
0.09580488502979279 0.0 0.0
0.05327633395791054 0.0 0.0
0.06286078691482544 0.0 0.0
0.06498438864946365 0.0 0.0
0.0447065494954586 0.0 0.0
0.0030139638110995293 0.0 0.0
0.0 0.04533715546131134 0.0
0.0 0.06548263877630234 0.007071246393024921
0.0 0.04419892281293869 0.008155419491231441
0.045450642704963684 0.0 0.0
0.056524597108364105 0.0 0.0
0.06399183720350266 0.0 0.0
0.06577429175376892 0.0 0.0
0.04452972114086151 0.005928587168455124 0.0
0.02736777812242508 0.03461935371160507 0.0
0.03585340827703476 0.03670860454440117 0.004307327792048454
0.048768408596515656 0.0005964059382677078 0.0
0.03628963232040405 0.0 0.0
0.021500833332538605 0.0 0.0
0.0607939139008522 0.0 0.0
0.07992260158061981 0.0 0.0
0.0873514860868454 0.0 0.0
0.030763041228055954 0.0 0.0
0.0009076744318008423 0.0 0.0
0.026512103155255318 0.0 0.0
0.09684672206640244 0.0 0.0
0.10896623879671097 0.0 0.0
0.10705115646123886 0.0 0.0
0.125058114528656 0.0 0.0
0.14405736327171326 0.0 0.0
0.17575058341026306 0.0 0.0
0.2563413083553314 0.0 0.0045371586456894875
0.35380926728248596 0.0 0.0629434734582901
0.4283825755119324 0.0 0.17575977742671967
0.46792492270469666 0.0 0.2842563986778259
0.48471134901046753 0.0 0.42671847343444824
0.46743863821029663 0.0 0.5668486952781677
0.4585181176662445 0.0 0.721949577331543
0.5019593238830566 0.033615875989198685 0.8668109178543091
0.5823835730552673 0.012625106610357761 1.0352718830108643
0.7801209092140198 0.0 1.2014750242233276
0.8733725547790527 0.0 1.270870327949524
0.8685269355773926 0.038558702915906906 1.3405476808547974
0.8536526560783386 0.16360077261924744 1.4572508335113525
0.9117622971534729 0.140564426779747 1.6158673763275146
1.0291379690170288 0.0 1.5951836109161377
1.033679485321045 0.0 1.3482029438018799
0.8806269764900208 0.005843632854521275 0.9869498610496521
0.6871893405914307 0.14437063038349152 0.720524251461029
0.49071118235588074 0.23900578916072845 0.5361863970756531
0.2907607853412628 0.2244982123374939 0.2574482560157776
0.11778289824724197 0.06447578221559525 0.0
0.0 0.0 0.0
0.0 0.0 0.0
0.0 0.0 0.0
0.0 0.0 0.0
0.0 0.0 0.0
0.0 0.0 0.0
0.0 0.0 0.0
0.0 0.0 0.0
0.0 0.01254767831414938 0.0
0.0 0.013429184444248676 0.0
0.0 0.0 0.0
0.0 0.0 0.0
0.0 0.0 0.0
0.0 0.0 0.0
0.0 0.004291879013180733 0.0
0.0 0.023812051862478256 0.0
0.0 0.0 0.0
0.0 0.0 0.0
0.0 0.0 0.0
0.0 0.03416162729263306 0.0
0.0 0.10748910158872604 0.15770915150642395
0.16997526586055756 0.09995049238204956 0.3616010248661041
0.4256262183189392 0.09994091093540192 0.5137189030647278
0.6121345162391663 0.12352665513753891 0.647061288356781
0.6490491628646851 0.12608808279037476 0.7948659062385559
0.6166374087333679 0.16067801415920258 0.9431501626968384
0.5795217156410217 0.2380116879940033 1.0359736680984497
0.6311843991279602 0.20580154657363892 1.0930060148239136
0.7370426654815674 0.0798950269818306 1.1588226556777954
0.8218448758125305 0.0 1.1944751739501953
0.8009247183799744 0.0 1.1449520587921143
0.7659754753112793 0.0 1.0186399221420288
0.7620598673820496 0.0 0.8884573578834534
0.6839807629585266 0.04622281715273857 0.8109806776046753
0.6394636034965515 0.036859944462776184 0.7795245051383972
0.5988664031028748 0.011815308593213558 0.6754111647605896
0.4944279193878174 0.05855005979537964 0.4587195813655853
0.29822856187820435 0.14266173541545868 0.24550583958625793
0.057660967111587524 0.2308855950832367 0.0927562490105629
0.0 0.25626102089881897 0.0
0.0 0.21685154736042023 0.0
0.0 0.14756940305233002 0.0
0.0 0.057711161673069 0.0
0.0 0.034643128514289856 0.0
0.0 0.040350016206502914 0.0
0.0 0.020506002008914948 0.0
0.0 0.0 0.0
0.0 0.0 0.0
0.0 0.0 0.0
0.0 0.0 0.0
0.0 0.0 0.0
0.0 0.0 0.0
0.0 0.0 0.0
0.0 0.0 0.0
0.0 0.0 0.0
0.0 0.0 0.0
0.0 0.0 0.0
0.0 0.09446772933006287 0.0
0.09620702266693115 0.13588787615299225 0.17081990838050842
0.20972053706645966 0.12758468091487885 0.3407208025455475
0.2609323263168335 0.1366490125656128 0.44809332489967346
0.31145328283309937 0.1564786434173584 0.5202394723892212
0.3451736867427826 0.1913181096315384 0.567695140838623
0.4446134567260742 0.23648905754089355 0.6607100367546082
0.5615544319152832 0.18257255852222443 0.8016527891159058
0.589878261089325 0.12031584978103638 0.9448882341384888
0.5663199424743652 0.10970740020275116 0.9510284066200256
0.5367966294288635 0.22185765206813812 0.828240692615509
0.5310292840003967 0.23804114758968353 0.7684098482131958
0.5945742130279541 0.17079606652259827 0.8062176704406738
0.6174933314323425 0.10466709733009338 0.8511015176773071
0.54071044921875 0.12223225831985474 0.7435598969459534
0.427590548992157 0.14555515348911285 0.5373888611793518
0.34720247983932495 0.21968664228916168 0.373373806476593
0.3140786290168762 0.24775582551956177 0.2769854962825775
0.27876242995262146 0.22268056869506836 0.17826637625694275
0.23850850760936737 0.15738464891910553 0.034498296678066254
0.13888764381408691 0.07003802061080933 0.0
0.014292183332145214 0.0 0.0
0.0 0.0 0.0
0.0 0.0 0.0
0.0 0.0 0.0
0.0 0.0 0.0
0.0 0.0 0.0
0.0 0.0 0.0
0.0 0.0 0.0
0.0 0.0 0.0
0.0 0.0 0.0
0.0 0.0 0.0
0.0 0.0 0.0
0.0 0.0 0.0
0.0 0.0 0.0
0.0 0.0 0.0
0.0 0.052342113107442856 0.0
0.0 0.13153068721294403 0.0
0.0 0.16380739212036133 0.0
0.0 0.1598440706729889 0.0
0.02294878661632538 0.12168844044208527 0.026887783780694008
0.08866602182388306 0.11037558317184448 0.17386683821678162
0.10280713438987732 0.10899101197719574 0.2519906759262085
0.145682692527771 0.10645781457424164 0.33787602186203003
0.22879090905189514 0.10266467928886414 0.4551403224468231
0.3521796762943268 0.08594109117984772 0.5973363518714905
0.42668426036834717 0.09595377743244171 0.7231060266494751
0.4322830140590668 0.1636500060558319 0.8120515942573547
0.4309985935688019 0.1933239996433258 0.8377745747566223
0.47499319911003113 0.1656990349292755 0.8103482723236084
0.5412493348121643 0.10503830760717392 0.7926521897315979
0.562788724899292 0.11250554770231247 0.7747302055358887
0.510110080242157 0.17873810231685638 0.7177979350090027
0.44857558608055115 0.23463810980319977 0.5859615802764893
0.3392869234085083 0.24291682243347168 0.4203760623931885
0.2633809745311737 0.1775314211845398 0.3189842104911804
0.23759517073631287 0.09609488397836685 0.21910928189754486
0.2119974046945572 0.13093754649162292 0.01384986937046051
0.09784766286611557 0.23715506494045258 0.0
0.0 0.23872153460979462 0.0
0.0 0.12850049138069153 0.0
0.0 0.03119630739092827 0.0
0.0 0.011391978710889816 0.0
0.0 0.0 0.0
0.0 0.0 0.0
0.0 0.0 0.0
0.0 0.0 0.0
0.0 0.0 0.0
0.0 0.0 0.0
0.0 0.0 0.0
0.0 0.0 0.0
0.0 0.0 0.0
0.0 0.0 0.0
0.0 0.0 0.0
0.0 0.0 0.06440173089504242
0.0 0.0 0.18758012354373932
0.0 0.0 0.15346023440361023
0.0 0.0 0.04983556643128395
0.0 0.0 0.0
0.0 0.0 0.0
0.18047596514225006 0.0 0.0
0.3348066806793213 0.0 0.0
0.4553357660770416 0.22140327095985413 0.0
0.47935640811920166 0.46129894256591797 0.0
0.5681917667388916 0.36374151706695557 0.0
0.7744703888893127 0.0 0.0
0.9428964257240295 0.0 0.0
0.9879842400550842 0.0 0.0
0.8620606660842896 0.0 0.0
0.6373282074928284 0.0 0.13491983711719513
0.4074654281139374 0.09756068140268326 0.3062761425971985
0.26824548840522766 0.21414509415626526 0.47512561082839966
0.21270154416561127 0.24572032690048218 0.5889829397201538
0.13936766982078552 0.24239617586135864 0.6630217432975769
0.048312872648239136 0.25732532143592834 0.6984833478927612
0.0 0.2935373783111572 0.738105833530426
0.0 0.2562749683856964 0.7655020952224731
0.0 0.15108808875083923 0.7208171486854553
0.02948858216404915 0.04818195104598999 0.6292451620101929
0.07737461477518082 0.0 0.6272488236427307
0.15198546648025513 0.0 0.7270422577857971
0.19066815078258514 0.0 0.8152325749397278
0.15258708596229553 0.13547751307487488 0.8155761361122131
0.16850346326828003 0.3568152189254761 0.7534219622612
0.13366159796714783 0.5964882969856262 0.6480875015258789
0.12483853101730347 0.9896590113639832 0.4217225909233093
0.08220504969358444 1.3550026416778564 0.26223358511924744
0.01143581047654152 1.6203792095184326 0.12564246356487274
0.0 1.7221193313598633 0.0
0.0 1.5346983671188354 0.0
0.0 1.2164995670318604 0.0
0.0 0.8321354389190674 0.0
0.0 0.5389634966850281 0.0
0.0 0.28299903869628906 0.0
0.0 0.0694231316447258 0.0
0.0 0.0 0.0
0.0 0.0 0.0
0.0 0.0 0.0
0.0 0.0 0.0
0.0 0.0 0.0
0.0 0.0 0.0
0.0 0.0 0.0
0.0 0.0 0.0
0.0 0.0 0.0
0.0 0.0 0.0
0.0 0.0 0.0
0.0 0.0 0.0
0.0 0.0 0.0
0.06793104112148285 0.0 0.0
0.29725852608680725 0.0 0.0
0.6133381724357605 0.0 0.0
0.8742738962173462 0.0 0.0
0.948920726776123 0.0 0.0
0.9160631895065308 0.0 0.0
0.9895190000534058 0.0 0.0
1.2431193590164185 0.0 0.0
1.552441954612732 0.0 0.0
1.5234944820404053 0.0 0.0
1.2826459407806396 0.0 0.080671526491642
0.9965388178825378 0.0 0.36339351534843445
0.7649945616722107 0.026614148169755936 0.6087456941604614
0.6292497515678406 0.12204132974147797 0.7476484775543213
0.5765631198883057 0.13368840515613556 0.7877559661865234
0.4850390553474426 0.11802448332309723 0.760083019733429
0.42326676845550537 0.06081473082304001 0.7389825582504272
0.3823811411857605 0.0342094823718071 0.7673324346542358
0.3363502621650696 0.05443672090768814 0.7840312719345093
0.29653653502464294 0.11814779043197632 0.8255043625831604
0.30031129717826843 0.13814707100391388 0.8768860697746277
0.18608032166957855 0.36613547801971436 0.8102484941482544
0.0 0.7264752984046936 0.653460681438446
0.0 1.3017592430114746 0.47641506791114807
0.0 2.009831666946411 0.3296690583229065
0.0 2.54009747505188 0.262278288602829
0.0 2.7384896278381348 0.19049331545829773
0.0 2.623289108276367 0.049394238740205765
0.0 2.388123035430908 0.0
0.0 2.1293458938598633 0.0
0.0 1.8873282670974731 0.0
0.0 1.5825164318084717 0.0
0.0 1.2721329927444458 0.0
0.0 0.9160273671150208 0.0
0.0 0.47681644558906555 0.0
0.0 0.044788870960474014 0.0
0.0 0.0 0.0
0.0 0.0 0.0
0.0 0.0 0.0
0.0 0.0 0.0
0.0 0.0 0.0
0.0 0.0 0.0
0.0 0.0 0.0
0.06349049508571625 0.0 0.0
0.19105404615402222 0.0 0.0
0.2606957256793976 0.0 0.0
0.29281821846961975 0.0 0.0
0.29998427629470825 0.0 0.01019730232656002
0.29889529943466187 0.0 0.025425255298614502
0.30870452523231506 0.0 0.008495807647705078
0.35385629534721375 0.0 0.0
0.5397171974182129 0.0 0.0
0.7353711128234863 0.0 0.0
0.6887202858924866 0.0 0.0
0.4838329255580902 0.0 0.0
0.23997844755649567 0.0 0.0
0.04629765823483467 0.1109849363565445 0.037770338356494904
0.0 0.2652096748352051 0.07984961569309235
0.0 0.23017604649066925 0.07424525916576385
0.0 0.15368260443210602 0.05277059227228165
0.0 0.10489748418331146 0.01742485538125038
0.0 0.05070801451802254 0.0024214042350649834
0.017579995095729828 0.0 0.007116291671991348
0.08144206553697586 0.0 0.016131356358528137
0.06653288751840591 0.0 0.017140429466962814
0.0 0.022968795150518417 0.003868299536406994
0.0 0.036859843879938126 0.0
0.0 0.0 0.0
0.0464119091629982 0.0 0.001986776478588581
0.012419055216014385 0.0 0.0
0.0049515520222485065 0.0 0.0
0.0036737672053277493 0.0 0.013456212356686592
0.0 0.009274511598050594 0.0
0.0 0.0 0.0
0.011442392133176327 0.0 0.0
0.01028498262166977 0.0 0.0
0.008123560808598995 0.015559039078652859 0.0
0.002880329266190529 0.026228994131088257 0.0
0.0 0.026239648461341858 0.0
0.004773037973791361 0.03251165896654129 0.015736958011984825
0.0 0.07068966329097748 0.04568580165505409
0.0 0.11111725121736526 0.05720530450344086
0.0 0.1920728236436844 0.055633239448070526
0.0 0.2559735178947449 0.0542294904589653
0.0 0.23780862987041473 0.06301446259021759
0.0 0.15688368678092957 0.059192292392253876
0.008837554603815079 0.041991446167230606 0.03717460483312607
0.06654639542102814 0.0 0.015002725645899773
0.04324879124760628 0.0 0.0
0.0 0.006041167303919792 0.003580693155527115
0.0 0.04213738813996315 0.015480495989322662
0.0 0.020859528332948685 0.01443893276154995
0.031322889029979706 0.0 0.02009255811572075
0.036738693714141846 0.0 0.0083091352134943
0.033726926892995834 0.0 0.0
0.02852390706539154 0.0 0.0
0.01055955421179533 0.0 0.0
0.01613807864487171 0.0 0.0
0.012859193608164787 0.0 0.0
0.0072737461887300014 0.0 0.0
0.002839316613972187 0.01346339751034975 0.0
0.020953604951500893 0.0027918443083763123 0.0
0.02202313020825386 0.0 0.0
0.020794615149497986 0.0 0.003918115980923176
0.01654367707669735 0.0 0.00391358882188797
0.006953900679945946 0.0 0.003848874010145664
0.002636650111526251 0.0 0.006976224482059479
0.0 0.0 0.0
0.0 0.0 0.0
0.0015948214568197727 0.0 0.005928536877036095
0.009075907059013844 0.0 0.0060273390263319016
0.018700305372476578 0.0 0.003983363509178162
0.029461871832609177 0.0 0.0
0.02738034538924694 0.0 0.0
0.02636275254189968 0.0 0.0
0.01677723601460457 0.0 0.0
0.0 0.0 0.0
0.0 0.0 0.0
0.006080117542296648 0.0 0.0
0.015665367245674133 0.0 0.0
0.022125396877527237 0.0 0.0
0.027568364515900612 0.0 0.0
0.03932046517729759 0.0 0.0
0.042644623667001724 0.0 0.0
0.01510726846754551 0.0 0.0
0.01081132423132658 0.0 0.0
0.03940408676862717 0.0 0.0
0.07873338460922241 0.0 0.0
0.06689616292715073 0.0 0.0
0.04853074252605438 0.0 0.004166250117123127
0.02058805525302887 0.018576161935925484 0.032941706478595734
0.001195182092487812 0.04829837381839752 0.0552789643406868
0.0075348373502492905 0.028074057772755623 0.05848168581724167
0.006620041094720364 0.01325623132288456 0.0413314625620842
0.011991104111075401 0.0005079451948404312 0.03600221127271652
0.020669814199209213 0.0 0.021108482033014297
0.002004250418394804 0.0 0.0
0.05223226919770241 0.0 0.0
0.11211877316236496 0.0 0.0
0.13903240859508514 0.0 0.0
0.16175103187561035 0.0 0.0
0.2016552984714508 0.0 0.0
0.18072739243507385 0.0 0.0
0.16000613570213318 0.0 0.0
0.2759076952934265 0.0 0.0
0.4125893712043762 0.0 0.0
0.37174686789512634 0.0 0.0
0.2582376301288605 0.0 0.0
0.09401966631412506 0.0 0.0
0.0 0.0 0.0
0.0 0.0 0.0
0.0 0.0 0.0
0.0 0.0 0.0
0.0 0.0 0.0
0.0 0.0 0.027208717539906502
0.16381578147411346 0.0 0.6734026074409485
1.1189085245132446 0.0 1.3743735551834106
1.962297797203064 0.0 2.158928632736206
2.307412624359131 0.0 3.0935962200164795
2.8095614910125732 0.0 4.172011852264404
3.7123098373413086 0.0 5.322804927825928
4.533115863800049 0.0 6.276853084564209
4.200434684753418 0.0 6.296911239624023
3.283808946609497 0.0 5.509202480316162
3.054783821105957 0.0 4.608077049255371
3.269514560699463 0.0 4.060054779052734
3.6898088455200195 0.0 3.646327257156372
4.474079132080078 0.0 3.3934075832366943
5.096861362457275 0.0 2.7684504985809326
5.533512115478516 0.0 1.9270132780075073
5.6124396324157715 1.0434808731079102 1.0706983804702759
5.706498622894287 1.8777952194213867 0.24212421476840973
5.0022735595703125 2.576998472213745 0.0
4.873060703277588 2.1413683891296387 0.0
4.7813591957092285 1.9644771814346313 0.0
5.188657283782959 2.1677768230438232 0.0
5.609799385070801 2.60188889503479 0.0
5.451953887939453 3.2394890785217285 0.0
5.342982769012451 2.957807779312134 0.0
5.082563877105713 2.366981029510498 0.0
4.544935703277588 2.3888256549835205 0.0
4.186118125915527 2.4387154579162598 0.0
3.6003360748291016 2.8173937797546387 0.0
2.6999146938323975 2.780125856399536 0.0
2.0104033946990967 1.4955339431762695 0.0
1.4962377548217773 0.0 0.0
0.7858142256736755 0.0 0.0
0.0 0.0 0.0
0.0 0.0 0.0
0.0 0.0 0.0
0.0 0.0 0.0
0.0 0.0 0.0
0.0 0.0 0.0
0.0 0.0 0.0
0.0 0.0 0.0
0.0 0.0 0.0
0.0 0.0 0.0
0.0 0.0 0.0
0.0 0.0 0.0
0.0 0.0 0.0
0.0 0.0 0.0
0.0 0.0 0.0
0.0 0.0 0.0
0.0 0.0 0.0
0.0 0.0 0.0
0.0 0.0 0.05936625599861145
0.0 0.0 0.3532884120941162
0.0 0.0 0.18150149285793304
0.0 0.0 0.0
0.0 0.0 0.12245548516511917
0.035019852221012115 0.0 0.404813677072525
0.3455132842063904 0.0 0.56602543592453
0.5002253651618958 0.0 0.44219592213630676
0.5013670325279236 0.0 0.17521776258945465
0.45796018838882446 0.031850993633270264 0.0
0.5228379964828491 0.0 0.0
0.5791041851043701 0.0 0.0
0.5468610525131226 0.0 0.0
0.4220663905143738 0.12344483286142349 0.0
0.30462390184402466 0.28091514110565186 0.0
0.22226697206497192 0.3011988401412964 0.0
0.19097669422626495 0.24694493412971497 0.0
0.14729739725589752 0.12912046909332275 0.0
0.16009868681430817 0.010087830014526844 0.0
0.09929046034812927 0.036779627203941345 0.0
0.08746229857206345 0.013394144363701344 0.0
0.09257183969020844 0.015425869263708591 0.0
0.08169309049844742 0.058935798704624176 0.012316714972257614
0.06439559161663055 0.004698124714195728 0.025856224820017815
0.10277999937534332 0.0 0.018526939675211906
0.12966354191303253 0.0 0.0
0.1162196472287178 0.0 0.0
0.10138078033924103 0.0 0.0
0.11301985383033752 0.0 0.0
0.11194926500320435 0.03351272642612457 0.0
0.08663378655910492 0.055985547602176666 0.0
0.11006028950214386 0.044232215732336044 0.0
0.15264129638671875 0.011169872246682644 0.0
0.1736895889043808 0.0 0.0
0.1430395394563675 0.0 0.0
0.0846896842122078 0.008244656957685947 0.0
0.0793878585100174 0.0 0.0
0.08011943101882935 0.0 0.0
0.0916658341884613 0.0 0.0
0.06185866892337799 0.0038850614801049232 0.0
0.044792063534259796 0.0 0.0
0.055324070155620575 0.0 0.0
0.08603964000940323 0.0 0.0
0.05951908230781555 0.0 0.0
0.06058727204799652 0.0 0.0
0.06370503455400467 0.0 0.0
0.0966547355055809 0.0 0.0
0.10613185912370682 0.0 0.00687454454600811
0.061699144542217255 0.0 0.0
0.08960321545600891 0.0 0.0
0.07470602542161942 0.0 0.0
0.08004992455244064 0.0 0.0
0.061991557478904724 0.0 0.0
0.046958282589912415 0.0 0.0
0.044673554599285126 0.0 0.0
0.0 0.0 0.0
0.0 0.005074429325759411 0.0
0.016727406531572342 0.0 0.0
0.0 0.0 0.0
0.0035151990596204996 0.0 0.0
0.043896712362766266 0.0 0.0
0.06493169069290161 0.0 0.0
0.07224872708320618 0.0 0.0
0.06566379219293594 0.0 0.0
0.03692615032196045 0.0 0.0
0.043280452489852905 0.0 0.002115209586918354
0.04230999946594238 0.0 0.0
0.04781239107251167 0.0 0.0
0.06267443299293518 0.0 0.0
0.041505493223667145 0.0 0.0
0.026517489925026894 0.0 0.0
0.021114202216267586 0.0 0.0
0.02961554564535618 0.0 0.0
0.05081217736005783 0.0 0.0
0.03378525748848915 0.0 0.0
0.017786316573619843 0.0 0.0
0.006185587495565414 0.0 0.0
0.01680787280201912 0.0 0.0
0.030485067516565323 0.0 0.0
0.007034337148070335 0.0 0.0
0.0 0.009183636866509914 0.003846997395157814
0.009039697237312794 0.0027555646374821663 0.011410108767449856
0.021841246634721756 0.0 0.008253729902207851
0.027079418301582336 0.0 0.014646914787590504
0.015593737363815308 0.001735573634505272 0.0
0.0004352903924882412 0.0 0.01663815975189209
0.009974200278520584 0.0016423631459474564 0.024235624819993973
0.026090586557984352 0.0 0.008254795335233212
0.014413423836231232 0.0 0.0039029233157634735
0.02187293767929077 0.0 0.0006794333457946777
0.0 0.0 0.0
0.0 0.03180026262998581 0.0
0.0 0.028488092124462128 0.0
0.02831432595849037 0.0 0.0019188690930604935
0.03692592307925224 0.0 0.0
0.02751990407705307 0.0 0.0
0.03082275576889515 0.0 0.0
0.05025877058506012 0.0 0.0
0.031239274889230728 0.0 0.0
0.046259768307209015 0.0 0.0
0.047283221036195755 0.0 0.0
0.03785936161875725 0.0 0.0
0.026105498895049095 0.0 0.0
0.04394015669822693 0.0 0.0
0.0788842961192131 0.0 0.0
0.08509612083435059 0.0 0.0
0.08706525713205338 0.0 0.0
0.06128133088350296 0.0 0.012920654378831387
0.045974280685186386 0.002529195509850979 0.05237431824207306
0.059263717383146286 0.00653831847012043 0.11020912230014801
0.09580735117197037 0.0 0.18526552617549896
0.13241329789161682 0.0 0.2539058327674866
0.18345676362514496 0.0 0.3783833086490631
0.2960363030433655 0.0 0.5310924649238586
0.4086824357509613 0.0 0.6817620992660522
0.5148283243179321 0.0 0.845258891582489
0.5591757893562317 0.0 0.9919660091400146
0.603599488735199 0.0 1.036327838897705
0.6135120391845703 0.0 1.0108875036239624
0.6240650415420532 0.0 0.9202318787574768
0.6450420022010803 0.0 0.8433408141136169
0.691401481628418 0.0 0.7793125510215759
0.6860901117324829 0.0 0.6636933088302612
0.6096477508544922 0.0 0.5252259373664856
0.42896270751953125 0.0 0.3744319677352905
0.2437976449728012 0.15983128547668457 0.24715790152549744
0.12869130074977875 0.21044623851776123 0.13506729900836945
0.06853155046701431 0.14426350593566895 0.0
0.05126627907156944 0.0430079847574234 0.0
0.02520538493990898 0.0 0.0
0.0 0.0 0.0
0.0 0.032255206257104874 0.0
0.0 0.05595947057008743 0.0
0.0 0.03382114693522453 0.0
0.0 0.032271984964609146 0.0
0.0 0.040453482419252396 0.0
0.0 0.060367003083229065 0.0
0.0 0.04692602902650833 0.0
0.0 0.023436948657035828 0.0
0.0 0.0 0.0
0.0 0.0 0.0
0.0 0.0 0.0
0.0 0.0 0.0
0.0 0.0 0.0
0.0 0.0 0.0
0.0 0.0 0.0
0.0 0.0 0.03306609392166138
0.005507045891135931 0.046888742595911026 0.15467296540737152
0.06866098195314407 0.08256791532039642 0.24622631072998047
0.14576350152492523 0.0598069429397583 0.32170483469963074
0.2560204863548279 0.0 0.3845705986022949
0.3383888602256775 0.0 0.4686860144138336
0.38444504141807556 0.014850117266178131 0.5611094236373901
0.40909579396247864 0.029323332011699677 0.6575509905815125
0.446573942899704 0.04377897083759308 0.7519840002059937
0.5519884824752808 0.0 0.871431827545166
0.679580807685852 0.0 1.0026111602783203
0.7407733201980591 0.0 1.0628540515899658
0.7009845972061157 0.0 0.9985895156860352
0.5963152050971985 0.0 0.921036958694458
0.5465620160102844 0.019692277535796165 0.8853758573532104
0.48654797673225403 0.05198736488819122 0.8100989460945129
0.4449070692062378 0.02801598608493805 0.703842043876648
0.4304266571998596 0.0 0.5453956723213196
0.3630841076374054 0.0 0.34381359815597534
0.21989311277866364 0.0 0.1576746106147766
0.1070065051317215 0.0 0.02941277250647545
0.036564767360687256 0.0 0.0
0.0 0.0 0.0
0.0 0.0 0.0
0.0 0.0 0.0
0.0 0.0 0.0
0.0 0.0 0.0
0.0 0.03621231019496918 0.0
0.0 0.09486071020364761 0.0
0.0 0.03321465849876404 0.0
0.0 0.0 0.0
0.0 0.0 0.0
0.0 0.0 0.0
0.0 0.0 0.0
0.0 0.0072805266827344894 0.0
0.0 0.0645909532904625 0.0
0.0 0.06106812506914139 0.0
0.0 0.024397993460297585 0.0
0.0 0.0068637412041425705 0.0
0.0 0.0 0.0
0.0 0.0 0.0
0.0 0.0 0.0
0.0 0.0 0.0
0.026705745607614517 0.01276051253080368 0.16438719630241394
0.11236099153757095 0.07459964603185654 0.35560348629951477
0.16971324384212494 0.11968190222978592 0.4941352307796478
0.26800090074539185 0.14463545382022858 0.5924147367477417
0.40052884817123413 0.12917767465114594 0.6759487390518188
0.5032445788383484 0.12230458110570908 0.7538712620735168
0.558928906917572 0.12187208980321884 0.8398913741111755
0.5903542041778564 0.10777970403432846 0.8957120180130005
0.607422411441803 0.07480444014072418 0.8915023803710938
0.5887964963912964 0.04849214851856232 0.8303369879722595
0.5733217000961304 0.01046699844300747 0.7723701000213623
0.5746950507164001 0.0 0.7315539717674255
0.5884833335876465 0.0 0.7260502576828003
0.60361248254776 0.0 0.6971296668052673
0.563933789730072 0.0 0.6123583316802979
0.4586012065410614 0.0 0.4821696877479553
0.3817879259586334 0.0 0.3811133801937103
0.31311193108558655 0.0 0.31749099493026733
0.2486991286277771 0.0 0.2582670748233795
0.16664740443229675 0.0019099963828921318 0.14972516894340515
0.07530444115400314 0.03983234614133835 0.007917958311736584
0.0 0.020312439650297165 0.0
0.0 0.0 0.0
0.0 0.0 0.0
0.0 0.0 0.0
0.0 0.0 0.0
0.0 0.0 0.0
0.0 0.0 0.0
0.0 0.0 0.0
0.0 0.0 0.0
0.0 0.0 0.0
0.0 0.0 0.0
0.0 0.0 0.0
0.0 0.0 0.0
0.0 0.0 0.0
0.0 0.0 0.0
0.0 0.0 0.0
0.0 0.0 0.0
0.0 0.011173507198691368 0.0
0.0 0.05433749035000801 0.0
0.0 0.0654926747083664 0.0
0.0 0.10537910461425781 0.0
0.0 0.1952591985464096 0.0
0.0 0.28718990087509155 0.0
0.0 0.31199565529823303 0.13765588402748108
0.0 0.3104739189147949 0.2300923466682434
0.0 0.24850964546203613 0.27333304286003113
0.02651357837021351 0.13872534036636353 0.3068787455558777
0.0882219523191452 0.06628070771694183 0.31473854184150696
0.12864261865615845 0.04490111023187637 0.3246878385543823
0.16357049345970154 0.035162728279829025 0.35171306133270264
0.1994701772928238 0.020074591040611267 0.38727718591690063
0.21515725553035736 0.01780051738023758 0.418407678604126
0.2617378234863281 0.009069876745343208 0.4540990889072418
0.35172921419143677 0.0 0.5178756713867188
0.46718496084213257 0.0 0.5892329216003418
0.46431219577789307 0.0 0.5615248680114746
0.4072691798210144 0.0 0.5108934044837952
0.4055996537208557 0.0 0.46492937207221985
0.3942122459411621 0.0 0.43063345551490784
0.3729814887046814 0.0 0.41756051778793335
0.38045036792755127 0.0 0.4132653772830963
0.37208133935928345 0.0 0.39498278498649597
0.317268967628479 0.0 0.3336629569530487
0.23507611453533173 0.0 0.23573371767997742
0.15530431270599365 0.0 0.10896725952625275
0.05938311293721199 0.0005656033754348755 0.0
0.0 0.009530337527394295 0.0
0.0 0.003405066207051277 0.0
0.0 0.0 0.0
0.0 0.0 0.0
0.0 0.0 0.0
0.0 0.0 0.0
0.0 0.02682889997959137 0.0
0.0 0.03340983763337135 0.0
0.0 0.0 0.0
0.0 0.0 0.0
0.0 0.0 0.0
0.0 0.0 0.0
0.0 0.022030096501111984 0.0
0.0 0.03144277259707451 0.0
0.0 0.0035421643406152725 0.0
0.0 0.0 0.0
0.0 0.0 0.0
0.0 0.025419235229492188 0.0
0.0 0.025355320423841476 0.0
0.0 0.010342813096940517 0.0
0.02614559605717659 0.01017769705504179 0.009468777105212212
0.03872184082865715 0.010068240575492382 0.032028678804636
0.04600052535533905 0.0 0.046974871307611465
0.007846749387681484 0.006968586705625057 0.024232011288404465
0.0 0.018766924738883972 0.004882813431322575
0.0 0.025110840797424316 0.010319124907255173
0.012168260291218758 0.005916905589401722 0.018930189311504364
0.00469196867197752 0.0016792835667729378 0.01884177140891552
0.0026320135220885277 0.0 0.00915479101240635
0.0027976620476692915 0.0 0.0
0.010294992476701736 0.0 0.0
0.027443619444966316 0.0 0.0
0.02109917253255844 0.0 0.0
0.0 0.013596662320196629 0.0
0.00736924447119236 0.007186434231698513 0.0
0.023209992796182632 0.0 0.0
0.03921186178922653 0.0 0.0
0.00845261849462986 0.0 0.0
0.01700376160442829 0.0 0.0
0.07973665744066238 0.0 0.0
0.1423955112695694 0.0 0.0
0.29983386397361755 0.0 0.03828125074505806
0.43928682804107666 0.0 0.06295889616012573
0.4541637599468231 0.0 0.06733926385641098
0.386628121137619 0.0 0.10640251636505127
0.31915828585624695 0.0 0.14670012891292572
0.24876029789447784 0.04000190645456314 0.16135337948799133
0.17532390356063843 0.09759809076786041 0.15012335777282715
0.08284562826156616 0.09897840768098831 0.11394964903593063
0.03523469716310501 0.04503421485424042 0.06522498279809952
0.005689322482794523 0.013339667581021786 0.027436058968305588
0.0 0.01348267961293459 0.010997697710990906
0.0 0.017830554395914078 0.0
0.0 0.0 0.0
0.0 0.0 0.0
0.0 0.0 0.0
0.0 0.0 0.0
0.0 0.0 0.0
0.0 0.0 0.0
0.0 0.0 0.0
0.017862897366285324 0.012412887997925282 0.0
0.014694824814796448 0.028378672897815704 0.0
0.0029846394900232553 0.032662633806467056 0.0
0.012472949922084808 0.020913032814860344 0.0
0.011353356763720512 0.03683421015739441 0.0
0.0017087189480662346 0.038963671773672104 0.002908586524426937
0.014458602294325829 0.009166361764073372 0.004007672891020775
0.0 0.004990525543689728 0.0
0.0 0.0380302332341671 0.0
0.0 0.05394928157329559 0.0003519514575600624
0.0 0.0634399875998497 0.014397462829947472
0.0 0.04419385641813278 0.03584815934300423
0.0036421739496290684 0.007009468972682953 0.017780743539333344
0.0 0.0 0.0
0.0 0.03911227732896805 0.0
0.0 0.0751323327422142 0.022831961512565613
0.004612629767507315 0.05159904062747955 0.03395971283316612
0.05050688609480858 0.005820632912218571 0.026791546493768692
0.057105664163827896 0.0 0.005443116649985313
0.03271563723683357 0.020860569551587105 0.0
0.02103900909423828 0.0474703423678875 0.0
0.06594416499137878 0.002785162068903446 0.0
0.2187555432319641 0.0 0.0
0.3176054358482361 0.0 0.0
0.2237550914287567 0.0 0.0
0.06164342537522316 0.0 0.0
0.0 0.0 0.0
0.0 0.0 0.0
0.0 0.0 0.0
0.0 0.0 0.0
0.0 0.0 0.0
0.0 0.0 0.0
0.0 0.0 0.0
0.0 0.0 0.0
0.0 0.0 0.36207473278045654
0.0 0.0 0.7825007438659668
0.0 0.0 0.9894834756851196
0.8518139719963074 0.0 1.176937222480774
1.7567929029464722 0.0 1.5852339267730713
1.6581439971923828 0.0 2.5955255031585693
2.657927989959717 0.0 3.730869770050049
3.905123233795166 0.0 4.668642997741699
3.8254623413085938 0.0 4.880119323730469
3.357748508453369 0.0 4.331625461578369
2.9763543605804443 0.0 3.740182638168335
2.668111562728882 0.0 3.5531575679779053
2.87422776222229 0.0 3.784614324569702
3.3281354904174805 0.0 3.8651809692382812
3.747992992401123 0.0 3.8168978691101074
4.181560516357422 0.0 3.6015830039978027
4.709951877593994 0.0 3.2309908866882324
5.295331954956055 0.0 2.5325167179107666
5.9354729652404785 0.0 1.7600902318954468
5.483949661254883 0.8102631568908691 0.9714450836181641
4.924661636352539 1.4956876039505005 0.0
4.5473246574401855 1.160900354385376 0.0
4.16851806640625 1.0661036968231201 0.0
4.28157901763916 1.1115002632141113 0.0
4.838212013244629 1.1997231245040894 0.0
5.2486891746521 1.744086503982544 0.0
5.411011695861816 2.337608814239502 0.0
5.20644474029541 2.6708285808563232 0.0
4.884825229644775 2.5020956993103027 0.0
4.535604000091553 2.135721445083618 0.0
4.238500595092773 1.7730376720428467 0.0
3.657050132751465 1.503575325012207 0.0
3.0005762577056885 1.2511444091796875 0.0
2.298626661300659 0.917809009552002 0.0
1.5857398509979248 0.2681506276130676 0.0
0.815068781375885 0.0 0.0
0.258803129196167 0.0 0.0
0.0 0.0 0.0
0.0 0.0 0.0
0.0 0.0 0.0
0.0 0.0 0.0
0.0 0.0 0.0
0.0 0.0 0.0
0.0 0.0 0.0
0.0 0.0 0.0
0.0 0.0 0.0
0.0 0.0 0.0
0.0 0.0 0.0
0.0 0.0 0.0
0.0 0.0 0.0
0.0 0.0 0.0
0.0 0.0 0.0
0.0 0.0 0.0
0.0 0.0 0.0
0.0 0.0 0.0
0.0 0.0 0.0
0.0 0.0 0.0
0.0 0.0 0.0
0.0 0.0 0.0
0.0 0.0 0.0
0.0 0.0 0.0
0.0 0.0 0.0
0.0 0.0 0.0
0.0 0.0 0.0994739681482315
0.0 0.0 0.5832339525222778
0.0 0.0 0.5431986451148987
0.0 0.0 0.16228196024894714
0.0 0.0 0.0
0.0 0.0 0.0378035306930542
0.0 0.0 0.21971873939037323
0.0 0.0 0.35509705543518066
0.0 0.0 0.445292204618454
0.0 0.0 0.5346252918243408
0.0 0.0 0.5665481090545654
0.0 0.0 0.5565093159675598
0.0 0.0 0.5370658040046692
0.0 0.0 0.46198782324790955
0.0 0.0 0.3799811005592346
0.0 0.0 0.37264755368232727
0.0 0.0 0.39548683166503906
0.0 0.0 0.3470527231693268
0.0 0.0 0.26030129194259644
0.0 0.0 0.2035917043685913
0.0 0.0 0.16126209497451782
0.0 0.0 0.10713760554790497
0.0 0.0 0.07994779199361801
0.011013728566467762 0.0 0.0666666105389595
0.059616949409246445 0.0 0.10978052020072937
0.07054629921913147 0.0 0.08751729875802994
0.1463385373353958 0.0 0.0
0.14659659564495087 0.0 0.0
0.06807249039411545 0.0 0.0
0.026290953159332275 0.16114205121994019 0.017439406365156174
0.06414485722780228 0.0843559205532074 0.06136958301067352
0.1859290897846222 0.0 0.025746071711182594
0.2268482893705368 0.0 0.0
0.24016809463500977 0.0 0.0
0.2023453414440155 0.035794250667095184 0.0
0.13413779437541962 0.06744697690010071 0.0
0.15362733602523804 0.0 0.05646643787622452
0.2253715693950653 0.0 0.0074893031269311905
0.2984902560710907 0.0 0.0
0.2413577288389206 0.0 0.0
0.11779264360666275 0.031228525564074516 0.02541051246225834
0.09900297224521637 0.0 0.07732511311769485
0.14414089918136597 0.0 0.041339680552482605
0.21433542668819427 0.0 0.0
0.23833796381950378 0.0 0.0
0.22253556549549103 0.0 0.0
0.22032061219215393 0.0 0.0
0.22645413875579834 0.0 0.0
0.25009581446647644 0.0 0.0
0.24373672902584076 0.0 0.0
0.17062203586101532 0.04194721579551697 0.0
0.0 0.12966294586658478 0.04670754820108414
0.07373090833425522 0.0 0.01993585377931595
0.33931198716163635 0.0 0.0
0.30376431345939636 0.0 0.0
0.24676042795181274 0.0 0.0
0.15425047278404236 0.0 0.0
0.07449784129858017 0.01099939364939928 0.0
0.06386890262365341 0.011706196703016758 0.0
0.035124339163303375 0.0 0.0
0.0077875223942101 0.0 0.0
0.0 0.0658210963010788 0.0
0.0 0.03255581855773926 0.014574158005416393
0.0 0.05244377255439758 0.10634482651948929
0.0 0.0 0.06183168292045593
0.0 0.0 0.0
0.10667734593153 0.008085894398391247 0.0
0.12895016372203827 0.01861656829714775 0.0
0.08674784749746323 0.03654922917485237 0.035799816250801086
0.15776529908180237 0.043668657541275024 0.08460650593042374
0.1429341584444046 0.0 0.058488354086875916
0.09726520627737045 0.0 0.033389125019311905
0.06567265838384628 0.0 0.0
0.029294146224856377 0.0 0.010483010672032833
0.07822573184967041 0.0 0.018277283757925034
0.1184874027967453 0.0 0.037708770483732224
0.09715814143419266 0.0 0.046259380877017975
0.04392475262284279 0.06102261692285538 0.05254444479942322
0.0 0.07699758559465408 0.07027630507946014
0.0 0.0 0.0484682098031044
0.006888971664011478 0.0 0.0
0.011850174516439438 0.0 0.0
0.0 0.026583679020404816 0.0
0.0 0.02131807804107666 0.0
0.0 0.08197689801454544 0.0
0.0 0.18953344225883484 0.0
0.0 0.24615544080734253 0.0
0.0 0.2762547433376312 0.0
0.0 0.3179164528846741 0.0
0.0 0.2850455939769745 0.0
0.0 0.3426401615142822 0.0
0.0 0.5264965295791626 0.0
0.0 0.4164659380912781 0.0
0.0 0.21708065271377563 0.0
0.0 0.2486838400363922 0.0
0.0 0.31056666374206543 0.0
0.0 0.3321332037448883 0.0
0.0 0.16785158216953278 0.0
0.13639770448207855 0.047282300889492035 0.0
0.09978455305099487 0.13223765790462494 0.02769368886947632
0.0 0.2822332978248596 0.0947992205619812
0.0 0.29822078347206116 0.0778772309422493
0.0 0.175100177526474 0.003085548058152199
0.027071738615632057 0.054092273116111755 0.0
0.1500147581100464 0.0 0.0
0.06003452092409134 0.0 0.0
0.0 0.11267150938510895 0.0
0.0 0.026368845254182816 0.0
0.17509159445762634 0.0 0.0416552759706974
0.23985037207603455 0.0 0.07214874029159546
0.15347951650619507 0.0 0.05614420399069786
0.06210486218333244 0.0 0.03207055851817131
0.0 0.0 0.005698338150978088
0.0 0.0 0.0
0.0 0.0 0.013567447662353516
0.0 0.0 0.0
0.0 0.1527653932571411 0.03561628982424736
0.0 0.2123751938343048 0.0427761971950531
0.0 0.026238881051540375 0.040513310581445694
0.0 0.0 0.04712221026420593
0.07447843998670578 0.046347346156835556 0.0
0.1551743447780609 0.0 0.0
0.237021803855896 0.0 0.0
0.15403825044631958 0.0 0.06051258370280266
