0.0 0.027045508846640587 0.006249423138797283
0.0 0.0 0.0
0.0 0.0 0.012639944441616535
0.0 0.005780966021120548 0.0
0.0 0.01015361025929451 0.0014099273830652237
0.0 0.0 0.05875391140580177
0.0 0.0 0.0
0.0 0.0 0.0
0.0 0.0 0.0
0.0 0.0 0.0
0.0 0.0 0.16608862578868866
0.0 0.0 0.27955472469329834
0.0 0.0 0.2836804986000061
0.0 0.0 0.3378031253814697
0.0 0.1881326586008072 0.6908208131790161
0.0 0.5753254294395447 1.276084065437317
0.0 0.8172019720077515 2.258735179901123
0.35611692070961 1.2592909336090088 1.7106552124023438
0.5175553560256958 0.40139272809028625 0.19568327069282532
0.2977484166622162 0.0 0.09199335426092148
0.46940645575523376 0.0 0.32243749499320984
0.45552313327789307 0.0 0.5382270216941833
0.18416620790958405 0.0 0.16191545128822327
0.0 0.01640378311276436 0.0
0.0 0.1468334197998047 0.029336102306842804
0.25293436646461487 0.1133100837469101 0.04254191741347313
0.21985521912574768 0.08401797711849213 0.0
0.04959641396999359 0.16528886556625366 0.0
0.022066783159971237 0.13460925221443176 0.0
0.0 0.0 0.0
0.0 0.0 0.0
0.0 0.0 0.0
0.0 0.045850351452827454 0.0
0.0 0.14198221266269684 0.0
0.0 0.03938739746809006 0.0744074359536171
0.0 0.0 0.06806378811597824
0.0 0.0 0.0
0.0 0.0 0.0
0.0 0.005200662650167942 0.0
0.0 0.10078390687704086 0.0
0.0 0.05280653387308121 0.0
0.0 0.0005435934290289879 0.0
0.019408682361245155 0.011166144162416458 0.0
0.0 0.03792421519756317 0.0
0.0 0.016752619296312332 0.0
0.0 0.0 0.0
0.0 0.0 0.0
0.0 0.01624874770641327 0.0029332563281059265
0.0 0.043732572346925735 0.028968852013349533
0.0 0.04263188689947128 0.03229780122637749
0.0 0.04487906023859978 0.012832226231694221
0.0 0.059914201498031616 0.0
0.0 0.033324405550956726 0.0
0.013102189637720585 0.0 0.0
0.06932125985622406 0.0 0.018733523786067963
0.04583084210753441 0.0 0.02829640358686447
0.00838466640561819 0.026621762663125992 0.04409187659621239
0.0 0.007518906146287918 0.04176533967256546
0.0 0.0 0.029843434691429138
0.0 0.0 0.0030352557078003883
0.0 0.008870460093021393 0.0
0.0 0.009942648932337761 0.0
0.0 0.0 0.0
0.0 0.0 0.0
0.0 0.0025643613189458847 0.0
0.0 0.03974422067403793 0.0
0.0 0.0332636833190918 0.0
0.03429615870118141 0.0 0.00569175835698843
0.04493415355682373 0.0 0.006818009540438652
0.01935342699289322 0.0 0.006628125905990601
0.015126724727451801 0.0 0.0012168493121862411
0.03207907825708389 0.0 0.013133961707353592
0.015043367631733418 0.0 0.013046611100435257
0.0 0.010874489322304726 0.0
0.013188209384679794 0.0 0.0
0.012183931656181812 0.0 0.0
0.0 0.018408838659524918 0.0
0.007805694825947285 0.0 0.0
0.01617654412984848 0.0 0.002281847409904003
0.017341941595077515 0.0 0.0
0.005683422088623047 0.0 0.0
0.0 0.01943841576576233 0.0
0.0 0.009845709428191185 0.0
0.0 0.0 0.020197197794914246
0.018299082294106483 0.0 0.006645170971751213
0.03556675463914871 0.0 0.0
0.008739931508898735 0.0 0.0011875545606017113
0.0 0.0 0.006462477147579193
0.005484217312186956 0.023550603538751602 0.014140104874968529
0.01075754314661026 0.0 0.014058345928788185
0.0 0.0 0.011768558993935585
0.0 0.0 0.005199340172111988
0.0 0.0 0.0
0.0 0.0 0.0
0.0 0.0 0.0
0.03215045854449272 0.0 0.00566526222974062
0.023623816668987274 0.0 0.008878099732100964
0.0 0.030074743553996086 0.0
0.0 0.016207663342356682 0.005508136004209518
0.02359718456864357 0.0 0.011004100553691387
0.009785765781998634 0.0002353554591536522 0.00663092453032732
0.0 0.0 0.010754830203950405
0.007481332868337631 0.0 0.022618677467107773
0.0055060661397874355 0.0 0.006564079783856869
0.0 0.0 0.0
0.0 0.0 0.011668560095131397
0.0 0.0 0.023472219705581665
0.0 0.015130681917071342 0.009766797535121441
0.0 0.02793942205607891 0.0011669164523482323
0.0 0.0002753026783466339 0.004334746859967709
0.0012732378672808409 0.0 0.002231382764875889
0.0 0.0 0.012754597701132298
0.0 0.0 0.010560152120888233
0.0 0.0 0.0
0.0 0.0 0.0
0.0033734068274497986 0.0 0.006546235643327236
0.0 0.0 0.023580878973007202
0.00557903666049242 0.0 0.0
0.0 0.027057381346821785 0.0
0.0 0.04087679088115692 0.0
0.0 0.0046327668242156506 0.0
0.02058941125869751 0.0 0.0
0.018440771847963333 0.0 0.0
0.0 0.013139968737959862 0.0
0.011092046275734901 0.014133861288428307 0.0
0.024770572781562805 0.0 0.0014183195307850838
0.002443430945277214 0.0 0.0
0.0 0.0 0.0
0.0 0.0 0.0
0.01421300508081913 0.0 0.0
0.014387441799044609 0.0 0.05531909689307213
0.0 0.0 0.4395562410354614
0.0 0.0 1.0041834115982056
0.0 0.0 1.4604965448379517
0.0 0.0 1.9225324392318726
0.0 0.0677265152335167 2.278494358062744
0.0 0.09886792302131653 2.5737664699554443
0.0 0.0 3.0463552474975586
0.19791865348815918 0.0 3.143526554107666
0.48690706491470337 0.0 2.8919243812561035
0.25478994846343994 0.06840109080076218 2.6736791133880615
0.00791942235082388 0.19559606909751892 2.6214146614074707
0.0 0.08188174664974213 2.6229355335235596
0.20055946707725525 0.0 2.322338819503784
0.42895641922950745 0.0 1.6877517700195312
0.44776207208633423 0.0 0.9040635824203491
0.24531441926956177 0.059177007526159286 0.04763467609882355
0.0 0.003933192230761051 0.0
0.0 0.0 0.0
0.0 0.0 0.0
0.0 0.0 0.0
0.0 0.004594189114868641 0.0
0.0 0.17635288834571838 0.0
0.0 0.2973341941833496 0.0
0.0 0.12926927208900452 0.0
0.0 0.04228164628148079 0.0
0.0 0.026673391461372375 0.0
0.0 0.0 0.0
0.0 0.0 0.0
0.0 0.0 0.0
0.0 0.0 0.0
0.0 0.0 0.0
0.0 0.23711398243904114 0.0
0.0 0.42762935161590576 0.0
0.0 0.27850431203842163 0.47134652733802795
0.019375018775463104 0.019405893981456757 0.8464857339859009
0.03568102419376373 0.03994924947619438 1.0293973684310913
0.0 0.08652287721633911 1.1406340599060059
0.0 0.05581796541810036 1.3978440761566162
0.0 0.0 1.8058574199676514
0.0 0.0 2.31372332572937
0.0 0.03086334466934204 2.688851833343506
0.011028140783309937 0.2496526688337326 2.9517312049865723
0.28574705123901367 0.3377450108528137 3.131032943725586
0.42651695013046265 0.22759531438350677 3.2292988300323486
0.46490350365638733 0.0 3.1717491149902344
0.7080239653587341 0.0 2.9883980751037598
0.6380616426467896 0.1467425376176834 2.567725658416748
0.594093918800354 0.1699647754430771 2.0695266723632812
0.5499981045722961 0.0 1.6473617553710938
0.4476992189884186 0.0 1.1798126697540283
0.2853635549545288 0.0 0.6554991006851196
0.09162231534719467 0.0 0.10379568487405777
0.0 0.0 0.0
0.0 0.0 0.0
0.0 0.0 0.0
0.0 0.0 0.0
0.0 0.0 0.0
0.0 0.0 0.0
0.0 0.0 0.0
0.0 0.0 0.0
0.0 0.0 0.0
0.0 0.0 0.0
0.0 0.0 0.0
0.0 0.0 0.0
0.0 0.0 0.0
0.0 0.0 0.0
0.0 0.0 0.0
0.0 0.0 0.0
0.0 0.0 0.0
0.0 0.0 0.0
0.0 0.0 0.0
0.0 0.0 0.0
0.1371970921754837 0.0 0.03599973022937775
0.11850117892026901 0.0 0.526570737361908
0.09054890275001526 0.14625369012355804 1.0025136470794678
0.03964337706565857 0.3357679545879364 1.5218210220336914
0.059175796806812286 0.3413233160972595 2.0134594440460205
0.19403880834579468 0.21570706367492676 2.2697267532348633
0.2687649726867676 0.05937311053276062 2.2443268299102783
0.28806382417678833 0.06719827651977539 2.1323719024658203
0.26418566703796387 0.14718206226825714 2.07897686958313
0.22731126844882965 0.11795652657747269 2.2366244792938232
0.18402771651744843 0.03522143512964249 2.4912514686584473
0.3353533148765564 0.0 2.593740701675415
0.654872715473175 0.0 2.4309608936309814
0.8319327235221863 0.0 2.127183437347412
0.719352126121521 0.0 1.9897581338882446
0.5043628811836243 0.019616110250353813 1.9506280422210693
0.3832598626613617 0.0 1.7880364656448364
0.4853824973106384 0.0 1.3913990259170532
0.5031559467315674 0.0 0.8913039565086365
0.3129369616508484 0.0 0.4100886583328247
0.05383696407079697 0.0612327978014946 0.0
0.0 0.013495899736881256 0.0
0.0 0.0 0.0
0.0 0.0 0.0
0.0 0.0 0.0
0.0 0.02964850328862667 0.0
0.0 0.0 0.0
0.0 0.0 0.0
0.0 0.016810204833745956 0.0
0.0 0.154290571808815 0.0
0.0 0.22036679089069366 0.0
0.0 0.20595110952854156 0.0
0.0 0.02543245442211628 0.0
0.0 0.0 0.0
0.0 0.0 0.0
0.0 0.0 0.0
0.0 0.0 0.0
0.0 0.0 0.0
0.0 0.0 0.0
0.0 0.0 0.0
0.0 0.0 0.13293227553367615
0.05398881062865257 0.0 0.5609081387519836
0.0926768109202385 0.0 0.7549018263816833
0.10450657457113266 0.0 0.866468071937561
0.19363325834274292 0.013058912009000778 1.0255458354949951
0.29880306124687195 0.04057762026786804 1.2862863540649414
0.3661206066608429 0.09667577594518661 1.6001571416854858
0.4894193708896637 0.08696456253528595 1.8566848039627075
0.5436930060386658 0.11934752762317657 1.9812566041946411
0.5716364979743958 0.027592847123742104 2.0528154373168945
0.6572296619415283 0.0 2.128278970718384
0.6963672041893005 0.0 2.1628620624542236
0.6151916980743408 0.0 2.1673519611358643
0.5636858940124512 0.0 2.1957061290740967
0.5435560941696167 0.0 2.1838090419769287
0.5734056234359741 0.0 2.0618724822998047
0.5809034705162048 0.0 1.9485726356506348
0.47318339347839355 0.0 1.8341917991638184
0.33956223726272583 0.0 1.6513497829437256
0.18914583325386047 0.0 1.3424044847488403
0.09077824652194977 0.0 0.9396786093711853
0.010144655592739582 0.0 0.4730418920516968
0.0 0.0 0.0
0.0 0.0 0.0
0.0 0.0 0.0
0.0 0.0 0.0
0.0 0.0 0.0
0.0 0.017330089583992958 0.0
0.0 0.08569210022687912 0.0
0.0 0.11007867008447647 0.0
0.0 0.11816109716892242 0.0
0.0 0.11109679192304611 0.0
0.0 0.03940476477146149 0.0
0.0 0.0 0.0
0.0 0.0 0.0
0.0 0.0 0.0
0.0 0.0 0.0
0.0 0.0 0.0
0.0 0.0 0.0
0.0 0.0 0.0
0.0 0.04817003011703491 0.0
0.0 0.0661705955862999 0.0
0.0 0.028019754216074944 0.0
0.1681409478187561 0.06517111510038376 0.18576379120349884
0.25473469495773315 0.13892656564712524 0.6003061532974243
0.22611743211746216 0.2590084969997406 0.912357747554779
0.14187899231910706 0.3561699390411377 1.1286993026733398
0.16466259956359863 0.3699600398540497 1.4078021049499512
0.34881138801574707 0.36293116211891174 1.7675045728683472
0.5617817044258118 0.309488445520401 2.015171527862549
0.6657559275627136 0.3012325167655945 2.178567409515381
0.6236729025840759 0.2533307671546936 2.2164511680603027
0.5731210708618164 0.24199025332927704 2.1486053466796875
0.4918520748615265 0.15680958330631256 1.9424009323120117
0.4240035116672516 0.0 1.6579513549804688
0.38650861382484436 0.0 1.3398878574371338
0.3656754791736603 0.0 1.0800615549087524
0.33284884691238403 0.0 0.8479536175727844
0.2523132264614105 0.0 0.5909292697906494
0.13246886432170868 0.0 0.3175120949745178
0.029845019802451134 0.0 0.11980275064706802
0.0 0.0 0.0
0.0 0.0 0.0
0.0 0.0 0.0
0.0 0.0 0.0
0.0 0.0 0.0
0.0 0.0 0.0
0.0 0.0 0.0
0.0 0.026620153337717056 0.0
0.0 0.03519792854785919 0.0
0.0 0.0064794644713401794 0.0
0.01621496118605137 0.0 0.0
0.03197767958045006 0.0 0.0
0.028470030054450035 0.0 0.0
0.011421270668506622 0.0 0.0
0.0 0.0 0.0
0.0 0.0 0.0
0.0 0.0 0.028717584908008575
0.0 0.0 0.013400680385529995
0.0 0.0 0.0
0.008617228828370571 0.0 0.0
0.03801772743463516 0.0 0.0
0.0 0.0 0.0
0.0 0.16593196988105774 0.5049086213111877
0.0 0.6121315360069275 0.6033340096473694
0.19517779350280762 0.08477187156677246 0.049353089183568954
0.46296370029449463 0.0 0.0
0.3492578864097595 0.0 0.0
0.2334309071302414 0.0 0.0
0.1560322493314743 0.0 0.0
0.07720480859279633 0.0 0.0
0.0 0.08145090937614441 0.0
0.0 0.5733767151832581 0.1568252295255661
0.0 0.4181722104549408 0.4728950262069702
0.0 0.23529134690761566 0.32775434851646423
0.09726160764694214 0.0 0.006353423930704594
0.12610657513141632 0.0 0.0
0.023175399750471115 0.012120306491851807 0.0
0.0 0.051227226853370667 0.04896054044365883
0.0 0.0 0.01610298827290535
0.020548466593027115 0.0 0.0
0.029875122010707855 0.0 0.015175524167716503
0.01744588278234005 0.0 0.0
0.0 0.00806836225092411 0.0
0.0 0.0 0.0
0.0 0.0 0.0
0.0 0.0 0.0
0.0 0.0 0.0
0.014110805466771126 0.0 0.0
0.0 0.011269750073552132 0.0
0.0 0.0 0.0
0.01040208712220192 0.0 0.0
0.11978636682033539 0.0 0.0
0.10794888436794281 0.0 0.0
0.0 0.0 0.024419620633125305
0.0 0.0 0.060636214911937714
0.13802209496498108 0.0 0.05951102823019028
0.3306266963481903 0.0 0.09628795087337494
0.6240913271903992 0.0 0.12203778326511383
1.195997714996338 0.0 0.2452705055475235
1.77468740940094 0.0 0.44012656807899475
2.821148157119751 0.0 0.9556388854980469
4.262845993041992 0.0 1.6775987148284912
5.6713714599609375 0.0 1.165558099746704
6.568958759307861 0.0 0.0
8.093222618103027 0.0 1.3521300554275513
7.721312522888184 0.0 1.9233781099319458
7.644173622131348 0.0 0.8795515894889832
7.933676719665527 0.0 0.0
8.66578483581543 0.0 0.0
8.259899139404297 0.0 0.0
6.171452045440674 3.141655445098877 0.0
5.60138463973999 4.492657661437988 0.0
5.597173690795898 3.974277973175049 0.0
5.348451137542725 2.8255741596221924 0.0
4.382260799407959 1.735778570175171 0.0
2.548295259475708 0.9601468443870544 0.0
0.7090288400650024 0.7628428339958191 0.0
0.0 0.7891895174980164 0.0
0.0 0.6732171177864075 0.0
0.0 0.4857739508152008 0.0
0.0 0.7100816369056702 0.0
0.0 1.0800050497055054 0.0
0.0 1.3473131656646729 0.0
0.0 1.4393121004104614 0.0
0.0 0.8868449330329895 0.0
0.0 0.0 0.0
0.0 0.0 0.0
0.0 0.0 0.0
0.0 0.0 0.0
0.0 0.0 0.0
0.0 0.0 0.0
0.0 0.0 0.0
0.0 0.0 0.0
0.0 0.0 0.0
0.0 0.0 0.0
0.0 0.0 0.0
0.7544564604759216 0.0 0.06584324687719345
1.4527473449707031 0.0 0.8154051303863525
1.2995761632919312 0.1367793083190918 0.9120014309883118
1.0196611881256104 0.2981703281402588 0.5475693941116333
0.7211410999298096 0.2842223048210144 0.0
0.35876530408859253 0.13540618121623993 0.0
0.21981112658977509 0.05697130039334297 0.0
0.24594499170780182 0.04637085646390915 0.0
0.36746078729629517 0.0 0.0
0.42088058590888977 0.0 0.06793755292892456
0.37909746170043945 0.0 0.0715317577123642
0.30045458674430847 0.0 0.04633425921201706
0.18550747632980347 0.0 0.016359850764274597
0.07758260518312454 0.0 0.043358176946640015
0.05122796818614006 0.0 0.007761835120618343
0.0625554546713829 0.0 0.0
0.09801517426967621 0.0 0.0
0.2111089825630188 0.0 0.0
0.17954625189304352 0.0 0.0
0.09008082002401352 0.05118638649582863 0.0
0.17773956060409546 0.13182184100151062 0.0
0.20025339722633362 0.07762517780065536 0.0
0.1931012123823166 0.02037866972386837 0.0
0.19562216103076935 0.0 0.0
0.18826064467430115 0.0 0.0
0.1019073873758316 0.0 0.0
0.024853616952896118 0.05764321610331535 0.0026946384459733963
0.0 0.05239679291844368 0.006523997522890568
0.0 0.0 0.008180216886103153
0.0 0.0 0.012627429328858852
0.0 0.02687598578631878 0.00961353164166212
0.0 0.1258518248796463 0.0
0.005833588074892759 0.13212889432907104 0.0
0.059142082929611206 0.0565638430416584 0.0
0.11247480660676956 0.004383724648505449 0.0
0.05826270952820778 0.029008375480771065 0.0
0.0 0.04180273786187172 0.0021100742742419243
0.0 0.04296174645423889 0.0
0.03814998269081116 0.042921531945466995 0.0
0.09452962875366211 0.12030953168869019 0.0
0.11761391162872314 0.09143020957708359 0.01655053347349167
0.15374422073364258 0.026486629620194435 0.022042501717805862
0.09860160201787949 0.0 0.0
0.006011282559484243 0.03445916995406151 0.0
0.0 0.06634892523288727 0.0
0.0 0.08742811530828476 0.030053868889808655
0.011357045732438564 0.13712695240974426 0.08187338709831238
0.07455945014953613 0.13815227150917053 0.059005092829465866
0.007467499002814293 0.1351490318775177 0.044437069445848465
0.0 0.04283614456653595 0.04638170823454857
0.0 0.0 0.025246329605579376
0.0 0.0 0.021258778870105743
0.0 0.052255477756261826 0.056591201573610306
0.0 0.0990927591919899 0.06378413736820221
0.0 0.043947748839855194 0.03566062077879906
0.0 0.0 0.012419747188687325
0.0 0.0 0.0
0.0 0.0 0.0
0.0 0.0 0.0
0.0 0.0 0.0
0.0 0.0 0.0
0.0 0.0 0.0
0.0 0.0 0.0
0.00034966832026839256 0.0 0.0
0.016079362481832504 0.0 0.010837031528353691
0.04577840119600296 0.0 0.030397415161132812
0.03182636573910713 0.06277895718812943 0.05192401260137558
0.024286959320306778 0.08189433068037033 0.061525505036115646
0.05848594382405281 0.021279452368617058 0.0477825328707695
0.02579990029335022 0.0 0.003542100079357624
0.0 0.0 0.0028749778866767883
0.0 0.0 0.016880808398127556
0.01713716983795166 0.0 0.011919340118765831
0.0407242551445961 0.0 0.0
0.0 0.0 0.0
0.0 0.0 0.0
0.0 0.0 0.0
0.0 0.0 0.0
0.0 0.008935967460274696 0.0
0.0 0.008874714374542236 0.0
0.00027536600828170776 0.0 0.0
0.004719915799796581 0.0 0.0
0.0 0.0 0.0
0.00877457857131958 0.0 0.0
0.0 0.0 0.0
0.0 0.0 0.0
0.04830947145819664 0.0 0.0
0.19913120567798615 0.0 0.03561907634139061
0.6988499760627747 0.0 0.08809186518192291
2.1823294162750244 0.0 0.15337632596492767
3.742330312728882 0.0 0.2569669187068939
4.431982040405273 0.0 0.20660066604614258
4.948962211608887 0.0 0.0
5.586461544036865 0.0 0.0
5.82896614074707 0.6896199584007263 0.0
4.935714244842529 2.310704469680786 0.0
3.9118728637695312 3.380324602127075 0.0
2.976119041442871 3.4798755645751953 0.17039714753627777
2.143925428390503 2.680713653564453 0.23427599668502808
1.5126001834869385 1.8865547180175781 0.2766745984554291
0.7772278785705566 1.0889414548873901 0.1609802097082138
0.08369120210409164 0.3068704307079315 0.13121938705444336
0.0 0.0 0.09166346490383148
0.0 0.0 0.028438415378332138
0.0 0.25636598467826843 0.039012499153614044
0.0 0.4067666530609131 0.08305026590824127
0.0 0.23635712265968323 0.009457269683480263
0.0 0.0 0.0
0.0 0.0 0.0
0.0 0.0 0.0
0.0 0.0 0.0
0.0 0.0 0.0
0.0 0.0 0.0
0.0 0.0 0.0
0.0 0.0 0.0
0.0 0.0 0.0
0.0 0.0 0.0
0.0 0.22885766625404358 0.0164781603962183
0.5591932535171509 0.5958362221717834 0.22237113118171692
1.6292130947113037 0.6906703114509583 0.17354127764701843
2.7399497032165527 0.7806790471076965 0.0
3.773874282836914 0.7631389498710632 0.0
4.749751091003418 0.245653435587883 0.0
5.106970310211182 0.0 0.0
5.470608711242676 0.0 0.0
5.386167526245117 0.5268933773040771 0.0
4.460509777069092 1.5430303812026978 0.0
3.171098232269287 1.7670520544052124 0.0
2.660315990447998 2.091501235961914 0.0
2.164762496948242 1.818481206893921 0.0
1.8668620586395264 1.161964774131775 0.0
1.511089563369751 0.797004222869873 0.0
0.8474019169807434 0.5857287049293518 0.21560244262218475
0.3349039852619171 0.44812634587287903 0.32114192843437195
0.0 0.29857173562049866 0.23812639713287354
0.0 0.16586272418498993 0.254521906375885
0.0 0.19159284234046936 0.27232033014297485
0.0 0.33238136768341064 0.3196913003921509
0.0 0.2269313931465149 0.21956203877925873
0.0 0.0 0.0
0.0 0.0 0.0
0.0 0.0 0.0
0.0 0.0 0.0
0.0 0.0 0.18922697007656097
0.0 0.0 0.5425663590431213
0.0 0.0 0.48058661818504333
0.0 0.0 0.17335213720798492
0.0 0.0 0.0
0.0 0.0 0.003058426082134247
0.0 0.0 0.16245847940444946
0.0 0.0 0.24025100469589233
0.15471935272216797 0.342680424451828 0.18332406878471375
0.7792317271232605 0.40499812364578247 0.0
2.0147228240966797 0.40255680680274963 0.0
2.995008707046509 0.33110740780830383 0.0
3.6350018978118896 0.1061973050236702 0.0
4.540106296539307 0.17989708483219147 0.0
4.849877834320068 0.10607479512691498 0.0
4.54019021987915 0.01842058077454567 0.0
3.950669050216675 0.6732863187789917 0.0
3.186249256134033 1.1439357995986938 0.0
2.552626609802246 1.6789708137512207 0.08875203132629395
2.041555643081665 1.5209169387817383 0.2604750394821167
1.7757935523986816 1.15764582157135 0.31219521164894104
1.2765333652496338 0.8066036105155945 0.343461275100708
0.6385231018066406 0.629025399684906 0.4016798436641693
0.015936439856886864 0.5047218203544617 0.4206974506378174
0.0 0.4402346909046173 0.3619840741157532
0.0 0.25650906562805176 0.2565506100654602
0.0 0.0 0.09385570883750916
0.0 0.0 0.0
0.0 0.0 0.0
0.0 0.0 0.0
0.0 0.0 0.0
0.0 0.0 0.0
0.0 0.0 0.0
0.0 0.0 0.0
0.0 0.0 0.0
0.0 0.0 0.0
0.0 0.0 0.0
0.0 0.0 0.0
0.0 0.0 0.0
0.0 0.0 0.2591266632080078
0.6454928517341614 0.0 0.5358248353004456
1.0326147079467773 0.2206152230501175 0.5218073129653931
1.2967486381530762 0.34539473056793213 0.2802058756351471
2.1962320804595947 0.4556352198123932 0.0
3.37325382232666 0.4055778980255127 0.0
4.418575763702393 0.5691929459571838 0.0
5.161398410797119 0.4718400239944458 0.0
5.246387004852295 0.28172627091407776 0.0
4.85248327255249 0.29124146699905396 0.0
4.3113322257995605 1.017722725868225 0.0
3.818782329559326 1.450269341468811 0.0
3.2439701557159424 1.791061282157898 0.0
2.4538352489471436 1.4670995473861694 0.2206178456544876
1.8799281120300293 0.769049346446991 0.4027825891971588
1.4664443731307983 0.29752472043037415 0.48152080178260803
0.9438459873199463 0.15483973920345306 0.5303221940994263
0.23861804604530334 0.13437972962856293 0.40142330527305603
0.0 0.13876143097877502 0.17736437916755676
0.0 0.28528401255607605 0.0
0.0 0.3327050805091858 0.0
0.0 0.2925699055194855 0.0
0.0 0.16565509140491486 0.0
0.0 0.0 0.0
0.0 0.0 0.0
0.0 0.0 0.0
0.0 0.0 0.0
0.0 0.038677431643009186 0.0
0.0 0.0 0.0
0.0 0.0 0.0
0.0 0.0 0.04588864743709564
0.0 0.0 0.20336082577705383
0.0 0.0 0.2831541895866394
0.0 0.0 0.17300264537334442
0.0 0.0 0.03349616006016731
0.0 0.0 0.0
0.0 0.0 0.0
0.0 0.0 0.0
0.8864855170249939 0.17480012774467468 0.0
2.2761707305908203 0.5320568084716797 0.0
3.4240126609802246 0.5803471207618713 0.0
4.235828399658203 0.6391925811767578 0.0
4.302492141723633 0.910471498966217 0.0
4.051651477813721 1.1362086534500122 0.0
4.014939308166504 1.1799657344818115 0.0
3.6645290851593018 0.9523507356643677 0.20433500409126282
3.0630288124084473 1.1600961685180664 0.4030483663082123
2.1809914112091064 1.3319257497787476 0.6864449381828308
1.6152621507644653 1.123677372932434 0.664094090461731
1.7918670177459717 1.0378453731536865 0.49678605794906616
1.9333490133285522 0.7335097193717957 0.49614447355270386
1.5225838422775269 0.50551837682724 0.554332971572876
0.6668439507484436 0.74460369348526 0.4675045907497406
0.0 1.0152764320373535 0.3025699555873871
0.0 0.9236053824424744 0.0663481205701828
0.0 0.5553991198539734 0.0
0.0 0.12049054354429245 0.0
0.0 0.009397042915225029 0.0
0.0 0.002142059151083231 0.0
0.0 0.0 0.0
0.0 0.0 0.0
0.0 0.0 0.0
0.0 0.0 0.0
0.0 0.0 0.0
0.0 0.0 0.0
0.0 0.0 0.0
0.0 0.0 0.0
0.0 0.0 0.0
0.0 0.0 0.0
0.0 0.0 0.0
0.32594725489616394 0.0 0.08236296474933624
1.2312747240066528 0.5852578282356262 0.14358532428741455
2.0425257682800293 0.744561493396759 0.048578642308712006
3.29382061958313 1.2645107507705688 0.0
4.153995990753174 1.1489639282226562 0.0
4.895511627197266 1.4166499376296997 0.0
5.1987223625183105 1.4216883182525635 0.0
5.328732490539551 0.7911558747291565 0.0
5.368038654327393 0.4059767723083496 0.0
5.022540092468262 0.594160258769989 0.0
3.6765434741973877 1.3608551025390625 0.13420246541500092
2.2764925956726074 1.346542477607727 0.42891427874565125
1.5241016149520874 1.6604101657867432 0.47476351261138916
1.1597081422805786 1.4035383462905884 0.2726524770259857
1.1434119939804077 0.7754978537559509 0.20635496079921722
1.0504860877990723 0.286094069480896 0.3491312861442566
0.49735787510871887 0.2845499515533447 0.4824821650981903
0.0 0.2996881604194641 0.5629420876502991
0.0 0.0 0.45602232217788696
0.0 0.0 0.17080415785312653
0.0 0.0 0.0
0.0 0.0 0.0
0.0 0.0 0.12443584948778152
0.0 0.0 0.21536976099014282
0.0 0.0 0.11209076642990112
0.0 0.0 0.10215691477060318
0.0 0.22175157070159912 0.0
0.0 0.2808223366737366 0.0
0.0 0.5059102773666382 0.08326791226863861
0.0 0.0 0.4147965908050537
0.0 0.0 0.3954750895500183
0.0 0.0 0.44609352946281433
0.0 0.0 0.050386395305395126
0.0 0.0 0.0
0.0 0.0 0.0
0.0 0.0 0.0
0.0 0.0030668899416923523 0.0
0.0 0.10197003185749054 0.08717449754476547
0.0 0.252177894115448 0.1973220556974411
0.09508101642131805 0.1994129717350006 0.14914652705192566
0.37639710307121277 0.10877786576747894 0.073675736784935
0.38832423090934753 0.07904350757598877 0.05126303806900978
0.20204861462116241 0.14652960002422333 0.013298345729708672
0.011399307288229465 0.2384243756532669 0.0
0.0 0.22271065413951874 0.0
0.04484328627586365 0.09504697471857071 0.0
0.17146167159080505 0.0 0.0
0.1917717307806015 0.0 0.0
0.07442541420459747 0.0 0.0
0.0 0.0 0.0
0.0 0.0 0.0
0.0 0.0 0.0
0.006899630650877953 0.012025324627757072 0.0
0.15347307920455933 0.0 0.0
0.218856081366539 0.02565990947186947 0.0
0.13970880210399628 0.05869083106517792 0.0
0.07205227017402649 0.014041604474186897 0.0
0.012805456295609474 0.0 0.022640183568000793
0.0 0.0022326153703033924 0.05121377110481262
0.024785952642560005 0.038459595292806625 0.006904097273945808
0.10294254124164581 0.005458767991513014 0.0
0.11545779556035995 0.0010768030770123005 0.005552009679377079
0.0897873267531395 0.0 0.010626928880810738
0.040618978440761566 0.0 0.014330055564641953
0.0 0.0003862455487251282 0.0
0.0 0.045243728905916214 0.0
0.0 0.0547858364880085 0.0
0.10364481806755066 0.10240768641233444 0.0
0.2926461696624756 0.043634116649627686 0.0
0.2767665386199951 0.0 0.0
0.1389484703540802 0.0 0.0
0.04543823376297951 0.10762268304824829 0.0
0.0 0.08429792523384094 0.03159239888191223
0.0 0.0 0.07884326577186584
0.0 0.0 0.03658263012766838
0.0173562653362751 0.0 0.0
0.07959727197885513 0.0 0.0
0.03559199348092079 0.0 0.0
0.0 0.0 0.02220049500465393
0.0 0.020424935966730118 0.04962918907403946
0.0 0.02783438004553318 0.056105196475982666
0.0 0.002385214436799288 0.030534591525793076
0.0 0.008840983733534813 0.0
0.07003572583198547 0.0 0.0
0.07314256578683853 0.0 0.0
0.012326354160904884 0.0 0.0
0.0 0.03865054249763489 0.0
0.0 0.03326483070850372 0.01257156953215599
0.008649593219161034 0.0 0.013014985248446465
0.05460430309176445 0.0 0.004885952919721603
0.06346863508224487 0.01935434527695179 0.0
0.007790853269398212 0.007748223375529051 0.0
0.009902207180857658 0.021548723801970482 0.0
0.03783610463142395 0.01624956727027893 0.0
0.011784262955188751 0.0 0.01837526261806488
0.0 0.017193656414747238 0.031148847192525864
0.00744703970849514 0.0 0.02473488822579384
0.01917373575270176 0.0 0.01609186828136444
0.02803727053105831 0.0 0.0
0.015600040555000305 0.030170973390340805 0.0
0.014328114688396454 0.017347587272524834 0.0
0.03524857759475708 0.0 0.019674353301525116
0.02604149654507637 0.058754418045282364 0.0
0.0 0.03647547587752342 0.0
0.0 0.0 0.027524016797542572
0.0 0.0 0.03709382191300392
0.04413900896906853 0.0 0.0
0.053810544312000275 0.0 0.0
0.016197120770812035 0.0 0.0012609902769327164
0.0 0.0375969335436821 0.0
0.0 0.006733025889843702 0.0061516184359788895
0.0 0.0 0.02006290853023529
0.0 0.0 0.03285406902432442
0.0 0.0 0.004073288291692734
0.0 0.011048145592212677 0.0
0.0 0.0056387330405414104 0.009448613040149212
0.0 0.0013845995999872684 0.003153432160615921
0.0 0.0035201883874833584 0.006258412264287472
0.0 0.0 0.0
0.04861577972769737 0.0 0.0
0.05265020579099655 0.0 0.0
0.03007405437529087 0.0034070047549903393 0.005776112899184227
0.034730058163404465 0.02160358615219593 0.0
0.004952189978212118 0.0 0.0
0.0 0.0 0.0
0.0 0.00371087109670043 0.0
0.018797431141138077 0.0 0.0
0.09111636877059937 0.0 0.0
0.0643870159983635 0.0 0.0
0.0 0.0 0.0
0.0 0.0 0.0
0.031193647533655167 0.0 0.0
0.10993613302707672 0.0 0.0
0.37614142894744873 0.0 0.24637675285339355
1.0065404176712036 0.0 0.7001231908798218
1.785305380821228 0.0 1.1161198616027832
2.583456039428711 0.0 1.6231985092163086
4.033565521240234 0.0 2.1127588748931885
6.223311424255371 0.0 3.037489175796509
8.113107681274414 0.0 4.480356693267822
9.331414222717285 0.0 4.799304008483887
9.395286560058594 0.0 3.416895627975464
8.80738353729248 0.0 0.7318266034126282
8.170456886291504 0.0 0.0
7.7519850730896 0.0 0.0
6.219815254211426 2.3419153690338135 0.0
4.17950963973999 5.402797222137451 0.0
3.5537033081054688 5.678242206573486 0.0
3.5353400707244873 4.725597858428955 0.0
2.8975024223327637 3.7443556785583496 0.0
1.6015971899032593 3.195559024810791 0.0
0.30082863569259644 1.9522006511688232 0.0
0.0 0.6805799007415771 0.0
0.0 0.8300719261169434 0.0
0.0 1.1267513036727905 0.0
0.0 0.26231980323791504 0.0
0.0 0.0 0.0
0.0 0.0 0.0
0.0 0.0 0.0
0.0 0.0 0.0
0.0 0.0 0.0
0.0 0.0 0.0
0.0 0.0 0.0
0.0 0.0 0.0
0.0 0.0 0.0
0.0 0.0 0.0
0.0 0.0 0.0
0.0 0.0 0.0
0.5531104207038879 0.0 0.8160248398780823
1.0021958351135254 0.0 1.462640643119812
0.9134470224380493 0.27683696150779724 1.7482942342758179
0.6719558835029602 0.46471765637397766 1.3875367641448975
0.5356446504592896 0.2999582588672638 0.6025655269622803
0.39331862330436707 0.15117676556110382 0.09534814208745956
0.08608889579772949 0.16815893352031708 0.0
0.0324576273560524 0.19752375781536102 0.11539668589830399
0.14941833913326263 0.3019343316555023 0.2782191336154938
0.17817966639995575 0.21858669817447662 0.37545302510261536
0.21379679441452026 0.07203160971403122 0.3144397437572479
0.3160419464111328 0.0030810385942459106 0.2201574593782425
0.245834082365036 0.0 0.09230788052082062
0.13917554914951324 0.039385247975587845 0.0
0.15550817549228668 0.030972056090831757 0.0
0.17366348206996918 0.033066101372241974 0.0
0.131365567445755 0.0874830037355423 0.0
0.12305010855197906 0.08970621228218079 0.0
0.05354560166597366 0.0 0.0
0.01964196190237999 0.0 0.0
0.046999819576740265 0.0 0.0
0.0 0.0 0.0
0.0 0.0 0.0
0.0 0.0 0.0
0.05375364422798157 0.0 0.0
0.15031054615974426 0.0 0.0
0.14544042944908142 0.0 0.0
0.10102741420269012 0.0 0.05115930736064911
0.07221361249685287 0.0 0.05196065455675125
0.09068875759840012 0.0 0.013558669947087765
0.07594070583581924 0.0 0.0
0.05442263185977936 0.0 0.007772420533001423
0.03061557002365589 0.0 0.048312921077013016
0.026488201692700386 0.0 0.037657614797353745
0.07593324780464172 0.0 0.0
0.06785428524017334 0.0 0.0
0.05384445935487747 0.0 0.0
0.08642477542161942 0.0 0.012434017844498158
0.06514877825975418 0.0 0.016732625663280487
0.010883942246437073 0.012988580390810966 0.005614727735519409
0.018401246517896652 0.0 0.0
0.03867322951555252 0.0 0.0
0.04523872211575508 0.0 0.0
0.019523505121469498 0.0013210070319473743 0.0
0.015317839570343494 0.014103114604949951 0.0
0.0741308256983757 0.0 0.0
0.1221659928560257 0.0 0.0
0.0711510106921196 0.0 0.0
0.030106905847787857 0.0 0.0
0.0 0.0 0.0
0.02562027797102928 0.0 0.0
0.04325626417994499 0.0 0.0
0.05713719129562378 0.0 0.0
0.05101964622735977 0.0 0.0
0.024376049637794495 0.0 0.0
0.0 0.016354285180568695 0.0
0.0 0.055526986718177795 0.04027922824025154
0.0 0.039402879774570465 0.06522186845541
0.023480428382754326 0.011823980137705803 0.026034779846668243
0.009943047538399696 0.0 0.0
0.04624646157026291 0.0 0.0
0.08775155991315842 0.0 0.0
0.0 0.0 0.0
0.0 0.03358440473675728 0.0
0.0 0.0 0.0
0.014480807818472385 0.0 0.0
0.044418200850486755 0.0 0.0
0.09841485321521759 0.0 0.0
0.10508820414543152 0.0 0.05730295553803444
0.05600668117403984 0.0 0.27059417963027954
0.20994910597801208 0.0 0.652219295501709
0.4974477291107178 0.0 1.225280523300171
0.8267481327056885 0.0 1.9224166870117188
0.9953122735023499 0.0 2.565312147140503
1.328037977218628 0.0 3.39266037940979
1.7729216814041138 0.0 4.056730270385742
1.7633748054504395 0.06893856078386307 4.289087295532227
1.6737102270126343 0.044669441878795624 4.287044525146484
1.5915544033050537 0.01721198484301567 4.2807936668396
1.2883185148239136 0.08799774199724197 3.991685390472412
1.1470706462860107 0.15704073011875153 3.5161659717559814
1.2440701723098755 0.29528355598449707 2.6084461212158203
1.4502824544906616 0.39860886335372925 1.0340064764022827
0.8978123664855957 0.6689460873603821 0.0
0.0 0.43163180351257324 0.0
0.0 0.12396319955587387 0.0
0.0 0.0 0.0
0.0 0.0 0.0
0.0 0.0 0.0
0.0 0.06679471582174301 0.0
0.0 0.2229960411787033 0.0
0.0 0.2482987493276596 0.0
0.0 0.16010630130767822 0.0
0.0 0.06816518306732178 0.0
0.0 0.0 0.0
0.0 0.0 0.0
0.0 0.0 0.0
0.0 0.0 0.0
0.0 0.0 0.0
0.0 0.0 0.0
0.0 0.0 0.0
0.0 0.0 0.0
0.143540158867836 0.0 0.3718644976615906
0.2481328845024109 0.0 0.9095412492752075
0.15548177063465118 0.13703666627407074 1.4357997179031372
0.24463695287704468 0.0 1.8784674406051636
0.8165949583053589 0.0 2.4249794483184814
1.4719507694244385 0.0 3.0065202713012695
1.69218111038208 0.0 3.407640218734741
1.6704872846603394 0.0 3.790644645690918
1.5482654571533203 0.0 4.1056904792785645
1.3448121547698975 0.06437017768621445 4.308394432067871
1.290198802947998 0.0 4.315082550048828
1.34423828125 0.0 4.125047206878662
1.4072380065917969 0.0 3.6818480491638184
1.498608112335205 0.0 3.266366720199585
1.6890747547149658 0.0 2.9835548400878906
1.8511412143707275 0.0 2.6816954612731934
1.796049952507019 0.0 2.2610232830047607
1.4945026636123657 0.0 1.6417022943496704
1.272148609161377 0.0636196956038475 0.869825541973114
1.1174967288970947 0.040535151958465576 0.021031366661190987
0.6952430009841919 0.03893432393670082 0.0
0.05722644925117493 0.08005896955728531 0.0
0.0 0.27453285455703735 0.0
0.0 0.3098074793815613 0.0
0.0 0.11939013004302979 0.0
0.0 0.0 0.0
0.0 0.0 0.0
0.0 0.0 0.0
0.0 0.0 0.0
0.0 0.0 0.0
0.0 0.0 0.0
0.0 0.0 0.0
0.0 0.0 0.0
0.0 0.0 0.0
0.0 0.0 0.0
0.0 0.0 0.0
0.0 0.10206280648708344 0.0
0.0 0.002590277697890997 0.0
0.0 0.0 0.0
0.04786224290728569 0.0 0.0
0.0854991003870964 0.019563402980566025 0.0
0.10509943217039108 0.09208420664072037 0.40636202692985535
0.2344382405281067 0.003876317758113146 0.8955883979797363
0.4193519055843353 0.0 1.3702651262283325
0.5743550658226013 0.0 1.9591033458709717
0.7755600810050964 0.0 2.525062322616577
1.0499393939971924 0.0 2.9141201972961426
1.4208128452301025 0.0 3.0531351566314697
1.8714321851730347 0.0 3.0003931522369385
2.206817388534546 0.0 2.7185730934143066
2.3178017139434814 0.0 2.478623628616333
2.269634962081909 0.0 2.5280532836914062
2.155122995376587 0.0 2.6310179233551025
1.9280887842178345 0.0 2.5475502014160156
1.7635400295257568 0.0 2.3709919452667236
1.8738205432891846 0.0 2.2888100147247314
1.9993208646774292 0.0 2.1964657306671143
1.7719076871871948 0.0 2.0140280723571777
1.3025561571121216 0.06098780781030655 1.5495691299438477
0.7672909498214722 0.528235137462616 0.8406484723091125
0.3321285843849182 0.7355518341064453 0.21841874718666077
0.09560713171958923 0.642104983329773 0.0
0.0 0.349316269159317 0.0
0.0 0.13077780604362488 0.0
0.0 0.11900956928730011 0.0
0.0 0.20722943544387817 0.0
0.0 0.1558181792497635 0.0
0.0 0.09020907431840897 0.0
0.0 0.0 0.0
0.0 0.0020896033383905888 0.0
0.0 0.10632172971963882 0.0
0.0 0.19056746363639832 0.0
0.0 0.2716948091983795 0.0
0.0 0.21306663751602173 0.0
0.0 0.0788571760058403 0.0
0.0 0.024425622075796127 0.0
0.0 0.0 0.0
0.0 0.0 0.0
0.0 0.0 0.0
0.0 0.0 0.0
0.0 0.0 0.0
0.0 0.0 0.0
0.0 0.023938797414302826 0.0
0.0 0.0 0.10360520333051682
0.3779771327972412 0.0 0.6309241652488708
0.48519840836524963 0.07589653879404068 1.1194679737091064
0.4229518175125122 0.16676253080368042 1.5849264860153198
0.4031123220920563 0.1161225214600563 2.056759834289551
0.6188904643058777 0.0 2.541393756866455
0.9953895211219788 0.0 2.9493327140808105
1.3053433895111084 0.0 3.188962697982788
1.5120214223861694 0.0 3.308084487915039
1.6848348379135132 0.0 3.3195035457611084
1.7735015153884888 0.0 3.2071588039398193
1.8820668458938599 0.0 3.2382068634033203
1.9954211711883545 0.0 3.235485553741455
1.9123693704605103 0.0 3.133629560470581
1.6896010637283325 0.0 3.0196268558502197
1.5133706331253052 0.0 2.923753499984741
1.3897708654403687 0.0 2.878157615661621
1.3808197975158691 0.0 2.7081735134124756
1.0953770875930786 0.0 2.3749358654022217
0.5460495352745056 0.024829089641571045 1.94571852684021
0.27496394515037537 0.08721550554037094 1.328931212425232
0.15020069479942322 0.14270326495170593 0.4913734197616577
0.0 0.147628515958786 0.0
0.0 0.15983352065086365 0.0
0.0 0.12509950995445251 0.0
0.0 0.16257603466510773 0.0
0.0 0.3789235055446625 0.0
0.0 0.5651951432228088 0.0
0.0 0.6192753911018372 0.0
0.0 0.5743758678436279 0.0
0.0 0.5966950058937073 0.0
0.0 0.6486855149269104 0.0
0.0 0.5966547727584839 0.0
0.0 0.3267870843410492 0.0
0.0 0.03333656117320061 0.0
0.0 0.0 0.0
0.0 0.0 0.0
0.0 0.0 0.0
0.0 0.0 0.0
0.0 0.0 0.0
0.0 0.02451731637120247 0.0
0.0 0.1136823445558548 0.0
0.17173223197460175 0.1935521364212036 0.0
0.30804505944252014 0.25150227546691895 0.3095519542694092
0.300323486328125 0.2629980742931366 0.6492365598678589
0.3114376664161682 0.28639981150627136 0.9229122996330261
0.43705445528030396 0.2189813256263733 1.25726318359375
0.6700597405433655 0.14656172692775726 1.7347564697265625
0.8869020342826843 0.12126170843839645 2.1299808025360107
0.9549993276596069 0.08626589924097061 2.353825569152832
0.9768516421318054 0.06543625146150589 2.5099503993988037
1.068629264831543 0.011734675616025925 2.606841564178467
1.1480423212051392 0.0 2.6587026119232178
1.1991100311279297 0.0 2.557454824447632
1.1855432987213135 0.0 2.217674970626831
1.1153820753097534 0.0 1.7867448329925537
1.0335495471954346 0.0 1.4266955852508545
0.9896329045295715 0.0 1.303733229637146
0.9646410346031189 0.0 1.3330894708633423
0.7811574935913086 0.0 1.2616320848464966
0.458083838224411 0.06553958356380463 1.056132435798645
0.2893965542316437 0.03794284537434578 0.849241316318512
0.33924320340156555 0.0 0.6418575048446655
0.42283502221107483 0.0 0.4721563160419464
0.37029433250427246 0.0 0.384951114654541
0.14054341614246368 0.0 0.24572531878948212
0.0 0.07777468115091324 0.11604642868041992
0.0 0.0005792262963950634 0.021483704447746277
0.0 0.0 0.0
0.006709455046802759 0.0 0.0
0.0 0.0 0.0
0.0 0.07170506566762924 0.0
0.0 0.08572608232498169 0.0
0.0 0.06355313211679459 0.0
0.0 0.019902057945728302 0.0
0.0 0.042059823870658875 0.0
0.0 0.033637046813964844 0.0
0.0 0.020998215302824974 0.0
0.0 0.0 0.0
0.0 0.0 0.0
0.0 0.02867291122674942 0.0
0.0 0.11481472104787827 0.0
0.0 0.07115992158651352 0.0
0.0 0.015764305368065834 0.0
0.0 0.0359601192176342 0.0
0.0 0.03687358647584915 0.0
0.0 0.037737779319286346 0.0
0.0 0.029311805963516235 0.0
0.008603394031524658 0.0 0.0
0.02883649244904518 0.02812075987458229 0.0
0.0 0.08877478539943695 0.0
0.0 0.00139620341360569 0.0
0.04606155306100845 0.0 0.003690458834171295
0.01980438455939293 0.010955886915326118 0.0
0.0 0.03865595906972885 0.0
0.0 0.02799851819872856 0.0
0.0 0.0 0.0
0.0 0.0 0.0
0.0 0.020556315779685974 0.0
0.0 0.041861072182655334 0.0
0.0 0.03339994326233864 0.0
0.0 0.0 0.0
0.04501599818468094 0.0 0.0004509901627898216
0.015207767486572266 0.0 0.0
0.0 0.043964967131614685 0.0
0.0 0.05252650007605553 0.0
0.0 0.0 0.0
0.048185959458351135 0.0 0.0025985632091760635
0.03322911262512207 0.0033264625817537308 0.01114731002599001
0.0 0.01835974119603634 0.0031112218275666237
0.0 0.04725104197859764 0.0
0.0 0.01211143285036087 0.0
0.024893950670957565 0.0 0.0
0.042643122375011444 0.0 0.02393341436982155
0.053241703659296036 0.0 0.0337090790271759
0.007936006411910057 0.04068315401673317 0.0
0.0 0.013256590813398361 0.0
0.0 0.0 0.0
0.016517776995897293 0.0 0.0
0.03141549974679947 0.0 0.0
0.0 0.015273403376340866 0.0
0.0006613149307668209 0.003580261953175068 0.0
0.03919778764247894 0.0 0.0
0.0 0.0 0.0
0.0 0.0 0.0
0.019916236400604248 0.0 0.0
0.0 0.0 0.0
0.0 0.0 0.0488763153553009
0.0 0.0 0.0
0.21189287304878235 0.0 0.0
0.7710197567939758 0.0 0.04414467513561249
1.5693788528442383 0.0 0.6955634355545044
2.559497356414795 0.0 1.3199282884597778
3.6106650829315186 0.0 1.7610958814620972
5.088674545288086 0.0 2.6667938232421875
6.879897117614746 0.0 3.126445770263672
7.489368915557861 0.0 2.5506114959716797
7.218966484069824 0.0 2.1340205669403076
7.376718521118164 0.0 1.5159616470336914
8.098397254943848 0.0 0.18782514333724976
9.456961631774902 0.0 0.0
9.834155082702637 0.0 0.0
8.054743766784668 2.5230424404144287 0.0
3.828460693359375 7.404232978820801 0.0
1.3794870376586914 7.748844623565674 0.0
0.8321332931518555 4.236740589141846 0.0
0.21112008392810822 0.6518966555595398 0.0
0.0 0.0 0.0
0.0 0.2121102511882782 0.0
0.0 1.6391637325286865 0.0
0.0 3.01121187210083 0.0
0.0 2.923400402069092 0.0
0.0 0.8127912878990173 0.0
0.0 0.0 0.0
0.0 0.0 0.0
0.0 0.0 0.0
0.0 0.0 0.0
0.0 0.0 0.0
0.0 0.0 0.0
0.0 0.0 0.0
0.0 0.0 0.0
0.0 0.0 0.0
0.0 0.0 0.12886196374893188
0.0 0.0 0.33773261308670044
0.0 0.0 0.5758266448974609
0.5722692012786865 0.0 0.8401097059249878
0.9734851121902466 0.0 0.920491635799408
0.8754863739013672 0.06524889916181564 0.6276323199272156
0.6081840991973877 0.20568537712097168 0.1745881736278534
0.3716636896133423 0.1798495203256607 0.0
0.2315039187669754 0.07306980341672897 0.0
0.20370903611183167 0.12159179896116257 0.0
0.21941928565502167 0.28150370717048645 0.005361592397093773
0.26494842767715454 0.3138278126716614 0.1501438170671463
0.3423159122467041 0.1987220197916031 0.18579794466495514
0.24909035861492157 0.15878205001354218 0.11209176480770111
0.11632992327213287 0.12846516072750092 0.04443176090717316
0.1540679782629013 0.0 0.0
0.12671571969985962 0.0 0.0
0.11524788290262222 0.0 0.0
0.038283590227365494 0.0 0.0
0.0 0.042936138808727264 0.0
0.0 0.013134565204381943 0.0
0.03920317813754082 0.0 0.0
0.1192237138748169 0.0 0.0
0.11175674200057983 0.0 0.0
0.050439588725566864 0.0479428805410862 0.005053198896348476
0.04397369921207428 0.11487317830324173 0.0212303027510643
0.1037127822637558 0.0584380105137825 0.01523439772427082
0.13477829098701477 0.06479497998952866 0.004882157780230045
0.11843313276767731 0.028576519340276718 0.0323776975274086
0.11200426518917084 0.0 0.030073530972003937
0.11063806712627411 0.0 0.05452747642993927
0.12043370306491852 0.0 0.0408441536128521
0.10797198116779327 0.059488631784915924 0.016348663717508316
0.08131320774555206 0.03617292270064354 0.010665211826562881
0.08119016885757446 0.041440654546022415 0.023500848561525345
0.03327883034944534 0.04901441931724548 0.013431970030069351
0.03219146281480789 0.00650717131793499 0.009010057896375656
0.07252077758312225 0.0 0.024220701307058334
0.10562865436077118 0.014789335429668427 0.030068472027778625
0.13169541954994202 0.14520594477653503 0.10980697721242905
0.11973115801811218 0.2361334264278412 0.24993160367012024
0.09909433126449585 0.2062903344631195 0.2806098759174347
0.13197478652000427 0.14385303854942322 0.18672412633895874
0.35575035214424133 0.3579230010509491 0.25268396735191345
0.2703709900379181 0.04452299699187279 0.5189625024795532
0.42148861289024353 0.0 0.5031989812850952
0.3727056086063385 0.0 0.30161264538764954
0.028171686455607414 0.0 0.08472639322280884
0.0 0.0 0.0
0.0 0.29340553283691406 0.166868656873703
0.0 0.661324143409729 0.540939450263977
0.0 0.6446591019630432 0.5223867893218994
0.0 0.5553708076477051 0.46332111954689026
0.0 0.4157540798187256 0.3849338889122009
0.08122877776622772 0.2808058559894562 0.2646482288837433
0.0 0.49380120635032654 0.22995468974113464
0.0 0.4911321997642517 0.16235274076461792
0.0 0.3532046675682068 0.11333326995372772
0.0 0.3654789328575134 0.19231170415878296
0.14095762372016907 0.5275793671607971 0.20087748765945435
0.1649598926305771 0.4777849614620209 0.14219847321510315
0.12964372336864471 0.316310852766037 0.1274341642856598
0.0950993150472641 0.18341538310050964 0.14588800072669983
0.04780663922429085 0.21777918934822083 0.07929141074419022
0.0 0.38926440477371216 0.03212389722466469
0.0 0.3831234276294708 0.0
0.26223957538604736 0.29210004210472107 0.0
0.32954615354537964 0.011088607832789421 0.04938624054193497
0.10186001658439636 0.0 0.0
0.0 0.11005353927612305 0.0
0.0 0.04524924233555794 0.0
0.0 0.05478468909859657 0.0
0.0 0.09617500752210617 0.0
0.0 0.03233211115002632 0.0
0.0 0.01751454919576645 0.0
0.0 0.08022746443748474 0.0
0.0 0.11097373068332672 0.0
0.07260031998157501 0.23519501090049744 0.0
0.02515716478228569 0.38571423292160034 0.0
0.0 0.1573532074689865 0.0
0.0 0.0814906656742096 0.03673535957932472
0.0 0.0 0.0425192154943943
0.0 0.0 0.0
0.09242381900548935 0.0 0.0
0.6403718590736389 0.0 0.0
0.42322757840156555 0.0 0.0
