0.0 0.0 0.06461410224437714
0.0 0.0 0.06310462206602097
0.0 0.0 0.011166594922542572
0.05508122965693474 0.03114907070994377 0.0
0.08925332129001617 0.0034633819013834 0.0
0.06044163927435875 0.0 0.0
0.0 0.0 0.0
0.0 0.0 0.0
0.0 0.0 0.0
0.0 0.0 0.0
0.0 0.0 0.0026652514934539795
0.0 0.0 0.003199748694896698
0.01731174811720848 0.0 0.0
0.001315736910328269 0.0 0.0035946955904364586
0.0 0.0 0.021008839830756187
0.0 0.0026543140411376953 0.0
0.03999069333076477 0.047061990946531296 0.0
0.03216712549328804 0.0 0.012431861832737923
0.04908645525574684 0.0 0.013358909636735916
0.03647798299789429 0.0 0.00929066352546215
0.0 0.0343235582113266 0.022657601162791252
0.0 0.0 0.002358456142246723
0.01339050941169262 0.004641830921173096 0.0
0.0 0.007811524905264378 0.0
0.007501993328332901 0.0 0.026118380948901176
0.02650764212012291 0.0 0.046616196632385254
0.02886933460831642 0.0 0.023109542205929756
0.04184771701693535 0.0 0.005050378851592541
0.0 0.0 0.002429296262562275
0.0 0.012097351253032684 0.0
0.0 0.0 0.0025395508855581284
0.0033304181415587664 0.0 0.017550989985466003
0.03204755112528801 0.0 0.026366854086518288
0.020514730364084244 0.0 0.004858098924160004
0.0036017941311001778 0.0 0.0
0.00019561126828193665 0.021525738760828972 0.01547958329319954
0.0 0.003458854742348194 0.015388770028948784
0.008888967335224152 0.0 0.0
0.004624714609235525 0.0 0.0
0.0 0.0 0.0
0.0 0.0035952087491750717 0.0
0.0 0.0 0.0
0.0 0.0036199763417243958 0.0
0.0 0.004916996695101261 0.01962495781481266
0.05018966645002365 0.0 0.014770016074180603
0.05794212967157364 0.0 0.0
0.0 0.016759274527430534 0.0
0.0 0.023136746138334274 0.0
0.0 0.008148475550115108 0.01732851378619671
0.005386774893850088 0.0 0.016542082652449608
0.024641696363687515 0.0 0.0113755501806736
0.043897416442632675 0.004848286509513855 0.009486304596066475
0.042873695492744446 0.0 0.004110447131097317
0.007741009350866079 0.0 0.0
0.0 0.0 0.0
0.0 0.006094912067055702 0.0
0.0 0.0 0.0
0.04520236328244209 0.0 0.0
0.05031456798315048 0.0 0.0030302684754133224
0.030069749802350998 0.0 0.003986077383160591
0.05904307961463928 0.003831225447356701 0.0
0.05585287883877754 0.0 0.0
0.0324932262301445 0.0 0.0
0.009171392768621445 0.03272385895252228 0.0
0.0 0.027422305196523666 0.0
0.06708662211894989 0.0 0.0
0.1398646980524063 0.0 0.0
0.16096757352352142 0.0 0.0
0.19334521889686584 0.0 0.0
0.2074834108352661 0.0 0.0
0.2112608402967453 0.0 0.0
0.2795757055282593 0.0 0.0
0.22696417570114136 0.0 0.0
0.08675220608711243 0.0 0.0
0.0 0.0 0.0
0.0 0.19201630353927612 0.0
0.0 0.36391565203666687 0.0
0.00981055200099945 0.3765536844730377 0.0
0.22449834644794464 0.24444064497947693 0.0
0.42094510793685913 0.06770022213459015 0.0
0.481850266456604 0.0 0.0
0.3836991786956787 0.0 0.0
0.21071143448352814 0.025614552199840546 0.0
0.12932389974594116 0.06073605269193649 0.0
0.11790133267641068 0.03285621851682663 0.0
0.14169588685035706 0.0 0.0
0.1357269436120987 0.0 0.0
0.10189706832170486 0.0 0.0
0.05468215420842171 0.0 0.0
0.025240374729037285 0.0 0.0
0.004360126331448555 0.0 0.0
0.013385578989982605 0.0 0.0
0.011762116104364395 0.0 0.0
0.0 0.0 0.0
0.003576554823666811 0.0 0.0
0.027096262201666832 0.0 0.0
0.041247233748435974 0.0 0.03783683106303215
0.10509545356035233 0.0 0.03590337559580803
0.13623526692390442 0.0 0.0
0.09608331322669983 0.0 0.0
0.0 0.0 0.0
0.0 0.0 0.0
0.0 0.04263961315155029 0.0
0.01955871656537056 0.04961762577295303 0.0
0.0876392349600792 0.0 0.0022671176120638847
0.0653805360198021 0.0 0.0
0.0 0.0 0.0
0.0 0.0 0.0
0.0 0.0 0.008926351554691792
0.07746835052967072 0.0 0.0555359348654747
0.11662214994430542 0.0 0.07814403623342514
0.13276329636573792 0.0 0.052390206605196
0.09794007241725922 0.0 0.009213973768055439
0.02046951837837696 0.0 0.0
0.0025629557203501463 0.0 0.0
0.009884517639875412 0.0 0.0
0.0 0.0 0.0
0.0 0.0 0.0
0.0 0.0 0.017049524933099747
0.020544884726405144 0.0 0.0
0.07371249794960022 0.0 0.009654459543526173
0.0841025561094284 0.0 0.03535609692335129
0.07777515053749084 0.0 0.029996216297149658
0.10298090428113937 0.0 0.0
0.10118140280246735 0.0 0.0
0.08110489696264267 0.0 0.0
0.03406894952058792 0.0 0.0
0.02563764899969101 0.0 0.0
0.057265348732471466 0.0 0.0
0.07634023576974869 0.0 0.0
0.05613510310649872 0.0 0.0
0.0 0.0 0.0
0.0 0.0 0.0020548636093735695
0.03988049924373627 0.0 0.0
0.08760194480419159 0.0 0.013104851357638836
0.03828899562358856 0.0 0.032872430980205536
0.006549174897372723 0.015566984191536903 0.010217719711363316
0.019346995279192924 0.01766369119286537 0.011420668102800846
0.04923245310783386 0.0 0.002996823750436306
0.04828757047653198 0.0 0.0
0.01973661594092846 0.0 0.0
0.0 0.0008258544839918613 0.0
0.006629602517932653 0.0 0.0
0.009686670266091824 0.0 0.013392840512096882
0.0 0.0 0.0
0.035835448652505875 0.0 0.0
0.03643093258142471 0.0 0.0028837407007813454
0.02228182554244995 0.0016328957863152027 0.03490186110138893
0.0 0.033636368811130524 0.020831581205129623
0.0 0.06997253745794296 0.0
0.03356963396072388 0.056027159094810486 0.0
0.1520150601863861 0.0 0.0
0.13258782029151917 0.0 0.0
0.0 0.0 0.012624251656234264
0.0 0.02439945936203003 0.02333681657910347
0.0 0.17286589741706848 0.0
0.0 0.17926254868507385 0.0
0.0 0.0 0.0
0.13156570494174957 0.0 0.0
0.0 0.0 0.19425582885742188
0.0275048166513443 0.17198146879673004 0.0
0.002923572901636362 0.3126658797264099 0.0
0.0 0.19530169665813446 0.04931488633155823
0.0 0.038103554397821426 0.0
0.02763744257390499 0.0 0.0
0.004810422658920288 0.018914945423603058 0.0
0.01547585055232048 0.02951699122786522 0.0
0.0 0.04969309642910957 0.0
0.0 0.038877204060554504 0.045332130044698715
0.0 0.01966143026947975 0.06034170463681221
0.01685696467757225 0.0 0.04229825735092163
0.003223711159080267 0.0 0.015382221899926662
0.0 0.013571579940617085 0.0054169390350580215
0.0 0.03590298444032669 0.027474302798509598
0.0 0.0 0.008601547218859196
0.0 0.0 0.0
0.0 0.0 0.0
0.016098231077194214 0.02403940260410309 0.016751352697610855
0.04145392030477524 0.03558287024497986 0.04374994710087776
0.0256350114941597 0.015495182015001774 0.022160496562719345
0.0 0.0 0.0
0.0 0.0 0.0
0.03161593899130821 0.0 0.0
0.08159414678812027 0.0 0.0
0.09211017191410065 0.0 0.0
0.020692717283964157 0.0 0.0
0.0 0.01791306585073471 0.0
0.0 0.0 0.0
0.02522355318069458 0.0 0.0
0.09967675060033798 0.0 0.0
0.1390281468629837 0.0 0.0
0.09320633113384247 0.0 0.0
0.03883017599582672 0.006049215793609619 0.0
0.0 0.04335826635360718 0.0
0.0 0.047434501349925995 0.05041443929076195
0.0 0.04300353676080704 0.07854647189378738
0.014701280742883682 0.010123616084456444 0.046606384217739105
0.004424940794706345 0.0 0.0025896579027175903
0.0 0.0 0.0
0.0 0.0 0.0
0.03647901490330696 0.009177662432193756 0.0040882183238863945
0.019587649032473564 0.058155857026576996 0.0
0.0 0.09548459202051163 0.0
0.0 0.052928075194358826 0.0034205643460154533
0.028986210003495216 0.0 0.0
0.1280965507030487 0.0 0.0024836640805006027
0.20741745829582214 0.0 0.08908433467149734
0.1762736588716507 0.0 0.20942619442939758
0.12845128774642944 0.0 0.18426410853862762
0.03422944247722626 0.0009168027900159359 0.22304373979568481
0.0 0.08092668652534485 0.1716146320104599
0.010045541450381279 0.08649402111768723 0.09594996273517609
0.07626771181821823 0.024756088852882385 0.08145491033792496
0.07846934348344803 0.0 0.06306072324514389
0.0 0.0 0.0004335623234510422
0.0 0.16261808574199677 0.018564363941550255
0.0 0.26349276304244995 0.055147938430309296
0.0 0.4878568947315216 0.02316923439502716
0.0 0.3550700843334198 0.02430826798081398
0.0 0.0 0.0
0.0679493248462677 0.0 0.0
0.1077907457947731 0.0 0.0
0.0 0.2655090391635895 0.37444180250167847
0.0 0.4061998426914215 0.38673996925354004
0.0 0.04953627288341522 0.12182283401489258
0.22880983352661133 0.0 0.0
0.4621794521808624 0.0 0.0
0.37124717235565186 0.0 0.0
0.13116982579231262 0.14701569080352783 0.05355510115623474
0.023614613339304924 0.015164447948336601 0.1150839775800705
0.0 0.0 0.0
0.0 0.0 0.0
0.24351021647453308 0.0 0.0
0.5911304950714111 0.036780260503292084 0.0
0.4525129795074463 0.2435092031955719 0.0
0.0 0.07415399700403214 0.0
0.0 0.0 0.0
0.0 0.0 0.0
0.054026048630476 0.0 0.0
0.0 0.0 0.0
0.0 0.0 0.030705712735652924
0.0 0.0 0.004278901033103466
0.0 0.0 0.0
0.0 0.0 0.0
0.0 0.0 0.26689207553863525
0.10728622227907181 0.18254868686199188 0.5160137414932251
0.38417720794677734 0.0 0.3103484809398651
0.0 0.0 0.0
0.0 0.0 0.0
0.0 0.12099582701921463 0.0
0.0 0.2055959403514862 0.0
0.0 0.2621862590312958 0.055387817323207855
0.030248429626226425 0.1508658528327942 0.21708136796951294
0.0 0.0 0.2089099884033203
0.0 0.0 0.10141443461179733
0.017728643491864204 0.0 0.0408104732632637
0.0 0.2232513725757599 0.0
0.0 0.42510539293289185 0.053571008145809174
0.0 0.2362569123506546 0.15485981106758118
0.0 0.1908625364303589 0.10593914240598679
0.0 0.2279297411441803 0.0
0.0 0.17874301970005035 0.0
0.0 0.07047007232904434 0.0
0.0 0.12316044420003891 0.0
0.0 0.21792398393154144 0.0
0.0 0.13572710752487183 0.0
0.0 0.13824060559272766 0.0
0.0 0.14390622079372406 0.0
0.0 0.07553460448980331 0.0
0.0 0.1009768471121788 0.0
0.0 0.077752485871315 0.0
0.0 0.08014027774333954 0.0
0.0 0.11303137987852097 0.0
0.0 0.14610731601715088 0.0
0.0 0.3222501277923584 0.0
0.0 0.3328838646411896 0.0
0.0 0.23696957528591156 0.0
0.0 0.09390322864055634 0.0
0.0 0.0 0.0
0.0 0.0 0.0
0.0 0.0 0.0
0.0 0.0 0.7634086012840271
0.8387655019760132 0.0 1.791115641593933
2.067047119140625 0.0 2.42069411277771
2.735927104949951 0.0 3.251063585281372
4.874135971069336 0.0 3.794133186340332
6.400461673736572 0.0 3.62677264213562
7.424480438232422 0.0 3.36456036567688
7.683599472045898 0.0 3.2042791843414307
7.7816009521484375 0.0 3.148223876953125
8.580336570739746 0.0 3.0743446350097656
9.773168563842773 0.0 2.484759569168091
10.924860000610352 0.0 1.0953184366226196
10.610222816467285 0.0 0.6261747479438782
6.188984394073486 1.7706701755523682 0.8041226863861084
1.1441303491592407 5.3334527015686035 0.0
0.6192386150360107 5.148787021636963 0.0
1.4278416633605957 2.082745313644409 0.0
1.497546911239624 0.2968166768550873 0.0
0.6339611411094666 0.29973098635673523 0.0
0.028816601261496544 0.8004220724105835 0.0
0.0 1.363020658493042 0.0
0.0 2.152461528778076 0.0
0.0 2.7698850631713867 0.0
0.0 3.1655869483947754 0.0
0.0 3.8911237716674805 0.0
0.0 3.9982101917266846 0.0
0.0 3.2311840057373047 0.0
0.0 2.2029569149017334 0.0
0.0 1.114362359046936 0.0
0.0 0.12572136521339417 0.0
0.0 0.0 0.0
0.0 0.0 0.0
0.0 0.0 0.0
0.0 0.0 0.0
0.0 0.0 0.0
0.0 0.0 0.0
0.0 0.0 0.0
0.0 0.0 0.0
0.0 0.0 0.0
0.0 0.0 0.0
0.0 0.0 0.0
0.0 0.0 0.0
0.0 0.0 0.13094162940979004
0.0 0.0 0.1574035882949829
0.0 0.0 0.09548696130514145
0.16352461278438568 0.0 0.08945170789957047
0.3549747169017792 0.27612417936325073 0.10321758687496185
0.32731539011001587 0.3697153925895691 0.10858625173568726
0.32542163133621216 0.3715401887893677 0.18976525962352753
0.34054064750671387 0.3237612247467041 0.16519014537334442
0.3225446045398712 0.11385831236839294 0.014765750616788864
0.30519652366638184 0.0 0.0
0.2519679367542267 0.0 0.0
0.04983746260404587 0.0 0.0
0.0 0.0 0.003431069664657116
0.0 0.0 0.02309798263013363
0.0 0.0 0.0
0.080976203083992 0.0 0.0
0.2263595014810562 0.0 0.0
0.1558387279510498 0.0 0.0038625020533800125
0.018421484157443047 0.04752803221344948 0.0008296938613057137
0.0 0.09025045484304428 0.0
0.0 0.023247765377163887 0.011857740581035614
0.04584498330950737 0.0 0.011377040296792984
0.10066322982311249 0.0 0.0
0.16371116042137146 0.0 0.0
0.08593328297138214 0.0 0.0
0.0 0.0700237900018692 0.013067614287137985
0.0 0.06359146535396576 0.037423551082611084
0.0 0.0 0.026011375710368156
0.04158898815512657 0.0 0.003718588501214981
0.03933675214648247 0.0 0.011084625497460365
0.04158952087163925 0.0 0.0
0.04915609210729599 0.0 0.0
0.005475725047290325 0.06884613633155823 0.015733173117041588
0.0127530787140131 0.09319941699504852 0.03831943869590759
0.0 0.02314283698797226 0.018671704456210136
0.0 0.0 0.0
0.0092073455452919 0.0 0.0
0.05145706608891487 0.0 0.0
0.03748665377497673 0.0 0.004036037251353264
0.0 0.0381164588034153 0.0025481292977929115
0.0 0.010562064126133919 0.0
0.0 0.0 0.0
0.0 0.0 0.0
0.021676266565918922 0.0 0.0
0.04061480239033699 0.032621294260025024 0.01810338720679283
0.0 0.0743090808391571 0.0
0.0 0.05316624790430069 0.0
0.025524534285068512 0.0 0.0
0.038719963282346725 0.0 0.0
0.05182298272848129 0.0 0.0
0.10185924917459488 0.0 0.0
0.10107681155204773 0.0 0.0
0.2041075974702835 0.0 0.05831152945756912
0.32469606399536133 0.0 0.3823564648628235
0.3001851439476013 0.054951366037130356 0.7301303744316101
0.09157172590494156 0.37673527002334595 0.9320696592330933
0.0 0.6649761199951172 1.2626174688339233
0.0 0.5898597836494446 1.7145761251449585
0.06569299101829529 0.3641475737094879 2.314171075820923
0.2850930094718933 0.0 2.9228920936584473
0.6020789742469788 0.0 3.0842444896698
0.670436680316925 0.0 2.984726905822754
0.7948063015937805 0.0 2.926081418991089
1.0688127279281616 0.0 3.014425754547119
1.1935983896255493 0.0 2.996962308883667
1.1802111864089966 0.0 2.6532037258148193
1.0048551559448242 0.0 2.0160715579986572
0.8578007221221924 0.15649397671222687 1.4261616468429565
0.7424794435501099 0.27727365493774414 1.0322610139846802
0.5454673171043396 0.28218185901641846 0.6777646541595459
0.32877814769744873 0.15773652493953705 0.24466687440872192
0.06233472377061844 0.02580460160970688 0.0
0.0 0.01635623723268509 0.0
0.0 0.19056850671768188 0.0
0.0 0.2789692282676697 0.0
0.0 0.2944464683532715 0.0
0.0 0.09467394649982452 0.0
0.0 0.0 0.0
0.0 0.0 0.0
0.0 0.0 0.0
0.0 0.0 0.0
0.0 0.0 0.0
0.0 0.0 0.0
0.0 0.08546020090579987 0.0
0.0 0.0 0.0
0.0 0.0 0.0
0.0 0.0 0.0
0.0 0.0 0.0
0.0 0.0 0.0
0.0 0.0 0.267637699842453
0.01854836195707321 0.05092034116387367 0.8223856091499329
0.13562890887260437 0.13652631640434265 1.1795817613601685
0.24076758325099945 0.12723694741725922 1.3333710432052612
0.3024442791938782 0.12809661030769348 1.3553563356399536
0.29259243607521057 0.08831831812858582 1.4779852628707886
0.45502716302871704 0.0 1.8530476093292236
0.7553105354309082 0.0 2.3029301166534424
0.9156981110572815 0.0 2.3837130069732666
0.7639604806900024 0.0 2.016456127166748
0.684644877910614 0.06419752538204193 1.751038908958435
0.8207929134368896 0.0 1.7765519618988037
1.0808212757110596 0.0 1.9943418502807617
1.1119980812072754 0.0 2.0856552124023438
0.8209952712059021 0.09319509565830231 1.8849661350250244
0.5981321334838867 0.32903239130973816 1.4839541912078857
0.5434523820877075 0.33553770184516907 1.196052074432373
0.5627472400665283 0.05753562971949577 1.0415061712265015
0.4755425453186035 0.0 0.7860246300697327
0.2648657262325287 0.0 0.30967089533805847
0.018554219976067543 0.14661969244480133 0.0
0.0 0.22855637967586517 0.0
0.0 0.13959427177906036 0.0
0.0 0.0 0.0
0.0 0.0 0.0
0.0 0.0 0.0
0.0 0.08447191119194031 0.0
0.0 0.2135784924030304 0.0
0.0 0.18060456216335297 0.0
0.0 0.07333323359489441 0.0
0.0 0.0 0.0
0.0 0.0 0.0
0.0 0.0 0.0
0.0 0.0 0.0
0.0 0.0 0.0
0.0 0.0 0.0
0.0 0.0 0.0
0.0 0.0 0.0
0.10619252175092697 0.0 0.25748056173324585
0.33182936906814575 0.0 0.7318436503410339
0.36318305134773254 0.0 1.0220216512680054
0.27345767617225647 0.12569013237953186 1.16276216506958
0.24735097587108612 0.31150609254837036 1.2389541864395142
0.3379828929901123 0.28540417551994324 1.34767484664917
0.6215938329696655 0.0 1.637872576713562
0.9875121712684631 0.0 2.0175130367279053
1.1021069288253784 0.0 2.089306116104126
0.8917627334594727 0.0 1.8350833654403687
0.7577343583106995 0.044728443026542664 1.8019168376922607
1.0880422592163086 0.0 2.010256052017212
1.4588927030563354 0.0 2.2178902626037598
1.4573339223861694 0.0 2.1677987575531006
1.1742184162139893 0.0 1.9364246129989624
0.8239269256591797 0.30146703124046326 1.6292747259140015
0.540710985660553 0.6377560496330261 1.4053261280059814
0.4878373444080353 0.40573352575302124 1.2181588411331177
0.5526842474937439 0.03267311304807663 0.8735997080802917
0.30991849303245544 0.0 0.2735021412372589
0.0 0.029090894386172295 0.0
0.0 0.25767746567726135 0.0
0.0 0.2722383141517639 0.0
0.0 0.09922178089618683 0.0
0.0 0.0 0.0
0.0 0.0 0.0
0.0 0.0 0.0
0.0 0.08803490549325943 0.0
0.0 0.24460719525814056 0.0
0.0 0.21615318953990936 0.0
0.0 0.052923791110515594 0.0
0.0 0.0 0.0
0.0 0.03959786146879196 0.0
0.0 0.08027125895023346 0.0
0.0 0.1621360331773758 0.0
0.0 0.09682945907115936 0.0
0.0 0.020472638309001923 0.0
0.0 0.0 0.0
0.0 0.0 0.0
0.0 0.0 0.0
0.0 0.0 0.0
0.0 0.0 0.0
0.04873562604188919 0.0 0.04459386318922043
0.2547313868999481 0.0 0.4633621871471405
0.33299633860588074 0.06796818971633911 0.6535845994949341
0.2648511230945587 0.19035296142101288 0.6565055847167969
0.21368861198425293 0.20110253989696503 0.6517560482025146
0.3135454058647156 0.1259654462337494 0.7903227210044861
0.4903561472892761 0.0163249671459198 1.0171481370925903
0.5764409899711609 0.0 1.1492432355880737
0.4502484202384949 0.015112962573766708 1.0776375532150269
0.2596294581890106 0.1386178582906723 0.8464459180831909
0.16479776799678802 0.16687852144241333 0.7312804460525513
0.31844857335090637 0.0 0.8112759590148926
0.4475434422492981 0.0 0.7906678915023804
0.3040560483932495 0.0 0.5297585129737854
0.10593444854021072 0.0 0.19808872044086456
0.0 0.08574904501438141 0.0584341436624527
0.013172285631299019 0.03774610534310341 0.09263099730014801
0.047805096954107285 0.020461922511458397 0.14740504324436188
0.034207530319690704 0.0 0.11619890481233597
0.03949204087257385 0.0 0.005982121452689171
0.04001641646027565 0.0 0.0
0.0 0.0 0.0
0.0 0.0 0.0
0.010759461671113968 0.017852557823061943 0.012418716214597225
0.05866493657231331 0.02090214192867279 0.024658601731061935
0.06245487928390503 0.0 0.0
0.03112065978348255 0.0 0.0
0.02413891814649105 0.0 0.0
0.04923894256353378 0.0 0.0
0.0644751563668251 0.0 0.0
0.04488973319530487 0.0 0.0
0.0 0.0 0.0
0.0 0.0 0.0
0.0 0.0 0.0
0.0 0.0 0.0
0.0 0.0 0.0
0.04453260451555252 0.0 0.0
0.0 0.022262752056121826 0.0
0.0 0.04485940560698509 0.0
0.0 0.04612840339541435 0.0
0.0 0.031042393296957016 0.0
0.0 0.044522516429424286 0.00366144347935915
0.0 0.044327571988105774 0.059143610298633575
0.002720177872106433 0.060161132365465164 0.07443787902593613
0.0 0.04233020171523094 0.02914203330874443
0.0 0.03088420256972313 0.0
0.01943710632622242 0.0 0.0
0.07037325948476791 0.0 0.019251320511102676
0.04596512019634247 0.011403447017073631 0.01274948101490736
0.0 0.07653211057186127 0.0
0.0 0.08523319661617279 0.0
0.0 0.03200457617640495 0.0
0.07828858494758606 0.0 0.0
0.0894608125090599 0.0 0.03664388507604599
0.0 0.10911986976861954 0.06168185919523239
0.0 0.15740564465522766 0.0
0.0 0.0864529013633728 0.0
0.0 0.013896680437028408 0.0
0.0 0.0785214751958847 0.0027668792754411697
0.0 0.15299013257026672 0.012196866795420647
0.0 0.15197333693504333 0.00986526906490326
0.0 0.11582890152931213 0.0013511423021554947
0.0 0.07020708918571472 0.0
0.0 0.0639374777674675 0.0
0.0 0.17355665564537048 0.0
0.0 0.24491339921951294 0.0
0.0 0.16308191418647766 0.0
0.010138026438653469 0.020521827042102814 0.0
0.049194611608982086 0.026662006974220276 0.0
0.0 0.07353603839874268 0.0
0.0 0.0 0.0
0.02655188739299774 0.0 0.0
0.05402638763189316 0.0 0.0
0.12677410244941711 0.0 0.0
0.13633191585540771 0.0 0.0
0.12455648183822632 0.0 0.0
0.018395690247416496 0.0 0.0
0.0 0.0 0.0
0.3000417649745941 0.0 0.0
1.1284563541412354 0.0 0.0
1.641937255859375 0.0 0.0
1.6500657796859741 0.0 0.3099558651447296
2.035762310028076 0.0 1.2449767589569092
3.1650025844573975 0.0 1.8542301654815674
4.221187591552734 0.0 2.119326114654541
5.094141006469727 0.0 2.2142696380615234
6.385935306549072 0.0 2.6100687980651855
7.301151752471924 0.0 3.099303722381592
7.886512279510498 0.0 3.3343465328216553
8.21272087097168 0.0 3.2628767490386963
8.1148681640625 0.0 2.357419490814209
7.6986894607543945 0.0 0.8221906423568726
7.42837381362915 0.0 0.0
6.345637798309326 0.0 0.0
4.5973920822143555 1.7207411527633667 0.0
1.9062682390213013 4.739912986755371 0.0
0.0 5.441250801086426 0.0
0.0 4.671469211578369 0.0
0.03272296488285065 3.705753803253174 0.0
0.0 3.2586448192596436 0.0
0.0 2.9507832527160645 0.0
0.0 2.950369119644165 0.0
0.0 3.7551112174987793 0.0
0.0 4.361977577209473 0.0
0.0 4.049849033355713 0.0
0.0 3.2647762298583984 0.0
0.0 2.2055599689483643 0.0
0.0 1.1768653392791748 0.0
0.0 0.748144268989563 0.0
0.0 0.2383747696876526 0.0
0.0 0.0 0.0
0.0 0.0 0.0
0.0 0.0 0.0
0.0 0.0 0.0
0.0 0.0 0.0
0.0 0.0 0.0
0.0 0.0 0.0
0.0 0.0 0.0
0.0 0.0 0.0
0.0 0.0 0.0
0.0 0.0 0.0
0.0 0.0 0.0
0.0 0.0 0.0
0.0 0.0 0.0
0.0 0.0 0.0
0.0 0.0 0.2217879593372345
0.0 0.0 0.2781125009059906
0.09025615453720093 0.0 0.1614881455898285
0.3827231824398041 0.056196972727775574 0.06860160827636719
0.6121611595153809 0.1609332412481308 0.0861893892288208
0.684177041053772 0.20946481823921204 0.14796008169651031
0.5753597617149353 0.30213481187820435 0.15785665810108185
0.4029347002506256 0.3621473014354706 0.12107440829277039
0.21661755442619324 0.271298348903656 0.0633663684129715
0.21860399842262268 0.06404291093349457 0.046689651906490326
0.3190571367740631 0.0 0.10247568786144257
0.23455394804477692 0.0 0.11976227164268494
0.04469985514879227 0.0 0.12025521695613861
0.0 0.0 0.09270881116390228
0.0 0.020158544182777405 0.02698465995490551
0.0 0.0 0.021976850926876068
0.031871143728494644 0.0 0.00664236955344677
0.03544776886701584 0.0 0.0
0.05555250495672226 0.0 0.0
0.02246299386024475 0.0 0.0
0.0 0.0 0.0
0.016272209584712982 0.018912717700004578 0.0
0.05891234800219536 0.0 0.0
0.07672169804573059 0.0 0.016983957961201668
0.0 0.055193230509757996 0.0
0.0 0.104244664311409 0.0
0.0 0.032703302800655365 0.017406124621629715
0.009489823132753372 0.014493406750261784 0.03375367075204849
0.017099805176258087 0.006029348820447922 0.018845830112695694
0.028032083064317703 0.0 0.0
0.0015243086963891983 0.0 0.0
0.0 0.0 0.0
0.0 0.0 0.003640778362751007
0.022491374984383583 0.0 0.0
0.03963707387447357 0.0 0.0
0.006990180350840092 0.0 0.0
0.0 0.0 0.0
0.004610379692167044 0.0 0.0
0.054328933358192444 0.0 0.02332526631653309
0.022521469742059708 0.01242546271532774 0.011442508548498154
0.0011570588685572147 0.012460083700716496 0.013365844264626503
0.012886418960988522 0.0 0.009095996618270874
0.009663728065788746 0.0 0.0068341754376888275
0.0 0.0 0.009969247505068779
0.03912920877337456 0.0 0.04444999247789383
0.015836402773857117 0.0 0.03260398656129837
0.0 0.0 0.007675999775528908
0.00133921904489398 0.0 0.0
0.08338934183120728 0.0 0.0
0.048259589821100235 0.0 0.0
0.005657268222421408 0.0 0.0
0.048307258635759354 0.0 0.0
0.08148466050624847 0.0 0.0
0.04628725349903107 0.0 0.0
0.018291838467121124 0.0 0.0005656266584992409
0.0009826216846704483 0.0 0.024998264387249947
0.0 0.0 0.021806998178362846
0.00971565954387188 0.0 0.003671138547360897
0.033276379108428955 0.0 0.0
0.05141144245862961 0.0 0.0
0.0 0.0 0.0
0.0 0.07649552822113037 0.0
0.0 0.045526690781116486 0.007684787735342979
0.055600859224796295 0.0 0.0
0.0579814575612545 0.0 0.0
0.011031260713934898 0.0 0.0
0.012221693992614746 0.020020529627799988 0.0
0.03769509494304657 0.0 0.0
0.06524336338043213 0.0 0.0
0.03204946219921112 0.0 0.013557057827711105
0.0 0.0 0.006631242111325264
0.0 0.01696588471531868 0.0
0.01827266253530979 0.0 0.000524081289768219
0.07787926495075226 0.0 0.010616661980748177
0.031106967478990555 0.0 0.0007142303511500359
0.0 0.031617265194654465 0.01961361989378929
0.0 0.048515547066926956 0.06020962446928024
0.008297326974570751 0.00810607522726059 0.044406697154045105
0.0 0.0 0.0
0.011999387294054031 0.0 0.0
0.012726696208119392 0.0 0.02296079322695732
0.0 0.014603122137486935 0.03125760331749916
0.0 0.02109804004430771 0.018119167536497116
0.0 0.0 0.0
0.0 0.0 0.0
0.0 0.010629686526954174 0.0
0.0 0.0052117519080638885 0.0
0.0 0.0 0.0
0.0 0.0 0.0
0.00552204716950655 0.0 0.0
0.03967948630452156 0.0 0.0
0.05395269766449928 0.0 0.0
0.1936085969209671 0.0 0.0
0.46201714873313904 0.0 0.0
0.7656260132789612 0.0 0.0
1.056437373161316 0.0 0.04430735856294632
1.2774633169174194 0.0 0.15367832779884338
1.6290093660354614 0.0 0.250870943069458
2.5700557231903076 0.0 0.3384130299091339
3.0525801181793213 0.0 0.3447151482105255
2.7363929748535156 0.03606526926159859 0.23520061373710632
2.50780987739563 0.5058109164237976 0.11585690826177597
2.5005035400390625 1.0269273519515991 0.07367217540740967
2.226339101791382 1.557719111442566 0.14209464192390442
1.6612956523895264 1.850852370262146 0.2324807345867157
1.1260827779769897 1.7773287296295166 0.27283376455307007
0.838860809803009 1.4580143690109253 0.2379484623670578
0.6791390776634216 1.05787992477417 0.14211247861385345
0.3824237585067749 0.7832524180412292 0.10300396382808685
0.0 0.5214753746986389 0.1022564098238945
0.0 0.35673224925994873 0.07103031873703003
0.0 0.22836600244045258 0.006275290623307228
0.0 0.0 0.0
0.0 0.0 0.0
0.0 0.0 0.0
0.0 0.0 0.0
0.0 0.0 0.0
0.0 0.0 0.0
0.0 0.0 0.0
0.0 0.0 0.0
0.0 0.0 0.0
0.0 0.0 0.0
0.0 0.0 0.0
0.0 0.0 0.0
0.0 0.0 0.0
0.0 0.019276704639196396 0.0
0.38329941034317017 0.0 0.0
0.6922063827514648 0.014084364287555218 0.06514184921979904
1.0063656568527222 0.4258820414543152 0.08884451538324356
1.476940393447876 0.6161907315254211 0.1251431256532669
2.0714244842529297 0.6932743191719055 0.23816289007663727
2.3443443775177 0.6865341067314148 0.47482842206954956
2.3341193199157715 0.6816834211349487 0.639231264591217
2.2998440265655518 0.7422703504562378 0.6604515910148621
2.311044454574585 1.0201605558395386 0.5460861325263977
2.2923712730407715 1.1453830003738403 0.616814374923706
1.9528124332427979 0.8774353861808777 0.8027141690254211
1.6469587087631226 0.49316227436065674 0.8058916330337524
1.2866607904434204 0.5479381680488586 0.56316739320755
0.8267247676849365 0.5071382522583008 0.3437092900276184
0.39409053325653076 0.4469947814941406 0.1650572568178177
0.0 0.3226566016674042 0.08152242004871368
0.0 0.11198961734771729 0.03337300196290016
0.0 0.0 0.0
0.0 0.0 0.0
0.0 0.0 0.0
0.0 0.0 0.0
0.0 0.0 0.0
0.0 0.0 0.0
0.0 0.0 0.0
0.0 0.0 0.0
0.0 0.0 0.0
0.0 0.0 0.0
0.0 0.0 0.0
0.0 0.0 0.0
0.0 0.0 0.0
0.0 0.0 0.0
0.0 0.0 0.0
0.0 0.0 0.0
0.0 0.0 0.0
0.0 0.0 0.0
0.0 0.0 0.0
0.35710427165031433 0.0 0.0
0.7735108137130737 0.0 0.03254316374659538
1.2110975980758667 0.05246078222990036 0.05015144869685173
1.369358777999878 0.3635917901992798 0.06662895530462265
1.4010282754898071 0.46115642786026 0.11533577740192413
1.6288490295410156 0.3159944415092468 0.14919041097164154
1.7995551824569702 0.18388484418392181 0.13444262742996216
1.6926181316375732 0.3746047616004944 0.07950853556394577
1.3288472890853882 0.593197762966156 0.09688140451908112
0.9943335056304932 0.6298074722290039 0.1481427252292633
0.933228075504303 0.676578938961029 0.18187005817890167
0.8632827997207642 0.8107783198356628 0.1538301706314087
0.7417123913764954 0.7132967710494995 0.12986518442630768
0.7218918204307556 0.5658093094825745 0.06295353174209595
0.7016891241073608 0.42984968423843384 0.03560151904821396
0.5567125082015991 0.2502319812774658 0.09660174697637558
0.3691055476665497 0.16528645157814026 0.16602957248687744
0.07331278175115585 0.20830608904361725 0.188853919506073
0.0 0.13471736013889313 0.10793829709291458
0.0 0.12815453112125397 0.0
0.0 0.010627103969454765 0.0
0.0 0.0 0.0
0.0 0.0 0.0
0.0 0.0 0.04717028886079788
0.0 0.0 0.027681011706590652
0.0 0.0 0.0
0.0 0.0 0.0
0.0 0.0 0.08244678378105164
0.0 0.0 0.2655084729194641
0.0 0.0 0.4085439443588257
0.0 0.0 0.37055128812789917
0.0 0.0 0.18801076710224152
0.0 0.0 0.006595698185265064
0.0 0.0 0.0
0.0 0.0 0.0037759430706501007
0.0 0.0 0.09961378574371338
0.0 0.0 0.13176827132701874
0.0 0.0 0.10455261915922165
0.0 0.0 0.006098751910030842
0.18638980388641357 0.0 0.0
0.5645430088043213 0.0 0.0
0.8903538584709167 0.0 0.0
1.3656162023544312 0.0847143828868866 0.0
1.517734408378601 0.0183555968105793 0.0
1.441985011100769 0.09501655399799347 0.0
1.3033010959625244 0.16012471914291382 0.0
1.4373550415039062 0.2451048493385315 0.0
1.5772695541381836 0.39043915271759033 0.0
1.5044255256652832 0.5604897141456604 0.0
1.3647639751434326 0.5051721334457397 0.015761233866214752
1.2672570943832397 0.4074658155441284 0.03904178738594055
1.1826024055480957 0.34800273180007935 0.06364300101995468
1.0540553331375122 0.34064069390296936 0.10934098064899445
0.8765150308609009 0.31641045212745667 0.14274342358112335
0.6555655598640442 0.3827098608016968 0.1557076871395111
0.39549773931503296 0.4162827432155609 0.12757910788059235
0.19077469408512115 0.2509947121143341 0.08440234512090683
0.0 0.06973730027675629 0.05386414751410484
0.0 0.0 0.01894078031182289
0.0 0.0 0.0
0.0 0.0 0.0
0.0 0.0 0.0
0.0 0.0 0.0
0.0 0.07413577288389206 0.0
0.0 0.3080602288246155 0.0
0.0 0.34433886408805847 0.0
0.0 0.3101175129413605 0.0
0.0 0.244862899184227 0.0
0.0 0.04163387417793274 0.0
0.0 0.0 0.00020639505237340927
0.0 0.0 0.06329800933599472
0.0 0.0 0.0976453348994255
0.0 0.0 0.0
0.0 0.0 0.0
0.0 0.0 0.0
0.0 0.0 0.0
0.0 0.0 0.0
0.0 0.0 0.0
0.0 0.0 0.0
0.0 0.0 0.0
0.0 0.0 0.07406943291425705
0.0 0.0 0.12333577871322632
0.0 0.0 0.11581607908010483
0.010141948238015175 0.16515794396400452 0.09834254533052444
0.19048215448856354 0.12548190355300903 0.0946737751364708
0.3822374939918518 0.0 0.10134020447731018
0.5383520126342773 0.0 0.079554483294487
0.6966902613639832 0.05661122500896454 0.05143282935023308
0.8752389550209045 0.09250584244728088 0.025556493550539017
0.9950358867645264 0.07430580258369446 0.0
0.9504820108413696 0.08405536413192749 0.0
0.9174897074699402 0.30130645632743835 0.0
0.8857733607292175 0.46298667788505554 0.0
0.8218809366226196 0.31507712602615356 0.0
0.7434009909629822 0.11844902485609055 0.0
0.5682629942893982 0.0911249965429306 0.0
0.3303561806678772 0.19150273501873016 0.0
0.1832207888364792 0.24815882742404938 0.0
0.09909898787736893 0.2600814998149872 0.0
0.047328464686870575 0.06234900653362274 0.0
0.06000404804944992 0.0 0.0
0.017956728115677834 0.0 0.006356965750455856
0.0 0.0 0.0
0.0 0.0 0.0
0.0 0.0 0.0013749897480010986
0.0 0.0 0.011711517348885536
0.0 0.0 0.0
0.0 0.0 0.005727394483983517
0.02118394710123539 0.0 0.007536746561527252
0.06338413059711456 0.0 0.0
0.0 0.014563905075192451 0.004800880327820778
0.0 0.0 0.022763367742300034
0.0 0.0 0.0
0.0 0.0 0.0
0.0 0.0 0.0
0.00758756697177887 0.0 0.0003454815596342087
0.0 0.05625059828162193 0.0
0.0 0.04462350532412529 0.0
0.0 0.0 0.0
0.0 0.0 0.0
0.0 0.020218297839164734 0.0
0.0 0.030865080654621124 0.0
0.0 0.01695166528224945 0.0
0.0 0.0 0.009936057962477207
0.012866484001278877 0.0 0.0035513946786522865
0.0 0.0 0.0
0.0 0.02109288051724434 0.007140803150832653
0.0 0.014612344093620777 0.026496656239032745
0.0 0.0 0.026488933712244034
0.0 0.0 0.0
0.0 0.0 0.0
0.0 0.0 0.0
0.0 0.038217272609472275 0.0
0.0 0.07225460559129715 0.0
0.0 0.0 0.0
0.02503766305744648 0.0 0.0
0.012310151010751724 0.0 0.0
0.0 0.0029879119247198105 0.0
0.027105875313282013 0.008202914148569107 0.0
0.048485200852155685 0.0 0.0
0.03459974378347397 0.0 0.0
0.0 0.0 0.0
0.0 0.05941683426499367 0.0
0.005650649778544903 0.0 0.0
0.007767329923808575 0.0 0.0
0.00647383276373148 0.0 0.012244218029081821
0.0 0.01982920989394188 0.015477563254535198
0.0 0.003942122682929039 0.007788483984768391
0.0 0.0 0.0
0.034280430525541306 0.0 0.0017353855073451996
0.035489771515131 0.0 0.0
0.019579781219363213 0.0 0.0
0.0 0.0019170548766851425 0.0
0.0 0.06363475322723389 0.0
0.0 0.004085932858288288 0.0
0.030439885333180428 0.0 0.0
0.005083929281681776 0.0 0.0
0.0 0.0 0.0
0.0 0.0 0.0
0.0 0.0 0.0
0.0 0.0 0.0
0.0 0.0 0.004069645889103413
0.0 0.0 0.2939331531524658
0.01648758538067341 0.0 0.5024091005325317
0.5101544260978699 0.0 0.8597362041473389
1.664833426475525 0.0 1.1841343641281128
3.438645124435425 0.0 1.475833535194397
4.795243263244629 0.0 2.0384697914123535
5.742727279663086 0.0 2.6323001384735107
7.135303020477295 0.0 3.1053407192230225
8.263580322265625 0.0 3.3507208824157715
9.026247024536133 0.0 3.6139721870422363
9.05964469909668 0.0 3.2094082832336426
8.71370792388916 0.0 1.3987070322036743
8.416871070861816 0.0 0.0
7.2559003829956055 0.0 0.0
5.319303035736084 0.8613025546073914 0.0
3.4899961948394775 3.4945106506347656 0.0
1.2725352048873901 5.609403133392334 0.0
0.07928664237260818 5.647121429443359 0.0
0.0 4.232922077178955 0.0
0.0 2.378462314605713 0.0
0.0 1.2326172590255737 0.0
0.0 1.0685635805130005 0.0
0.0 1.8285562992095947 0.0
0.0 2.1770572662353516 0.0
0.0 2.201324462890625 0.0
0.0 2.4957334995269775 0.0
0.0 2.417252540588379 0.0
0.0 2.077092409133911 0.0
0.0 1.5984503030776978 0.0
0.0 1.1539690494537354 0.0
0.0 0.16166217625141144 0.0
0.0 0.0 0.0
0.0 0.0 0.0
0.0 0.0 0.0
0.0 0.0 0.0
0.0 0.0 0.0
0.0 0.0 0.0
0.0 0.0 0.0
0.0 0.0 0.0
0.0 0.0 0.0
0.0 0.0 0.0
0.0 0.0 0.0
0.0 0.0 0.44472408294677734
0.0 0.0 0.6190980076789856
0.0 0.0 0.4273885190486908
0.0 0.0 0.1327022910118103
0.23352015018463135 0.0 0.01942872256040573
0.18064680695533752 0.049964144825935364 0.10608132928609848
0.180088073015213 0.21551741659641266 0.1856677532196045
0.2504701018333435 0.29930049180984497 0.20373544096946716
0.23974980413913727 0.3740748465061188 0.11520051956176758
0.24134957790374756 0.2201979160308838 0.03993559628725052
0.1901719570159912 0.15585491061210632 0.0
0.13251158595085144 0.03801402449607849 0.0
0.0664936900138855 0.0 0.0
0.0 0.08506355434656143 0.0
0.0 0.03517456352710724 0.0
0.0 0.0 0.0
0.0 0.0 0.0
0.0 0.0 0.0
0.0 0.0 0.0
0.0 0.04768103361129761 0.0
0.0243757963180542 0.0 0.03700145334005356
0.028686124831438065 0.0196499302983284 0.03822650760412216
0.0 0.03257771581411362 0.011211670935153961
0.0 0.005008404143154621 0.0
0.022562984377145767 0.0 0.006012913770973682
0.008931327611207962 0.010317948646843433 0.0
0.02366473525762558 0.0 0.0039148759096860886
0.042651474475860596 0.0 0.01891246810555458
0.0 0.0 0.0
0.0 0.012653541751205921 0.0
0.0 0.0 0.0
0.0 0.0 0.0
0.0 0.0136666065081954 0.0
0.0 0.0008299048058688641 0.0
0.022549137473106384 0.0 0.0016155028715729713
0.0 0.0 0.0003137495368719101
0.0 0.029614947736263275 0.0
0.0 0.0 0.0
0.009028799831867218 0.0 0.0
0.04488613083958626 0.0 0.01150834746658802
0.060883209109306335 0.0 0.01710604503750801
0.06096656620502472 0.0 0.00527628418058157
0.0323072224855423 0.0 0.0
0.00448038661852479 0.0 0.0
0.001259559765458107 0.0 0.0026091281324625015
0.03233039379119873 0.0 0.0
0.03661089017987251 0.0 0.0
0.005832740105688572 0.0 0.0
0.0 0.0 0.0
0.0 0.0 0.0
0.004941113758832216 0.0 0.0
0.04208182170987129 0.0 0.0
0.03544789180159569 0.0 0.0
0.006532086059451103 0.0 0.005801192484796047
0.0 0.0 0.011097688227891922
0.01723213493824005 0.0 0.005970037542283535
0.027954552322626114 0.0 0.0
0.03354506194591522 0.0 0.0
0.025128405541181564 0.0 0.0
0.0 0.0 0.0
0.0 0.0029342733323574066 0.0
0.012825516052544117 0.0 0.019824694842100143
0.016927316784858704 0.0 0.030424607917666435
0.0 0.0 0.0
0.0 0.0 0.0
0.01115518156439066 0.0 0.0
0.0 0.03581339493393898 0.00891558825969696
0.0 0.05384565517306328 0.01546882838010788
0.015063636936247349 0.019773706793785095 0.013519927859306335
0.032348617911338806 0.0 0.0
0.013492904603481293 0.0 0.0
0.0 0.0 0.0
0.004861865658313036 0.0 0.0
0.008224905468523502 0.004081296734511852 0.0
0.0 0.008500013500452042 0.0
0.0 0.014957912266254425 0.0
0.0008892284240573645 0.0 0.0
0.060987185686826706 0.0 0.0
0.08731173723936081 0.0 0.032119713723659515
0.018155034631490707 0.0 0.02095653861761093
0.0 0.0 0.009902022778987885
0.0 0.0 0.002391110174357891
0.050334274768829346 0.0 0.0
0.14716361463069916 0.0 0.0067126210778951645
0.13757836818695068 0.0 0.12227623164653778
0.02436206303536892 0.22034943103790283 0.387105256319046
0.0 0.40969565510749817 0.659794807434082
0.0362328365445137 0.4904243052005768 0.937213659286499
0.0 0.8659155964851379 1.2215561866760254
0.0 0.9436492919921875 1.5420178174972534
0.0 0.6702930927276611 1.85422945022583
0.0 0.4618280827999115 2.1308131217956543
0.021707957610487938 0.19290927052497864 2.3142316341400146
0.2798082232475281 0.1597941815853119 2.2216222286224365
0.42534303665161133 0.20825254917144775 1.9817938804626465
0.541106104850769 0.08892720937728882 1.7058695554733276
0.6745890974998474 0.0 1.4576016664505005
0.7156960368156433 0.0 1.1733816862106323
0.6320797204971313 0.0 0.796600878238678
0.4519754648208618 0.0 0.36451125144958496
0.1654672622680664 0.04959471896290779 0.0
0.0 0.22043970227241516 0.0
0.0 0.23144227266311646 0.0
0.0 0.11373961716890335 0.0
0.0 0.07361909747123718 0.0
0.0 0.06151263415813446 0.0
0.0 0.15977582335472107 0.0
0.0 0.2163677215576172 0.0
0.0 0.17040687799453735 0.0
0.0 0.025309354066848755 0.0
0.0 0.0 0.0
0.0 0.0 0.0
0.0 0.0 0.0
0.0 0.0 0.0
0.0 0.0 0.0
0.0 0.0 0.0
0.0 0.20535600185394287 0.2690134644508362
0.0 0.2617926597595215 0.753178060054779
0.1154910996556282 0.19843578338623047 1.0748705863952637
0.3237740099430084 0.13182026147842407 1.1525856256484985
0.47257545590400696 0.0 1.189907431602478
0.6369433403015137 0.0 1.3780843019485474
0.7290658354759216 0.0 1.7461485862731934
0.7922895550727844 0.0 2.0297834873199463
0.6748092770576477 0.0 1.9695611000061035
0.5763047933578491 0.11221327632665634 1.7116371393203735
0.6541974544525146 0.0 1.5836774110794067
0.783950686454773 0.0 1.6865475177764893
0.804207444190979 0.0 1.772848129272461
0.6546863913536072 0.0 1.6031805276870728
0.4565248489379883 0.0 1.194020390510559
0.33070674538612366 0.13849174976348877 0.7883807420730591
0.23363983631134033 0.05448206886649132 0.5617241859436035
0.1893615871667862 0.0 0.378044068813324
0.0873742401599884 0.0 0.118386410176754
0.0 0.0 0.0
0.0 0.06504549831151962 0.0
0.0 0.08149078488349915 0.0
0.0 0.05406501889228821 0.0
0.0 0.0 0.0
0.0 0.0 0.0
0.0 0.0 0.0
0.0 0.039122022688388824 0.0
0.0 0.17367850244045258 0.0
0.0 0.06768842041492462 0.0
0.0 0.0 0.0
0.0 0.0 0.0
0.0 0.0 0.0
0.0 0.010661352425813675 0.0
0.0 0.0480811633169651 0.0
0.0 0.07076570391654968 0.0
0.0 0.09301721304655075 0.0
0.0 0.05887095630168915 0.0
0.13912904262542725 0.0 0.18653695285320282
0.34363213181495667 0.0 0.5291430950164795
0.31039854884147644 0.0 0.7651785016059875
0.1887647658586502 0.13837750256061554 0.8927258253097534
0.24242693185806274 0.13267754018306732 0.966957151889801
0.43391621112823486 0.0 1.1061352491378784
0.6490229368209839 0.0 1.3298072814941406
0.6981306672096252 0.0 1.5298991203308105
0.5935012102127075 0.0 1.5625922679901123
0.4788270592689514 0.07623327523469925 1.4285093545913696
0.46449100971221924 0.035044554620981216 1.3630653619766235
0.5704978704452515 0.0 1.3964483737945557
0.7299085855484009 0.0 1.4217318296432495
0.7393138408660889 0.0 1.2371093034744263
0.5273709297180176 0.0 0.9327085614204407
0.3513050675392151 0.10985328257083893 0.7532370686531067
0.33739909529685974 0.05142858996987343 0.7475672364234924
0.39540380239486694 0.0 0.7914297580718994
0.3499116897583008 0.0 0.6478195786476135
0.2482018619775772 0.0 0.3800283372402191
0.1969922035932541 0.04108806699514389 0.17778711020946503
0.1269177794456482 0.009482470341026783 0.1374569982290268
0.1174587607383728 0.0 0.11693041026592255
0.006064859218895435 0.09580697864294052 0.0
0.0 0.26502686738967896 0.0
0.0 0.19983777403831482 0.0
0.0 0.028312351554632187 0.0
0.0 0.0 0.0
0.0 0.0 0.0
0.0 0.12166173756122589 0.0
0.0 0.28741127252578735 0.0
0.0 0.257174015045166 0.0
0.0 0.12746210396289825 0.0
0.0 0.0 0.0
0.0 0.0 0.0
0.0 0.0 0.0
0.0 0.0 0.0
0.0 0.0 0.0
0.0 0.0 0.0
0.0 0.11510424315929413 0.0
0.0 0.10704685002565384 0.27736029028892517
0.17731304466724396 0.024508289992809296 0.639049232006073
0.36672794818878174 0.0 0.9953789114952087
0.4711723327636719 0.0 1.3200587034225464
0.4467599391937256 0.0 1.5229476690292358
0.4057925343513489 0.10662766546010971 1.5827840566635132
0.48470866680145264 0.10857629776000977 1.5889203548431396
0.6710132956504822 0.0 1.7119945287704468
0.8705551624298096 0.0 1.8884230852127075
0.8735589981079102 0.0 1.8128069639205933
0.7588757872581482 0.0 1.5772799253463745
0.7128528952598572 0.03763367980718613 1.3933308124542236
0.7404813170433044 0.0 1.3857115507125854
0.8886370062828064 0.0 1.3562407493591309
1.0195374488830566 0.0 1.0590567588806152
0.932608962059021 0.0 0.7060245871543884
0.648987889289856 0.0 0.5041271448135376
0.3587820529937744 0.0 0.4152038097381592
0.22962726652622223 0.0 0.3091450333595276
0.16168789565563202 0.0 0.06489720940589905
0.03762134164571762 0.027290549129247665 0.0
0.0 0.13119564950466156 0.0
0.0 0.15926776826381683 0.0
0.0 0.1814361810684204 0.0
0.0 0.24622903764247894 0.0
0.0 0.3291747570037842 0.0
0.0 0.37593215703964233 0.0
0.0 0.304564505815506 0.0
0.0 0.16114875674247742 0.0
0.0 0.025840725749731064 0.0
0.0 0.0 0.0
0.0 0.0 0.0
0.0 0.0 0.0
0.0 0.0 0.0
0.0 0.0 0.0
0.0 0.0 0.0
0.0 0.0 0.0
0.0 0.0 0.0
0.0 0.0 0.2285737693309784
0.1310892403125763 0.0 0.737098753452301
0.25729721784591675 0.0 1.0268728733062744
0.2552756369113922 0.0 1.1405304670333862
0.3530506491661072 0.0 1.2846487760543823
0.6037806272506714 0.0 1.5760414600372314
0.8367270827293396 0.0 1.8407317399978638
0.8046695590019226 0.0 1.8774404525756836
0.6032863855361938 0.15859878063201904 1.7943148612976074
0.5865311026573181 0.26752206683158875 1.674849271774292
0.7486656308174133 0.0 1.6424715518951416
0.9645572304725647 0.0 1.6605099439620972
0.9617590308189392 0.0 1.5140694379806519
0.8011727929115295 0.0 1.275864839553833
0.6703130602836609 0.0 1.1488778591156006
0.6675567030906677 0.0 1.197733759880066
0.7365533113479614 0.0 1.2205605506896973
0.6484658122062683 0.0 0.9873046278953552
0.46693992614746094 0.07469534873962402 0.7115452289581299
0.30159464478492737 0.18421253561973572 0.5115417838096619
0.21518202126026154 0.09765765815973282 0.39074668288230896
0.14748552441596985 0.043545953929424286 0.11426955461502075
0.0 0.069129079580307 0.0
0.0 0.16652114689350128 0.0
0.0 0.24752120673656464 0.0
0.0 0.2637006938457489 0.0
0.0 0.10756807774305344 0.0
0.0 0.0 0.0
0.0 0.0 0.0
0.0 0.08340154588222504 0.0
0.0 0.17282544076442719 0.0
0.0 0.0 0.0
0.0 0.0 0.0
0.0 0.0 0.0
0.0 0.0 0.0
0.0 0.0 0.0
0.0 0.0 0.0
0.0 0.0 0.0
0.0 0.0 0.0
0.0 0.19156025350093842 0.0
0.0 0.2265094518661499 0.18864884972572327
0.1819843053817749 0.08915557712316513 0.40106868743896484
0.37168923020362854 0.01671120524406433 0.6249385476112366
0.38744664192199707 0.14263877272605896 0.7729317545890808
0.26983052492141724 0.3297969400882721 0.8225744366645813
0.23914772272109985 0.3327504098415375 0.9013328552246094
0.40412360429763794 0.19373925030231476 1.028591513633728
0.5463092923164368 0.06140144541859627 1.08940851688385
0.48934051394462585 0.0915079414844513 1.029111385345459
0.33069145679473877 0.1582251936197281 0.8984766602516174
0.2841183841228485 0.1195363774895668 0.7504584193229675
0.3043496012687683 0.023180287331342697 0.6360383629798889
0.28174737095832825 0.0 0.5416159629821777
0.22397541999816895 0.0 0.44366514682769775
0.07762620598077774 0.023959528654813766 0.2641388177871704
0.0 0.06320306658744812 0.08016418665647507
0.0 0.003962119109928608 0.0
0.008944608271121979 0.0 0.0
0.0 0.0 0.0
0.0 0.0 0.0
0.0 0.0 0.0
0.0 0.0 0.0
0.0 0.0013138717040419579 0.0
0.011810703203082085 0.0 0.0
0.07117975503206253 0.0 0.0
0.07738252729177475 0.0 0.0
0.03794137015938759 0.0 0.0
0.031431809067726135 0.0 0.0
0.02357974275946617 0.0 0.011338520795106888
0.022228989750146866 0.0 0.0401933379471302
0.0 0.0015753940679132938 0.037864137440919876
0.0 0.0 0.003529333509504795
0.008780024945735931 0.0 0.0
0.0 0.0 0.0
0.0 0.03139401227235794 0.028272762894630432
0.0 0.0069246189668774605 0.03561722859740257
0.0 0.0 0.014124186709523201
0.02068275585770607 0.0 0.0
0.0026145409792661667 0.0 0.0
0.00015212828293442726 0.0 0.007934018969535828
0.010833535343408585 0.013348186388611794 0.010246176272630692
0.0523972250521183 0.0 0.010543916374444962
0.034724485129117966 0.0347038097679615 0.0
0.0 0.032676611095666885 0.0
0.017395030707120895 0.0027679800987243652 0.0
0.02806338667869568 0.00805834960192442 0.0
0.007805787026882172 0.0 0.0
0.004518647212535143 0.0 0.0
0.0 0.0 0.0
0.0 0.0273502878844738 0.0
0.0 0.03685111552476883 0.0
0.0 0.0 0.0
0.016368914395570755 0.0 0.0
0.019751129671931267 0.0 0.0
0.0 0.0 0.0
0.0 0.011484507471323013 0.0
0.002897314727306366 0.0 0.0
0.08725720643997192 0.0 0.0
0.0663982555270195 0.0 0.0
0.08049038052558899 0.0 0.0
0.13124676048755646 0.0 0.0
0.1331874132156372 0.0 0.0
0.24275411665439606 0.0 0.0
0.323104590177536 0.0 0.0
0.18752095103263855 0.0 0.0
0.16137804090976715 0.0 0.1162668913602829
0.94919753074646 0.0 0.8051055073738098
2.2724761962890625 0.0 1.221795916557312
3.4229769706726074 0.0 1.5323883295059204
3.925122022628784 0.0 2.160331964492798
4.571683883666992 0.0 2.9059829711914062
5.020112991333008 0.0 3.3133888244628906
5.3389763832092285 0.0 3.638957977294922
5.86146354675293 0.0 3.972683906555176
6.407102108001709 0.0 4.070452690124512
6.801111698150635 0.0 3.356314182281494
6.698212623596191 0.0 1.8113377094268799
6.204658031463623 0.0 0.7268149256706238
5.185178756713867 0.6934527158737183 0.0
4.881816864013672 1.5684949159622192 0.0
4.98684549331665 2.0862576961517334 0.0
4.486032485961914 2.973254919052124 0.0
2.553833484649658 4.920881748199463 0.0
0.9929591417312622 5.25374174118042 0.0
0.8156387209892273 3.7836928367614746 0.0
0.9900237917900085 2.645747423171997 0.0
0.5329321622848511 2.830463409423828 0.0
0.07815851271152496 3.1032040119171143 0.0
0.0 2.843369722366333 0.0
0.0 2.267303943634033 0.0
0.0 1.7482831478118896 0.0
0.0 1.055806040763855 0.0
0.0 0.565053403377533 0.0
0.0 0.28657251596450806 0.0
0.0 0.05105239897966385 0.0
0.0 0.0 0.0
0.0 0.0 0.0
0.0 0.0 0.0
0.0 0.0 0.0
0.0 0.0 0.0
0.0 0.0 0.0
0.0 0.0 0.0
0.0 0.0 0.0
0.0 0.0 0.0
0.0 0.0 0.0
0.0 0.0 0.0
0.0 0.0 0.0
0.0 0.0 0.0
0.0 0.0 0.0
0.0 0.0 0.4488942623138428
0.0 0.0 0.6377837657928467
0.00552297942340374 0.13824349641799927 0.4443344473838806
0.3185250759124756 0.1820908486843109 0.21257363259792328
0.6963885426521301 0.09530667960643768 0.19363215565681458
0.8961418271064758 0.06271251291036606 0.27564555406570435
0.8372729420661926 0.17752033472061157 0.30961573123931885
0.7098910212516785 0.29915302991867065 0.26066339015960693
0.5199551582336426 0.3647450804710388 0.16283030807971954
0.3710215985774994 0.22389422357082367 0.09465045481920242
0.20182111859321594 0.059710871428251266 0.021919259801506996
0.01654127612709999 0.0 0.0
0.0 0.0 0.0
0.0 0.0 0.0
0.0 0.0 0.0
0.0 0.0 0.0
0.0 0.0 0.0
0.0 0.0 0.0
0.0 0.0 0.0
0.03342331945896149 0.0 0.0
0.016644073650240898 0.0028880657628178596 0.0
0.03339216113090515 0.047361791133880615 0.0009671058505773544
0.06830140948295593 0.03974168747663498 0.030135642737150192
0.02904748171567917 0.05478029325604439 0.009494280442595482
0.010007210075855255 0.04319208115339279 0.0
0.028956133872270584 0.0 0.008204512298107147
0.03920157998800278 0.0 0.0499706007540226
0.0410093329846859 0.0 0.07985632866621017
0.005455335136502981 0.0 0.0079182218760252
0.0 0.0 0.0
0.0 0.0 0.0
0.0 0.0 0.0
0.0 0.0 0.0
0.0 0.03256847709417343 0.0023483186960220337
0.0 0.0 0.0
0.03233832120895386 0.0 0.0
0.038572780787944794 0.0 0.007211250253021717
0.045981429517269135 0.0 0.011520511470735073
0.0502864308655262 0.0 0.003999211825430393
0.0 0.0007383753545582294 0.0
0.0 0.03257007524371147 0.0
0.016146834939718246 0.0069107841700315475 0.012411604635417461
0.06509147584438324 0.0 0.021326005458831787
0.03650563582777977 0.026026688516139984 0.007335354574024677
0.0 0.05482478067278862 0.014298987574875355
0.0 0.010259708389639854 0.0
0.04515611752867699 0.0 0.0
0.027255414053797722 0.0 0.0
0.0 0.0 0.0
0.0 0.0 0.0
0.0 0.010274888947606087 0.0
0.0 0.031505875289440155 0.0
0.011012793518602848 0.017620686441659927 0.0
0.04511510580778122 0.0 0.0
0.03360358998179436 0.0 0.0
0.0177396722137928 0.0 0.0
0.025988014414906502 0.0 0.0
0.038524046540260315 0.0 0.010381211526691914
0.02695048227906227 0.0 0.0
0.0006501674652099609 0.0 0.0
0.0 0.0 0.0
0.0 0.010186204686760902 0.015136552043259144
0.0 0.0 0.047243885695934296
0.01893436536192894 0.0 0.044302426278591156
0.019087497144937515 0.0 0.023889027535915375
0.0 0.0 0.0
0.0 0.04219420626759529 0.0020918557420372963
0.0 0.01649709790945053 0.024930857121944427
0.0 0.0 0.027130361646413803
0.0 0.0 0.017412487417459488
0.0 0.011232828721404076 0.008933250792324543
0.0 0.0 0.004530512727797031
0.0 0.0 0.0034529976546764374
0.0 0.0 0.0025264834985136986
0.0 0.024098824709653854 0.0
0.0 0.0198002178221941 0.0023600365966558456
0.0 0.00794488936662674 0.03247639164328575
0.0 0.024888185784220695 0.054878633469343185
0.0 0.020726198330521584 0.041833408176898956
0.0 0.0 0.010913842357695103
0.0 0.0 0.0
0.0 0.0 0.007453306578099728
0.0 0.0017622592858970165 0.014639048837125301
0.0 0.0 0.0017405608668923378
0.0 0.0 0.0
0.0 0.0 0.0
0.0 0.0 0.0
0.08047569543123245 0.0 0.0
0.3349016010761261 0.0 0.0
0.7730855941772461 0.0 0.0
1.1600309610366821 0.0 0.0
1.2959954738616943 0.0 0.0
1.5234853029251099 0.0 0.03507694602012634
1.9629082679748535 0.0 0.06843862682580948
2.285341739654541 0.0 0.06217700615525246
2.3420937061309814 0.0 0.059886690229177475
2.2597737312316895 0.3553762435913086 0.037019990384578705
2.1635327339172363 0.9328517913818359 0.03793052211403847
1.959008812904358 1.234095811843872 0.04541054368019104
1.826155424118042 1.3089373111724854 0.002661747857928276
1.6514140367507935 1.297026515007019 0.0
1.3633856773376465 1.1205838918685913 0.0
0.9642195701599121 0.8476136326789856 0.0
0.5208147168159485 0.6155995726585388 0.0
0.046931587159633636 0.5226200819015503 0.0
0.0 0.41792646050453186 0.0
0.0 0.3049756586551666 0.0
0.0 0.059058837592601776 0.0
0.0 0.0 0.0
0.0 0.0 0.0
0.0 0.0 0.07163122296333313
0.0 0.0 0.07953841984272003
0.0 0.0 0.07503900676965714
0.0 0.0 0.06264438480138779
0.0 0.0 0.21158646047115326
0.0 0.0 0.36421915888786316
0.0 0.0 0.34208109974861145
0.0 0.0 0.1552925705909729
0.0 0.2296212613582611 0.018645241856575012
0.0 0.4917609989643097 0.011289856396615505
0.0 0.36838099360466003 0.12131169438362122
0.0 0.0 0.2094242423772812
0.0 0.0 0.14780162274837494
0.0 0.0 0.0
0.13736720383167267 0.0 0.0
0.5699540376663208 0.0 0.0
1.2010226249694824 0.0 0.0
1.771435260772705 0.08063044399023056 0.0
1.775498628616333 0.23461654782295227 0.0
1.5991990566253662 0.4042242169380188 0.0
1.7713594436645508 0.4709463119506836 0.0
2.2068114280700684 0.3670329749584198 0.0
2.3578124046325684 0.25284329056739807 0.0
2.0224380493164062 0.2615118622779846 0.0
1.5331655740737915 0.6069531440734863 0.0
1.327681064605713 0.6596017479896545 0.0
1.1773438453674316 0.48356571793556213 0.0
0.8823786973953247 0.2438574880361557 0.0
0.5508076548576355 0.07210651785135269 0.0
0.15852592885494232 0.12259205430746078 0.0
0.0 0.22640100121498108 0.022146400064229965
0.0 0.13970765471458435 0.04460164159536362
0.0 0.0 0.011469787918031216
0.0 0.0 0.028063680976629257
0.0 0.0 0.0914788693189621
0.0 0.0 0.1317029893398285
0.0 0.0 0.09345945715904236
0.0 0.0 0.03355724737048149
0.0 0.0 0.043214935809373856
0.0 0.0 0.15374118089675903
0.0 0.0 0.290030300617218
0.0 0.0 0.42100536823272705
0.0 0.0 0.49886611104011536
0.0 0.0 0.4801059663295746
0.0 0.0 0.32848769426345825
0.0 0.0 0.07342503219842911
0.0 0.0 0.0
0.0 0.0 0.0
0.0 0.0 0.04169347137212753
0.0 0.0 0.04118667170405388
0.06324520707130432 0.020664896816015244 0.0011737411841750145
0.20501060783863068 0.05577867478132248 0.0
0.4857645034790039 0.08327341824769974 0.0
0.825203001499176 0.07094138115644455 0.0
1.3096773624420166 0.010470581240952015 0.0
1.7119003534317017 0.0 0.0
1.763266682624817 0.02021242305636406 0.0
1.6143549680709839 0.18432119488716125 0.0
1.665167212486267 0.33109334111213684 0.0
1.8468513488769531 0.38994094729423523 0.0
1.8517155647277832 0.37555214762687683 0.0
1.6469104290008545 0.4839792847633362 0.08259376138448715
1.2387179136276245 0.6114280819892883 0.046879976987838745
0.8567616939544678 0.7337417006492615 0.0
0.566839337348938 0.8130730390548706 0.0
0.45060011744499207 0.6705595850944519 0.0
0.4013412296772003 0.4205033779144287 0.08276580274105072
0.25648683309555054 0.16973958909511566 0.12110201269388199
0.0566144697368145 0.00851368997246027 0.1260610818862915
0.0 0.0 0.029324155300855637
0.0 0.034833259880542755 0.0
0.0 0.03654167801141739 0.0
0.0 0.0 0.0
0.0 0.0 0.019941776990890503
0.0 0.0 0.02192077413201332
0.0 0.0 0.0
0.0 0.0 0.0
0.0 0.0 0.0
0.0 0.0 0.0
0.0 0.0 0.0
0.0 0.0 0.0
0.0 0.0 0.0
0.0 0.0 0.0
0.0 0.0 0.0
0.0 0.0 0.0
0.0 0.0 0.0
0.0 0.0753878802061081 0.0
0.10804421454668045 0.11090059578418732 0.016871418803930283
0.32418474555015564 0.026348693296313286 0.054010797291994095
0.5566076040267944 0.014511477202177048 0.0
0.9992691874504089 0.011822748929262161 0.0
1.4604475498199463 0.0 0.0
1.6318261623382568 0.0 0.0
1.6647775173187256 0.0 0.0
1.805169701576233 0.010294094681739807 0.0
1.8869775533676147 0.21121229231357574 0.0
1.765103816986084 0.22412489354610443 0.0
1.7073156833648682 0.2826204299926758 0.0
1.7029366493225098 0.1961294710636139 0.0
1.5926662683486938 0.2223898470401764 0.12927944958209991
1.3650128841400146 0.36576539278030396 0.2877175807952881
1.3667231798171997 0.3248365819454193 0.42755138874053955
1.1676454544067383 0.4019124507904053 0.3905582129955292
0.7037267684936523 0.4511497914791107 0.2610907554626465
0.40727537870407104 0.4522115886211395 0.133139967918396
0.19441798329353333 0.4241567850112915 0.07109710574150085
0.0002506384626030922 0.3416840136051178 0.051797181367874146
0.0 0.18276414275169373 0.033851735293865204
0.0 0.048804737627506256 0.0
0.0 0.0 0.0
0.0 0.0 0.0
0.0 0.0 0.0
0.0 0.0 0.0
0.0 0.0 0.0
0.0 0.0 0.0
0.0 0.0 0.0
0.0 0.0 0.0
0.0 0.0 0.0
0.0 0.0 0.0
0.0 0.0 0.0
0.0 0.0 0.0
0.0 0.0 0.0
0.0 0.0 0.0
0.0 0.0 0.0
0.0 0.0 0.0
0.0 0.0 0.0
0.0 0.0 0.0059153735637664795
0.0 0.0 0.06991539895534515
0.21081213653087616 0.0 0.16028204560279846
0.38737252354621887 0.0 0.12378208339214325
0.2977350354194641 0.06470313668251038 0.037843480706214905
0.1882317215204239 0.1713278591632843 0.012524006888270378
0.3797297775745392 0.17218539118766785 0.0
0.8867685198783875 0.0766623243689537 0.0
1.4238998889923096 0.006658740341663361 0.0
1.6335021257400513 0.0 0.0
1.3818269968032837 0.0 0.006936162710189819
1.1067512035369873 0.06419926136732101 0.03310331702232361
0.992310106754303 0.5662485361099243 0.02824597992002964
0.9053261876106262 0.6820390224456787 0.0982612818479538
0.7590427398681641 0.47364696860313416 0.17838488519191742
0.5600526928901672 0.16040676832199097 0.17858675122261047
0.3885685205459595 0.0057359542697668076 0.12188830971717834
0.27348774671554565 0.0 0.09380794316530228
0.11691919714212418 0.0 0.06231872737407684
0.0 0.003941516391932964 0.020563291385769844
0.0 0.029805868864059448 0.0
0.0 0.0 0.0
0.015637846663594246 0.0 0.035310015082359314
0.0 0.0 0.023898368701338768
0.0 0.0 0.01639544405043125
0.0 0.0 0.030258795246481895
0.0 0.0 0.04827534407377243
0.0 0.0 0.02769923396408558
0.0 0.0 0.0
0.0 0.000664230901747942 0.0
0.0 0.03684460371732712 0.0010247444733977318
0.0 0.0 0.0
0.007903761230409145 0.0 0.0
0.03689439967274666 0.0 0.0
0.0 0.0 0.0
0.0 0.0 0.0
0.0 0.012591996230185032 0.0
0.0 0.0347585491836071 0.0
0.003193960525095463 0.0 0.02504725567996502
0.0 0.0 0.023751096799969673
0.0 0.0 0.003974461928009987
0.0 0.0 0.0
0.0 0.02615414187312126 0.011767936870455742
0.0 0.014245553873479366 0.04215060919523239
0.0 0.0058806901797652245 0.022500362247228622
0.0 0.013604123145341873 0.0
0.0 0.05207934230566025 0.0
0.0 0.02436196245253086 0.0
0.0 0.024154236540198326 0.0
0.007000951562076807 0.021925436332821846 0.0
0.0 0.0 0.0
0.0 0.03390513360500336 0.0
0.0 0.027560153976082802 0.0
0.0 0.0 0.0
0.036098115146160126 0.0 0.0
0.0 0.0 0.0
0.0 0.0 0.0
0.0 0.0 0.0
0.0 0.0 0.0
0.0 0.0 0.0
0.0 0.0 0.13955534994602203
0.22795383632183075 0.0 0.5506515502929688
0.9512465596199036 0.0 1.1843866109848022
1.9391053915023804 0.0 2.0267109870910645
3.2219629287719727 0.0 2.7355406284332275
4.1081318855285645 0.0 3.049635410308838
4.2427287101745605 0.0 3.06449818611145
4.709333419799805 0.0 3.139616012573242
5.274777889251709 0.0 3.43723464012146
5.803949356079102 0.0 3.656015634536743
6.314237594604492 0.0 3.5568432807922363
6.166355133056641 0.0 3.0253095626831055
5.584491729736328 0.0 1.7333745956420898
5.333866119384766 0.0 0.3549262285232544
5.013889312744141 0.3391180634498596 0.0
4.611129283905029 0.7611478567123413 0.0
4.190214157104492 1.3439310789108276 0.0
3.8973913192749023 1.7989665269851685 0.0
3.467104196548462 2.1604514122009277 0.0
2.2287681102752686 3.180511713027954 0.0
1.0246232748031616 3.8713598251342773 0.0
0.768905520439148 3.5483975410461426 0.0
0.4504111409187317 3.0160763263702393 0.0
0.0 3.080071210861206 0.0
0.0 2.6320035457611084 0.0
0.0 1.885618805885315 0.0
0.0 1.0760663747787476 0.0
0.0 0.48906734585762024 0.0
0.0 0.28265610337257385 0.0
0.0 0.0 0.0
0.0 0.0 0.0
0.0 0.0 0.0
0.0 0.0 0.0
0.0 0.0 0.0
0.0 0.0 0.0
0.0 0.0 0.0
0.0 0.0 0.0
0.0 0.0 0.0
0.0 0.0 0.0
0.0 0.0 0.0
0.0 0.0 0.0
0.0 0.0 0.0
0.0 0.0 0.0
0.0 0.0 0.0
0.0 0.0 0.0
0.0 0.0 0.0
0.0 0.0 0.0
0.0 0.2945082485675812 0.23258782923221588
0.0 0.21846938133239746 0.2927757799625397
0.0 0.0493200421333313 0.13240289688110352
0.3161521553993225 0.0 0.0
0.6070465445518494 0.0 0.04058908671140671
0.6074334979057312 0.17427103221416473 0.13957639038562775
0.4718751609325409 0.3413497805595398 0.16654010117053986
0.34149158000946045 0.46518704295158386 0.09833520650863647
0.3129699230194092 0.3537832796573639 0.05281991884112358
0.3713003396987915 0.09852194041013718 0.050438519567251205
0.3571552336215973 0.0 0.0529853031039238
0.17439261078834534 0.0 0.08002916723489761
0.0 0.055784597992897034 0.04184796288609505
0.0 0.023055948317050934 0.017537295818328857
0.0 0.0 0.001340216025710106
0.0 0.0 0.018440108746290207
0.0 0.0 0.004645997658371925
0.0 0.0 0.0
0.0 0.01588405668735504 0.0
0.0 0.0 0.0
0.07673156261444092 0.0 0.028847474604845047
0.08615782111883163 0.0 0.0525786355137825
0.0 0.07183973491191864 0.0
0.0 0.095340795814991 0.0
0.008078467100858688 0.050615936517715454 0.0
0.034417662769556046 0.03556295484304428 0.005204996094107628
0.036384403705596924 0.0 0.012506318278610706
0.004481334704905748 0.0 0.0
0.0 0.0 0.0
0.0 0.069815993309021 0.0062484219670295715
0.0 0.0802776888012886 0.03543320670723915
0.008253702893853188 0.01628592610359192 0.05616031959652901
0.03929524123668671 0.0 0.03920504078269005
0.030004538595676422 0.0 0.008124618791043758
0.0 0.032499782741069794 0.0066598812118172646
0.0 0.11852787435054779 0.04720144718885422
0.0 0.12033535540103912 0.11903303116559982
0.03217049688100815 0.14030291140079498 0.13692311942577362
0.032461315393447876 0.15953519940376282 0.11134877800941467
0.0 0.329873651266098 0.08765676617622375
0.0 0.2757824659347534 0.09836746752262115
0.0 0.14727933704853058 0.07944837212562561
0.0 0.0 0.09341026097536087
0.0 0.0 0.05417337268590927
0.08334898948669434 0.0 0.08274722844362259
0.0 0.19253575801849365 0.24017013609409332
0.0 0.14127975702285767 0.43811917304992676
0.0 0.0 0.4536086618900299
0.0 0.17035561800003052 0.09157001227140427
0.23048783838748932 0.27876147627830505 0.0
0.0 0.030864305794239044 0.0
0.0 0.0 0.0
0.0 0.02409828081727028 0.018585817888379097
0.0 0.0 0.0
0.0 0.0 0.0
0.0 0.0 0.0
0.0 0.0 0.0
0.0 0.10213235765695572 0.0
0.0 0.08394616097211838 0.0
0.0 0.11599837243556976 0.0
0.0 0.14558343589305878 0.0
0.0 0.11356504261493683 0.0
0.012463637627661228 0.0378766767680645 0.0
0.015328933484852314 0.0 0.0
0.02513682283461094 0.0006134598515927792 0.0
0.0 0.15167514979839325 0.0
0.0006951293908059597 0.2429611086845398 0.0
0.0774836540222168 0.16947545111179352 0.0
0.08553491532802582 0.0 0.0
0.11132709681987762 0.0 0.0
0.044371504336595535 0.0 0.0
0.0 0.12507016956806183 0.0
0.0 0.18653538823127747 0.033854253590106964
0.0 0.06628221273422241 0.05187799409031868
0.03531542420387268 0.0 0.01138756051659584
0.0 0.018851052969694138 0.0
0.0 0.08905650675296783 0.0
0.04235415905714035 0.081385537981987 0.0
0.0986856073141098 0.0 0.0
0.051832616329193115 0.0 0.0
0.0 0.04890056699514389 0.0
0.0 0.047713860869407654 0.0
0.023314421996474266 0.041108690202236176 0.0
0.05165578052401543 0.03981625661253929 0.0
0.024587413296103477 0.0 0.014433683827519417
0.0 0.003835085779428482 0.0
0.0 0.0007668579928576946 0.0
0.0 0.002701481804251671 0.0
0.027646375820040703 0.010970331728458405 0.03817290440201759
0.006277704145759344 0.022691436111927032 0.042270708829164505
0.0 0.005870644003152847 0.006677295081317425
0.0 0.0 0.0
0.0 0.030467864125967026 0.0
0.0 0.031368814408779144 0.0068456074222922325
0.024629812687635422 0.03229532763361931 0.023255474865436554
0.05127154663205147 0.0 0.011432369239628315
0.0324011854827404 0.0005142278969287872 0.0
0.0 0.06237279996275902 0.0
0.0 0.12204279005527496 0.0
0.0 0.1423533856868744 0.0
0.0 0.2861528992652893 0.0
0.10597899556159973 0.1137627512216568 0.0
0.1344897300004959 0.0 0.08198536932468414
0.05445721745491028 0.04988737031817436 0.1357836127281189
0.0 0.27232176065444946 0.13845476508140564
0.0 0.19744433462619781 0.03455446660518646
0.0 0.1797763854265213 0.0
0.06482809782028198 0.0 0.0
0.3375864028930664 0.0 0.0
