0.031049925833940506 0.006489366292953491 0.007845044136047363
0.030419420450925827 0.016017258167266846 0.00716930627822876
0.017890695482492447 0.02304181456565857 0.003340482711791992
0.025154564529657364 0.005060970783233643 0.0
0.02093169093132019 0.0 0.0
0.0 0.0 0.0
0.017795659601688385 0.0 0.0
0.013433307409286499 0.0 0.0
0.0 0.06866705417633057 0.0
0.0 0.025594651699066162 0.029119551181793213
0.0 0.0 0.0
0.0 0.06417688727378845 0.03278094530105591
0.0 0.01643049716949463 0.0025700926780700684
0.0 0.014796167612075806 0.0
0.0 0.028685033321380615 0.0
0.0 0.05214616656303406 0.00513845682144165
0.0 0.08355411887168884 0.0
0.010660335421562195 0.15198487043380737 0.13251042366027832
0.41509678959846497 0.0 0.0
0.017211182042956352 0.0 0.0
0.0 0.11330214142799377 0.0786898136138916
0.0 0.008801639080047607 0.026822149753570557
0.04616471752524376 0.0 0.051472365856170654
0.00587395578622818 0.0 0.016660869121551514
0.0 0.030965745449066162 0.01530468463897705
0.0030687544494867325 0.034660786390304565 0.0
0.029752403497695923 0.0014222264289855957 0.0
0.0015896521508693695 0.005488485097885132 0.0
0.01757195219397545 0.009684979915618896 0.001838982105255127
0.013303464278578758 0.008091360330581665 0.026466429233551025
0.0 0.015207439661026001 0.041158854961395264
0.0 0.011232167482376099 0.026202857494354248
0.0 0.031273216009140015 0.0
0.0 0.03379836678504944 0.0
0.005785049870610237 0.03558790683746338 0.0
0.0 0.024999648332595825 0.005680263042449951
0.0 0.01533663272857666 0.017405986785888672
0.0 0.001502692699432373 0.0
0.0 0.0017736256122589111 0.0
0.0 0.003714442253112793 0.0
0.0 0.00399366021156311 0.0
0.0 0.01598218083381653 0.0
0.0 0.01669427752494812 0.0
0.0 0.01043170690536499 0.0
0.0 0.00921526551246643 0.008273422718048096
0.0 0.008699029684066772 0.011806726455688477
0.0 0.01863330602645874 0.013456225395202637
0.0 0.03032439947128296 0.007591903209686279
0.0027952976524829865 0.022026628255844116 0.0
0.008101925253868103 0.018669068813323975 0.0
0.003196870908141136 0.014564663171768188 0.0025600790977478027
0.0 0.011697739362716675 0.0
0.005743442103266716 0.01304653286933899 0.00537562370300293
0.005050761625170708 0.010544747114181519 0.0017247796058654785
0.0015371348708868027 0.016454875469207764 0.0033579468727111816
0.0 0.015139609575271606 0.004120230674743652
0.0 0.017534464597702026 0.0051108598709106445
0.0 0.009995728731155396 0.010908126831054688
0.0 0.00849732756614685 0.013750314712524414
0.0 0.00869789719581604 0.007818222045898438
0.0 0.0061190128326416016 0.0
0.0 0.007323622703552246 0.0
0.0 0.007356405258178711 0.0
0.0 0.010324269533157349 0.0027649402618408203
0.0 0.010368019342422485 0.0010921955108642578
0.0 0.011439114809036255 0.0026195645332336426
0.0 0.006649374961853027 0.00417637825012207
0.0017237234860658646 0.01224622130393982 0.009940564632415771
0.0005732830613851547 0.016349703073501587 0.0024208426475524902
0.0 0.014779806137084961 0.0038556456565856934
0.0042640287429094315 0.009355336427688599 0.0005074739456176758
0.001388799399137497 0.008539527654647827 0.004034698009490967
0.0 0.008375942707061768 0.0
0.0 0.007487446069717407 0.0
0.0 0.005020171403884888 0.0073738694190979
0.0 0.006649196147918701 0.009442627429962158
0.0 0.008929073810577393 0.004674315452575684
0.0 0.010089367628097534 0.008408904075622559
0.0 0.011367231607437134 0.009850740432739258
0.0 0.010780125856399536 0.005076050758361816
0.0 0.009461075067520142 0.0037989020347595215
0.0 0.00639188289642334 0.0012259483337402344
0.0004873182624578476 0.006502062082290649 0.002237856388092041
0.0 0.00947156548500061 0.0023873448371887207
0.0 0.012659072875976562 0.003402888774871826
0.0 0.005327939987182617 0.003252863883972168
0.00268532894551754 0.007452338933944702 0.00255507230758667
0.0012060664594173431 0.010691910982131958 0.0021356940269470215
0.0 0.00913172960281372 0.0022698044776916504
0.0 0.009591162204742432 0.009264469146728516
0.0 0.008379757404327393 0.014225959777832031
0.0 0.008418291807174683 0.014435946941375732
0.0 0.005689889192581177 0.00930929183959961
0.0 0.0029107630252838135 0.0015932321548461914
0.0 0.004286706447601318 0.0
0.0 0.00853574275970459 0.0
0.0 0.011407643556594849 0.0
0.0 0.009187161922454834 0.0
0.0 0.008095711469650269 0.0019254684448242188
0.0008181892335414886 0.007876187562942505 0.0060520172119140625
0.0 0.004338741302490234 0.010321378707885742
0.0010349191725254059 0.006007134914398193 0.011947453022003174
0.0 0.009000599384307861 0.009930193424224854
0.0 0.008807539939880371 0.007186591625213623
0.0 0.002971947193145752 0.007483363151550293
0.0 0.008197754621505737 0.006159305572509766
0.0 0.011555582284927368 0.0
0.0 0.007710129022598267 0.0
0.0 0.005432099103927612 0.0
0.0015078447759151459 0.004419267177581787 0.012034058570861816
0.0053335316479206085 0.004073202610015869 0.014157235622406006
0.0 0.010237723588943481 0.014074206352233887
0.0 0.008071810007095337 0.004973053932189941
0.0 0.007662385702133179 0.0
0.0 0.006659120321273804 0.0
0.0 0.007459193468093872 0.0010019540786743164
0.0 0.0072702765464782715 0.0020308494567871094
0.0 0.006228268146514893 0.0037343502044677734
0.0 0.0 0.0023955702781677246
0.0 0.00019314885139465332 0.0
0.0010429229587316513 0.0034730732440948486 0.0048375725746154785
0.0 0.007508784532546997 0.004908084869384766
0.0 0.0124301016330719 0.0036205053329467773
0.0023146439343690872 0.006091296672821045 0.0
0.001218494027853012 0.005917727947235107 0.0
0.005145065486431122 0.01125723123550415 0.005677402019500732
0.0 0.010342627763748169 0.008623719215393066
0.0 0.0018129050731658936 0.006328225135803223
0.0 0.004078000783920288 0.00567018985748291
0.0 0.004390120506286621 0.008880019187927246
0.007006729021668434 0.011667132377624512 0.011258602142333984
0.08000242710113525 0.049494653940200806 0.023237764835357666
0.10371081531047821 0.0863555371761322 0.0
0.12925271689891815 0.1051417887210846 0.0035223960876464844
0.15408171713352203 0.10377934575080872 0.015160441398620605
0.11458504945039749 0.1115507185459137 0.04011642932891846
0.1838352531194687 0.12149664759635925 0.01301664113998413
0.23028476536273956 0.1356613039970398 0.003151834011077881
0.17805986106395721 0.18418145179748535 0.0
0.14624269306659698 0.14456844329833984 0.0
0.06828765571117401 0.03551265597343445 0.0
0.0460658073425293 0.03835529088973999 0.0
0.008893370628356934 0.03396448493003845 0.0
0.0 0.0 0.0
0.0 0.0 0.0
0.0 0.0 0.0
0.0 0.0 0.004688680171966553
0.0 0.0 0.03252369165420532
0.0 0.0 0.04687535762786865
0.0 0.0 0.03998678922653198
0.0 0.0 0.03627800941467285
0.0 0.0 0.05217677354812622
0.0 0.0 0.09457731246948242
0.0 0.0 0.09469342231750488
0.0 0.0224151611328125 0.0941275954246521
0.0 0.05842924118041992 0.05647391080856323
0.0 0.06780678033828735 0.06707078218460083
0.0 0.10381785035133362 0.02538013458251953
0.0 0.1264493763446808 0.013973534107208252
0.0 0.1707460582256317 0.018660128116607666
0.09988348186016083 0.22537606954574585 0.002167999744415283
0.16801254451274872 0.1962488889694214 0.0
0.20085418224334717 0.17204925417900085 0.0
0.21426594257354736 0.1657392382621765 0.0
0.231625497341156 0.16290691494941711 0.0
0.23026590049266815 0.1588413417339325 0.008036315441131592
0.21108394861221313 0.12426739931106567 0.0
0.21202291548252106 0.10259965062141418 0.0
0.2063370943069458 0.10004720091819763 0.0
0.2028111219406128 0.10825693607330322 0.0
0.17700669169425964 0.12892526388168335 0.00667262077331543
0.14921888709068298 0.1576855182647705 0.0
0.12713178992271423 0.15365388989448547 0.0
0.03268725052475929 0.14421790838241577 0.0
0.017620116472244263 0.11485359072685242 0.0
0.050221651792526245 0.1147434413433075 0.0
0.0 0.07881435751914978 0.0
0.0 0.03960356116294861 0.0
0.0 0.0 0.0
0.0 0.0 0.04989123344421387
0.0 0.0 0.05764460563659668
0.0 0.0 0.07272201776504517
0.0 0.0 0.06681996583938599
0.0 0.0 0.03609013557434082
0.0 0.0 0.04781728982925415
0.0 0.0 0.049713850021362305
0.0 0.0 0.05353868007659912
0.0 0.0 0.04740023612976074
0.0 0.0 0.05322134494781494
0.0 0.0 0.039505720138549805
0.0 0.0 0.005382716655731201
0.0 0.0 0.008900105953216553
0.0 0.04750478267669678 0.011365175247192383
0.0 0.06233283877372742 0.0
0.0 0.050710588693618774 0.0
0.0 0.03536146879196167 0.025562644004821777
0.06012387573719025 0.06012830138206482 0.020424962043762207
0.08266735076904297 0.07049345970153809 0.006863892078399658
0.06501688063144684 0.10673296451568604 0.0
0.03896239772439003 0.11388564109802246 0.0
0.03359368443489075 0.11276456713676453 0.0
0.08702175319194794 0.11881372332572937 0.02860093116760254
0.1509278118610382 0.09825721383094788 0.003648102283477783
0.15627165138721466 0.09868714213371277 0.0
0.1363566815853119 0.12070086598396301 0.0
0.10479038208723068 0.13015788793563843 0.0
0.07191342115402222 0.1348365843296051 0.0
0.0843578577041626 0.13048046827316284 0.0
0.14624163508415222 0.10347408056259155 0.0
0.17492319643497467 0.06238403916358948 0.0
0.10740324854850769 0.05717188119888306 0.0
0.05208998918533325 0.06043335795402527 0.0
0.032691240310668945 0.06408539414405823 0.02084416151046753
0.011846370995044708 0.08350595831871033 0.027319014072418213
0.022031225264072418 0.08155891299247742 0.0030532479286193848
0.013091832399368286 0.055994659662246704 0.0
0.0 0.02091503143310547 0.0
0.0 0.018845438957214355 0.0
0.0 0.02276429533958435 0.010423898696899414
0.0 0.011213839054107666 0.022709369659423828
0.0 0.0 0.014723420143127441
0.0 0.0 0.025092244148254395
0.0 0.0 0.03349757194519043
0.0 0.0 0.05465739965438843
0.0 0.0 0.07029008865356445
0.0 0.0 0.06496304273605347
0.0 0.0 0.05317270755767822
0.0 0.0 0.05130833387374878
0.0 0.0 0.04328674077987671
0.0 0.0 0.047468483448028564
0.0 0.0 0.033835649490356445
0.0 0.0 0.02844792604446411
0.0 0.0 0.04271876811981201
0.0 0.023299336433410645 0.04809713363647461
0.0 0.027099698781967163 0.039435744285583496
0.0 0.04162323474884033 0.019679725170135498
0.0 0.059894710779190063 0.0414043664932251
0.0 0.08683761954307556 0.03558152914047241
0.01725604198873043 0.09650593996047974 0.03274679183959961
0.062369562685489655 0.11367528140544891 0.03026878833770752
0.12480400502681732 0.12139888107776642 0.004814267158508301
0.15650315582752228 0.11556452512741089 0.0
0.18350081145763397 0.1303120106458664 0.0
0.1894710659980774 0.13907261192798615 0.0
0.17960993945598602 0.1496654599905014 0.0
0.14956676959991455 0.12453626096248627 0.0
0.11604665964841843 0.09300804138183594 0.0
0.11341594159603119 0.08682607114315033 0.0
0.11147921532392502 0.07814793288707733 0.0
0.0985754057765007 0.09439675509929657 0.0
0.0977867841720581 0.09940138459205627 0.0
0.06781664490699768 0.09416435658931732 0.0
0.04931318759918213 0.0983736515045166 0.0
0.01687777042388916 0.08900010585784912 0.0005220770835876465
0.008707396686077118 0.0740935206413269 0.009209275245666504
0.010944083333015442 0.05182108283042908 0.0037831664085388184
0.0 0.05004724860191345 0.01256793737411499
0.0 0.042500823736190796 0.024883747100830078
0.0 0.033954918384552 0.035688161849975586
0.0 0.009974360466003418 0.05196446180343628
0.0 0.008608520030975342 0.0560457706451416
0.0 0.0 0.057177603244781494
0.0 0.0 0.05176210403442383
0.0 0.0 0.040453553199768066
0.0 0.0 0.04292267560958862
0.0 0.0 0.03540438413619995
0.0 0.0 0.033991456031799316
0.0 0.0 0.028742194175720215
0.0 0.0 0.017519056797027588
0.0 0.0 0.01191723346710205
0.0 0.0 0.010214567184448242
0.0 0.0 0.024121642112731934
0.0 0.0 0.043973326683044434
0.0 0.0 0.06754165887832642
0.0 0.02534160017967224 0.07866638898849487
0.0 0.039616018533706665 0.07150590419769287
0.0 0.039323315024375916 0.07742267847061157
0.0 0.04769989848136902 0.06159985065460205
0.0 0.06817848980426788 0.04803091287612915
0.0 0.1022559404373169 0.008814036846160889
0.022439584136009216 0.11165069043636322 0.0
0.07013212889432907 0.1253681480884552 0.0
0.09894849359989166 0.1313077211380005 0.0
0.11437574028968811 0.1367759257555008 0.0
0.1346321403980255 0.15550430119037628 0.0
0.15423984825611115 0.16796548664569855 0.0
0.18148952722549438 0.15710285305976868 0.0
0.16537992656230927 0.16146522760391235 0.0
0.14314064383506775 0.14199595153331757 0.0
0.11808043718338013 0.11963130533695221 0.0
0.10493165254592896 0.1088285893201828 0.0
0.09815041720867157 0.10371416807174683 0.0
0.12135421484708786 0.09819097816944122 0.0
0.09182696044445038 0.0852680504322052 0.0
0.0637107640504837 0.0899241715669632 0.0
0.0 0.05891330540180206 0.0238189697265625
0.0 0.029721498489379883 0.05034530162811279
0.0 0.0 0.06818979978561401
0.0 0.0 0.06444054841995239
0.0 0.0 0.04438823461532593
0.0 0.0 0.04326474666595459
0.0 0.0 0.046818315982818604
0.0 0.0 0.05415922403335571
0.0 0.0 0.06141030788421631
0.0 0.0 0.05882900953292847
0.0 0.0 0.03746563196182251
0.0 0.0 0.021790504455566406
0.0 0.0 0.0007326602935791016
0.0 0.0018050074577331543 0.0
0.0 0.012979239225387573 0.0
0.0 0.01998347043991089 0.0
0.005558706820011139 0.016935884952545166 0.0
0.018400318920612335 0.0055204033851623535 0.0
0.028908170759677887 0.00667901337146759 0.0
0.033207476139068604 0.009933874011039734 0.00270235538482666
0.027186408638954163 0.013241127133369446 0.0058348774909973145
0.032590366899967194 0.02023601531982422 0.007401943206787109
0.021940216422080994 0.020627886056900024 0.008702635765075684
0.016811653971672058 0.024268120527267456 0.010328888893127441
0.0 0.012277752161026001 0.007381081581115723
0.006322696805000305 0.025627031922340393 0.0017883777618408203
0.008559256792068481 0.008127138018608093 0.01813328266143799
0.0 0.0 0.013003110885620117
0.0 0.0002882033586502075 0.006384789943695068
0.0 0.0 0.008068561553955078
0.0 0.0 0.017649173736572266
0.0 0.17891739308834076 0.0
0.0 0.0 0.0
0.14485643804073334 0.0 0.043761610984802246
0.03202008455991745 0.0 0.00911802053451538
0.006334319710731506 0.007120966911315918 0.0
0.012478679418563843 0.02294301986694336 0.0021491050720214844
0.032247185707092285 0.013037621974945068 0.0031937360763549805
0.021465301513671875 0.03530934453010559 0.012361884117126465
0.0003886967897415161 0.02240350842475891 0.007890880107879639
0.0 0.04593417048454285 0.0
0.0 0.05429759621620178 0.0
0.024899981915950775 0.014950141310691833 0.032993972301483154
0.05699164420366287 0.0 0.029134154319763184
0.010280698537826538 0.0 0.02496546506881714
0.0 0.009101033210754395 0.01587778329849243
0.0 0.008528739213943481 0.010967791080474854
0.003721684217453003 0.0002697408199310303 0.011446535587310791
0.0 0.0003636479377746582 0.012456536293029785
0.0015197917819023132 0.0054770708084106445 0.01155698299407959
0.004332713782787323 0.007256299257278442 0.014586389064788818
0.0 0.0 0.0016829967498779297
0.0 0.0036067962646484375 0.009129345417022705
0.0 0.0 0.009903550148010254
0.0038068220019340515 0.008626699447631836 0.0
0.006087101995944977 0.013746306300163269 0.0019353628158569336
0.00675538182258606 0.013776734471321106 0.0
0.01188388466835022 0.008705571293830872 0.0003421902656555176
0.003731362521648407 0.00033454596996307373 0.0
0.0 0.013939574360847473 0.0062277913093566895
0.0057116299867630005 0.01417309045791626 0.012530148029327393
0.003516256809234619 0.008387714624404907 0.0
0.0 0.0007132291793823242 0.01202404499053955
0.0 0.0 0.01695460081100464
0.0025852397084236145 0.0 0.008530259132385254
0.0 0.03444787859916687 0.014940619468688965
0.0 0.04761272668838501 0.0
0.015277653932571411 0.0 0.024857044219970703
0.09509836137294769 0.06952369213104248 0.0
0.1307322382926941 0.12338945269584656 0.0
0.08268377184867859 0.16824200749397278 0.0
0.17336037755012512 0.28968220949172974 0.0
0.1129499077796936 0.2843308448791504 0.0
0.3727191686630249 0.03927558660507202 0.0
0.0 0.4760558605194092 0.0
0.07827973365783691 0.2169734239578247 0.0
0.0 0.193617045879364 0.0
0.0 0.200120210647583 0.0
0.0 0.07831442356109619 0.0
0.0 0.1151421070098877 0.0
0.0 0.040606677532196045 0.0
0.0 0.0 0.03687870502471924
0.0 0.0 0.28484809398651123
0.0 0.06943035125732422 0.5396535396575928
0.0 0.20120146870613098 0.7153979539871216
0.0 0.4564392566680908 0.8022310733795166
0.0 0.6183302402496338 0.6514581441879272
0.0 0.711122989654541 0.5390629768371582
0.0 0.6256063580513 0.542832612991333
0.0 0.5675549507141113 0.5180180072784424
0.0 0.6288989782333374 0.4788694381713867
0.07863983511924744 0.65704345703125 0.3513185977935791
0.07592540979385376 0.6467400789260864 0.3424246311187744
0.3683686852455139 0.4644952416419983 0.4389837384223938
0.21378687024116516 0.2772824764251709 0.6815659999847412
0.0 0.24096739292144775 0.7070788145065308
0.0 0.39378243684768677 0.378454327583313
0.0 0.3457450866699219 0.2736426591873169
0.0 0.33262109756469727 0.3611196279525757
0.0 0.41095346212387085 0.3773663640022278
0.0 0.5352782607078552 0.25678038597106934
0.0 0.5160301327705383 0.0
0.0 0.43364256620407104 0.0
0.01961548626422882 0.43547433614730835 0.0
0.06497414410114288 0.42474842071533203 0.0
0.0 0.2632507085800171 0.0
0.0 0.18004772067070007 0.0
0.0 0.05761359632015228 0.0
0.0 0.0 0.0
0.0 0.0 0.04909086227416992
0.0 0.0 0.06095528602600098
0.019815593957901 0.0 0.05112791061401367
0.051560863852500916 0.025050759315490723 0.03772836923599243
0.07192596793174744 0.039569392800331116 0.04453343152999878
0.06261137127876282 0.03595608472824097 0.05487644672393799
0.030050158500671387 0.027413994073867798 0.06889218091964722
0.004592284560203552 0.014056295156478882 0.07021290063858032
0.0 0.0 0.04464966058731079
0.0 0.002372056245803833 0.02929908037185669
0.0 0.0016281604766845703 0.0016724467277526855
0.0 0.0068781375885009766 0.0
0.005634024739265442 0.016883820295333862 0.0
0.012799739837646484 0.015200227499008179 0.0
0.0 0.022029638290405273 0.0
0.002935469150543213 0.005693554878234863 0.0
0.0 0.0 0.0
0.0 0.0 0.0
0.006363138556480408 0.0019863545894622803 0.014287173748016357
0.0 0.010376274585723877 0.019195497035980225
0.006764650344848633 0.022570371627807617 0.020470857620239258
0.005656391382217407 0.02620646357536316 0.004241347312927246
0.013769030570983887 0.02445104718208313 0.0029665231704711914
0.019745543599128723 0.01597580313682556 0.008485019207000732
0.010213419795036316 0.009377837181091309 0.01026242971420288
0.0 0.005869805812835693 0.008647918701171875
0.0 0.00759473443031311 0.0
0.0 0.0 0.0
0.0 0.0019316673278808594 0.0
0.0 0.008785992860794067 0.0
0.007596895098686218 0.014261811971664429 0.0015690326690673828
0.006524756550788879 0.009385854005813599 0.005918920040130615
0.0 0.01207667589187622 0.008972525596618652
0.0 0.011142104864120483 0.013715505599975586
0.0 0.00813344120979309 0.007196545600891113
0.0 0.013615250587463379 0.004285931587219238
0.0007202476263046265 0.013836026191711426 0.0
0.0 0.010923326015472412 0.0
0.0 0.00968027114868164 0.0
0.0 0.005735248327255249 0.005378365516662598
0.0 0.004219681024551392 0.014362215995788574
0.0 0.00814172625541687 0.009759664535522461
0.0 0.020846277475357056 0.010532855987548828
0.0038251131772994995 0.014431953430175781 0.010325968265533447
0.0 0.015414655208587646 0.017284274101257324
0.006527051329612732 0.0025744736194610596 0.014101028442382812
0.00957915186882019 0.0 0.01262277364730835
0.0019255131483078003 0.0 0.00738370418548584
0.0 0.008850574493408203 0.008531928062438965
0.0 0.0013863444328308105 0.0018538832664489746
0.013880893588066101 0.0048916637897491455 0.0
0.0035024285316467285 0.007511645555496216 0.0023825764656066895
0.003154471516609192 0.007853984832763672 0.0006308555603027344
0.0 0.003393232822418213 0.0
0.0 0.0005034506320953369 0.008088469505310059
0.0 0.006418973207473755 0.010092616081237793
0.0 0.007831871509552002 0.006392300128936768
0.0 0.004894256591796875 0.0
0.0 0.004919767379760742 0.0
0.0 0.008180409669876099 0.005313754081726074
0.0 0.012803643941879272 0.0
0.001741752028465271 0.014668762683868408 0.0
0.0004854053258895874 0.012662559747695923 0.0
0.0018988102674484253 0.010086894035339355 0.0
0.008818864822387695 0.009495973587036133 0.005865037441253662
0.0062447041273117065 0.004345327615737915 0.014778196811676025
0.0011592060327529907 0.0002804398536682129 0.01672375202178955
0.0 0.005586147308349609 0.021020114421844482
0.0 0.005956470966339111 0.007007122039794922
0.0 0.004578590393066406 0.002588808536529541
0.0 0.007323473691940308 0.0
0.0 0.006345003843307495 0.0
0.0 0.006074130535125732 0.005042016506195068
0.0029190778732299805 0.004263728857040405 0.002887725830078125
0.0022074133157730103 0.005176752805709839 0.009041666984558105
0.0007088184356689453 0.008834630250930786 0.004078865051269531
0.004158884286880493 0.008687525987625122 0.001644134521484375
0.0 0.008252590894699097 0.002765178680419922
0.0 0.009442299604415894 0.005119740962982178
0.0 0.009968340396881104 0.006086528301239014
0.0 0.004323124885559082 0.003457188606262207
0.0 0.0008522272109985352 0.009308099746704102
0.002209588885307312 0.004421740770339966 0.007222890853881836
0.004733920097351074 0.016568899154663086 0.0
0.011277392506599426 0.039531320333480835 0.0
0.005742698907852173 0.058113813400268555 0.0
0.0 0.09956333041191101 0.0
0.0 0.15141937136650085 0.0
0.0 0.06422173976898193 0.0
0.0 0.1766757369041443 0.0
0.0 0.28646785020828247 0.0
0.0 0.2881584167480469 0.0
0.0 0.2840627431869507 0.12527596950531006
0.06263002753257751 0.2425745129585266 0.33585238456726074
0.08033201098442078 0.20024514198303223 0.39691299200057983
0.06941014528274536 0.1237449049949646 0.4774124026298523
0.10912899672985077 0.07486134767532349 0.4984142780303955
0.0623352974653244 0.05677533149719238 0.4680524468421936
0.009934060275554657 0.04317808151245117 0.4266541600227356
0.0 0.0563015341758728 0.3867000341415405
0.0 0.04010903835296631 0.3423767685890198
0.0 0.044367969036102295 0.3593880534172058
0.0 0.07580560445785522 0.36083728075027466
0.0 0.07579010725021362 0.2889706492424011
0.0 0.07480424642562866 0.22523915767669678
0.0 0.0965237021446228 0.18890666961669922
0.0 0.11906152963638306 0.11559230089187622
0.0 0.14379948377609253 0.11569291353225708
0.0 0.12800976634025574 0.016658306121826172
0.0 0.09632259607315063 0.0
0.0 0.0564417839050293 0.0
0.0 0.05305406451225281 0.0
0.0 0.09796476364135742 0.0
0.0 0.1450362652540207 0.0
0.0 0.15545372664928436 0.0
0.0 0.12641620635986328 0.0
0.0 0.09176234900951385 0.0
0.0 0.05743521451950073 0.0
0.0 0.10368272662162781 0.0
0.0 0.15171954035758972 0.0
0.0 0.3765401840209961 0.0
0.0 0.22485893964767456 0.0
0.0 0.22662293910980225 0.07825887203216553
0.032442331314086914 0.2043071985244751 0.08357316255569458
0.07342028617858887 0.25581490993499756 0.2410956621170044
0.07956458628177643 0.20698684453964233 0.26861774921417236
0.02971465513110161 0.10520416498184204 0.23152172565460205
0.06301654875278473 0.066375732421875 0.2796657085418701
0.028108343482017517 0.04244130849838257 0.2776920199394226
0.009914889931678772 0.06319999694824219 0.2847630977630615
0.0132618248462677 0.02876335382461548 0.28602051734924316
0.0 0.004761636257171631 0.2715756893157959
0.0 0.012633919715881348 0.2864021062850952
0.008509621024131775 0.016126632690429688 0.30328238010406494
0.0 0.043530821800231934 0.27265334129333496
0.0 0.018964052200317383 0.1552727222442627
0.0 0.02062392234802246 0.15768319368362427
0.0 0.0 0.17870593070983887
0.0 0.04138970375061035 0.1505948305130005
0.0 0.09796410799026489 0.13744497299194336
0.014256000518798828 0.11148101091384888 0.021729648113250732
0.05307401716709137 0.07965093851089478 0.0
0.019139796495437622 0.024745970964431763 0.0
0.0019471943378448486 0.04356664419174194 0.0
0.008580729365348816 0.08025847375392914 0.0
0.009605646133422852 0.06884770095348358 0.0
0.0 0.06415580213069916 0.0
0.0 0.04288609325885773 0.0
0.0 0.04679879546165466 0.0
0.0 0.014035254716873169 0.0
0.0 0.0549604594707489 0.0
0.0 0.10471317172050476 0.0
0.0 0.11517766118049622 0.0
0.0 0.15125983953475952 0.0
0.0 0.159501850605011 0.0
0.019794568419456482 0.23185670375823975 0.013158202171325684
0.0 0.22413986921310425 0.02946603298187256
0.027478717267513275 0.21802031993865967 0.16455399990081787
0.051649704575538635 0.15868473052978516 0.18584251403808594
0.07055434584617615 0.09626758098602295 0.24966949224472046
0.06074947863817215 0.09176617860794067 0.272529661655426
0.03592066466808319 0.04330325126647949 0.30011773109436035
0.015095613896846771 0.017607569694519043 0.29642176628112793
0.0 0.004480600357055664 0.2895593047142029
0.0 0.0 0.2724871039390564
0.0 0.0 0.22819054126739502
0.0 0.0 0.22695231437683105
0.0 0.0 0.22700536251068115
0.0 0.010930776596069336 0.22266238927841187
0.0 0.04023188352584839 0.23654478788375854
0.0 0.04532986879348755 0.19722867012023926
0.0 0.04002255201339722 0.19113433361053467
0.0 0.08681893348693848 0.1853819489479065
0.0 0.09853294491767883 0.06353622674942017
0.0 0.06347349286079407 0.0
0.0 0.032090723514556885 0.0
0.017397508025169373 0.06666302680969238 0.0
0.01969468593597412 0.10690081119537354 0.0
0.02476927638053894 0.13955706357955933 0.0
0.0 0.12519919872283936 0.0
0.0 0.1167776882648468 0.0
0.0 0.08033555746078491 0.0
0.0 0.026760727167129517 0.0
0.0 0.04979938268661499 0.0
0.0 0.09034034609794617 0.0
0.0 0.16386470198631287 0.0
0.0 0.19285929203033447 0.0
0.0 0.1356128454208374 0.0
0.0 0.2707694172859192 0.005510449409484863
0.0 0.3166976571083069 0.060201168060302734
0.0 0.20122164487838745 0.21857720613479614
0.043430082499980927 0.08956402540206909 0.27448123693466187
0.1137661337852478 0.06860345602035522 0.2560844421386719
0.06328511983156204 0.12188571691513062 0.3023979067802429
0.04269123822450638 0.0956190824508667 0.3045981526374817
0.030123062431812286 0.057856619358062744 0.2997633218765259
0.016947045922279358 0.02632218599319458 0.2941082715988159
0.008512288331985474 0.004406750202178955 0.2950063943862915
0.0 0.0 0.23727399110794067
0.0 0.0 0.2200598120689392
0.005980923771858215 0.0 0.23717212677001953
0.0037803351879119873 0.043250977993011475 0.19094914197921753
0.0 0.036819636821746826 0.0896267294883728
0.0 0.0 0.02063584327697754
0.0 0.02411121129989624 0.04482913017272949
0.0 0.052372634410858154 0.1152111291885376
0.02360571175813675 0.09437364339828491 0.1342591643333435
0.0320427268743515 0.08455216884613037 0.1171296238899231
0.013435453176498413 0.049923598766326904 0.0
0.04360207915306091 0.03502348065376282 0.0
0.04852643609046936 0.06052809953689575 0.0
0.01476818323135376 0.04121646285057068 0.0
0.0 0.03834041953086853 0.0
0.0 0.004950299859046936 0.0
0.0 0.04317924380302429 0.0
0.0 0.05122494697570801 0.0
0.0 0.09153182804584503 0.0
0.0 0.06527912616729736 0.0
0.0 0.13061687350273132 0.0
0.0 0.13081803917884827 0.0
0.0 0.14883747696876526 0.0
0.0 0.15086543560028076 0.0
0.0 0.07470029592514038 0.0
0.0 0.24529582262039185 0.0
0.04293741285800934 0.28675228357315063 0.11938011646270752
0.07344292104244232 0.15577435493469238 0.23270511627197266
0.02899465709924698 0.13944363594055176 0.19119477272033691
0.0 0.06840658187866211 0.18599426746368408
0.0 0.027022957801818848 0.12095731496810913
0.04237682372331619 0.023586034774780273 0.15192759037017822
0.040879420936107635 0.02947455644607544 0.2614538073539734
0.0036404281854629517 0.01843118667602539 0.3112289309501648
0.0 0.011923909187316895 0.3425678014755249
0.0 0.0 0.28673088550567627
0.0 0.0 0.22560763359069824
0.0 0.0 0.22067034244537354
0.0 0.0 0.2662290334701538
0.0 0.042889416217803955 0.23684650659561157
0.0 0.012839734554290771 0.22552251815795898
0.0 0.02089381217956543 0.23879212141036987
0.0 0.05921274423599243 0.23204147815704346
0.0 0.09720602631568909 0.19262826442718506
0.004540681838989258 0.11995193362236023 0.10834836959838867
0.0 0.092317134141922 0.0
0.0 0.0389149934053421 0.0
0.0 0.02807210385799408 0.0
0.0 0.1071770191192627 0.0
0.0 0.15863673388957977 0.0
0.0 0.17315664887428284 0.0
0.0 0.1408955454826355 0.0
0.0 0.1499418467283249 0.0
0.0 0.12932953238487244 0.0
0.0 0.21199823915958405 0.0
0.0 0.15081721544265747 0.0
0.0 0.12855958938598633 0.0
0.0 0.14351391792297363 0.0
0.0 0.258512020111084 0.0
0.0 0.36726534366607666 0.04864072799682617
0.06803540885448456 0.1336396336555481 0.32254958152770996
0.06777991354465485 0.17434465885162354 0.12759530544281006
0.017334364354610443 0.18827807903289795 0.3151453733444214
0.017086267471313477 0.12022209167480469 0.24048757553100586
0.06597545742988586 0.013138234615325928 0.21002525091171265
0.07121333479881287 0.033760249614715576 0.22803044319152832
0.07110272347927094 0.06500136852264404 0.2725561857223511
0.06594190746545792 0.049431443214416504 0.3046400547027588
0.0 0.0327414870262146 0.22625815868377686
0.0 0.0 0.1933056116104126
0.0 0.0 0.1440800428390503
0.0 0.0 0.12712061405181885
0.006283298134803772 0.016043126583099365 0.1628100872039795
0.0 0.04895782470703125 0.18602454662322998
0.0 0.06353360414505005 0.14907944202423096
0.0 0.0 0.01805126667022705
0.0 0.0 0.0
0.038228750228881836 0.1589287519454956 0.0
0.0 0.07225900888442993 0.07954621315002441
0.03166000545024872 0.055513978004455566 0.01148974895477295
0.05335652828216553 0.026571571826934814 0.012264370918273926
0.02298271656036377 0.0 0.0
0.06828349828720093 0.02117064595222473 0.0
0.004494994878768921 0.049232423305511475 0.0
0.0 0.038073599338531494 0.0
0.0 0.052624255418777466 0.0
0.0 0.012951701879501343 0.0
0.0 0.010408163070678711 0.0
0.0 0.0 0.0
0.0 0.043684810400009155 0.0
0.0 0.0403783917427063 0.0
0.0 0.011761724948883057 0.0
0.0 0.001858144998550415 0.019906163215637207
0.0 0.0 0.039879798889160156
0.0 0.0 0.030722856521606445
0.0013356655836105347 0.001106351613998413 0.03865689039230347
0.009587258100509644 0.012119293212890625 0.04573702812194824
0.0014102160930633545 0.009909510612487793 0.032909393310546875
0.0 0.006362259387969971 0.01949256658554077
0.0 0.0 0.010683655738830566
0.0 0.007281601428985596 0.0
0.00035244226455688477 0.00720977783203125 0.0
0.0 0.013795822858810425 0.0
0.001662328839302063 0.012125998735427856 0.0
0.003504514694213867 0.00774991512298584 0.0
0.005285829305648804 0.010647565126419067 0.0
0.01134510338306427 0.00844612717628479 0.0021753311157226562
0.014645829796791077 0.01450645923614502 0.005017757415771484
0.00545307993888855 0.017347753047943115 0.012010574340820312
0.0016956329345703125 0.01238405704498291 0.002483844757080078
0.0 0.015160441398620605 0.0
0.0 0.008904606103897095 0.0
0.0 0.0067987143993377686 0.00010383129119873047
0.0 0.003582388162612915 0.0031613707542419434
0.0 0.00457039475440979 0.0
0.0 0.0023443400859832764 0.0033963918685913086
0.0 0.003666430711746216 0.0033644437789916992
0.0 0.004244357347488403 0.0
0.003248155117034912 0.0198727548122406 0.0012871026992797852
0.008822590112686157 0.01166507601737976 0.0016643404960632324
0.013237744569778442 0.009934544563293457 0.0
0.0 0.01359468698501587 0.01819080114364624
0.008034497499465942 0.016062796115875244 0.010247588157653809
0.014230102300643921 0.0 0.015780091285705566
0.01500643789768219 0.004256248474121094 0.022143900394439697
0.0 0.01375579833984375 0.02337479591369629
0.0 0.00967341661453247 0.012202203273773193
0.002545759081840515 0.0035786032676696777 0.0
0.0 0.005855292081832886 0.0
0.0 0.008360058069229126 0.0
0.0 0.00388944149017334 0.0
0.00035028159618377686 0.005622893571853638 0.006058692932128906
0.0 0.00579109787940979 0.00930863618850708
0.0 0.007885962724685669 0.00634312629699707
0.0 0.0032298266887664795 0.0
0.0 0.007562071084976196 0.0
0.0 0.006108075380325317 0.0
0.005765587091445923 0.009276866912841797 0.004401743412017822
0.007198616862297058 0.011702418327331543 0.0034984350204467773
0.00986751914024353 0.011768490076065063 0.0052329301834106445
0.0 0.006253540515899658 0.002430140972137451
0.0008840560913085938 0.0037814974784851074 0.0
0.00023412704467773438 0.0012947022914886475 0.0
0.0 0.01645052433013916 0.008381843566894531
0.0010861903429031372 0.005029767751693726 0.005211532115936279
0.0028513669967651367 0.008171707391738892 0.009583532810211182
0.0011473894119262695 0.01130571961402893 0.010476410388946533
0.007203385233879089 0.0028246939182281494 0.00809866189956665
0.0009599626064300537 0.0035417675971984863 0.010851025581359863
0.0 0.007291555404663086 0.0
0.0 0.01003885269165039 0.0
0.0 0.006059736013412476 0.0
0.0 0.011018306016921997 0.001796722412109375
0.0 0.008936703205108643 0.004408836364746094
0.005563616752624512 0.0038743317127227783 0.011296212673187256
0.005285441875457764 0.007621973752975464 0.009925484657287598
0.0 0.00864073634147644 0.009846866130828857
0.003328472375869751 0.008403897285461426 0.003603696823120117
0.000264585018157959 0.0 0.001274406909942627
0.0 0.005425512790679932 0.0035080313682556152
0.0002834200859069824 0.0033017396926879883 0.0
0.004993841052055359 0.00845104455947876 0.0037451982498168945
0.0024206936359405518 0.010850399732589722 0.004021883010864258
0.0 0.007351875305175781 0.003447592258453369
0.0 0.007975190877914429 0.001933276653289795
0.0 0.0051340460777282715 0.0038452744483947754
0.004642948508262634 0.00987011194229126 0.003766298294067383
0.0 0.00849863886833191 0.0048032402992248535
0.0 0.007200449705123901 0.0019195079803466797
0.0 0.0060929954051971436 0.0
0.0 0.005693972110748291 0.0
0.001518845558166504 0.0039591193199157715 0.0014194846153259277
0.0 0.003407418727874756 0.014665663242340088
0.0 0.0019733309745788574 0.014073193073272705
0.0026471316814422607 0.0012361407279968262 0.01154482364654541
0.0 0.005182415246963501 0.006889283657073975
0.0 0.012821555137634277 0.004997968673706055
0.008384168148040771 0.009758591651916504 0.005945146083831787
0.006483227014541626 0.011908680200576782 0.0073258280754089355
0.0 0.005609750747680664 0.0
0.0023279041051864624 0.005994856357574463 0.0
0.0011147260665893555 0.0048905909061431885 0.0
0.0034561455249786377 0.007453233003616333 0.0
0.0031444579362869263 0.038998812437057495 0.0
0.07576347887516022 0.09549090266227722 0.06853705644607544
0.14273066818714142 0.09121048450469971 0.061695098876953125
0.12927386164665222 0.1458437144756317 0.0
0.2595609724521637 0.15674316883087158 0.0
0.19690895080566406 0.18733274936676025 0.0
0.26694685220718384 0.2526208162307739 0.0
0.19572335481643677 0.3981682062149048 0.0
0.0 0.3696107268333435 0.0
0.0 0.1853950321674347 0.0
0.0 0.0 0.0
0.0 0.0384594202041626 0.0
0.0 0.12010470032691956 0.0
0.0 0.060876697301864624 0.10307681560516357
0.0 0.21367907524108887 0.19408202171325684
0.0 0.23878782987594604 0.32866227626800537
0.0 0.29418689012527466 0.5085650682449341
0.0 0.3449164032936096 0.7574912309646606
0.0 0.34944653511047363 0.8417980670928955
0.0 0.4716147780418396 0.7988471984863281
0.0 0.6881198287010193 0.7228599786758423
0.0 0.8220561742782593 0.6364349126815796
0.0 0.8123428821563721 0.5588892698287964
0.04904848337173462 0.6447376012802124 0.431003212928772
0.10598435997962952 0.6147668361663818 0.6464253664016724
0.09102597832679749 0.5396589040756226 0.7028998136520386
0.0 0.5487308502197266 0.7540438771247864
0.0 0.6187141537666321 0.5113858580589294
0.0 0.5613261461257935 0.352946400642395
0.0 0.5018306374549866 0.33953630924224854
0.0 0.5955807566642761 0.361042320728302
0.04083888232707977 0.6821261644363403 0.1723141074180603
0.12818622589111328 0.6909350156784058 0.0
0.16576839983463287 0.5736279487609863 0.0
0.08724815398454666 0.4882936477661133 0.0
0.061411380767822266 0.4235152006149292 0.0
0.05409196764230728 0.2899174690246582 0.0
0.0 0.15841184556484222 0.0
0.0 0.027749404311180115 0.0
0.0 0.0 0.02462923526763916
0.0 0.0 0.08040106296539307
0.0 0.0 0.060911595821380615
0.0 0.0 0.03165781497955322
0.0 0.0 0.028645873069763184
0.0 0.0 0.021533727645874023
0.0 0.00569489598274231 0.027788221836090088
0.0 0.007530182600021362 0.044480323791503906
0.0 0.0 0.030315041542053223
0.0 0.0 0.022859275341033936
0.0 0.0 0.011621296405792236
0.0 0.0 0.010022163391113281
0.0 0.0 0.00863105058670044
0.0 0.006799757480621338 0.013976335525512695
0.008157268166542053 0.009985387325286865 0.016317129135131836
0.02734336256980896 0.000936359167098999 0.013006389141082764
0.014394313097000122 0.0028720498085021973 0.02327275276184082
0.013041481375694275 0.0058647096157073975 0.0
0.013694100081920624 0.008369147777557373 0.0
0.012335851788520813 0.016052067279815674 0.0
0.013813197612762451 0.01960158348083496 0.0
0.022164426743984222 0.03150486946105957 0.0
0.028201289474964142 0.02638062834739685 0.0065421462059021
0.01800338178873062 0.029125303030014038 0.0026218295097351074
0.019088059663772583 0.020141899585723877 0.011735737323760986
0.011732950806617737 0.013202190399169922 0.015359878540039062
0.004651956260204315 0.007371693849563599 0.010720133781433105
0.008650481700897217 0.005223661661148071 0.002529144287109375
0.003406621515750885 0.003913670778274536 0.0
0.0 0.0096818208694458 0.0
0.0 0.012505590915679932 0.0
0.0 0.014528095722198486 0.0018410682678222656
0.0 0.015872061252593994 0.002289891242980957
0.0023253411054611206 0.017648398876190186 0.0
0.0 0.008204013109207153 0.0
0.0 0.007301241159439087 0.0
0.0 0.011238515377044678 0.0024926066398620605
0.0 0.008410841226577759 0.004355192184448242
0.0006558448076248169 0.00915178656578064 0.0016252398490905762
0.0 0.01174318790435791 0.0
0.002095527946949005 0.012972414493560791 0.0
0.00411243736743927 0.010754585266113281 0.004875779151916504
0.0 0.00841251015663147 0.009662508964538574
0.0 0.008893907070159912 0.0011723637580871582
0.0 0.0 0.009080290794372559
0.0 0.007431000471115112 0.0
0.0015518367290496826 0.00979962944984436 0.0
0.0009307265281677246 0.020774751901626587 0.0
0.0014182627201080322 0.0200272798538208 0.0
0.00408046692609787 0.012576907873153687 0.0
0.004175081849098206 0.01410415768623352 0.0
0.007817484438419342 0.009061664342880249 0.006588637828826904
0.006435319781303406 0.01148998737335205 0.0
0.006472237408161163 0.01526552438735962 0.0
0.007699519395828247 0.014165252447128296 0.007213473320007324
0.006803520023822784 0.006175577640533447 0.011862754821777344
0.008091256022453308 0.009609192609786987 0.014005780220031738
0.0065495893359184265 0.008579641580581665 0.01116091012954712
0.0 0.0035560429096221924 0.004587650299072266
0.0 0.0009667873382568359 0.0054975152015686035
0.0 0.010356932878494263 0.011916160583496094
0.0037608593702316284 0.012464553117752075 0.005036413669586182
0.0014240145683288574 0.015201538801193237 0.0022447705268859863
0.017701655626296997 0.024320244789123535 0.0
0.03603839874267578 0.03684622049331665 0.0
0.07941186428070068 0.06641674041748047 0.0
0.09626694023609161 0.09150725603103638 0.0
0.12405619025230408 0.13112029433250427 0.0
0.13157381117343903 0.15134325623512268 0.0
0.16704100370407104 0.18186458945274353 0.0
0.21124570071697235 0.24844902753829956 0.0
0.18617841601371765 0.27970632910728455 0.0
0.19122397899627686 0.24005290865898132 0.0
0.14799794554710388 0.18359845876693726 0.0
0.07551613450050354 0.16321727633476257 0.026900887489318848
0.0 0.09035056829452515 0.0319288969039917
0.0 0.0015959441661834717 0.015843510627746582
0.0 0.0 0.02510315179824829
0.0 0.0 0.07243227958679199
0.0 0.0 0.1408788561820984
0.0 0.0 0.13645726442337036
0.0 0.0 0.16822969913482666
0.0 0.0 0.1868988275527954
0.0 0.0 0.16250145435333252
0.0 0.0 0.1338607668876648
0.0 0.009736061096191406 0.12518054246902466
0.0 0.09348598122596741 0.14022713899612427
0.0 0.17963728308677673 0.13773512840270996
0.0 0.18926796317100525 0.1251845359802246
0.0 0.15540239214897156 0.08449393510818481
0.0 0.1385134756565094 0.040036678314208984
0.000893784686923027 0.17503267526626587 0.004060089588165283
0.05390945076942444 0.19890889525413513 0.0
0.12600795924663544 0.21816688776016235 0.0
0.1758483648300171 0.22303646802902222 0.0
0.20732536911964417 0.23589584231376648 0.0
0.2374422699213028 0.24210011959075928 0.0
0.265634685754776 0.23318937420845032 0.0
0.279499351978302 0.22116024792194366 0.0
0.2714514434337616 0.20722080767154694 0.0
0.2166121006011963 0.19684772193431854 0.0
0.23867475986480713 0.18382340669631958 0.0
0.28018122911453247 0.2008548378944397 0.0
0.22071467339992523 0.23767274618148804 0.0
0.1456618458032608 0.24296417832374573 0.0
0.11100313067436218 0.24420249462127686 0.0
0.08736269176006317 0.22740834951400757 0.0
0.0010735094547271729 0.21889379620552063 0.00460207462310791
0.0 0.18230074644088745 0.02066934108734131
0.0 0.14664557576179504 0.02490532398223877
0.0 0.07505756616592407 0.009484946727752686
0.0 0.06406658887863159 0.0007458329200744629
0.0 0.04988667368888855 0.009616255760192871
0.0 0.04128986597061157 0.0
0.0 0.0 0.0
0.0 0.0 0.010667860507965088
0.0 0.0 0.0654335618019104
0.0 0.0 0.11995184421539307
0.0 0.0 0.15997034311294556
0.0 0.0 0.18474990129470825
0.0 0.0 0.1985386610031128
0.0 0.0 0.20053303241729736
0.0 0.0 0.18864011764526367
0.0 0.0 0.17603671550750732
0.0 0.0 0.16951143741607666
0.0 0.03488302230834961 0.15226900577545166
0.0 0.0889245867729187 0.14074790477752686
0.0 0.13706591725349426 0.09749257564544678
0.0 0.15870976448059082 0.05560505390167236
0.0 0.14377298951148987 0.018604934215545654
0.0 0.15623816847801208 0.0
0.003794543445110321 0.17829090356826782 0.0
0.040080368518829346 0.1790677309036255 0.0
0.06568693369626999 0.17111268639564514 0.0
0.10581941902637482 0.18290099501609802 0.0
0.16513055562973022 0.19592255353927612 0.0
0.21562331914901733 0.19533565640449524 0.0
0.2227562963962555 0.19425836205482483 0.0
0.22348156571388245 0.1914503574371338 0.0
0.22344592213630676 0.18410006165504456 0.0
0.23407110571861267 0.1713767945766449 0.0
0.2199685424566269 0.15971556305885315 0.0
0.19052563607692719 0.1661463975906372 0.0
0.1889144778251648 0.16536560654640198 0.0
0.15717855095863342 0.16260936856269836 0.0
0.07734762132167816 0.15138015151023865 0.0
0.019266486167907715 0.13848215341567993 0.0
0.0035890936851501465 0.0987180769443512 0.0
0.0 0.05338206887245178 0.0
0.0 0.07478773593902588 0.0
0.0 0.08931255340576172 0.0
0.0 0.08741483092308044 0.0
0.0 0.055896371603012085 0.0
0.0 0.07473084330558777 0.01885986328125
0.0 0.0936369001865387 0.07899737358093262
0.0 0.0473671555519104 0.06746137142181396
0.0 0.0 0.07597994804382324
0.0 0.0 0.08016955852508545
0.0 0.0 0.0927969217300415
0.0 0.0 0.12129288911819458
0.0 0.0 0.16283196210861206
0.0 0.0 0.16468077898025513
0.0 0.0 0.1664447784423828
0.0 0.0 0.154302716255188
0.0 0.0 0.1316894292831421
0.0 0.0 0.13129818439483643
0.0 0.0 0.10373413562774658
0.0 0.0 0.09257853031158447
0.0 0.014806509017944336 0.09021604061126709
0.0 0.022086769342422485 0.08230292797088623
0.0 0.04851612448692322 0.09625989198684692
0.0 0.10179927945137024 0.0950499176979065
0.0 0.12591907382011414 0.06749927997589111
0.0 0.1507621705532074 0.050567686557769775
0.0 0.12446653842926025 0.014129459857940674
0.0690561830997467 0.14188751578330994 0.0
0.11978486180305481 0.17144045233726501 0.0
0.09408968687057495 0.1677696406841278 0.0
0.14101488888263702 0.15643826127052307 0.0
0.16621658205986023 0.17799581587314606 0.0
0.1742212325334549 0.19311964511871338 0.0
0.21001599729061127 0.20397163927555084 0.0
0.24017904698848724 0.1979025900363922 0.0
0.21897484362125397 0.1981234848499298 0.0
0.20318567752838135 0.18708163499832153 0.0
0.18091446161270142 0.1762341856956482 0.0
0.1795550137758255 0.1806863248348236 0.0
0.16410981118679047 0.18153151869773865 0.0
0.13018563389778137 0.17280176281929016 0.0
0.07983048260211945 0.17380234599113464 0.0
0.0433104932308197 0.15682828426361084 0.0
0.0182877779006958 0.13100048899650574 0.0
0.0 0.14773669838905334 0.0
0.0 0.1283295750617981 0.0
0.0 0.09726840257644653 0.0019344091415405273
0.0 0.08917433023452759 0.03120255470275879
0.0 0.0739896297454834 0.07205456495285034
0.0 0.0743766725063324 0.07159841060638428
0.0 0.046815425157547 0.06281495094299316
0.0 0.0 0.09939754009246826
0.0 0.0 0.10706794261932373
0.0 0.0 0.12845611572265625
0.0 0.0 0.14631956815719604
0.0 0.0 0.14278775453567505
0.0 0.0 0.13915729522705078
0.0 0.0 0.13531345129013062
0.0 0.0 0.08065676689147949
0.0 0.0 0.06428557634353638
0.0 0.0 0.09844088554382324
0.0 0.0 0.12083083391189575
0.0 0.046445488929748535 0.10991454124450684
0.0 0.09387242794036865 0.12367546558380127
0.0 0.10840970277786255 0.1301531195640564
0.0 0.12736809253692627 0.10944414138793945
0.0 0.14941099286079407 0.09377157688140869
0.0 0.15662506222724915 0.08734011650085449
0.0 0.17542681097984314 0.05171966552734375
0.054363980889320374 0.16086916625499725 0.0
0.12860998511314392 0.1453476995229721 0.0
0.139076828956604 0.15569862723350525 0.0
0.11782704293727875 0.1799948811531067 0.0
0.11901333928108215 0.18827754259109497 0.0
0.16431352496147156 0.19892820715904236 0.0
0.20334376394748688 0.18370823562145233 0.0
0.19183455407619476 0.1835310459136963 0.0
0.1803256720304489 0.17666104435920715 0.0
0.17382550239562988 0.15609712898731232 0.0
0.17015187442302704 0.14830665290355682 0.0
0.15226739645004272 0.1498449593782425 0.0
0.1363300085067749 0.13951075077056885 0.0
0.09915520250797272 0.1390276849269867 0.0
0.0482705682516098 0.12598709762096405 0.0
0.02156275510787964 0.10969352722167969 0.0
0.018157556653022766 0.10602684319019318 0.0
0.0 0.07284647226333618 0.0
0.0 0.04997563362121582 0.0
0.0 0.005005478858947754 0.0017920136451721191
0.0 0.0 0.02886664867401123
0.0 0.0 0.0514104962348938
0.0 0.001503288745880127 0.06359302997589111
0.0 0.0 0.06868654489517212
0.0 0.0 0.05175131559371948
0.0 0.0 0.05263727903366089
0.0 0.0 0.06427353620529175
0.0 0.0 0.0667722225189209
0.0 0.0 0.0620579719543457
0.0 0.0 0.05341142416000366
0.0 0.0 0.024908721446990967
0.0 0.0 0.01867920160293579
0.0 0.0 0.025179624557495117
0.0 0.0 0.010898709297180176
0.0 0.0 0.0
0.0 0.0 0.0
0.0 0.0 0.0
0.0 0.0023146867752075195 0.0
0.004536479711532593 0.012973695993423462 0.0
0.006498157978057861 0.011920064687728882 0.0
0.0005975663661956787 0.013140082359313965 0.0
0.005889952182769775 0.01589241623878479 0.0
0.007388293743133545 0.019760042428970337 0.0
0.019746363162994385 0.028836339712142944 0.0
0.00912928581237793 0.024794042110443115 0.0
0.011587798595428467 0.02009904384613037 0.0
0.01918339729309082 0.01400861144065857 0.0
0.022136420011520386 0.018332302570343018 0.0
0.011400192975997925 0.014993101358413696 0.0
0.011201858520507812 0.017097532749176025 0.0
0.011607825756072998 0.01773563027381897 0.0030580759048461914
0.010840535163879395 0.010307997465133667 0.004127383232116699
0.017416805028915405 0.012939542531967163 0.004385709762573242
0.01777350902557373 0.020368307828903198 0.015311360359191895
0.005143612623214722 0.01392662525177002 0.0
0.012604236602783203 0.016542673110961914 0.0
0.012453615665435791 0.02160164713859558 0.0
0.0019926130771636963 0.009089916944503784 0.0
0.0008096098899841309 0.010640382766723633 0.0
0.007578819990158081 0.01379537582397461 0.0027133822441101074
0.01186099648475647 0.010781049728393555 0.004966855049133301
0.004811882972717285 0.00866466760635376 0.00027447938919067383
0.0009389519691467285 0.008114367723464966 0.005114197731018066
0.0 0.010186582803726196 0.002863943576812744
0.0 0.005401253700256348 0.0
0.0031315088272094727 0.012306928634643555 0.0
0.005772113800048828 0.01998591423034668 0.002650320529937744
0.007266193628311157 0.014193862676620483 0.002817690372467041
0.002787262201309204 0.009044885635375977 0.0
0.0018810629844665527 0.004797518253326416 0.0005069971084594727
0.0047332048416137695 0.010751396417617798 0.0
0.008402764797210693 0.01529550552368164 0.003109574317932129
0.00643765926361084 0.013618558645248413 0.007203459739685059
0.007673919200897217 0.010325580835342407 0.0004017353057861328
0.0 0.005914837121963501 0.0
0.0034688711166381836 0.009240508079528809 0.0
0.006455868482589722 0.0125313401222229 0.002836287021636963
0.00673714280128479 0.015290498733520508 0.0
0.005002796649932861 0.015331625938415527 0.0011553168296813965
0.0 0.010028034448623657 0.0
0.006219983100891113 0.006046414375305176 0.000213623046875
0.0014001131057739258 0.0011221766471862793 0.009735584259033203
0.0008816123008728027 0.005799680948257446 0.00858759880065918
0.0008863508701324463 0.0144881010055542 0.007343113422393799
0.0 0.010951131582260132 0.001626431941986084
0.0011177361011505127 0.009204745292663574 0.0
0.006834536790847778 0.01671084761619568 0.003254234790802002
0.000997006893157959 0.012689322233200073 0.0
0.0020058155059814453 0.011318594217300415 0.007032811641693115
0.00804126262664795 0.005108356475830078 0.006904244422912598
0.00015106797218322754 0.009916096925735474 0.0001099705696105957
0.0 0.011145979166030884 0.0
0.012250334024429321 0.0030967295169830322 0.0
0.023992687463760376 0.012339502573013306 0.02176511287689209
0.059260547161102295 0.013348668813705444 0.03095531463623047
0.06792467832565308 0.09553483128547668 0.06586611270904541
0.14406484365463257 0.16507965326309204 0.05157160758972168
0.20561528205871582 0.1795562505722046 0.0
0.2363845705986023 0.3199805021286011 0.0
0.18465036153793335 0.3000952899456024 0.0
0.10974770784378052 0.319560170173645 0.0
0.0 0.3321475386619568 0.0
0.0 0.22324633598327637 0.0
0.0 0.17432549595832825 0.0
0.0 0.1873590648174286 0.0
0.0 0.2307429313659668 0.0
0.0 0.11466109752655029 0.04501354694366455
0.0 0.1474851369857788 0.5874017477035522
0.0 0.091744065284729 1.0858160257339478
0.0 0.11486876010894775 1.2469018697738647
0.0 0.3835713863372803 1.0155441761016846
0.0 0.5453149080276489 0.6037970781326294
0.0 0.35862863063812256 0.33237528800964355
0.0 0.31895315647125244 0.36646556854248047
0.0 0.27816706895828247 0.6329611539840698
0.0 0.5756785273551941 0.6534366607666016
0.02838718891143799 0.7664394378662109 0.3418755531311035
0.06822752952575684 0.5660055875778198 0.4513932466506958
0.04991869628429413 0.4060710072517395 0.5407180786132812
0.0 0.3481258153915405 0.6152536869049072
0.0 0.47069060802459717 0.6020979881286621
0.0 0.49016469717025757 0.5108439922332764
0.22964733839035034 0.46347367763519287 0.48374032974243164
0.13785462081432343 0.5152443647384644 0.3949034810066223
0.10464645177125931 0.6157891750335693 0.20412617921829224
0.0962749496102333 0.5830288529396057 0.0
0.13786150515079498 0.4987627863883972 0.0
0.03849363327026367 0.4294660687446594 0.0
0.0 0.2969484329223633 0.0
0.0 0.21642173826694489 0.0
0.0 0.0872366726398468 0.0
0.0 0.004641637206077576 0.0
0.0 0.0 0.0
0.0 0.0 0.001582026481628418
0.0 0.0 0.03934276103973389
0.0 0.0 0.02962738275527954
0.0 0.0 0.021702051162719727
0.0 0.022001370787620544 0.035482823848724365
0.0 0.028880715370178223 0.05849820375442505
0.0 0.021695315837860107 0.07309848070144653
0.0 0.0112532377243042 0.07491904497146606
0.0 0.0 0.06769925355911255
0.0 0.0 0.037345826625823975
0.0 0.0 0.01612389087677002
0.0 0.006545841693878174 0.0011534690856933594
0.0037080198526382446 0.022082239389419556 0.0
0.007657364010810852 0.02442711591720581 0.0
0.015275746583938599 0.01633983850479126 0.0
0.008101657032966614 0.0133991539478302 0.0
0.009842351078987122 0.015277296304702759 0.0
0.009145647287368774 0.018747717142105103 0.0
0.01315578818321228 0.029690921306610107 0.0
0.013191372156143188 0.033831238746643066 0.0
0.026865750551223755 0.033799827098846436 0.006712079048156738
0.007077917456626892 0.027418971061706543 0.0024704933166503906
0.0041092634201049805 0.018546581268310547 0.008719265460968018
0.0024290382862091064 0.01695650815963745 0.0027817487716674805
0.0 0.008800595998764038 0.0028824210166931152
0.0 0.003783702850341797 0.004828095436096191
0.0 0.005393236875534058 0.0037056803703308105
0.0 0.007367134094238281 0.015794336795806885
0.002425268292427063 0.007175177335739136 0.012009680271148682
0.010312110185623169 0.016603708267211914 0.0078926682472229
0.00502951443195343 0.022623002529144287 0.004837095737457275
0.0 0.029506415128707886 0.0019677281379699707
0.0030663907527923584 0.03290450572967529 0.0
0.007967889308929443 0.045192718505859375 0.013838648796081543
0.0 0.028112202882766724 0.0017257332801818848
0.0 0.0149611234664917 0.0
0.0 0.04254293441772461 0.0
0.0 0.06607922911643982 0.025368034839630127
0.07326643168926239 0.0 0.0110093355178833
0.0 0.0 0.0
0.011730968952178955 0.0 0.0
0.013518691062927246 0.0 0.015579700469970703
0.0 0.0 0.05186426639556885
0.0 0.0032074451446533203 0.04657590389251709
0.02751290798187256 0.0513005256652832 0.022572994232177734
0.042384982109069824 0.0007579624652862549 0.0
0.01987278461456299 0.0 0.0
0.03002530336380005 0.027025818824768066 0.0
0.0 0.0724155604839325 0.009790122509002686
0.0036340951919555664 0.011348575353622437 0.015024960041046143
0.018362149596214294 0.007903873920440674 0.011894762516021729
0.00759810209274292 0.009429186582565308 0.0
0.0 0.008213043212890625 0.0
0.0009214505553245544 0.0028150975704193115 0.0
0.0030145570635795593 0.013555079698562622 0.0
0.002502039074897766 0.01660814881324768 0.009567558765411377
0.0 0.005059093236923218 0.00646519660949707
0.0 0.0 0.006957113742828369
0.0 0.0006242096424102783 0.00836193561553955
0.005288966000080109 0.0102328360080719 0.0
0.0 0.023008525371551514 0.0
0.0012893378734588623 0.002795964479446411 0.0
0.0 0.016479909420013428 0.01382523775100708
0.006316050887107849 0.014120131731033325 0.015212297439575195
0.010908767580986023 0.013634026050567627 0.0013804435729980469
0.005927428603172302 0.0058203041553497314 0.0
0.025342270731925964 0.003336876630783081 0.002675771713256836
0.01150524616241455 0.008879244327545166 0.005237221717834473
0.0 0.013690412044525146 0.011981010437011719
0.0 0.01491054892539978 0.0
0.021904021501541138 0.041297584772109985 0.043167948722839355
0.0 0.007440894842147827 0.041759371757507324
0.020257335156202316 0.0 0.0064743757247924805
0.0 0.021595120429992676 0.0
0.00492168590426445 0.01745554804801941 0.0
0.0 0.0200062096118927 0.0
0.0 0.0062366873025894165 0.0
0.0 0.01508823037147522 0.0
0.01370944082736969 0.005640894174575806 0.0
