0.0328555628657341 0.04180574417114258 0.049329400062561035
0.03654724359512329 0.021843403577804565 0.04003584384918213
0.03318954259157181 0.0191991925239563 0.015122592449188232
0.030534207820892334 0.029455125331878662 0.0032047033309936523
0.019060008227825165 0.023466378450393677 0.0006598830223083496
0.0 0.003849893808364868 0.0
0.0 0.013469964265823364 0.0
0.0 0.007367193698883057 0.0
0.0 0.004666686058044434 0.0
0.0 0.014515787363052368 0.0
0.0 0.00659593939781189 0.0
0.0 0.010697036981582642 0.0
0.0 0.0011672377586364746 0.0
0.0 0.0008385181427001953 0.011142849922180176
0.0 0.0 0.014597296714782715
0.006646578200161457 0.01293841004371643 0.014714062213897705
0.005898972973227501 0.011555910110473633 0.02236199378967285
0.007278270088136196 0.007008641958236694 0.011236131191253662
0.00289167114533484 0.018022477626800537 0.007434427738189697
0.003965012263506651 0.01620393991470337 0.002585172653198242
0.0 0.018640786409378052 0.0
0.0010579631198197603 0.012194454669952393 0.0038178563117980957
0.0 0.002404719591140747 0.0
0.0 0.0 0.002552211284637451
0.0 0.0 0.005484819412231445
0.0 0.0 0.007810652256011963
0.0 0.0 0.0021039247512817383
0.0 0.0032779574394226074 0.003375113010406494
0.0 0.007913589477539062 0.0
0.0036528101190924644 0.008792728185653687 0.0
0.01057844702154398 0.01207628846168518 0.0
0.00476684607565403 0.011694580316543579 0.0
0.0026552490890026093 0.013227194547653198 0.0
0.00029186904430389404 0.00919884443283081 0.0
0.0031645968556404114 0.0 0.0
0.0 0.0 0.0
0.0 0.0 0.0
0.0 0.0 0.0009680390357971191
0.0 0.0 0.010397732257843018
0.004521360620856285 0.0 0.01925051212310791
0.008916333317756653 0.009433060884475708 0.023915648460388184
0.021725468337535858 0.012293964624404907 0.03263092041015625
0.018603138625621796 0.021250933408737183 0.03619140386581421
0.02381427027285099 0.023336708545684814 0.04595136642456055
0.02836705558001995 0.02279520034790039 0.04707026481628418
0.02599765546619892 0.01689860224723816 0.03400033712387085
0.011861907318234444 0.015308469533920288 0.024024546146392822
0.009883075952529907 0.012341201305389404 0.006255745887756348
0.003305375576019287 0.014022409915924072 0.0
0.0077413152903318405 0.008307486772537231 0.0
0.0 0.0 0.0
0.0 0.0 0.0
0.0 0.0 0.0
0.0 0.0 0.0
0.0 0.006483316421508789 0.0051032304763793945
0.01216311939060688 0.004342705011367798 0.011970818042755127
0.0 0.005271226167678833 0.01471257209777832
0.0005712583661079407 0.002553999423980713 0.025465726852416992
0.014101624488830566 0.004805117845535278 0.03334707021713257
0.010269815102219582 0.0002821683883666992 0.02502506971359253
0.005880583077669144 0.0035459399223327637 0.021450281143188477
0.009207924827933311 0.0032405853271484375 0.016643047332763672
0.008514858782291412 0.0037946105003356934 0.007668495178222656
0.010942133143544197 0.005272567272186279 0.0
0.00785861350595951 0.01068982481956482 0.0
0.008269909769296646 0.008408725261688232 0.0
0.0022782739251852036 0.007234930992126465 0.0
0.0 0.004517644643783569 0.0
0.0 0.0 0.0
0.0 0.0 0.006580770015716553
0.0001201927661895752 0.0 0.0069882869720458984
0.002507457509636879 0.0 0.0023376941680908203
0.004535097628831863 0.0 0.0
0.011942772194743156 0.0 0.0
0.007436182349920273 0.0 0.0
0.005804680287837982 0.0 0.0
0.00643450953066349 0.0 0.0
0.0 0.0 0.0
0.0 0.0 0.0
0.003800235688686371 0.0 0.0
0.007233176380395889 0.0 0.0
0.007424980401992798 0.0 0.0
0.0038733594119548798 0.006423056125640869 0.0
0.0 0.00743141770362854 0.0027251243591308594
0.010346990078687668 0.00828579068183899 0.013154983520507812
0.01700466498732567 0.008419841527938843 0.020525872707366943
0.009514283388853073 0.011014282703399658 0.02772122621536255
0.005036801099777222 0.01698702573776245 0.037577271461486816
0.002633746713399887 0.010428041219711304 0.042458534240722656
0.0 0.0009349286556243896 0.040508270263671875
0.0 0.008051365613937378 0.03760802745819092
0.001636214554309845 0.008664757013320923 0.04053163528442383
0.006602108478546143 0.0013823211193084717 0.021522343158721924
0.0 0.0042015016078948975 0.002925276756286621
0.0 0.0004622340202331543 0.0
0.0 0.0 0.012097477912902832
0.00866587832570076 0.0017018914222717285 0.01218414306640625
0.018743034452199936 0.0 0.0013412833213806152
0.015896281227469444 0.0031926631927490234 0.0
0.00912792794406414 0.0 0.0
0.0 0.002893298864364624 0.0
0.0 0.007359504699707031 0.0
0.006495572626590729 0.019846588373184204 0.0
0.011134721338748932 0.004370182752609253 0.0
0.0 0.015398383140563965 0.0026616454124450684
0.0 0.012915253639221191 0.01671832799911499
0.0 0.03266876935958862 0.03378772735595703
0.0 0.0263250470161438 0.040097713470458984
0.0 0.026651710271835327 0.03106522560119629
0.0 0.004472136497497559 0.015424191951751709
0.0 0.0005614161491394043 0.003819882869720459
0.0 0.009874165058135986 0.0
0.0 0.014025956392288208 0.0
0.0 0.025367647409439087 0.012317240238189697
0.0 0.016122400760650635 0.010961294174194336
0.0 0.004158586263656616 0.0
0.010280204005539417 0.0 0.01195824146270752
0.0 0.007685661315917969 0.010999619960784912
0.0 0.007939279079437256 0.007675826549530029
0.00828925333917141 0.0 0.009374618530273438
0.004419381730258465 0.005104035139083862 0.017653226852416992
0.003906572237610817 0.002446979284286499 0.021437764167785645
0.00032999925315380096 0.0 0.025139927864074707
0.0 0.001015990972518921 0.021308183670043945
0.005042840726673603 0.0017712414264678955 0.024369359016418457
0.010317557491362095 0.0 0.02462470531463623
0.011466209776699543 0.0005476772785186768 0.017161905765533447
0.0 0.008195102214813232 0.005422830581665039
0.0 0.011062711477279663 0.0044792890548706055
0.0 0.011459887027740479 0.0001767873764038086
0.0 0.003051161766052246 0.003837287425994873
0.0 0.0 0.008817195892333984
0.0 0.0 0.007067978382110596
0.0 0.0 0.006810188293457031
0.0 0.0 0.005871117115020752
0.0012448891066014767 0.0 0.0027828216552734375
0.0038438993506133556 0.0 0.0
0.004083497915416956 0.0 0.0
0.0017625787295401096 0.0001977980136871338 0.0
0.0 0.0 0.0
0.0 0.0 0.0
0.006755761802196503 0.0027084052562713623 0.0
0.008114166557788849 0.005212336778640747 0.009419798851013184
0.005585935898125172 0.003926485776901245 0.016888141632080078
0.005018705036491156 0.00027483701705932617 0.014602959156036377
0.007112857885658741 0.0011464953422546387 0.006724834442138672
0.004156520590186119 0.004783570766448975 0.007259488105773926
0.008327850140631199 0.01092672348022461 0.009090185165405273
0.006969043985009193 0.0043305158615112305 0.009400248527526855
0.004463318735361099 0.00844794511795044 0.010995209217071533
0.0 0.0 0.010714173316955566
0.0 0.0 0.0006338357925415039
0.0 0.0027020275592803955 0.0
0.007031726185232401 0.002582162618637085 0.0
0.009141306392848492 0.0065680742263793945 0.0
0.005248530767858028 0.01359131932258606 0.0
0.0077021182514727116 0.004384160041809082 0.0035663247108459473
0.003860404249280691 0.0 0.006688475608825684
0.0 0.0 0.008547782897949219
0.0 0.0 0.007886290550231934
0.0 0.0 0.009191453456878662
0.0 0.0 0.016127347946166992
0.0 0.0 0.01247549057006836
0.0 0.0 0.008970797061920166
0.0 0.0 0.006643950939178467
0.0002248440869152546 0.00536876916885376 0.005166530609130859
0.0 0.013863593339920044 0.0
0.0 0.011177241802215576 0.0
0.0020304331555962563 0.009960651397705078 0.0
0.007441379129886627 0.0036084353923797607 0.0
0.0029799677431583405 0.002925872802734375 0.0
0.0009177103638648987 0.0 0.004298388957977295
0.006302854046225548 0.0 0.012125194072723389
0.00339436624199152 0.00036403536796569824 0.019011378288269043
0.0 0.0011290013790130615 0.010832011699676514
0.0 0.0058512091636657715 0.011572718620300293
0.00017834920436143875 0.008390039205551147 0.016782820224761963
0.0019066650420427322 0.0016470849514007568 0.023731231689453125
0.0008363802917301655 0.0 0.027207136154174805
0.0 0.0013405680656433105 0.02515190839767456
0.0 0.004040837287902832 0.012984395027160645
0.0 0.0 0.006874024868011475
0.0 0.0 0.00035816431045532227
0.0 0.0 0.0
0.0 0.0 0.0
0.0 0.0038815736770629883 0.0
0.0 0.005932748317718506 0.0
0.0 0.007048159837722778 0.0
0.0020013637840747833 0.005766481161117554 0.0
0.008420271798968315 0.0019529759883880615 0.0
0.01479344628751278 0.0019221305847167969 0.010032474994659424
0.008670363575220108 0.002652674913406372 0.00233304500579834
0.00459723174571991 0.0065247416496276855 0.0
0.009897750802338123 0.008374452590942383 0.0
0.012533232569694519 0.004623681306838989 0.004293978214263916
0.004479593131691217 0.00024300813674926758 0.011142075061798096
0.0 0.0 0.010083436965942383
0.0 0.0 0.005099952220916748
0.003300929442048073 0.003490239381790161 0.006278097629547119
0.007768629118800163 0.00411650538444519 0.01391303539276123
0.009729739278554916 0.005212545394897461 0.01973634958267212
0.0037360573187470436 0.006695419549942017 0.01879638433456421
0.0027316128835082054 0.004783898591995239 0.01120460033416748
0.006754797883331776 0.006451517343521118 0.005593299865722656
0.008082850836217403 0.007384449243545532 0.0053705573081970215
0.007117950823158026 0.006458669900894165 0.01184016466140747
0.006549568381160498 0.0 0.019596219062805176
0.001843240112066269 0.0 0.015310287475585938
0.0 0.0074214935302734375 0.0
0.0007853941060602665 0.007754296064376831 0.0
0.0 0.004647016525268555 0.0
0.0 0.0 0.0
0.0 0.0 0.005682408809661865
0.0 0.0 0.009575426578521729
0.0 0.0 0.0054108500480651855
0.0 0.0 0.00045484304428100586
0.0 0.0 0.00030428171157836914
0.0 0.0 0.0010089874267578125
0.0 0.003709256649017334 0.0
0.004205706529319286 0.002349644899368286 0.0
0.0036156862042844296 0.0037101805210113525 0.0019770264625549316
0.0005968594923615456 0.0 0.008325159549713135
0.0 0.0019686520099639893 0.012330949306488037
0.0023215292021632195 0.005321681499481201 0.008629143238067627
0.004664463922381401 0.0059143900871276855 0.008132696151733398
0.005439789965748787 0.0030550360679626465 0.010788798332214355
0.0032623307779431343 0.001438915729522705 0.012774825096130371
0.0 0.0 0.00823211669921875
0.0 0.004248291254043579 0.005152702331542969
0.0052366359159350395 0.005415737628936768 0.0030661821365356445
0.004987562075257301 0.006702005863189697 0.0
0.002969391644001007 0.008524328470230103 0.0
0.0013265996240079403 0.008250683546066284 0.0
0.007930196821689606 0.0032247304916381836 0.00916832685470581
0.0001814782153815031 0.0 0.01562356948852539
0.0010230308398604393 0.0 0.018092095851898193
0.0 0.002546250820159912 0.009171366691589355
0.0 0.003633469343185425 0.0
0.0 0.003510028123855591 0.0
0.0 0.0032145678997039795 0.0
0.0 0.0 0.0051923394203186035
0.0 0.0 0.011121988296508789
0.0 0.0029929280281066895 0.008940458297729492
0.0 0.006104916334152222 0.0011089444160461426
0.0043706102296710014 0.003856450319290161 0.0
0.007897664792835712 0.002776235342025757 0.002591431140899658
0.0032332269474864006 0.004992306232452393 0.0
0.000963991042226553 0.0018741488456726074 0.0
0.0 0.0014005303382873535 0.003653109073638916
0.0 0.0018980801105499268 0.009603619575500488
0.0 0.0 0.013273656368255615
0.0 0.0 0.007377028465270996
0.0 0.0 0.002843499183654785
0.0 0.0 0.0024487972259521484
0.0 0.003819793462753296 0.0060149431228637695
0.005753335542976856 0.0 0.011589348316192627
0.0009112306870520115 0.004044443368911743 0.012016057968139648
0.0036595389246940613 0.009070217609405518 0.011964738368988037
0.006824585609138012 0.009824544191360474 0.008353173732757568
0.00015477091073989868 0.014283299446105957 0.002374410629272461
0.0 0.011265218257904053 0.000483095645904541
0.0 0.0037689805030822754 0.0036488771438598633
0.0 0.0 0.006989657878875732
0.009632272645831108 0.0 0.010479092597961426
0.01894577220082283 0.0017079710960388184 0.012586414813995361
0.012621734291315079 0.006548702716827393 0.004350066184997559
0.0 0.010609179735183716 0.0
0.0 0.007596850395202637 0.0
0.0 0.0034738779067993164 0.0
0.0 0.0 0.002253293991088867
0.004817388951778412 0.0 0.014493703842163086
0.0 0.0 0.016125977039337158
0.0036207702942192554 0.0015215575695037842 0.013117969036102295
0.006473759654909372 0.006986409425735474 0.010263323783874512
0.0055878073908388615 0.006431519985198975 0.0071253180503845215
0.001975401770323515 0.00548475980758667 0.002110004425048828
0.0 0.0051178038120269775 0.0
0.0 0.003054410219192505 0.0
0.0 0.0 0.004069507122039795
0.0 0.0 0.0027986764907836914
0.0 0.0 0.004695475101470947
0.0 0.0 0.00835484266281128
0.0 0.0023442208766937256 0.00243532657623291
0.0 0.0 0.005579948425292969
0.0 0.0 0.0019399523735046387
0.0 0.0 0.017642199993133545
0.0 0.0 0.01322406530380249
0.0 0.0 0.012317121028900146
0.0 0.010849028825759888 0.014550089836120605
0.0 0.0 0.009285926818847656
0.0 0.0 0.019504666328430176
0.013304483145475388 0.0 0.032332420349121094
0.020857073366642 0.006485491991043091 0.03414261341094971
0.032439470291137695 0.008339017629623413 0.023463726043701172
0.017532967031002045 0.023843437433242798 0.0
0.0 0.007836192846298218 0.0
0.012801207602024078 0.0 0.0
0.0018834993243217468 0.045100122690200806 0.0
0.0 0.09395131468772888 0.0
0.0033349618315696716 0.0 0.007651627063751221
0.010838918387889862 0.020246952772140503 0.0002675056457519531
0.01952357403934002 0.0 0.013458192348480225
0.01103833969682455 0.0 0.03441023826599121
0.01457724068313837 0.0 0.05556786060333252
0.0542273111641407 0.008307933807373047 0.077628493309021
0.11464723199605942 0.03560769557952881 0.02409660816192627
0.1407928168773651 0.10491716861724854 0.0
0.1224442720413208 0.20431920886039734 0.0
0.21497350931167603 0.28788822889328003 0.0
0.20327338576316833 0.2713232636451721 0.0
0.09094560146331787 0.3230704665184021 0.0
0.15502101182937622 0.3737645745277405 0.0
0.17594224214553833 0.40972447395324707 0.0
0.08040750026702881 0.29321521520614624 0.0
0.02555292844772339 0.4213945269584656 0.0
0.0 0.1270027756690979 0.0
0.0 0.02542915940284729 0.0
0.0 0.0 0.07441127300262451
0.0 0.0 0.7706859111785889
0.0 0.0 0.8330532312393188
0.0 0.0 0.5939292907714844
0.0 0.15528759360313416 0.4012413024902344
0.0 0.31182530522346497 0.25398945808410645
0.0 0.3855817914009094 0.18010878562927246
0.0 0.2765793204307556 0.21156835556030273
0.0 0.16615021228790283 0.23937928676605225
0.0 0.3588647246360779 0.25187820196151733
0.0 0.3499322533607483 0.28869134187698364
0.0 0.2238442301750183 0.41783350706100464
0.0 0.21339499950408936 0.47994375228881836
0.0 0.3350188136100769 0.4922826290130615
0.0 0.4784970283508301 0.45293092727661133
0.0 0.18080079555511475 0.43835073709487915
0.0 0.14455223083496094 0.43055176734924316
0.0 0.20546424388885498 0.3742733597755432
0.0 0.14320135116577148 0.2957514524459839
0.0 0.15767902135849 0.29484283924102783
0.0 0.17092406749725342 0.22569680213928223
0.0 0.1360485553741455 0.2391190528869629
0.0 0.16443204879760742 0.19959205389022827
0.0 0.22995442152023315 0.09962087869644165
0.03401152789592743 0.25903698801994324 0.0
0.07782772183418274 0.22188618779182434 0.0
0.1652311384677887 0.2764442265033722 0.0
0.13311712443828583 0.22423431277275085 0.0
0.10074148327112198 0.1577543020248413 0.0
0.07624172419309616 0.10179316997528076 0.0
0.05259428173303604 0.024840623140335083 0.0
0.0 0.0 0.0
0.0027051791548728943 0.01456458866596222 0.0
0.01954495534300804 0.012794166803359985 0.0
0.0 0.027823835611343384 0.0
0.0 0.015891551971435547 0.0
0.0 0.007853567600250244 0.0
0.0 0.013115957379341125 0.0
0.0 0.014740094542503357 0.0
0.00098525732755661 0.009455978870391846 0.028734028339385986
0.0 0.0 0.03058147430419922
0.0 0.0 0.02261108160018921
0.0 0.0 0.014796972274780273
0.0 0.0 0.015876591205596924
0.008724883198738098 0.00623813271522522 0.02133047580718994
0.0 0.00382310152053833 0.011491954326629639
0.0 0.005549997091293335 0.006405174732208252
0.003118187189102173 0.015568286180496216 0.009513914585113525
0.003935573622584343 0.014023751020431519 0.005335569381713867
0.0005591530352830887 0.014149695634841919 0.007106423377990723
0.0021271687000989914 0.009298905730247498 0.003405272960662842
0.0075226761400699615 0.006762057542800903 0.0
0.003976933658123016 0.009555801749229431 0.0
0.006603667512536049 0.006515443325042725 0.0011254549026489258
0.0028366968035697937 0.013545066118240356 0.0035119056701660156
0.0025126487016677856 0.012870550155639648 0.007286369800567627
0.0 0.007128864526748657 0.006030261516571045
0.0 0.006472647190093994 0.01007997989654541
0.0 0.008500486612319946 0.013199031352996826
0.0 0.005134671926498413 0.009612560272216797
0.0 0.0015092790126800537 0.010528206825256348
0.008138194680213928 0.0008828639984130859 0.0
0.008046185597777367 0.009489476680755615 0.0
0.004266118630766869 0.01261785626411438 0.0
0.0017566606402397156 0.001500159502029419 0.0
0.0005557835102081299 0.012036502361297607 0.0
0.004003649577498436 0.00629037618637085 0.01458752155303955
0.0 0.007727086544036865 0.009769856929779053
0.0003106631338596344 0.008885622024536133 0.00893014669418335
0.005064639262855053 0.00322529673576355 0.012356162071228027
0.0 0.004418611526489258 0.010051906108856201
0.0 0.007277727127075195 0.004653811454772949
0.0 0.008175849914550781 0.0007345676422119141
0.0 0.009013593196868896 0.0
0.0 0.011093765497207642 0.0
0.0 0.007993698120117188 0.0
0.0003185998648405075 0.006419569253921509 0.0007230043411254883
0.002303425222635269 0.0 0.0024293065071105957
0.0 0.0 0.004639744758605957
0.0 0.0 0.0030165910720825195
0.0027448534965515137 0.0070381760597229 0.010825276374816895
0.002947019413113594 0.011849671602249146 0.007025599479675293
0.0 0.002679675817489624 0.0004801750183105469
0.0 0.0017579197883605957 0.005596160888671875
0.0 0.002569228410720825 0.02385610342025757
0.0 0.0 0.025461912155151367
0.0 0.0 0.022474706172943115
0.0 0.0 0.025848031044006348
0.0 0.0 0.02206897735595703
0.03392762690782547 0.014835387468338013 0.0
0.07519961148500443 0.05016195774078369 0.0
0.08647459745407104 0.08639940619468689 0.0
0.09582170844078064 0.1195669174194336 0.0
0.10004009306430817 0.13020059466362 0.0
0.13594619929790497 0.13045769929885864 0.0
0.1043776199221611 0.1188872754573822 0.0
0.03384903818368912 0.1546698808670044 0.0
0.0696730762720108 0.09545779228210449 0.0
0.0022939741611480713 0.07162028551101685 0.0
0.0 0.010367065668106079 0.0
0.0 0.0 0.0
0.0 0.0 0.014481008052825928
0.0 0.0 0.03825193643569946
0.0 0.0 0.08571857213973999
0.0 0.0 0.15378272533416748
0.0 0.0 0.16607654094696045
0.0 0.0 0.16449779272079468
0.0 0.0 0.1401273012161255
0.0 0.04370027780532837 0.09059005975723267
0.0 0.09023824334144592 0.049652814865112305
0.05854500085115433 0.10159003734588623 0.0067751407623291016
0.12127456814050674 0.10775914788246155 0.0
0.16464106738567352 0.12719625234603882 0.0
0.20294567942619324 0.16398391127586365 0.0
0.21999433636665344 0.18118086457252502 0.0
0.22795754671096802 0.1769832968711853 0.0
0.18271534144878387 0.18768280744552612 0.0
0.1482342779636383 0.16977566480636597 0.0
0.09748681634664536 0.1566580832004547 0.0
0.056180283427238464 0.14161670207977295 0.0
0.006449252367019653 0.11072051525115967 0.0
0.0 0.04390493035316467 0.0
0.0 0.002249598503112793 0.0
0.0 0.0 0.011715114116668701
0.0 0.0 0.049469947814941406
0.0 0.0 0.0687476396560669
0.0 0.0 0.09480339288711548
0.0 0.0 0.10798478126525879
0.0 0.0 0.09757345914840698
0.0 0.0 0.09105879068374634
0.0 0.0 0.09420150518417358
0.0 0.0 0.09640377759933472
0.0 0.0 0.11179298162460327
0.0 0.012759149074554443 0.10407572984695435
0.0 0.0480133593082428 0.07095777988433838
0.04234631359577179 0.08246862888336182 0.0170324444770813
0.06916190683841705 0.09931638836860657 0.0
0.09801183640956879 0.11653570830821991 0.0
0.1178107038140297 0.13654695451259613 0.0
0.15043434500694275 0.1316775530576706 0.0
0.17078831791877747 0.1361083686351776 0.0
0.17379017174243927 0.13031430542469025 0.0
0.1410696804523468 0.13087698817253113 0.0
0.11887908726930618 0.1283431053161621 0.0
0.11202723532915115 0.12464076280593872 0.0
0.09465954452753067 0.1440366804599762 0.0
0.06261727213859558 0.12267795205116272 0.0
0.013154804706573486 0.07171541452407837 0.0
0.0 0.017839372158050537 0.0
0.0 0.0061189234256744385 0.0
0.0 0.015614718198776245 0.015597701072692871
0.0 0.01340019702911377 0.027759313583374023
0.0 0.0 0.006167948246002197
0.0 0.0 0.007067561149597168
0.0 0.0 0.024302124977111816
0.0 0.0 0.042124390602111816
0.0 0.0 0.05095624923706055
0.0 0.0 0.04755282402038574
0.0 0.0 0.05051523447036743
0.0 0.0 0.06283187866210938
0.0 0.0 0.07123970985412598
0.0 0.0 0.060637593269348145
0.0 0.0 0.05370223522186279
0.0 0.0 0.07068240642547607
0.0 0.0 0.09566611051559448
0.0 0.024284392595291138 0.07969671487808228
0.0 0.03828543424606323 0.05140966176986694
0.0 0.03637602925300598 0.03197532892227173
0.030256129801273346 0.056201279163360596 0.017533600330352783
0.06030822545289993 0.0752543956041336 0.0
0.09355201572179794 0.08388292789459229 0.0
0.10386841744184494 0.0972796082496643 0.0
0.1073065847158432 0.1105613261461258 0.0
0.12768739461898804 0.12423069775104523 0.0
0.14215019345283508 0.1349644511938095 0.0
0.15133346617221832 0.13466978073120117 0.0
0.12096288800239563 0.1334497034549713 0.0
0.08157651126384735 0.1166950911283493 0.0
0.06440495699644089 0.09354102611541748 0.0
0.07735270261764526 0.09159334003925323 0.0019020438194274902
0.07675335556268692 0.10111838579177856 0.010867178440093994
0.040401436388492584 0.09584936499595642 0.0
0.0 0.05381697416305542 0.0
0.0 0.010288774967193604 0.0
0.0 0.0 0.023252665996551514
0.0 0.0 0.05113309621810913
0.0 0.0024911165237426758 0.04006308317184448
0.0 0.0 0.009263217449188232
0.0 0.0 0.0
0.0 0.0 0.013107359409332275
0.0 0.0 0.030328214168548584
0.0 0.0 0.02853614091873169
0.0 0.0 0.03428852558135986
0.0 0.0 0.05024075508117676
0.0 0.0 0.059312641620635986
0.0 0.0 0.06425172090530396
0.0 0.0 0.07107597589492798
0.0 0.0 0.06890815496444702
0.0 0.0 0.0664260983467102
0.0 0.0 0.059419095516204834
0.0 0.022534728050231934 0.042967379093170166
0.0 0.03745773434638977 0.03163188695907593
0.007248431444168091 0.039885103702545166 0.003759145736694336
0.03240665793418884 0.05875161290168762 0.0
0.061640769243240356 0.08686134219169617 0.0
0.08566185086965561 0.09554030001163483 0.0
0.10130346566438675 0.10430516302585602 0.0
0.11326196044683456 0.11316171288490295 0.0
0.13442033529281616 0.1204567700624466 0.0
0.14760419726371765 0.1246480643749237 0.0
0.12258913367986679 0.12052623927593231 0.0
0.08567136526107788 0.10576772689819336 0.0
0.07755552232265472 0.09425729513168335 0.0
0.065717414021492 0.08007009327411652 0.0
0.06571386754512787 0.08818551898002625 0.0
0.04238300770521164 0.080413818359375 0.0
0.0 0.05433925986289978 0.0
0.0011102110147476196 0.03342977166175842 0.0
0.004046618938446045 0.03867265582084656 0.00888746976852417
0.0 0.026872754096984863 0.011975526809692383
0.0 0.012758016586303711 0.002831697463989258
0.0 0.0 0.001352548599243164
0.0 0.0 0.020055532455444336
0.0 0.0 0.03239518404006958
0.0 0.0 0.037159740924835205
0.0 0.0 0.024578452110290527
0.0 0.0 0.015877246856689453
0.0 0.0 0.023906946182250977
0.0 0.0 0.03601282835006714
0.0 0.0 0.04016673564910889
0.0 0.0 0.039292752742767334
0.0 0.0 0.03355926275253296
0.0 0.0 0.04367941617965698
0.0 0.0 0.048722922801971436
0.0 0.0 0.043911099433898926
0.0 0.0 0.04386711120605469
0.0 0.0 0.04737120866775513
0.0 0.0 0.055878281593322754
0.0 0.0 0.06447833776473999
0.0 0.02438598871231079 0.056406617164611816
0.0 0.0073060691356658936 0.03628963232040405
0.0 0.0 0.015417277812957764
0.0 0.020554006099700928 0.02751260995864868
0.020263560116291046 0.05487111210823059 0.03527867794036865
0.05450087785720825 0.05126148462295532 0.0252763032913208
0.04797498136758804 0.04741251468658447 0.0
0.02537984400987625 0.0726412683725357 0.0
0.05711708217859268 0.08107700943946838 0.0
0.08447042107582092 0.09084044396877289 0.0
0.09027078002691269 0.10360565781593323 0.0
0.08963970839977264 0.09893296658992767 0.0
0.0729580968618393 0.08839088678359985 0.0
0.0741051584482193 0.08338961005210876 0.0
0.06696861982345581 0.08498063683509827 0.0
0.03757535666227341 0.0807805061340332 0.0
0.02474323660135269 0.06264223158359528 0.0
0.02377019077539444 0.04143373668193817 0.0
0.0 0.021251440048217773 0.0
0.0 0.0005294829607009888 0.01762557029724121
0.0 0.000327378511428833 0.025370478630065918
0.0 0.0 0.015924155712127686
0.0 0.0 0.013272106647491455
0.0 0.0 0.02789396047592163
0.0 0.0 0.031021296977996826
0.0 0.0 0.03158771991729736
0.0 0.0 0.0251653790473938
0.0 0.0 0.02008718252182007
0.0 0.0 0.009627342224121094
0.0 0.0 0.02037787437438965
0.0 0.0 0.02561962604522705
0.0 0.0 0.019940614700317383
0.0 0.0 0.010679244995117188
0.0 0.0 0.0010288357734680176
0.0 0.005934208631515503 0.001187443733215332
0.000981152057647705 0.008519530296325684 0.0
0.0019875317811965942 0.0144520103931427 0.0
0.0 0.007735759019851685 0.0
0.0 0.009314090013504028 0.0
0.001306191086769104 0.011014699935913086 0.0
0.0038059428334236145 0.010931342840194702 0.002276301383972168
0.0 0.008801102638244629 0.000577390193939209
0.0 0.010446667671203613 0.00266188383102417
0.007016852498054504 0.011867284774780273 0.008752167224884033
0.003949098289012909 0.011205881834030151 0.01255255937576294
0.007491007447242737 0.010620802640914917 0.014004230499267578
0.004027515649795532 0.012082308530807495 0.012782871723175049
0.01284363865852356 0.011949658393859863 0.014523565769195557
0.0 0.011292815208435059 0.010906338691711426
0.0030779168009757996 0.008669912815093994 0.01646178960800171
0.002977028489112854 0.010794460773468018 0.0015146136283874512
0.0031315013766288757 0.01385459303855896 0.0
0.0 0.005287617444992065 0.0
0.0 0.0010659992694854736 0.0
0.0 0.0009846687316894531 0.0
0.0 0.004332602024078369 0.006035029888153076
0.0 0.00817793607711792 0.00577855110168457
0.0 0.010661035776138306 0.0075841546058654785
0.0 0.009743869304656982 0.008984923362731934
0.0037290528416633606 0.0058698952198028564 0.011278927326202393
0.0032223016023635864 0.007240742444992065 0.006400704383850098
0.0036069899797439575 0.007010847330093384 0.007409930229187012
0.004830092191696167 0.005715727806091309 0.007608234882354736
0.0021262019872665405 0.010220706462860107 0.00507664680480957
0.0 0.012461185455322266 0.005050599575042725
0.0 0.00962647795677185 0.004216134548187256
0.005222208797931671 0.0022030770778656006 0.004395484924316406
0.006061166524887085 0.0027690529823303223 0.0038957595825195312
0.0019814223051071167 0.00488242506980896 0.0
0.0 0.008500814437866211 0.0
0.0 0.011825591325759888 0.0
0.00047957897186279297 0.019182026386260986 0.0
0.0 0.016992300748825073 0.0
0.0 0.008936047554016113 0.0
0.004975706338882446 0.005768269300460815 0.0
0.0 0.008957445621490479 0.0035276412963867188
0.0 0.00933888554573059 0.0
0.0 0.008389294147491455 0.0
0.004737600684165955 0.010440289974212646 0.0015622377395629883
0.004416748881340027 0.010431468486785889 0.003285706043243408
0.0017617717385292053 0.004567086696624756 0.005689084529876709
0.004187501966953278 0.0037253201007843018 0.016196012496948242
0.003532208502292633 0.0024850666522979736 0.02200639247894287
0.0010120570659637451 0.0002541542053222656 0.019376754760742188
0.0 0.006037473678588867 0.012308001518249512
0.0 0.0036538541316986084 0.0029587149620056152
0.0 0.0 0.004633605480194092
0.0013539120554924011 0.0 0.009831666946411133
0.0 0.0004615485668182373 0.0035741329193115234
0.0 0.0 0.0022701025009155273
0.0 0.002373427152633667 0.0023786425590515137
0.008353449404239655 0.005182534456253052 0.013150691986083984
0.008905522525310516 0.02180659770965576 0.04372340440750122
0.011135771870613098 0.020131587982177734 0.07570254802703857
0.036440446972846985 0.037694185972213745 0.06425338983535767
0.08741810917854309 0.0708656907081604 0.03619498014450073
0.0933561623096466 0.1290377974510193 0.0
0.10930413007736206 0.16205435991287231 0.0
0.043549299240112305 0.17159083485603333 0.0
0.13449609279632568 0.23972350358963013 0.0
0.09427016973495483 0.2754042148590088 0.0
0.12088572978973389 0.28129279613494873 0.0
0.04230886697769165 0.3024930953979492 0.0
0.07488548755645752 0.5142843723297119 0.0
0.0 0.24970176815986633 0.0
0.0 0.0 0.0
0.0 0.0 0.0
0.0 0.0 0.17162632942199707
0.0 0.0 0.6664862632751465
0.0 0.0 0.6104068756103516
0.0 0.055746883153915405 0.4360389709472656
0.0 0.2403544783592224 0.3195279836654663
0.0 0.3557202219963074 0.315160870552063
0.0 0.3242790102958679 0.35130369663238525
0.0 0.18269771337509155 0.436626136302948
0.0 0.25167715549468994 0.4391409754753113
0.0 0.3128202557563782 0.4040166735649109
0.0 0.3290454149246216 0.40852296352386475
0.0 0.33730465173721313 0.39038723707199097
0.0 0.34082138538360596 0.4121536612510681
0.0 0.3541914224624634 0.44537878036499023
0.0 0.36313527822494507 0.39389216899871826
0.0 0.31836366653442383 0.3418527841567993
0.0 0.202853262424469 0.2682778835296631
0.0 0.1980438232421875 0.2140951156616211
0.0 0.1753280758857727 0.20435833930969238
0.03493964672088623 0.207716703414917 0.23248684406280518
0.027355104684829712 0.24565660953521729 0.19360047578811646
0.02821570634841919 0.25031208992004395 0.07370561361312866
0.0253484845161438 0.20846039056777954 0.0
0.029087066650390625 0.23760074377059937 0.0
0.12154929339885712 0.18133679032325745 0.0
0.0892784371972084 0.1340639889240265 0.0
0.04249398782849312 0.10959525406360626 0.0
0.025771664455533028 0.10354048013687134 0.0
0.05217690020799637 0.10645923018455505 0.0
0.04733783006668091 0.07173244655132294 0.0
0.005851782858371735 0.056478872895240784 0.0
0.0 0.025759071111679077 0.0
0.0 0.008930385112762451 0.0
0.0 0.016907423734664917 0.0
0.0 0.02562028169631958 0.0
0.0 0.013156399130821228 0.0
0.0 0.010928049683570862 0.02077263593673706
0.0 0.013915717601776123 0.04998373985290527
0.0 0.003726869821548462 0.05588322877883911
0.0017861258238554 0.0077562034130096436 0.0718926191329956
0.0023826370015740395 0.004959613084793091 0.06378579139709473
0.01268162950873375 0.011480391025543213 0.0592191219329834
0.011304883286356926 0.003535240888595581 0.04207170009613037
0.011430732905864716 0.005314886569976807 0.03308093547821045
0.005773507058620453 0.013170331716537476 0.016574859619140625
0.0 0.014773398637771606 0.0
0.0 0.014300704002380371 0.0
0.0012906715273857117 0.01802384853363037 0.0
0.003298453986644745 0.014026820659637451 0.0
0.0 0.014330923557281494 0.0
0.0005009546875953674 0.0161515474319458 0.0
0.0 0.022360384464263916 0.0
0.0 0.013090789318084717 0.0
0.0 0.0 0.00362473726272583
0.004075489938259125 0.002363920211791992 0.01792079210281372
0.00409621000289917 0.009095609188079834 0.01786702871322632
0.005917392671108246 0.012127846479415894 0.01890575885772705
0.008033830672502518 0.018422424793243408 0.012603044509887695
0.0037067048251628876 0.017884373664855957 0.011242926120758057
0.00040301308035850525 0.008072137832641602 0.008314251899719238
0.0 0.0169258713722229 0.0016872286796569824
0.0 0.008901089429855347 0.0
0.0 0.0024247169494628906 0.0
0.0007420852780342102 0.004309177398681641 0.0
0.0 0.009218931198120117 0.0
0.0 0.008520007133483887 0.0004891753196716309
0.0 0.016900479793548584 0.0011836886405944824
0.0 0.014985263347625732 0.009227156639099121
0.0059086233377456665 0.011862993240356445 0.016798555850982666
0.008946187794208527 0.014077812433242798 0.02529078722000122
0.004781033843755722 0.009340733289718628 0.02140486240386963
0.0 0.009867668151855469 0.005356311798095703
0.0006098821759223938 0.010372191667556763 0.0
0.009128399193286896 0.01436382532119751 0.0
0.0033577904105186462 0.014849692583084106 0.0
0.0 0.007567793130874634 0.0
0.0 0.007075250148773193 0.0
0.0 0.005433171987533569 0.0013393759727478027
0.0 0.007415771484375 0.008912622928619385
0.0 0.012261062860488892 0.009304583072662354
0.0 0.008723735809326172 0.006852567195892334
0.0029997751116752625 0.007664918899536133 0.010931611061096191
0.0044653937220573425 0.008807927370071411 0.003994941711425781
0.006248392164707184 0.011968404054641724 0.0008185505867004395
0.0 0.01085507869720459 0.0
0.0004750937223434448 0.012813061475753784 0.0
0.0016113147139549255 0.012890011072158813 0.0025429725646972656
0.004051193594932556 0.007276266813278198 0.005414485931396484
0.0 0.01563766598701477 0.0032545924186706543
0.0 0.008045345544815063 0.0
0.0 0.011660188436508179 0.0
0.0 0.002966076135635376 0.0
0.0002447962760925293 0.0013725757598876953 0.011531591415405273
0.0 0.0 0.016028106212615967
0.0 0.007771283388137817 0.01863837242126465
0.0 0.018395930528640747 0.0033591389656066895
0.0004608668386936188 0.010340243577957153 0.0
0.007754780352115631 0.011504679918289185 0.0030902624130249023
0.008032642304897308 0.009274452924728394 0.001604616641998291
0.006696533411741257 0.014431685209274292 0.0
0.0007765330374240875 0.006742805242538452 0.0
0.0 0.016001015901565552 0.0
0.0 0.013522446155548096 0.0020099282264709473
0.0 0.015544533729553223 0.00010943412780761719
0.0 0.00938299298286438 0.0
0.0 0.006554156541824341 0.0
0.0019040368497371674 0.00758439302444458 0.005678236484527588
0.0014408491551876068 0.002506434917449951 0.006814360618591309
0.0 0.0034307539463043213 0.01536327600479126
0.0 0.002816915512084961 0.013737261295318604
0.0 0.009219735860824585 0.010867297649383545
0.0010433048009872437 0.01564088463783264 0.004057407379150391
0.003944803029298782 0.01800355315208435 0.0
0.0024718008935451508 0.016838401556015015 0.0
0.005342617630958557 0.0142747163772583 0.0
0.004028983414173126 0.005359530448913574 0.0
0.0 0.00712275505065918 0.0014731287956237793
0.0 0.006209462881088257 0.006399810314178467
0.0 0.008342176675796509 0.0038909316062927246
0.0 0.01067301630973816 0.0016622543334960938
0.0 0.01156914234161377 0.00032383203506469727
0.0 0.00877535343170166 0.0
0.0 0.0024354159832000732 0.012478828430175781
0.0 0.0027881860733032227 0.018671274185180664
0.0 0.006672590970993042 0.013479769229888916
0.0 0.010934412479400635 0.0023112893104553223
0.0 0.011070996522903442 0.0
0.0040229447185993195 0.009469807147979736 0.0
0.0023321807384490967 0.012395709753036499 0.00035685300827026367
0.001589220017194748 0.008895635604858398 0.0019660592079162598
0.0 0.006310403347015381 0.005676090717315674
0.0 0.004212409257888794 0.0033978819847106934
0.0 0.010162502527236938 0.0
0.0 0.010409802198410034 0.0
0.0 0.009051352739334106 0.0
0.0023866668343544006 0.006343334913253784 0.006412804126739502
0.0017005503177642822 0.0018718540668487549 0.012277662754058838
0.006773687899112701 0.010663241147994995 0.017878592014312744
0.0006911829113960266 0.015220344066619873 0.008696556091308594
0.0005223378539085388 0.016348034143447876 0.004865109920501709
0.004704073071479797 0.01902991533279419 0.00674593448638916
0.0005318634212017059 0.012769818305969238 0.0
0.002863015979528427 0.011312097311019897 0.0008986592292785645
0.0024103447794914246 0.014164209365844727 0.0010883212089538574
0.004779338836669922 0.0032903552055358887 0.0029395222663879395
0.0 0.006281375885009766 0.002542436122894287
0.0 0.00463983416557312 0.0
0.0 0.008693188428878784 0.0
0.0010274164378643036 0.009676158428192139 0.0
0.0 0.007740616798400879 0.0011542439460754395
0.0 0.00449138879776001 0.004093348979949951
0.0 0.014122754335403442 0.007065117359161377
0.0 0.012174338102340698 0.0
0.0 0.012557387351989746 0.0010247230529785156
0.00044696033000946045 0.011541664600372314 0.009372949600219727
0.0 0.005510956048965454 0.013484537601470947
0.0 0.0023959577083587646 0.008558988571166992
0.0008416138589382172 0.0027302205562591553 0.0025753378868103027
0.008991450071334839 0.009900838136672974 0.0
0.008013468235731125 0.009605884552001953 0.0
0.0 0.012308597564697266 0.0
0.0 0.014184921979904175 0.004044294357299805
0.0 0.01600170135498047 0.005868077278137207
0.0 0.00766327977180481 0.005229532718658447
0.0 0.0019016265869140625 0.007278919219970703
0.0 0.0 0.01320713758468628
0.0 0.0 0.009963154792785645
0.005890145897865295 0.0031309425830841064 0.010193884372711182
0.006758891046047211 0.010236233472824097 0.0032514333724975586
0.0035786256194114685 0.017228513956069946 0.0
0.0 0.015049546957015991 0.0
0.0 0.011754721403121948 0.0
0.00362187996506691 0.005626559257507324 0.015077352523803711
0.005423098802566528 0.002916008234024048 0.026051580905914307
0.0067056044936180115 0.0025707483291625977 0.02904832363128662
0.0028666257858276367 0.00954502820968628 0.019933640956878662
0.005629293620586395 0.015397131443023682 0.00759655237197876
0.00452684611082077 0.016813337802886963 0.0
0.0 0.014480024576187134 0.0
0.0 0.012662529945373535 0.0
0.0 0.00524476170539856 0.0
0.0 0.004198431968688965 0.00022047758102416992
0.0 0.006773561239242554 0.005614936351776123
0.0 0.010926574468612671 0.0009478330612182617
0.0 0.015386044979095459 0.0
0.0376105010509491 0.025695234537124634 0.0
0.04247564077377319 0.05844065546989441 0.0
0.027638092637062073 0.08349379897117615 0.0
0.0 0.060083210468292236 0.0
0.0 0.033412158489227295 0.0
0.0 0.02264919877052307 0.0
0.0 0.026900142431259155 0.0
0.0 0.04299333691596985 0.0
0.0 0.035928159952163696 0.01228630542755127
0.0 0.027535825967788696 0.04890131950378418
0.0 0.021202534437179565 0.09094643592834473
0.0 0.024574697017669678 0.11780726909637451
0.0 0.016414761543273926 0.14108127355575562
0.007258843630552292 0.009695470333099365 0.15159446001052856
0.006781436502933502 0.005391597747802734 0.16103750467300415
0.00276792049407959 0.0 0.17126590013504028
0.007672809064388275 0.0 0.1644378900527954
0.0067172907292842865 0.0 0.15504944324493408
0.0 0.0 0.12675386667251587
0.0 0.0 0.10215067863464355
0.0 0.0 0.07758045196533203
0.0 0.0 0.05082780122756958
0.0 0.0 0.021385371685028076
0.0 0.0 0.0
0.0 0.0 0.0
0.0 0.009844094514846802 0.0
0.0 0.02401605248451233 0.0
0.0 0.031331926584243774 0.0
0.007322516292333603 0.023654460906982422 0.0
0.011368408799171448 0.030581355094909668 0.0
0.0 0.029470816254615784 0.0
0.0 0.027412399649620056 0.0
0.000991716980934143 0.020550474524497986 0.0
0.001837804913520813 0.020392507314682007 0.0
0.0 0.020547151565551758 0.0
0.0 0.018181324005126953 0.0
0.0 0.03750529885292053 0.0
0.016692593693733215 0.03623238205909729 0.0
0.0 0.04764038324356079 0.0
0.0 0.04581788182258606 0.0
0.0 0.027835309505462646 0.0
0.0 0.017480820417404175 0.0
0.0 0.019369512796401978 0.020678043365478516
0.00435691699385643 0.02229088544845581 0.03495907783508301
0.0013533607125282288 0.025364965200424194 0.03976774215698242
0.0007231421768665314 0.027134597301483154 0.046182215213775635
0.004665058106184006 0.02420756220817566 0.06370741128921509
0.009979911148548126 0.02524346113204956 0.07751655578613281
0.0075859185308218 0.016826599836349487 0.0853877067565918
0.010151689872145653 0.00830891728401184 0.09301358461380005
0.01081046462059021 0.006794482469558716 0.09692925214767456
0.013093091547489166 0.0067958831787109375 0.09800738096237183
0.0089362021535635 0.0 0.09499490261077881
0.0038647055625915527 0.0 0.08390951156616211
0.0 0.0 0.07344484329223633
0.0 0.0 0.0639793872833252
0.0 0.0 0.04909169673919678
0.0 0.0 0.026613235473632812
0.0 0.0 0.01088947057723999
0.0 0.006112515926361084 0.0021185874938964844
0.017001241445541382 0.016337066888809204 0.0
0.014763310551643372 0.013373017311096191 0.0
0.010235927999019623 0.010803580284118652 0.0
0.0034674927592277527 0.00946354866027832 0.0
0.005940355360507965 0.016948193311691284 0.0
0.00046287477016448975 0.016883909702301025 0.0
0.0 0.014462262392044067 0.0
0.0 0.0066428035497665405 0.0
0.0 0.0 0.0
0.0 0.0 0.0
0.0 0.0019941329956054688 0.0
0.0 0.023247361183166504 0.0
0.0 0.022486001253128052 0.0
0.0 0.0368063747882843 0.0
0.0 0.02436995506286621 0.0
0.0 0.020683318376541138 0.0
0.0 0.01931646466255188 0.0
0.0 0.011518359184265137 0.0020070672035217285
0.0 0.025483667850494385 0.020856022834777832
0.0 0.03252053260803223 0.04187542200088501
0.0044956207275390625 0.022068381309509277 0.05705225467681885
0.008459571748971939 0.021764159202575684 0.06348001956939697
0.010515544563531876 0.027151376008987427 0.0662350058555603
0.011759111657738686 0.018512576818466187 0.07836079597473145
0.010292982682585716 0.008233368396759033 0.08792906999588013
0.006080161780118942 0.0 0.09299629926681519
0.007742030546069145 0.0036585330963134766 0.09412550926208496
0.014339633285999298 0.005947202444076538 0.08744269609451294
0.01521403156220913 0.007949799299240112 0.07743507623672485
0.014829058200120926 0.007077038288116455 0.06721240282058716
0.006808366626501083 0.0067271888256073 0.05014902353286743
0.00443648174405098 0.0 0.03778684139251709
0.0010100379586219788 0.0 0.022971630096435547
0.0 0.0 0.009607315063476562
0.007242035120725632 0.0 0.0
0.003940314054489136 0.007259845733642578 0.0
0.004940718412399292 0.016680479049682617 0.0
0.008619986474514008 0.017196059226989746 0.0
0.0 0.02127377688884735 0.0
0.005342453718185425 0.01748332381248474 0.0
0.024797990918159485 0.001010015606880188 0.0
0.0037970691919326782 0.016863539814949036 0.0
0.0 0.010918647050857544 0.0
0.0 0.008483096957206726 0.0
0.0 0.005428597331047058 0.0
0.0 0.0 0.0
0.0 0.008184120059013367 0.0
0.0 0.014224007725715637 0.0
0.0 0.01799529790878296 0.0
0.0 0.014317363500595093 0.0
0.0 0.014012515544891357 0.0
0.0 0.023422420024871826 0.0
0.0 0.027455002069473267 0.0
0.0 0.018726229667663574 0.0
0.0 0.017899274826049805 0.002181708812713623
0.0 0.014620006084442139 0.011938810348510742
0.0 0.009451806545257568 0.03194838762283325
0.0018257610499858856 0.036262571811676025 0.03536194562911987
0.0019014477729797363 0.022747784852981567 0.04869359731674194
0.0 0.02976927161216736 0.058852553367614746
0.0 0.0189020037651062 0.06255757808685303
0.004371552728116512 0.014505058526992798 0.07950341701507568
0.007312247529625893 0.004439592361450195 0.08093351125717163
0.017494816333055496 0.005915820598602295 0.08812379837036133
0.02083636075258255 0.006838947534561157 0.093708336353302
0.014645686373114586 0.0036725401878356934 0.07821959257125854
0.007309341803193092 0.004588514566421509 0.0574573278427124
0.005304273217916489 0.004922598600387573 0.049154818058013916
0.016688212752342224 0.008228570222854614 0.045158445835113525
0.029892921447753906 0.008380472660064697 0.03863424062728882
0.02544981986284256 0.012372881174087524 0.01794147491455078
0.011760495603084564 0.0018696486949920654 0.0
0.0017631351947784424 0.002662837505340576 0.0
0.0 0.047009289264678955 0.007288873195648193
0.04745039343833923 0.0 0.0
0.0069047436118125916 0.0 0.0
0.0 0.0 0.0
0.0 0.0 0.0
0.0 0.009441167116165161 0.0
0.0 0.008273765444755554 0.0
0.0 0.002319931983947754 0.0
0.0 0.0 0.0
0.0 0.000180169939994812 0.0
0.0 0.005874663591384888 0.0
0.0 0.023539036512374878 0.0
0.0 0.03266197443008423 0.0
0.0 0.05980616807937622 0.0
0.0 0.03043416142463684 0.0
0.0 0.025395691394805908 0.0
0.0 0.01830190420150757 0.0012368559837341309
0.0 0.035568952560424805 0.01804274320602417
0.0 0.026575952768325806 0.02619040012359619
0.0 0.030120134353637695 0.03633534908294678
0.0 0.024917036294937134 0.05046361684799194
0.0 0.01971021294593811 0.06884610652923584
0.009651880711317062 0.019522875547409058 0.08822143077850342
0.015398763120174408 0.01165822148323059 0.10169851779937744
0.011931009590625763 0.002501875162124634 0.09540510177612305
0.011247696354985237 0.007401168346405029 0.09218776226043701
0.014801256358623505 0.006517946720123291 0.08474576473236084
0.012458667159080505 0.005365520715713501 0.07100963592529297
0.006131850183010101 0.0 0.061681270599365234
0.008504677563905716 0.0009671151638031006 0.0560765266418457
0.0 0.0 0.03158539533615112
0.0 0.0 0.009606778621673584
0.0 0.0058467090129852295 0.004082322120666504
0.0 0.006561487913131714 0.0037279129028320312
0.0015367381274700165 0.004231095314025879 0.00039076805114746094
0.0038092806935310364 0.0 0.0
0.0 0.0 0.0
0.0 0.0 0.0
0.0 0.01043933629989624 0.0
0.0 0.01150241494178772 0.0
0.0 0.007962316274642944 0.0
0.0 0.008371025323867798 0.0
0.0 0.008585184812545776 0.0
0.0 0.013668268918991089 0.0
0.0 0.012347280979156494 0.0
0.0 0.014667332172393799 0.0
0.003200918436050415 0.01740729808807373 0.0
0.00211159884929657 0.013142108917236328 0.0
0.0 0.014969944953918457 0.0
0.0 0.009233951568603516 0.0
0.0 0.009549647569656372 0.0
0.0 0.012815535068511963 0.0
0.0 0.01885288953781128 0.0
0.0 0.022527635097503662 0.0
0.0 0.01671898365020752 0.004098951816558838
0.0008790716528892517 0.010268628597259521 0.01741766929626465
0.003212466835975647 0.007855653762817383 0.03550809621810913
0.004241779446601868 0.004161745309829712 0.05241304636001587
0.004525952041149139 0.006455928087234497 0.05965578556060791
0.005161575973033905 0.008777648210525513 0.048627376556396484
0.0 0.011583060026168823 0.029745399951934814
0.0035303831100463867 0.008485019207000732 0.014168143272399902
0.00891653448343277 0.011843353509902954 0.0
0.01007699966430664 0.005150496959686279 0.0
0.0018922984600067139 0.006328225135803223 0.0
0.0 0.005846917629241943 0.0
0.0 0.011835217475891113 0.0
0.0 0.00757986307144165 0.0
0.0 0.004311561584472656 0.0016567707061767578
0.0 0.004064589738845825 0.013703107833862305
0.0 0.004785209894180298 0.020187079906463623
0.0 0.003257662057876587 0.012592554092407227
0.0015143081545829773 0.0029610097408294678 0.012790501117706299
0.005001716315746307 0.006644874811172485 0.01058429479598999
0.002999529242515564 0.008539587259292603 0.0012243986129760742
0.0 0.013163775205612183 0.0
0.0 0.01187431812286377 0.0
0.0 0.009565502405166626 0.0
0.001081518828868866 0.006832510232925415 0.0011026859283447266
0.00319497287273407 0.00441858172416687 0.007444918155670166
0.0016088038682937622 0.0007970631122589111 0.009818732738494873
0.0 0.013318687677383423 0.0035809874534606934
0.0 0.009190291166305542 0.0
0.0 0.010728031396865845 0.0
0.00011313706636428833 0.005407214164733887 0.005787193775177002
0.0 0.005479574203491211 0.0029662251472473145
0.0 0.0 0.004382014274597168
0.0 0.00021222233772277832 0.005085468292236328
0.0 0.0043451786041259766 0.0
0.0 0.007648378610610962 0.00032901763916015625
0.0 0.007328212261199951 0.0022350549697875977
0.0 0.001664280891418457 0.0
0.0 0.001774221658706665 0.008024096488952637
0.0017679333686828613 0.0 0.01477968692779541
0.0 0.007622122764587402 0.014613330364227295
0.0007293745875358582 0.00035327672958374023 0.0007680654525756836
0.0 0.017371773719787598 0.0
0.010323375463485718 0.014808356761932373 0.003586888313293457
0.011474788188934326 0.02812632918357849 0.05297166109085083
0.028125204145908356 0.026888102293014526 0.10116112232208252
0.07774315774440765 0.023802906274795532 0.09314912557601929
0.11356428265571594 0.06502082943916321 0.040862202644348145
0.1086912751197815 0.14949283003807068 0.0
0.13381370902061462 0.16017356514930725 0.0
0.09313169121742249 0.1508704125881195 0.0
0.10244578123092651 0.13535988330841064 0.0
0.059202373027801514 0.10913455486297607 0.0
0.04796552658081055 0.1380164623260498 0.0
0.11874163150787354 0.20732808113098145 0.0
0.13277971744537354 0.2789692282676697 0.0
0.0217972993850708 0.26338326930999756 0.0
0.0 0.2067585587501526 0.0
0.0 0.0589735209941864 0.0
0.0 0.0 0.0
0.0 0.0 0.0
0.0 0.016901463270187378 0.0
0.0 0.0 0.11580979824066162
0.0 0.0 0.34699392318725586
0.0 0.0 0.3731187582015991
0.0 0.025209784507751465 0.33829665184020996
0.0 0.05645585060119629 0.3519445061683655
0.0 0.12778300046920776 0.30245107412338257
0.0 0.15301823616027832 0.30453717708587646
0.0 0.1831912398338318 0.2913306951522827
0.0 0.2239452600479126 0.3025418519973755
0.0 0.319089412689209 0.2716963291168213
0.0 0.3049046993255615 0.2827919125556946
0.0 0.24001139402389526 0.30592161417007446
0.0 0.20531266927719116 0.3139069676399231
0.0 0.22143155336380005 0.327006459236145
0.0 0.27305006980895996 0.30779922008514404
0.0 0.26059889793395996 0.29788196086883545
0.0 0.23624897003173828 0.2555607557296753
0.0 0.20048701763153076 0.24327659606933594
0.026381075382232666 0.15760338306427002 0.2157191038131714
0.03718070685863495 0.15836167335510254 0.1825953722000122
0.017006009817123413 0.17603647708892822 0.13414835929870605
0.022180020809173584 0.18186360597610474 0.13035476207733154
0.04246392846107483 0.17023169994354248 0.13783663511276245
0.050794631242752075 0.17221498489379883 0.12883710861206055
0.024258583784103394 0.15931954979896545 0.08401918411254883
0.010173924267292023 0.17529654502868652 0.009870707988739014
0.02886943519115448 0.15373313426971436 0.0
0.03192448988556862 0.12610554695129395 0.0
0.012023841962218285 0.09679973125457764 0.0
0.0016051344573497772 0.08525928854942322 0.0
0.019328951835632324 0.052977994084358215 0.0
0.010069351643323898 0.05306196212768555 0.0
0.0 0.014463886618614197 0.0
0.0 0.003892958164215088 0.0
0.0 0.01629456877708435 0.0
0.0 0.025600150227546692 0.0
0.0 0.034053876996040344 0.0
0.0 0.030598074197769165 0.0
0.0 0.0179692804813385 0.001063704490661621
0.0 0.009138673543930054 0.021685004234313965
0.00012546032667160034 0.009883984923362732 0.03665226697921753
0.0053800418972969055 0.009784400463104248 0.03499633073806763
0.005050532519817352 0.011439263820648193 0.033043086528778076
0.0025307536125183105 0.007545545697212219 0.023492634296417236
0.013266600668430328 0.01801319420337677 0.01875591278076172
0.011625703424215317 0.01656453311443329 0.011364579200744629
0.0091121606528759 0.017307698726654053 0.010456204414367676
0.0 0.015260428190231323 0.0008554458618164062
0.0 0.017169147729873657 0.00032448768615722656
0.0 0.006629422307014465 0.0
0.0 0.004905045032501221 0.0
0.000910196453332901 0.0070458948612213135 0.006079196929931641
0.0 0.0015170425176620483 0.0
0.0 0.005103543400764465 0.0
0.0 0.007371127605438232 0.0
0.0 0.006291985511779785 0.0
0.0 0.007248833775520325 0.0
0.0 0.013332471251487732 0.0
0.0 0.011847928166389465 0.0
0.0004607774317264557 0.015572875738143921 0.0
0.00098322331905365 0.01384878158569336 0.0
0.0025538653135299683 0.009130910038948059 0.003150045871734619
0.000415019690990448 0.01760496199131012 0.008967399597167969
0.0 0.009223058819770813 0.0021699070930480957
0.004085808992385864 0.01764260232448578 0.0
0.0029824599623680115 0.01744401454925537 0.0
0.0 0.009862631559371948 0.0
0.0 0.009218454360961914 0.00878608226776123
0.0 0.009673014283180237 0.01396191120147705
0.0 0.00962492823600769 0.015437602996826172
0.0 0.009153217077255249 0.0037717819213867188
0.00221976637840271 0.010365694761276245 0.0
0.004622027277946472 0.010346546769142151 0.0
0.0034323595464229584 0.008074924349784851 0.0
0.0002684555947780609 0.010126963257789612 0.0082930326461792
0.0 0.01061597466468811 0.0052027106285095215
0.0 0.012531787157058716 0.0029203295707702637
0.0 0.009192809462547302 0.0
0.0 0.0071724653244018555 0.0003325343132019043
0.0 0.008895397186279297 0.004538774490356445
0.0 0.005009114742279053 0.009637057781219482
0.00421571359038353 0.005233705043792725 0.012159347534179688
0.0 0.01473701000213623 0.01329052448272705
0.003948993980884552 0.004856958985328674 0.011979281902313232
0.0 0.019046679139137268 0.005814909934997559
0.0 0.012542366981506348 0.0
0.0039467886090278625 0.01336042582988739 0.0
0.0 0.012703537940979004 0.0030518174171447754
0.0 0.006026536226272583 0.0
0.0 0.010753855109214783 0.0
0.0033252984285354614 0.008401229977607727 0.0
0.0 0.011118948459625244 0.0022031068801879883
0.0 0.008612632751464844 0.0
0.0 0.009400755167007446 0.008342146873474121
0.0 0.009815126657485962 0.011069536209106445
0.0 0.00852358341217041 0.012365579605102539
0.0 0.013021975755691528 0.013447284698486328
0.0037275366485118866 0.006377100944519043 0.006400763988494873
0.0 0.005809992551803589 0.0
0.0031700022518634796 0.01337382197380066 0.0
0.002205990254878998 0.01681022346019745 0.0
0.0037957951426506042 0.0122908353805542 0.0
0.0 0.015163451433181763 0.0
0.0 0.009589821100234985 0.0
0.0 0.00807216763496399 0.012200415134429932
0.0 0.005964696407318115 0.008563876152038574
0.0 0.006591618061065674 0.007350564002990723
0.0 0.007462918758392334 0.006515383720397949
0.0038793571293354034 0.002514272928237915 0.01471853256225586
0.0 0.008091747760772705 0.017055034637451172
0.0017463266849517822 0.015118539333343506 0.009961426258087158
0.0 0.014640837907791138 0.0
0.004442106932401657 0.01589226722717285 0.0
0.0005613341927528381 0.013363003730773926 0.0
0.0 0.01144099235534668 0.0
0.0 0.005978673696517944 0.0
0.0 0.0063668787479400635 0.0
0.0 0.0025041699409484863 0.005486130714416504
0.0 0.00423121452331543 0.011555612087249756
0.0 0.005469679832458496 0.006615877151489258
0.0 0.008896201848983765 0.0
0.0 0.012591332197189331 0.0
0.002366587519645691 0.011467933654785156 0.0028076767921447754
0.0035122111439704895 0.010112255811691284 0.009406626224517822
0.00045487284660339355 0.013248026371002197 0.012246310710906982
0.0 0.01202341914176941 0.007157325744628906
0.002387300133705139 0.01007792353630066 0.006853342056274414
0.0022266432642936707 0.01109379529953003 0.000390470027923584
0.005427256226539612 0.012372046709060669 0.0
0.0 0.005802124738693237 0.0
0.0 0.00835534930229187 0.0
0.0 0.012459814548492432 0.0
0.0 0.0017001926898956299 0.0
0.0 0.00996464490890503 0.006682336330413818
0.0 0.005649149417877197 0.012180924415588379
0.0 0.012345612049102783 0.00995713472366333
0.0 0.012519776821136475 0.005763709545135498
0.0 0.008539378643035889 0.0015197992324829102
0.0 0.005729019641876221 0.0051239728927612305
0.0 0.0031595826148986816 0.008820652961730957
0.0 0.001146852970123291 0.00893622636795044
0.0 0.008348643779754639 0.00975126028060913
0.01003934070467949 0.0036711394786834717 0.01128387451171875
0.005843508988618851 0.01720905303955078 0.012370109558105469
0.01700456812977791 0.013184279203414917 0.01550912857055664
0.01945379748940468 0.02075439691543579 0.018303394317626953
0.038146037608385086 0.029092609882354736 0.013877630233764648
0.05677630007266998 0.05719351768493652 0.0
0.07133656740188599 0.08584588766098022 0.0
0.08203191310167313 0.08672183752059937 0.0
0.0729021281003952 0.08350792527198792 0.0
0.06607070565223694 0.0889265239238739 0.0
0.06542611122131348 0.09893634915351868 0.0
0.052091583609580994 0.09326747059822083 0.0
0.03313803672790527 0.09366294741630554 0.0
0.023638397455215454 0.05540430545806885 0.0
0.0010737180709838867 0.04188254475593567 0.0
0.0 0.0279538631439209 0.0
0.0 0.026425600051879883 0.002612888813018799
0.0 0.022228479385375977 0.0
0.0 0.008226603269577026 0.0
0.0 0.0 0.0
0.0 0.0 0.0
0.0 0.0 0.0238267183303833
0.0 0.0 0.04600590467453003
0.0 0.0 0.0666913390159607
0.0 0.0 0.09075069427490234
0.0 0.0 0.10729783773422241
0.0 0.0 0.11333495378494263
0.0 0.0 0.11465060710906982
0.0 0.0 0.10113614797592163
0.0 0.0 0.09822279214859009
0.0 0.014739751815795898 0.08913779258728027
0.0 0.0379004180431366 0.05737119913101196
0.0 0.045651644468307495 0.0028295516967773438
0.0 0.047549933195114136 0.0
0.0 0.04631757736206055 0.0
0.01655144989490509 0.055892884731292725 0.0
0.057036980986595154 0.03664118051528931 0.0
0.06864224374294281 0.06442448496818542 0.0
0.0707167536020279 0.08855012059211731 0.0
0.0661415308713913 0.09574568271636963 0.0
0.07646447420120239 0.09787046909332275 0.0
0.10451994836330414 0.09351503849029541 0.0
0.11912597715854645 0.10018527507781982 0.0
0.11946859955787659 0.09661898016929626 0.0
0.09197382628917694 0.08779454231262207 0.0
0.07022414356470108 0.07124614715576172 0.0
0.05470539629459381 0.06716474890708923 0.0
0.0556730255484581 0.06722387671470642 0.0
0.05471980571746826 0.07408851385116577 0.0
0.02477721869945526 0.05761060118675232 0.0
0.001786947250366211 0.0374143123626709 0.0
0.0 0.024250149726867676 0.0
0.0 0.02267509698867798 0.0
0.0 0.024641424417495728 0.0
0.0 0.0354573130607605 0.0062239766120910645
0.0 0.019059717655181885 0.0
0.0 0.0 0.0063686370849609375
0.0 0.0 0.02272927761077881
0.0 0.0 0.03777593374252319
0.0 0.0 0.03736644983291626
0.0 0.0 0.04198348522186279
0.0 0.0 0.04219549894332886
0.0 0.0 0.056520044803619385
0.0 0.0 0.05825763940811157
0.0 0.0 0.04952394962310791
0.0 0.0 0.036418259143829346
0.0 0.0 0.02631300687789917
0.0 0.0 0.02297145128250122
0.0 0.0 0.029134511947631836
0.0 0.017482489347457886 0.030171334743499756
0.0 0.018277347087860107 0.03036201000213623
0.0 0.011662989854812622 0.022825956344604492
0.0 0.015731126070022583 0.016702353954315186
0.0 0.03917708992958069 0.02571195363998413
0.025453120470046997 0.06184104084968567 0.015080630779266357
0.04279713332653046 0.06807154417037964 0.0
0.04786844551563263 0.06577515602111816 0.0
0.0540136992931366 0.06400936841964722 0.0
0.07801677286624908 0.0706726610660553 0.0
0.09147307276725769 0.07977890968322754 0.0
0.09613946080207825 0.08660468459129333 0.0
0.06802023947238922 0.08006390929222107 0.0
0.047798916697502136 0.06441837549209595 0.0
0.04453933238983154 0.05069786310195923 0.0
0.04305526614189148 0.042877525091171265 0.0
0.038180962204933167 0.039029061794281006 0.0
0.0381094366312027 0.05464822053909302 0.0
0.02664850652217865 0.051231980323791504 0.0
0.002745911478996277 0.03710702061653137 0.0
0.0 0.03281918168067932 0.0
0.015394821763038635 0.030148595571517944 0.008601546287536621
0.009050741791725159 0.04525989294052124 0.013791859149932861
0.002569153904914856 0.03831776976585388 0.0009803175926208496
0.0 0.007056981325149536 0.0
0.0 0.0 0.0
0.0 0.0 0.015070974826812744
0.0 0.0 0.03552311658859253
0.0 0.0 0.037615060806274414
0.0 0.0 0.016178607940673828
0.0 0.0 0.016669869422912598
0.0 0.0 0.035962700843811035
0.0 0.0 0.04900956153869629
0.0 0.0 0.06078481674194336
0.0 0.0 0.04647266864776611
0.0 0.0 0.03759711980819702
0.0 0.0 0.03826558589935303
0.0 0.0 0.04193532466888428
0.0 0.005086928606033325 0.04703754186630249
0.0 0.0030135512351989746 0.041457533836364746
0.0 0.00020635128021240234 0.036818623542785645
0.0 0.0056036412715911865 0.022893786430358887
0.004238441586494446 0.0205727219581604 0.019572019577026367
0.016603589057922363 0.0320068895816803 0.009092569351196289
0.02336476743221283 0.0480024516582489 0.0
0.033574193716049194 0.06262227892875671 0.0
0.04210744798183441 0.06688123941421509 0.0
0.04891027510166168 0.07077586650848389 0.0
0.06517428159713745 0.0698508620262146 0.0
0.07827554643154144 0.07773926854133606 0.0
0.08429835736751556 0.08344337344169617 0.0
0.06429892778396606 0.08055704832077026 0.0
0.048451006412506104 0.06623190641403198 0.0
0.03861282765865326 0.058527588844299316 0.0
0.024638324975967407 0.046353548765182495 0.0
0.017676889896392822 0.03654798865318298 0.0
0.03105643391609192 0.03827884793281555 0.0
0.011500522494316101 0.04268145561218262 0.0
0.0 0.02745288610458374 0.0
0.0 0.018480569124221802 0.0009162425994873047
0.003025069832801819 0.022433549165725708 0.016208887100219727
0.0021387040615081787 0.030569851398468018 0.018125712871551514
0.0 0.02880638837814331 0.007520735263824463
0.0 0.010701239109039307 0.0029044747352600098
0.0 0.0 0.0
0.0 0.0 0.021822452545166016
0.0 0.004093170166015625 0.03145033121109009
0.0 0.007939696311950684 0.025567829608917236
0.0 0.0 0.0028482675552368164
0.0 0.0 0.006316006183624268
0.0 0.0 0.02326500415802002
0.0 0.0 0.04559636116027832
0.0 0.0 0.05737602710723877
0.0 0.0 0.04274570941925049
0.0 0.0 0.026651203632354736
0.0 0.0 0.02516794204711914
0.0 0.0 0.02123439311981201
0.0 0.0 0.02071690559387207
0.0 0.0035434961318969727 0.022594213485717773
0.0 0.004720538854598999 0.014606237411499023
0.0 0.0 0.0072383880615234375
0.0 0.013187140226364136 0.01078808307647705
0.0003478527069091797 0.023444771766662598 0.014113426208496094
0.006803184747695923 0.02984526753425598 0.009584426879882812
0.01663951575756073 0.021109670400619507 0.0
0.022878795862197876 0.03220531344413757 0.0
0.02338247001171112 0.03358820080757141 0.0
0.019244521856307983 0.03338402509689331 0.0
0.024662643671035767 0.030428677797317505 0.0
0.020090803503990173 0.03406146168708801 0.0
0.010329566895961761 0.0352323055267334 0.0
0.014843471348285675 0.02778548002243042 0.0
0.015485092997550964 0.02182692289352417 0.0
0.02170644700527191 0.02854335308074951 0.0
0.019373223185539246 0.025404632091522217 0.0
0.015499725937843323 0.02809441089630127 0.0
0.02712216228246689 0.035623759031295776 0.0
0.03767982870340347 0.03902891278266907 0.0
0.03536321222782135 0.042177408933639526 0.0
0.027017630636692047 0.04350820183753967 0.0
0.017325766384601593 0.034462571144104004 0.0
0.0084233358502388 0.030797511339187622 0.0
0.001500941812992096 0.021640658378601074 0.0
0.0019316524267196655 0.010676383972167969 0.005942285060882568
0.004820778965950012 0.011200428009033203 0.00665438175201416
0.0051162391901016235 0.017660915851593018 0.005429863929748535
0.0 0.014794647693634033 0.0
0.0 0.015533924102783203 0.0
0.0 0.009306758642196655 0.0030460357666015625
0.0 0.002103656530380249 0.014194011688232422
0.0 0.0006840229034423828 0.017931699752807617
0.0 0.0 0.018567264080047607
0.0 0.0 0.01671653985977173
0.0 0.0 0.009138405323028564
0.0 0.0 0.01762974262237549
0.0 0.0 0.01439666748046875
0.0 0.0 0.008452177047729492
0.0 0.004252076148986816 0.005186736583709717
0.0 0.001735299825668335 0.0
0.0 0.00606498122215271 0.0
0.0 0.006043374538421631 0.0
0.0 0.012647420167922974 0.0
0.0 0.013880044221878052 0.0
0.0 0.00932842493057251 0.0
0.0 0.005900561809539795 0.0027331113815307617
0.0072153061628341675 0.008577942848205566 0.007673740386962891
0.007508918642997742 0.015653520822525024 0.008288443088531494
0.007760539650917053 0.015493154525756836 0.00894254446029663
0.007027953863143921 0.014427006244659424 0.009969234466552734
0.005353584885597229 0.019715189933776855 0.00491786003112793
0.0 0.013886511325836182 0.0
0.0 0.012277811765670776 0.0
0.0 0.006984114646911621 0.0
0.003906518220901489 0.008286505937576294 0.0
0.0025020837783813477 0.008035272359848022 0.0
0.00013519823551177979 0.008667349815368652 0.0
0.0 0.013556867837905884 0.0006636977195739746
0.0 0.014783531427383423 0.004160165786743164
0.0 0.014266371726989746 0.005165994167327881
0.004816398024559021 0.01166650652885437 0.008887529373168945
0.0033888816833496094 0.005492985248565674 0.01140362024307251
0.0 0.006645947694778442 0.0049457550048828125
0.0 0.009081482887268066 0.0
0.0 0.010174810886383057 0.0
0.0 0.007795006036758423 0.0
0.0 0.009810686111450195 0.0
0.0 0.004449337720870972 0.004365205764770508
0.0 0.008154869079589844 0.006997108459472656
0.0 0.006484001874923706 0.010097980499267578
0.0 0.005979031324386597 0.013610422611236572
0.001257866621017456 0.005480438470840454 0.02062809467315674
0.0007821321487426758 0.001962989568710327 0.02306962013244629
0.0 0.0 0.014567375183105469
0.0 0.002473682165145874 0.01562809944152832
0.0053656697273254395 0.0 0.021464884281158447
0.001956939697265625 0.004509180784225464 0.02931070327758789
0.005365744233131409 0.011183410882949829 0.025694549083709717
0.02064073085784912 0.04002034664154053 0.04074859619140625
0.027291208505630493 0.062152981758117676 0.0513683557510376
0.08130133152008057 0.09848174452781677 0.018645286560058594
0.167068749666214 0.11380642652511597 0.0
0.13960841298103333 0.14048239588737488 0.0
0.1466485857963562 0.1760646402835846 0.0
0.15130829811096191 0.196927011013031 0.0
0.10589754581451416 0.1782739758491516 0.0
0.08466994762420654 0.16984784603118896 0.0
0.05597877502441406 0.2680898904800415 0.0
0.022486448287963867 0.2692747712135315 0.0
0.0 0.2087571620941162 0.0
0.0 0.0 0.0
0.0 0.0 0.0
0.0 0.02072051167488098 0.0
0.0 0.03483051061630249 0.0
0.0 0.013548880815505981 0.24772095680236816
0.0 0.0 0.375191867351532
0.0 0.0 0.3520912528038025
0.0 0.004409193992614746 0.35617363452911377
0.0 0.0937911868095398 0.32678520679473877
0.0 0.17268145084381104 0.30621451139450073
0.0 0.2397823929786682 0.3035393953323364
0.0 0.22236204147338867 0.34279364347457886
0.0 0.28957200050354004 0.3440812826156616
0.0 0.3029702305793762 0.34111034870147705
0.0 0.3458164930343628 0.2909734845161438
0.0 0.3557574152946472 0.3138691782951355
0.0 0.28466856479644775 0.3552318811416626
0.0 0.23524904251098633 0.3783714175224304
0.0 0.21300441026687622 0.3683614730834961
0.0 0.24284422397613525 0.2900281548500061
0.0 0.23355251550674438 0.22808969020843506
0.0 0.20386004447937012 0.22915053367614746
0.030788645148277283 0.17166554927825928 0.21129488945007324
0.021330833435058594 0.15074044466018677 0.19767940044403076
0.0 0.1768471598625183 0.1588115692138672
0.0 0.1727207899093628 0.1260126829147339
0.0 0.23187708854675293 0.11538374423980713
0.016440384089946747 0.2149549126625061 0.10251367092132568
0.03941742703318596 0.19519346952438354 0.04748779535293579
0.019830474629998207 0.1350727081298828 0.0
0.01432754471898079 0.10282367467880249 0.0
0.0 0.12888175249099731 0.0
0.0 0.1134650707244873 0.0
0.006202176213264465 0.07795631885528564 0.0
0.0075516849756240845 0.04951748251914978 0.0
0.001039169728755951 0.029202714562416077 0.0
0.0 0.03150153160095215 0.0
0.0 0.049174532294273376 0.0
0.0 0.04386892914772034 0.0
0.0 0.04781170189380646 0.0
0.0 0.047876179218292236 0.0
0.0 0.03550925850868225 0.0
0.0 0.035011231899261475 0.014639198780059814
0.0 0.031871646642684937 0.03754144906997681
0.003851167857646942 0.020457297563552856 0.05711352825164795
0.008606456220149994 0.006885647773742676 0.06389737129211426
0.01121211051940918 0.003998905420303345 0.07118040323257446
0.00308150053024292 0.010330766439437866 0.062013447284698486
0.0 0.010095149278640747 0.05057168006896973
0.005262754857540131 0.015710562467575073 0.035390257835388184
0.005791425704956055 0.012368351221084595 0.02549189329147339
0.006663799285888672 0.014552831649780273 0.01625192165374756
0.0 0.008736997842788696 0.0006041526794433594
0.0 0.014280080795288086 0.0
0.0 0.008916467428207397 0.0
0.0 0.006592869758605957 0.0
0.0 0.007774859666824341 0.0
0.0 0.007900595664978027 0.0
0.0008251667022705078 0.011279463768005371 0.0
0.013075381517410278 0.01785072684288025 0.0
0.004863813519477844 0.019153982400894165 0.0
0.005191050469875336 0.01752340793609619 0.001837611198425293
0.009657397866249084 0.017157793045043945 0.004737496376037598
0.0 0.022416532039642334 0.002461075782775879
0.013173803687095642 0.023261040449142456 0.008527874946594238
0.0028338879346847534 0.018625229597091675 0.00572735071182251
0.003459915518760681 0.014830321073532104 0.008065879344940186
0.0 0.006742149591445923 0.0
0.0 0.005749434232711792 0.0
0.0 0.002008378505706787 0.012343764305114746
0.0 0.0061032772064208984 0.016608834266662598
0.0 0.00954747200012207 0.01488560438156128
0.0 0.011049807071685791 0.002606987953186035
0.004330739378929138 0.018927961587905884 0.0025649070739746094
0.00438845157623291 0.01726752519607544 0.002726256847381592
0.003550216555595398 0.019989818334579468 0.0
0.00711311399936676 0.017883747816085815 0.0
0.008272796869277954 0.013724803924560547 0.0
0.0037124529480934143 0.010954171419143677 0.0
0.0 0.0152205228805542 0.0
0.0 0.014373451471328735 0.0
0.0 0.012517929077148438 0.0
0.0 0.0075836181640625 0.0
0.0 0.00853303074836731 0.0
0.0043847933411598206 0.009996771812438965 0.0072133541107177734
0.0 0.00804087519645691 0.004664123058319092
0.0 0.009223759174346924 0.009468674659729004
0.0 0.013003289699554443 0.009723424911499023
0.0 0.010312706232070923 0.00043660402297973633
0.0 0.017234981060028076 0.002324342727661133
0.004612624645233154 0.014675915241241455 0.00452035665512085
0.0018486902117729187 0.014998823404312134 0.004680514335632324
0.00026535987854003906 0.014521420001983643 0.0
0.0 0.015208542346954346 0.0
0.0 0.015216320753097534 0.0
0.0 0.011857062578201294 0.0
0.0 0.009360849857330322 0.0
0.0 0.008163660764694214 0.0
0.0 0.009023606777191162 0.0
0.0 0.00571027398109436 0.0
0.0 0.01014643907546997 0.0
0.0 0.010876834392547607 0.008426129817962646
0.0 0.014744400978088379 0.013260483741760254
0.0 0.014729857444763184 0.017752528190612793
0.0 0.0069918036460876465 0.011795580387115479
0.0 0.007748633623123169 0.00952845811843872
0.003898046910762787 0.0066915154457092285 0.006131350994110107
0.003035403788089752 0.008645027875900269 0.0005742311477661133
0.008854202926158905 0.015697896480560303 0.004004478454589844
0.018267184495925903 0.02684086561203003 0.0063065290451049805
0.022862710058689117 0.03301417827606201 0.003070652484893799
0.028894029557704926 0.03340637683868408 0.004498600959777832
0.03730843961238861 0.05442431569099426 0.008308112621307373
0.06740881502628326 0.07498648762702942 0.0
0.07351657748222351 0.08384859561920166 0.0
0.06720861792564392 0.06391146779060364 0.0
0.0543312132358551 0.06758749485015869 0.0
0.04265893995761871 0.0737876296043396 0.0
0.04429662227630615 0.0830841064453125 0.0
0.04236026108264923 0.03340262174606323 0.0
0.0 0.018230974674224854 0.0
0.0 0.005831331014633179 0.0
0.0 0.0 0.0
0.0 0.0 0.012894809246063232
0.0 0.0 0.019750893115997314
0.0 0.0 0.029217302799224854
0.0 0.0 0.03377026319503784
0.0 0.0 0.04343211650848389
0.0 0.0 0.05384087562561035
0.0 0.0 0.05969005823135376
0.0 0.0 0.0487900972366333
0.0 0.0 0.0481489896774292
0.0 0.0 0.0448647141456604
0.0 0.0 0.050946176052093506
0.0 0.0 0.051928162574768066
0.0 0.0 0.05158889293670654
0.0 0.012005507946014404 0.05006825923919678
0.0 0.03577679395675659 0.04257601499557495
0.0 0.03308221697807312 0.033822715282440186
0.023291632533073425 0.045114874839782715 0.020277023315429688
0.044930599629879 0.06333157420158386 0.007508814334869385
0.05742611736059189 0.07088911533355713 0.0
0.0742754191160202 0.07341700792312622 0.0
0.09356801956892014 0.08552488684654236 0.0
0.10388992726802826 0.09417596459388733 0.0
0.10149072110652924 0.1006118655204773 0.0
0.09848249703645706 0.09941434860229492 0.0
0.09509609639644623 0.09508264064788818 0.0
0.072389617562294 0.08867338299751282 0.0
0.06843046844005585 0.07520312070846558 0.0
0.06462764739990234 0.07376700639724731 0.0
0.05059976875782013 0.07603728771209717 0.0
0.031435027718544006 0.07383036613464355 0.0
0.01758846640586853 0.05542224645614624 0.0
0.004729345440864563 0.048546403646469116 0.0
0.0 0.028653711080551147 0.0
0.0 0.015001565217971802 0.0002281665802001953
0.0 0.012491226196289062 0.010451197624206543
0.0 0.0055633485317230225 0.01667153835296631
0.0 0.0 0.014777839183807373
0.0 0.0 0.018018901348114014
0.0 0.0 0.024373650550842285
0.0 0.0 0.04801887273788452
0.0 0.0 0.05968743562698364
0.0 0.0 0.05895411968231201
0.0 0.0 0.05696380138397217
0.0 0.0 0.05299532413482666
0.0 0.0 0.05231684446334839
0.0 0.0 0.05783480405807495
0.0 0.0 0.0631522536277771
0.0 0.0 0.059029459953308105
0.0 0.007608592510223389 0.04745924472808838
0.0 0.026333868503570557 0.0377042293548584
0.0 0.03232511878013611 0.016705095767974854
0.003765121102333069 0.03834265470504761 0.0
0.015302658081054688 0.045184701681137085 0.0
0.035496026277542114 0.048176705837249756 0.0
0.04852159321308136 0.05569660663604736 0.0
0.05027113854885101 0.05744078755378723 0.0
0.05103321373462677 0.056295812129974365 0.0
0.05620372295379639 0.06824621558189392 0.0
0.0660468339920044 0.06930696964263916 0.0
0.0715503990650177 0.08406302332878113 0.0
0.06612792611122131 0.0803983211517334 0.0
0.05271047353744507 0.07486405968666077 0.0
0.03972405195236206 0.05545550584793091 0.0
0.03567926585674286 0.04452577233314514 0.0
0.034384310245513916 0.03951990604400635 0.0
0.023219197988510132 0.044428884983062744 0.0
0.016188353300094604 0.046792447566986084 0.0
0.0 0.03541672229766846 0.0
0.0 0.0218333899974823 0.0
0.0 0.01709425449371338 0.011660575866699219
0.006801486015319824 0.017207056283950806 0.023606538772583008
0.0 0.024247348308563232 0.022421061992645264
0.0 0.02263927459716797 0.0
0.0005705952644348145 0.01776784658432007 0.0
0.0 0.02072972059249878 0.007918715476989746
0.012945905327796936 0.028544574975967407 0.006382107734680176
0.017462819814682007 0.034733474254608154 0.004921436309814453
0.0 0.024768799543380737 0.0
0.0 0.0 0.0
0.0 0.0 0.0036182403564453125
0.0 0.0 0.021442413330078125
0.0 0.0 0.04525279998779297
0.0 0.0 0.027539491653442383
0.0 0.0 0.03209197521209717
0.0 0.0 0.03967452049255371
0.0 0.0 0.04194420576095581
0.0 0.0 0.043892502784729004
0.0 0.0 0.04559987783432007
0.0 0.0 0.04856252670288086
0.0 0.0 0.04965770244598389
0.0 0.0 0.05521160364151001
0.0 0.007967472076416016 0.05288666486740112
0.0 0.014045178890228271 0.03273904323577881
0.0 0.026622772216796875 0.014840364456176758
0.001673683524131775 0.03426843881607056 0.0
0.012882411479949951 0.04318496584892273 0.0
0.017961814999580383 0.05172324180603027 0.0
0.024743646383285522 0.0431458055973053 0.0
0.03355450928211212 0.04598897695541382 0.0
0.04389524459838867 0.05190524458885193 0.0
0.05308593809604645 0.05983215570449829 0.0
0.056322455406188965 0.07019618153572083 0.0
0.06096990406513214 0.07056558132171631 0.0
0.07907627522945404 0.08347269892692566 0.0
0.07587777078151703 0.08216899633407593 0.0
0.06685946881771088 0.07619896531105042 0.0
0.054332852363586426 0.0706891119480133 0.0
0.04878929257392883 0.062472790479660034 0.0
0.03139960765838623 0.05148172378540039 0.0
0.021780148148536682 0.049839138984680176 0.0
0.02311640977859497 0.04681232571601868 0.0
0.018860071897506714 0.05513247847557068 0.0
0.010337024927139282 0.0340571403503418 0.0
0.0 0.025279909372329712 0.0
0.0 0.008380204439163208 0.006193637847900391
0.0 0.006102263927459717 0.026589632034301758
0.0 0.0030934512615203857 0.03392219543457031
0.0 0.013952285051345825 0.03907579183578491
0.0 0.012522459030151367 0.024469494819641113
0.0 0.0 0.018195152282714844
0.0 0.0 0.028354525566101074
0.0 0.0 0.030879318714141846
0.0 0.0006483793258666992 0.035420119762420654
0.0 0.0 0.009762465953826904
0.0 0.0 0.0
0.0 0.0 0.0
0.0 0.0 0.0019428730010986328
0.0 0.0 0.010478317737579346
0.0 0.0 0.01423114538192749
0.0 0.0 0.019244134426116943
0.0 0.0 0.026885628700256348
0.0 0.0 0.052010297775268555
0.0 0.0 0.05656993389129639
0.0 0.0 0.054522573947906494
0.0 0.0 0.050257086753845215
0.0 0.003763645887374878 0.042703986167907715
0.0 0.0223710834980011 0.030235469341278076
0.004600942134857178 0.029977023601531982 0.024270474910736084
0.0033812522888183594 0.02054530382156372 0.009617805480957031
0.013618037104606628 0.026708334684371948 0.0
0.02432188391685486 0.03838503360748291 0.0
0.02146819233894348 0.03908801078796387 0.0
0.03538227081298828 0.05059024691581726 0.0
0.03753480315208435 0.060996413230895996 0.0
0.02795901894569397 0.05428400635719299 0.0
0.02456805109977722 0.044753044843673706 0.0
0.03159882128238678 0.04993507266044617 0.0
0.040462203323841095 0.05039748549461365 0.0
0.030818313360214233 0.048655956983566284 0.0
0.029843546450138092 0.04833984375 0.0
0.0238330215215683 0.04142969846725464 0.0
0.028486207127571106 0.03470313549041748 0.0
0.030595600605010986 0.03336241841316223 0.0
0.03507331758737564 0.036092549562454224 0.0
0.017277270555496216 0.02572190761566162 0.0
0.0059700533747673035 0.02476218342781067 0.0
0.008874684572219849 0.0294283926486969 0.0
0.0020141378045082092 0.023831576108932495 0.0
0.0 0.017146021127700806 0.0
0.0 0.01627415418624878 0.0
0.0 0.007634222507476807 0.0
0.0 0.004822134971618652 0.0023010969161987305
0.0 0.007953077554702759 0.005127251148223877
0.0 0.006596118211746216 0.011221230030059814
0.0 0.01180124282836914 0.01065748929977417
0.0 0.008197635412216187 0.010143637657165527
0.0 0.0 0.007633626461029053
0.0 0.0 0.012708902359008789
0.0 0.0 0.023459911346435547
0.0 0.0 0.025548219680786133
0.0 0.0 0.024133145809173584
0.0 0.0 0.014357566833496094
0.0 0.0 0.004369020462036133
0.0 0.0010075569152832031 0.0
0.0 0.007453560829162598 0.0
0.0 0.008811861276626587 0.0
0.003943830728530884 0.0174005925655365 0.0
0.0067560672760009766 0.02104473114013672 0.0
0.006346523761749268 0.020179808139801025 0.0
0.01455332338809967 0.020173221826553345 0.005609452724456787
0.015362903475761414 0.018278926610946655 0.010525703430175781
0.008664265275001526 0.015966475009918213 0.010613799095153809
0.0 0.013225764036178589 0.001248002052307129
0.0 0.015988826751708984 0.0
0.0 0.014226347208023071 0.0
0.0 0.00805768370628357 0.0007919073104858398
0.0 0.002804368734359741 0.011072993278503418
0.001565977931022644 0.004091531038284302 0.01261991262435913
0.0016378462314605713 0.007017910480499268 0.004050612449645996
0.0 0.01197764277458191 0.0018771886825561523
0.0027000457048416138 0.016410082578659058 0.0038732290267944336
0.0 0.014462828636169434 0.0
0.00337769091129303 0.011669516563415527 0.0
0.006021559238433838 0.016992658376693726 0.0
0.00043827295303344727 0.012833058834075928 0.0
0.0 0.011013120412826538 0.0
0.0 0.00871741771697998 0.0
0.0 0.01079094409942627 0.00275576114654541
0.0 0.008233815431594849 0.009373486042022705
0.0 0.011657506227493286 0.010571479797363281
0.0 0.010694295167922974 0.0030814409255981445
0.0 0.010477274656295776 0.0
0.0 0.007641613483428955 0.001303553581237793
0.0 0.00851699709892273 0.0
0.0 0.007545262575149536 0.0
0.0 0.012463033199310303 0.00010395050048828125
0.0003081858158111572 0.013902902603149414 0.0042972564697265625
0.0 0.016509413719177246 0.005500435829162598
0.0009955912828445435 0.010803371667861938 0.0073479413986206055
0.0015157759189605713 0.007020384073257446 0.012117326259613037
0.0 0.004745185375213623 0.0066086649894714355
0.0 0.0 0.0
0.0 0.0 0.00020760297775268555
0.0 0.0 0.010331690311431885
0.0 0.00507768988609314 0.013374507427215576
0.0 0.0 0.008440256118774414
0.0 0.0 0.0001868605613708496
0.0 0.0 0.0040628910064697266
0.0 0.0 0.0
0.0 0.0 0.010621368885040283
0.002962648868560791 0.0 0.0408625602722168
0.0 0.0 0.04257482290267944
0.007140368223190308 0.015177428722381592 0.036836981773376465
0.029818981885910034 0.045852869749069214 0.050030648708343506
0.07839389145374298 0.06410378217697144 0.03602254390716553
0.0483393669128418 0.0878412127494812 0.0
0.0731133222579956 0.1400289237499237 0.0
0.13304957747459412 0.21325740218162537 0.0
0.1458454430103302 0.25140082836151123 0.0
0.2084130048751831 0.14773479104042053 0.0
0.07053947448730469 0.23297607898712158 0.0
0.07058727741241455 0.20018470287322998 0.0
0.10818564891815186 0.2248821258544922 0.0
0.11937165260314941 0.3025124669075012 0.0
0.08594244718551636 0.350130558013916 0.0
0.0 0.22490239143371582 0.0
0.0 0.0 0.0
0.0 0.0 0.0
0.0 0.0 0.0
0.0 0.0 0.07181799411773682
0.0 0.0 0.4578045606613159
0.0 0.0 0.5592106580734253
0.0 0.06260168552398682 0.4323917031288147
0.0 0.10445642471313477 0.3885379433631897
0.0 0.1559566855430603 0.38200628757476807
0.0 0.2233823537826538 0.33545786142349243
0.0 0.27863723039627075 0.29455888271331787
0.0 0.31450510025024414 0.26832497119903564
0.0 0.3009641766548157 0.2473292350769043
0.0 0.277543842792511 0.23884212970733643
0.0 0.32428866624832153 0.22710776329040527
0.0 0.30016088485717773 0.25326359272003174
0.0 0.2861817479133606 0.2738106846809387
0.0 0.21671807765960693 0.3062570095062256
0.00043198466300964355 0.19273728132247925 0.3025118112564087
0.01094992458820343 0.16081160306930542 0.270247220993042
0.013037696480751038 0.17585039138793945 0.22115099430084229
0.017340362071990967 0.20969116687774658 0.1589859127998352
0.03898605704307556 0.17128372192382812 0.12571334838867188
0.06599470973014832 0.1036190390586853 0.13380324840545654
0.04769653081893921 0.13456857204437256 0.14633119106292725
0.0 0.12034398317337036 0.16363346576690674
0.0030940771102905273 0.12913507223129272 0.17524296045303345
0.007166802883148193 0.15417426824569702 0.15492373704910278
0.007660388946533203 0.15011322498321533 0.11035460233688354
0.0 0.1401132047176361 0.01835179328918457
0.03316539525985718 0.09154027700424194 0.0
0.07135564088821411 0.08294466137886047 0.0
0.03333749622106552 0.1144576370716095 0.0
0.00886700488626957 0.11624820530414581 0.0
0.006486436352133751 0.06831568479537964 0.0
0.0 0.04841618239879608 0.0
0.0 0.03780306875705719 0.0
0.0 0.023910686373710632 0.0
0.0 0.022243842482566833 0.0
0.0 0.031843677163124084 0.0
0.0 0.014761656522750854 0.0
0.0 0.02105027437210083 0.0
0.0 0.016012653708457947 0.0
0.0 0.01163172721862793 0.0004684925079345703
0.0 0.016146957874298096 0.009056389331817627
0.0 0.01146620512008667 0.01757293939590454
0.0011117681860923767 0.012408450245857239 0.031000196933746338
0.0 0.01076461374759674 0.033882737159729004
0.0 0.020700961351394653 0.02762281894683838
0.008990127593278885 0.018355056643486023 0.02385789155960083
0.00229785218834877 0.01919989287853241 0.018282175064086914
0.0016828849911689758 0.015517011284828186 0.015600442886352539
0.0 0.0195806622505188 0.007511615753173828
0.0051243118941783905 0.020359516143798828 0.0012292861938476562
0.003985270857810974 0.021322503685951233 0.0
0.0003907904028892517 0.01941375434398651 0.0
0.0 0.020090997219085693 0.0
0.0031953416764736176 0.018368840217590332 0.0
0.0013257935643196106 0.013720616698265076 0.0
0.0 0.02220812439918518 0.0
0.0 0.003356918692588806 0.0
0.0 0.0187244713306427 0.0
0.0 0.017688289284706116 0.0
0.0 0.008405223488807678 0.003863990306854248
0.0 0.007817119359970093 0.0039882659912109375
0.0 0.006427675485610962 0.007516145706176758
0.0 0.0013221800327301025 0.005927979946136475
0.0 0.054207801818847656 0.06982421875
0.00851714238524437 0.0 0.0
0.03429296612739563 0.034144699573516846 0.017190754413604736
0.002979487180709839 0.00818374752998352 0.0
0.003338415175676346 0.01863376796245575 0.0
0.0 0.03918135166168213 0.0023376941680908203
0.030654162168502808 0.01693098247051239 0.014495313167572021
0.0 0.026535123586654663 0.0
0.0 0.02866823971271515 0.0
0.0 0.023075059056282043 0.0
0.0 0.0158672034740448 0.02370595932006836
0.0 0.0 0.027478158473968506
0.0 0.0 0.027876973152160645
0.0 0.0 0.013487040996551514
0.0 0.0 0.009766638278961182
0.005119219422340393 0.0 0.007794380187988281
0.0 0.011738479137420654 0.0
0.0 0.0018429756164550781 0.0
0.0 0.02343842387199402 0.007615029811859131
0.0030312389135360718 0.02392306923866272 0.0014913082122802734
0.00513099879026413 0.009533777832984924 0.0
0.00341971218585968 0.019294530153274536 0.0
0.005333263427019119 0.023246318101882935 0.0
0.0031549111008644104 0.00910523533821106 0.0
0.0011319592595100403 0.007030963897705078 0.0019528865814208984
0.0 0.019943460822105408 0.017833411693572998
0.0007727928459644318 0.010223373770713806 0.013476371765136719
0.0 0.009880036115646362 0.008428990840911865
0.0 0.023502573370933533 0.007708132266998291
0.0 0.010235220193862915 0.013657212257385254
0.0 0.014713376760482788 0.02627784013748169
0.0 0.01700855791568756 0.018636465072631836
0.0 0.010654017329216003 0.008577406406402588
0.0008811019361019135 0.00798100233078003 0.011342108249664307
0.0 0.011950880289077759 0.0
0.0010346285998821259 0.01491345465183258 0.0
0.002577446401119232 0.015077590942382812 0.007274270057678223
0.0033341050148010254 0.0 0.009021282196044922
0.002110633999109268 0.0012171566486358643 0.01468569040298462
0.0 0.01528342068195343 0.0008131265640258789
0.0 0.013814866542816162 0.0054801106452941895
0.004440236836671829 0.019039690494537354 0.0009795427322387695
0.0 0.018629655241966248 0.0
0.004595845937728882 0.014052197337150574 0.0
0.009447313845157623 0.00898529589176178 0.0057288408279418945
0.005064915865659714 0.012616828083992004 0.006766378879547119
0.0 0.021785959601402283 0.0
0.0 0.02826651930809021 0.0
0.0 0.020711004734039307 0.0
0.0 0.023177310824394226 0.0
0.0002973824739456177 0.009563431143760681 0.0
0.0 0.0016308724880218506 0.004141271114349365
0.0 0.0058671534061431885 0.005928635597229004
0.0 0.012945696711540222 0.01157301664352417
0.0 0.009899616241455078 0.005194604396820068
0.0 0.010752350091934204 0.007034599781036377
0.0 0.01124735176563263 0.0068776607513427734
0.0 0.010718539357185364 0.0038028359413146973
0.0038635358214378357 0.011218518018722534 0.00894707441329956
0.00574493408203125 0.01210331916809082 0.013376116752624512
0.0 0.012924730777740479 0.002166450023651123
0.0 0.015109449625015259 0.0
0.0 0.012803792953491211 0.0
0.00429873913526535 0.011591866612434387 0.0
0.0 0.01139405369758606 0.0
0.0 0.01821860671043396 0.0
0.0 0.012889981269836426 0.0
0.0 0.018540114164352417 0.0
0.00011389702558517456 0.022270917892456055 0.0083884596824646
0.0 0.015532180666923523 0.005996763706207275
0.0 0.018442094326019287 0.012725770473480225
0.0 0.005587682127952576 0.010649025440216064
0.0 0.006453126668930054 0.0112418532371521
0.003970973193645477 0.006186813116073608 0.01066601276397705
0.0 0.004014909267425537 0.0023726224899291992
0.0 0.01121927797794342 0.0
0.0 0.021525710821151733 0.0
0.0 0.019012734293937683 0.0
0.0 0.013579890131950378 0.0
0.0 0.003458186984062195 0.0
0.0 0.005678549408912659 0.0
0.01975657045841217 0.035184308886528015 0.09681892395019531
0.037481240928173065 0.013268202543258667 0.037322163581848145
0.0 0.019506514072418213 0.0
0.0 0.013685733079910278 0.0027396678924560547
0.0 0.01586078107357025 0.0
0.0 0.0 0.0
0.00040413811802864075 0.0 0.0057792067527771
