0.0 0.0066907405853271484 0.030366063117980957
0.0 0.012023389339447021 0.03683924674987793
0.0 0.010458022356033325 0.035707950592041016
0.0 0.007724761962890625 0.03790789842605591
0.0 0.0014646053314208984 0.03374284505844116
0.0 0.0031751692295074463 0.027212917804718018
0.0 0.000566333532333374 0.021544456481933594
0.0 0.004661262035369873 0.0
0.0 0.02907833456993103 0.0
0.0008582044392824173 0.041586458683013916 0.0
0.009233299642801285 0.027977794408798218 0.0
0.01289789192378521 0.023083627223968506 0.0
0.004908479750156403 0.024833351373672485 0.0
0.016793832182884216 0.019638091325759888 0.0
0.013700935989618301 0.025584667921066284 0.0
0.004353025928139687 0.018403857946395874 0.01826012134552002
0.003927167505025864 0.01742655038833618 0.016858696937561035
0.004678038880228996 0.009038984775543213 0.006940603256225586
0.007366195321083069 0.01313173770904541 0.016651809215545654
0.0 0.0015117228031158447 0.009766995906829834
0.0 0.007676064968109131 0.01932227611541748
0.0 0.00850096344947815 0.020910143852233887
0.0 0.0050192177295684814 0.01645272970199585
0.0008261166512966156 0.0 0.015271365642547607
0.004972487688064575 0.0 0.00909578800201416
0.0014624111354351044 0.00353124737739563 0.0077056884765625
0.0 0.009155094623565674 0.009956598281860352
0.0 0.003657311201095581 0.009491503238677979
0.0 0.0020481348037719727 0.0005495548248291016
0.0 0.0015744268894195557 0.002661764621734619
0.0 0.011044710874557495 0.0
0.0 0.006091505289077759 0.0
0.0013691745698451996 0.011261016130447388 0.004951298236846924
0.0004907958209514618 0.0 0.005978524684906006
0.0 0.003157585859298706 0.009472489356994629
0.0 0.0020232796669006348 0.02052825689315796
0.0 0.0 0.01900172233581543
0.002033047378063202 0.0009996294975280762 0.014688968658447266
0.00371551513671875 0.006502479314804077 0.014655470848083496
0.0 0.008436024188995361 0.011941015720367432
0.0 0.008641749620437622 0.016344308853149414
0.002604696899652481 0.004971057176589966 0.01260298490524292
0.0 0.01113957166671753 0.0
0.002886667847633362 0.0010967552661895752 0.0020768046379089355
0.0028340891003608704 0.0007121562957763672 0.004850149154663086
0.0 0.004760026931762695 0.007454037666320801
0.0027321167290210724 0.0007067322731018066 0.010167956352233887
0.0 0.0 0.008160591125488281
0.0 0.0 0.002033829689025879
0.0 0.005712300539016724 0.0
0.0 0.0 0.00565260648727417
0.0 0.001466214656829834 0.003042280673980713
0.0 0.0 0.013875961303710938
0.001014210283756256 0.0 0.02149730920791626
0.0 0.0025973916053771973 0.005656123161315918
0.0 0.007708191871643066 0.010352373123168945
0.00015866383910179138 0.004826188087463379 0.0010148882865905762
0.010032210499048233 0.00119781494140625 0.002517879009246826
0.0 0.003841906785964966 0.0
0.0 0.010842889547348022 0.0
0.0 0.0050220787525177 0.0
0.006486885249614716 0.0 0.00010526180267333984
0.0025278180837631226 0.0 0.0022264719009399414
0.0 0.005183130502700806 0.010525166988372803
0.0 0.008435577154159546 0.01742994785308838
0.0 0.005046427249908447 0.018771111965179443
0.0 0.0 0.018041253089904785
0.001513555645942688 0.0 0.019010305404663086
0.0 0.0 0.013412237167358398
0.0 0.0 0.008819878101348877
0.0 0.010934948921203613 0.01140505075454712
0.0 0.006519317626953125 0.00899660587310791
0.0 0.003123044967651367 0.004725039005279541
0.0 0.0 0.0
0.0017975755035877228 0.0 0.0014660954475402832
0.0 0.0 0.0
0.0 0.006466716527938843 0.0011137723922729492
0.0 0.0019101202487945557 0.00029534101486206055
0.0 0.0 0.003297269344329834
0.0 0.0 0.007654368877410889
0.0 0.002022475004196167 0.009108901023864746
0.0 0.0006799399852752686 0.012924432754516602
0.0 0.0 0.011913120746612549
0.0 0.0 0.01600635051727295
0.0 0.0 0.011481106281280518
0.0 0.0 0.010759711265563965
0.0 0.0015787780284881592 0.007292449474334717
0.0 0.0047948360443115234 0.0029537081718444824
0.02137162536382675 0.014626950025558472 0.0
0.08074343949556351 0.01988169550895691 0.0
0.1334639936685562 0.06429600715637207 0.0
0.15971165895462036 0.10652497410774231 0.0
0.2034667730331421 0.1070130467414856 0.0
0.25076067447662354 0.18119725584983826 0.0
0.26698368787765503 0.21453294157981873 0.0
0.21991373598575592 0.24778816103935242 0.0
0.1897776871919632 0.2700549066066742 0.0
0.11380967497825623 0.2867845594882965 0.0
0.00828474760055542 0.1546252965927124 0.0
0.0 0.023236870765686035 0.0
0.0 0.0 0.0
0.0 0.0 0.04380875825881958
0.0 0.0 0.15007293224334717
0.0 0.0 0.2363300919532776
0.0 0.0 0.19152897596359253
0.0 0.0 0.1576629877090454
0.0 0.018681347370147705 0.15643513202667236
0.0 0.10019069910049438 0.11148524284362793
0.0 0.18121224641799927 0.15329056978225708
0.0 0.25226086378097534 0.1804521679878235
0.01888761669397354 0.3465615510940552 0.08845925331115723
0.22735056281089783 0.28839772939682007 0.0
0.36057963967323303 0.2466355860233307 0.0
0.475259393453598 0.2232966423034668 0.0
0.5659443736076355 0.21962642669677734 0.0
0.503667950630188 0.2876463532447815 0.0
0.440353661775589 0.38024720549583435 0.0
0.41663873195648193 0.37578168511390686 0.0
0.3359374701976776 0.3451245427131653 0.0
0.23967495560646057 0.2850641906261444 0.0
0.1264486312866211 0.26014217734336853 0.0
0.034181445837020874 0.26498550176620483 0.007431447505950928
0.0 0.2721245288848877 0.0
0.0 0.04723097383975983 0.0
0.0 0.0 0.05660361051559448
0.0 0.0 0.05674540996551514
0.0 0.0 0.14545798301696777
0.0 0.0 0.22599977254867554
0.0 0.0 0.16205090284347534
0.0 0.0 0.0669744610786438
0.0 0.017828553915023804 0.05953770875930786
0.0 0.039156556129455566 0.11891806125640869
0.0 0.1225263774394989 0.11359429359436035
0.0 0.17337453365325928 0.11796331405639648
0.0 0.24019819498062134 0.027054131031036377
0.15550550818443298 0.21464356780052185 0.006186962127685547
0.27615129947662354 0.19414225220680237 0.0
0.380909264087677 0.17984431982040405 0.0
0.47625863552093506 0.2050839513540268 0.0
0.5011871457099915 0.2944987714290619 0.0
0.48143652081489563 0.35994043946266174 0.0
0.4421430826187134 0.3679695129394531 0.0
0.33940431475639343 0.42612820863723755 0.0
0.3179003596305847 0.3854687809944153 0.0
0.35595813393592834 0.28334182500839233 0.0
0.25037357211112976 0.2465754747390747 0.031573593616485596
0.07822851836681366 0.301977276802063 0.03336566686630249
0.0 0.28724613785743713 0.005258679389953613
0.0 0.10559186339378357 0.013401806354522705
0.0 0.0 0.07996559143066406
0.0 0.0 0.0946187973022461
0.0 0.0 0.12162917852401733
0.0 0.0 0.15065056085586548
0.0 0.0 0.1358543038368225
0.0 0.0 0.1572972536087036
0.0 0.0 0.15427762269973755
0.0 0.0 0.16434448957443237
0.0 0.09788328409194946 0.13919609785079956
0.0 0.1309729516506195 0.1359565258026123
0.0 0.1468147337436676 0.10253602266311646
0.04490770399570465 0.15932205319404602 0.06878960132598877
0.08829853683710098 0.19064494967460632 0.0
0.1763506978750229 0.21249103546142578 0.0
0.2878587245941162 0.19285540282726288 0.0
0.3641621470451355 0.19388455152511597 0.0
0.41180312633514404 0.2134328931570053 0.0
0.37741297483444214 0.25679343938827515 0.0
0.2895905077457428 0.28459858894348145 0.0
0.21755719184875488 0.28499218821525574 0.0
0.17792758345603943 0.25838136672973633 0.0
0.1989431381225586 0.18409577012062073 0.0
0.22784146666526794 0.1275160312652588 0.0
0.19683614373207092 0.11050933599472046 0.0
0.11100618541240692 0.1385493129491806 0.0
0.026609525084495544 0.14699263870716095 0.0
0.0 0.16412435472011566 0.0
0.0 0.14115285873413086 0.0
0.0 0.07042489945888519 0.017201125621795654
0.0 0.032175302505493164 0.044694364070892334
0.0 0.011582553386688232 0.0252763032913208
0.0 0.0 0.07040286064147949
0.0 0.0 0.09106361865997314
0.0 0.0 0.11755895614624023
0.0 0.0 0.1290019154548645
0.0 0.0 0.15873777866363525
0.0 0.0 0.16761994361877441
0.0 0.0 0.1410658359527588
0.0 0.010339513421058655 0.13350826501846313
0.0 0.07477471232414246 0.13320136070251465
0.0 0.10506416857242584 0.1306002140045166
0.0 0.15962129831314087 0.12266761064529419
0.01711156964302063 0.20437079668045044 0.06799495220184326
0.08484125137329102 0.2116623818874359 0.0
0.23373374342918396 0.17695161700248718 0.0
0.35756683349609375 0.14479653537273407 0.0
0.4100944399833679 0.1737007051706314 0.0
0.39441248774528503 0.24917303025722504 0.0
0.3419032692909241 0.2887008786201477 0.0
0.26269981265068054 0.275665819644928 0.0
0.22391535341739655 0.24442031979560852 0.0
0.23168469965457916 0.18802568316459656 0.0
0.2437579333782196 0.16986578702926636 0.0
0.21234555542469025 0.14701780676841736 0.0
0.10505729913711548 0.15562476217746735 0.0
0.0 0.15550045669078827 0.0
0.0 0.14132004976272583 0.0
0.0 0.11422570049762726 0.04280412197113037
0.0 0.06172001361846924 0.043278515338897705
0.0 0.022292256355285645 0.06959360837936401
0.0 0.0 0.0923161506652832
0.0 0.0 0.12109613418579102
0.0 0.0 0.16218173503875732
0.0 0.0 0.17469894886016846
0.0 0.0 0.17441439628601074
0.0 0.0 0.1687711477279663
0.0 0.0 0.1609731912612915
0.0 0.0 0.16492146253585815
0.0 0.008022785186767578 0.15027064085006714
0.0 0.09855766594409943 0.11344796419143677
0.0 0.15854281187057495 0.08194631338119507
0.01146937906742096 0.15336699783802032 0.04992830753326416
0.11941011250019073 0.1526547223329544 0.0
0.16100282967090607 0.16821308434009552 0.0
0.24248483777046204 0.1835535168647766 0.0
0.3260035514831543 0.22040946781635284 0.0
0.3554406762123108 0.26394712924957275 0.0
0.37659400701522827 0.2931540608406067 0.0
0.37105798721313477 0.29172155261039734 0.0
0.31165575981140137 0.2739080786705017 0.0
0.2536342740058899 0.2460380345582962 0.0
0.21086816489696503 0.20943723618984222 0.0
0.23482272028923035 0.1646372377872467 0.0
0.20486436784267426 0.15541957318782806 0.0
0.10595721006393433 0.17108313739299774 0.0
0.0 0.1635850965976715 0.0
0.0 0.11354382336139679 0.0
0.0 0.07157084345817566 0.026898622512817383
0.0 0.05406191945075989 0.07743644714355469
0.0 0.0 0.09318983554840088
0.0 0.0 0.1488666534423828
0.0 0.0 0.19477510452270508
0.0 0.0 0.1834900975227356
0.0 0.0 0.1576378345489502
0.0 0.0 0.1727578043937683
0.0 0.0 0.18280291557312012
0.0 0.0 0.17824840545654297
0.0 0.0 0.14758360385894775
0.0 0.030144840478897095 0.09615600109100342
0.0 0.09118743240833282 0.08573955297470093
0.0 0.10802750289440155 0.045356154441833496
0.009469062089920044 0.10843116044998169 0.0
0.08953253924846649 0.12229573726654053 0.0
0.12958861887454987 0.14008116722106934 0.0
0.16429544985294342 0.16068829596042633 0.0
0.22362665832042694 0.19583067297935486 0.0
0.2630158066749573 0.22774668037891388 0.0
0.2941538393497467 0.2539331912994385 0.0
0.31459811329841614 0.2584110498428345 0.0
0.25592583417892456 0.24347637593746185 0.0
0.20174306631088257 0.2284454107284546 0.0
0.17174245417118073 0.19718211889266968 0.0
0.14810596406459808 0.1840910017490387 0.0
0.1617508828639984 0.125320702791214 0.0
0.059308990836143494 0.0683615654706955 0.0
0.0 0.043142497539520264 0.0
0.0 0.0 0.0022391080856323242
0.0 0.0024626851081848145 0.04906666278839111
0.0 0.0054666996002197266 0.08020603656768799
0.0 0.024353787302970886 0.05206453800201416
0.0 0.0 0.02158641815185547
0.0 0.0 0.05092895030975342
0.0 0.0 0.08764511346817017
0.0 0.0 0.09036213159561157
0.0 0.0 0.07069569826126099
0.0 0.0 0.052776992321014404
0.0 0.0 0.0472072958946228
0.0 0.0 0.04624885320663452
0.0 0.0 0.031901001930236816
0.0 0.0 0.026214003562927246
0.0 0.0 0.015046119689941406
0.013022810220718384 0.007136702537536621 0.0076233744621276855
0.032646387815475464 0.010333120822906494 0.0
0.04118227958679199 0.02102665603160858 0.0
0.03927072882652283 0.03284047544002533 0.0
0.042900487780570984 0.03251667320728302 0.0
0.04311728477478027 0.02409033477306366 0.0
0.04078088700771332 0.024780824780464172 0.0
0.04500681161880493 0.026201024651527405 0.0
0.03432871401309967 0.02515825629234314 0.0
0.012234196066856384 0.016872748732566833 0.0
0.008455917239189148 0.007442757487297058 0.00251162052154541
0.009268730878829956 0.008037686347961426 0.012421488761901855
0.005809903144836426 0.002059236168861389 0.006269514560699463
0.0 0.0 0.006827116012573242
0.0 0.04335448145866394 0.0
0.01396574079990387 0.0 0.07572942972183228
0.0 0.05759924650192261 0.0
0.010127529501914978 0.0 0.0
0.009089633822441101 0.0 0.01577383279800415
0.0 0.017743363976478577 0.014316082000732422
0.0 0.008535593748092651 0.012903809547424316
0.0023734867572784424 0.0 0.02230989933013916
0.005268275737762451 0.006499826908111572 0.014923810958862305
0.018598392605781555 0.03034520149230957 0.0
0.0048373788595199585 0.02482663094997406 0.0
0.0 0.0 0.0023467540740966797
0.024368494749069214 0.0 0.009588956832885742
0.01676309108734131 0.0 0.04080307483673096
0.0 0.00883755087852478 0.05143463611602783
0.0 0.010392099618911743 0.008940637111663818
0.0 0.029378503561019897 0.0
0.0 0.010746777057647705 0.0
0.020953074097633362 0.0 0.019644320011138916
0.028942495584487915 0.0 0.030797362327575684
0.005186706781387329 0.0 0.014940500259399414
0.0 0.005396634340286255 0.00752568244934082
0.0 0.008459597826004028 0.0
0.009484261274337769 0.0015207678079605103 0.010858356952667236
0.011428087949752808 0.0 0.01890164613723755
0.008074820041656494 0.0 0.017563998699188232
0.000966981053352356 0.0 0.008139729499816895
0.0 0.009032517671585083 0.0216025710105896
0.0 0.03620603680610657 0.03173637390136719
0.0578552782535553 0.018736794590950012 0.0
0.10273411870002747 0.02034682035446167 0.0
0.21388745307922363 0.18527096509933472 0.0
0.36229023337364197 0.21210449934005737 0.0
0.36806201934814453 0.3433796763420105 0.0
0.24985694885253906 0.6649913787841797 0.0
0.17379999160766602 0.18390721082687378 0.0
0.0 0.21615588665008545 0.0
0.07960951328277588 0.3679601550102234 0.0
0.0 0.19946667551994324 0.0
0.0 0.09036767482757568 0.0
0.0 0.0 0.05880308151245117
0.0 0.0 0.5000104904174805
0.0 0.07333475351333618 0.5545709133148193
0.0 0.419626921415329 0.3862478733062744
0.0 0.6399658918380737 0.4049696922302246
0.0 0.7305212020874023 0.7343840599060059
0.0 0.638768196105957 1.1662037372589111
0.0 0.6709321737289429 1.175925612449646
0.0 0.9628282785415649 0.8774869441986084
0.0 1.1642508506774902 0.770789384841919
0.0 1.1833624839782715 0.8035783767700195
0.0 1.0568355321884155 0.8055954575538635
0.0 0.7114726305007935 0.7043410539627075
0.0 0.7783017158508301 0.6168289184570312
0.0 0.7844796776771545 0.42034727334976196
0.0 1.0499942302703857 0.032356441020965576
0.04644586145877838 0.8975470662117004 0.09556198120117188
0.2108784019947052 0.8130931854248047 0.0
0.2706605792045593 0.6699932813644409 0.0
0.26219379901885986 0.5418332815170288 0.0
0.17284607887268066 0.3994438946247101 0.0
0.0941970944404602 0.1774401068687439 0.0
0.0897083431482315 0.0 0.0
0.0 0.0 0.0
0.0 0.0 0.0
0.0 0.06089893728494644 0.0
0.0 0.09083350002765656 0.0
0.0 0.08213706314563751 0.0
0.0 0.06770865619182587 0.0
0.0 0.040805816650390625 0.057765066623687744
0.0 0.011209815740585327 0.09728085994720459
0.0 0.0 0.12442272901535034
0.0 0.0 0.10174137353897095
0.0 0.0 0.08632266521453857
0.0029163658618927 0.0 0.0709233283996582
0.029049858450889587 0.0 0.05657374858856201
0.033395975828170776 0.0 0.04790729284286499
0.02891521155834198 0.016446992754936218 0.03931504487991333
0.01903286576271057 0.04849959909915924 0.006334245204925537
0.02355891466140747 0.041204750537872314 0.0017442703247070312
0.009402647614479065 0.02780914306640625 0.0
0.006483867764472961 0.014639511704444885 0.0
0.0 0.0 0.0
0.0 0.0 0.0
0.0 0.0 0.0
0.0 0.0 0.0
0.0 0.0 0.0
0.0 0.018819674849510193 0.011090517044067383
0.0 0.012463495135307312 0.00615304708480835
0.0 0.012402191758155823 0.012262225151062012
0.010464459657669067 0.009019225835800171 0.014436304569244385
0.00695425271987915 0.0026607662439346313 0.012404918670654297
0.0032353997230529785 0.0 0.02183312177658081
0.0 0.0 0.017217934131622314
0.0 0.0045393407344818115 0.01606893539428711
0.006023779511451721 0.020566299557685852 0.011540114879608154
0.0077102333307266235 0.018390029668807983 0.00442349910736084
0.006009593605995178 0.009360164403915405 0.007441997528076172
0.0 0.0 0.008607745170593262
0.0 0.005350679159164429 0.007992088794708252
0.008434087038040161 0.013299375772476196 0.010394573211669922
0.006165340542793274 0.009492337703704834 0.0
0.013661950826644897 0.009094610810279846 0.0026572346687316895
0.0 0.005039632320404053 0.0
0.0 0.0011749714612960815 0.006284952163696289
0.005310088396072388 0.0024091601371765137 0.002486586570739746
0.014324352145195007 0.005013361573219299 0.00337374210357666
0.008184850215911865 0.01412414014339447 0.01293569803237915
0.0 0.014971628785133362 0.007613003253936768
0.0 0.0 0.021275341510772705
0.0 0.0 0.009655475616455078
0.0 0.0017214566469192505 0.0017766356468200684
0.0 0.004297465085983276 0.0
0.0 0.019308075308799744 0.0
0.0 0.006704568862915039 0.0
0.001955673098564148 0.0 0.0
0.00485953688621521 0.0 0.0
0.003119945526123047 0.002133280038833618 0.0
0.0021610260009765625 0.0 0.0050078630447387695
0.0 0.0 0.021484732627868652
0.0 0.010951325297355652 0.030891776084899902
0.0 0.01058456301689148 0.03153502941131592
0.0010044574737548828 0.003038957715034485 0.025967955589294434
0.009219974279403687 0.006293311715126038 0.01216500997543335
0.0068678706884384155 0.015905022621154785 0.0
0.03094114363193512 0.035546258091926575 0.0
0.062326669692993164 0.05312313139438629 0.0
0.07238036394119263 0.1032433807849884 0.0
0.00950595736503601 0.14362233877182007 0.0
0.0 0.1468626856803894 0.0
0.0 0.28557145595550537 0.0
0.0 0.40339022874832153 0.0
0.0 0.49453771114349365 0.0
0.0 0.518016517162323 0.21634602546691895
0.0 0.25169289112091064 0.39739423990249634
0.0 0.24146294593811035 0.6578653454780579
0.0 0.1595667600631714 0.7226030230522156
0.0 0.16239655017852783 0.8114837408065796
0.0 0.12782007455825806 0.7215611934661865
0.0 0.10684049129486084 0.6655681133270264
0.0 0.12145024538040161 0.5920341610908508
0.0 0.11512726545333862 0.5811412334442139
0.0 0.09623432159423828 0.5214921832084656
0.0 0.07771790027618408 0.39850425720214844
0.0 0.10129576921463013 0.35516083240509033
0.0 0.19748157262802124 0.2557191252708435
0.0 0.29298385977745056 0.13882917165756226
0.0 0.33032920956611633 0.0
0.0239102840423584 0.25128352642059326 0.0
0.055564701557159424 0.22837498784065247 0.0
0.0 0.15938740968704224 0.0
0.0 0.1089794784784317 0.0
0.0 0.051268965005874634 0.0
0.0 0.03744685649871826 0.0
0.0 0.11676549911499023 0.0
0.0 0.2050679326057434 0.0
0.0 0.16414466500282288 0.0
0.0 0.18779411911964417 0.0
0.0 0.1147376298904419 0.0
0.0 0.28425782918930054 0.0
0.0 0.32321465015411377 0.13670629262924194
0.0 0.2866935729980469 0.28280842304229736
0.0 0.20809316635131836 0.4078390598297119
0.0 0.18441879749298096 0.5261284112930298
0.009803839027881622 0.14153236150741577 0.6350684762001038
0.0 0.14237278699874878 0.6632872819900513
0.0 0.14654982089996338 0.6662198901176453
0.0 0.11890631914138794 0.616567075252533
0.0 0.09110826253890991 0.5248041749000549
0.0 0.12872248888015747 0.415729284286499
0.0 0.08559685945510864 0.3280826210975647
0.0 0.10378071665763855 0.23939716815948486
0.0 0.05853468179702759 0.09531426429748535
0.0 0.1428324431180954 0.0
0.0 0.15290221571922302 0.0
0.0 0.13491474092006683 0.0
0.0 0.18957579135894775 0.0
0.0 0.14227275550365448 0.0
0.03922131657600403 0.10903913527727127 0.0
0.0 0.15489350259304047 0.0
0.0 0.25483977794647217 0.0
0.0 0.15287604928016663 0.0
0.0 0.14443492889404297 0.0
0.0 0.07135635614395142 0.0
0.0 0.2850726246833801 0.0
0.0 0.3637511730194092 0.03795510530471802
0.02680129185318947 0.36273854970932007 0.2507867217063904
0.03413815423846245 0.26613104343414307 0.3848203420639038
0.0 0.202123761177063 0.4464031457901001
0.010135658085346222 0.14687412977218628 0.5540432929992676
0.0 0.1138601303100586 0.560589075088501
0.0 0.11230438947677612 0.5253678560256958
0.0 0.11089259386062622 0.47166723012924194
0.0 0.0745229721069336 0.4061729907989502
0.0 0.06433868408203125 0.37585771083831787
0.0 0.05584913492202759 0.32309913635253906
0.0 0.049033522605895996 0.29471826553344727
0.0 0.04191237688064575 0.2501997947692871
0.0 0.012279331684112549 0.16311633586883545
0.0 0.08719933032989502 0.08450627326965332
0.021436408162117004 0.12296217679977417 0.0
0.03958660364151001 0.09500296413898468 0.0
0.0035669803619384766 0.1063772439956665 0.0
0.0 0.06772308796644211 0.0
0.0 0.08040966838598251 0.0
0.0 0.13686037063598633 0.0
0.0 0.1321011632680893 0.0
0.0 0.12828795611858368 0.0
0.0 0.08388398587703705 0.0
0.0 0.051322370767593384 0.0
0.0 0.1342911422252655 0.0
0.0 0.13725319504737854 0.0
0.0 0.16861972212791443 0.0
0.0 0.17864716053009033 0.024641096591949463
0.013029079884290695 0.0834498405456543 0.13432461023330688
0.0411849170923233 0.16658931970596313 0.26068055629730225
0.0 0.11520862579345703 0.2799820899963379
0.0 0.07438051700592041 0.3114290237426758
0.0 0.057033658027648926 0.32706522941589355
0.0 0.02341824769973755 0.3789818286895752
0.0 0.01319342851638794 0.3975241184234619
0.0 0.0 0.32642197608947754
0.0 0.0 0.2843797206878662
0.0 0.026073098182678223 0.2673588991165161
0.0 0.055281490087509155 0.2823094129562378
0.03667654097080231 0.017486512660980225 0.228920578956604
0.0647006407380104 0.03829836845397949 0.18258261680603027
0.04786756634712219 0.04643169045448303 0.11034166812896729
0.06609994173049927 0.03951720893383026 0.0
0.08666230738162994 0.03469690680503845 0.0
0.07715852558612823 0.059827789664268494 0.0
0.02834036946296692 0.11319727450609207 0.0
0.0 0.14510475099086761 0.0
0.0 0.13879024982452393 0.0
0.0 0.12165261059999466 0.0
0.0 0.12038524448871613 0.0
0.0 0.10710211098194122 0.0
0.0 0.0999586284160614 0.0
0.0 0.06390824913978577 0.0
0.0 0.042151421308517456 0.0
0.0 0.06060817837715149 0.0
0.004525899887084961 0.1977095603942871 0.04650086164474487
0.0 0.13079500198364258 0.08689939975738525
0.0 0.10977870225906372 0.17265957593917847
0.0 0.08265417814254761 0.24291729927062988
0.0 0.04182058572769165 0.2845612168312073
0.0 0.017673790454864502 0.29808759689331055
0.0 0.04116338491439819 0.3103564977645874
0.0 0.032071590423583984 0.32319509983062744
0.0 0.012243986129760742 0.34188294410705566
0.0 0.014095425605773926 0.35524821281433105
0.0 0.0 0.29177325963974
0.0 0.0 0.21629935503005981
0.03160189092159271 0.0 0.20691967010498047
0.040794819593429565 0.0 0.11855638027191162
0.030266985297203064 0.01553286612033844 0.0
0.02762901782989502 0.0515923947095871 0.0
0.01700606942176819 0.050860434770584106 0.0
0.047157615423202515 0.07314559072256088 0.0
0.02925628423690796 0.08404285460710526 0.0
0.0 0.1141001507639885 0.0
0.0 0.10083232820034027 0.0
0.0 0.08082751929759979 0.0
0.0 0.06606808304786682 0.0
0.0 0.06882798671722412 0.0
0.0 0.08165204524993896 0.0
0.0 0.08049163222312927 0.0
0.0 0.09879669547080994 0.0
0.0 0.0882067084312439 0.0
0.0 0.21204829216003418 0.0
0.0 0.1938406229019165 0.07830804586410522
0.015225619077682495 0.13399946689605713 0.17041093111038208
0.027206845581531525 0.07766562700271606 0.2449551820755005
0.026201725006103516 0.08589977025985718 0.289924681186676
0.028276771306991577 0.0657762885093689 0.3083949089050293
0.02566814422607422 0.05124056339263916 0.33052778244018555
0.003874078392982483 0.04245847463607788 0.3508545160293579
0.0 0.03880852460861206 0.38115596771240234
0.0 0.025227665901184082 0.3967921733856201
0.0 0.0077478885650634766 0.37327176332473755
0.0 0.01741468906402588 0.2952007055282593
0.0 0.04164940118789673 0.22084593772888184
0.02758428454399109 0.047677963972091675 0.1834537386894226
0.035825714468955994 0.0394652783870697 0.06274294853210449
0.04164527356624603 0.026135146617889404 0.0
0.022822067141532898 0.016491800546646118 0.0
0.0 0.027933835983276367 0.0
0.0 0.057125434279441833 0.0
0.0 0.09500858187675476 0.0
0.0 0.09150855243206024 0.0
0.0 0.08467784523963928 0.0
0.0 0.06154520809650421 0.0
0.0 0.05235515534877777 0.0
0.0 0.08289118111133575 0.0
0.0 0.1294177770614624 0.0
0.0 0.19793173670768738 0.0
0.0 0.16657835245132446 0.0
0.0 0.0867568850517273 0.0
0.0 0.1329115629196167 0.07620400190353394
0.0 0.15212494134902954 0.1236608624458313
0.05821606516838074 0.13270044326782227 0.24077880382537842
0.09002025425434113 0.07719755172729492 0.3042147159576416
0.035112813115119934 0.05041193962097168 0.3172365427017212
0.02465134859085083 0.06210130453109741 0.3235231637954712
0.00047892332077026367 0.042778849601745605 0.33482372760772705
0.0 0.016265451908111572 0.3341587781906128
0.0 0.0047449469566345215 0.32851773500442505
0.0 0.0 0.27198106050491333
0.0 0.0 0.15562307834625244
0.0 0.00878077745437622 0.17893600463867188
0.0 0.03022518754005432 0.12622642517089844
0.0078020840883255005 0.020710140466690063 0.07007557153701782
0.021464481949806213 0.012428820133209229 0.00848609209060669
0.0 0.0 0.0
0.0 0.0 0.0
0.0 0.01350104808807373 0.0
0.0 0.03388643264770508 0.0
0.005796194076538086 0.05406491458415985 0.0
0.021996289491653442 0.05169636011123657 0.0
0.0 0.04858356714248657 0.0
0.0 0.04208435118198395 0.0
0.0 0.02496016025543213 0.0
0.0 0.008965209126472473 0.0
0.0 0.01376613974571228 0.0
0.0 0.012536466121673584 0.02459031343460083
0.0 0.009479701519012451 0.03340756893157959
0.0 0.006775379180908203 0.05630558729171753
0.0 0.0 0.06496411561965942
0.0014939159154891968 0.0 0.06932449340820312
0.011120736598968506 0.0 0.07648319005966187
0.010261237621307373 0.0 0.059594571590423584
0.0070012956857681274 0.0 0.04399174451828003
0.0005331635475158691 0.005564481019973755 0.018314599990844727
0.0 0.007446750998497009 0.00868690013885498
0.006894603371620178 0.0067625343799591064 0.0010259747505187988
0.012974485754966736 0.005182787775993347 0.0
0.007727667689323425 0.015479445457458496 0.0
0.004626736044883728 0.013353437185287476 0.0
0.00911472737789154 0.012349367141723633 0.0
0.004206731915473938 0.011532709002494812 0.0
0.0051079243421554565 0.006148099899291992 0.0
0.00032767653465270996 0.009533822536468506 0.0
0.007288932800292969 0.006623566150665283 0.009775757789611816
0.0023844242095947266 0.008018076419830322 0.014948546886444092
0.0 0.01017579436302185 0.006008327007293701
0.0002506673336029053 0.00221271812915802 0.007568359375
0.0 0.0014120638370513916 0.01422882080078125
0.0 0.004689633846282959 0.009796679019927979
0.0005256831645965576 0.004064634442329407 0.007027924060821533
0.0032203346490859985 0.005376935005187988 0.0052986741065979
0.007014334201812744 0.004883214831352234 0.00392383337020874
0.006026610732078552 0.008106455206871033 0.0
0.0001704394817352295 0.005766957998275757 0.002403736114501953
0.0 0.0065575093030929565 0.0011196732521057129
0.005424514412879944 0.00633653998374939 0.0067528486251831055
0.00023061037063598633 0.008670106530189514 0.009926259517669678
0.0029042810201644897 0.007396981120109558 0.0038227438926696777
0.004919946193695068 0.009294703602790833 0.001867532730102539
0.0005250275135040283 0.012722581624984741 0.002052783966064453
0.005168929696083069 0.005258113145828247 0.0
0.003541693091392517 0.004794389009475708 0.0
0.002221152186393738 0.004685014486312866 0.0
0.00121307373046875 0.003901064395904541 0.00505596399307251
0.0009813755750656128 0.004669100046157837 0.013211250305175781
0.00012080371379852295 0.008318692445755005 0.009752392768859863
0.0011687278747558594 0.005573570728302002 0.01312941312789917
0.0018209517002105713 0.004545271396636963 0.016173601150512695
0.004675149917602539 0.006178677082061768 0.012373089790344238
0.006863728165626526 0.005617231130599976 0.005399227142333984
0.0054251402616500854 0.009065181016921997 0.0011626482009887695
0.00046259164810180664 0.006403595209121704 0.0028382539749145508
0.00509585440158844 0.010003119707107544 0.001140892505645752
0.00489141047000885 0.0077856481075286865 0.0
0.006362751126289368 0.006466776132583618 0.0
0.003941774368286133 0.005204364657402039 0.0034686923027038574
0.0 0.00595526397228241 0.006939888000488281
0.0 0.002327054738998413 0.007580876350402832
0.00010578334331512451 0.002823352813720703 0.00848853588104248
0.0005426853895187378 0.0065829455852508545 0.01067960262298584
0.0007559806108474731 0.005368933081626892 0.006533622741699219
0.0 0.006908595561981201 0.002621591091156006
0.002811223268508911 0.004155188798904419 0.002414107322692871
0.00833071768283844 0.003162890672683716 0.001641392707824707
0.005896806716918945 0.009386211633682251 0.010194003582000732
0.0100623220205307 0.006337299942970276 0.012780427932739258
0.0016690939664840698 0.006011456251144409 0.009414911270141602
0.001233816146850586 0.0014816820621490479 0.001361250877380371
0.0 0.0 0.0024104714393615723
0.0 0.0035157054662704468 0.002068042755126953
0.0 0.006166473031044006 0.011509835720062256
0.0 0.006503358483314514 0.005794346332550049
0.0 0.0013222098350524902 0.005735576152801514
0.0011001378297805786 0.004067063331604004 0.005251705646514893
0.0003882497549057007 0.0014736950397491455 0.0039942264556884766
0.003799527883529663 0.0 0.007930994033813477
0.0038269758224487305 0.0 0.025746166706085205
0.0 0.0 0.03336459398269653
0.0013667494058609009 0.0 0.021071195602416992
0.015800446271896362 0.010487288236618042 0.08232778310775757
0.0798943042755127 0.03958138823509216 0.07018578052520752
0.13623535633087158 0.10539788007736206 0.0
0.16367048025131226 0.21169593930244446 0.0
0.25593721866607666 0.29032090306282043 0.0
0.23040378093719482 0.2676437497138977 0.0
0.2665060758590698 0.22791242599487305 0.0
0.03416937589645386 0.34340786933898926 0.0
0.0 0.5016560554504395 0.0
0.0 0.14374536275863647 0.0
0.0 0.10495743155479431 0.0
0.0 0.1291322410106659 0.0005806684494018555
0.0 0.05708685517311096 0.4406498670578003
0.0 0.05600428581237793 0.7083836793899536
0.0 0.12958300113677979 0.8036248683929443
0.0 0.2582101821899414 0.9423859119415283
0.0 0.40156763792037964 0.9884086847305298
0.0 0.5556538701057434 0.8851381540298462
0.0 0.6404896378517151 0.8092837333679199
0.0 0.7792300581932068 0.79402756690979
0.0 0.8185137510299683 0.7710762619972229
0.0 0.7461307644844055 0.7070544958114624
0.0 0.800885021686554 0.5749823451042175
0.0 0.9307658672332764 0.44190818071365356
0.0 0.5903691053390503 0.4185231924057007
0.0 0.7195916175842285 0.27669841051101685
0.0 0.6321678757667542 0.08311200141906738
0.033890217542648315 0.4863297939300537 0.0
0.27252882719039917 0.40875518321990967 0.0
0.40363800525665283 0.3290267288684845 0.0
0.40577417612075806 0.23559583723545074 0.0
0.2394586205482483 0.10356186330318451 0.0
0.15347248315811157 0.11790457367897034 0.0
0.14905628561973572 0.1703931838274002 0.0
0.12695235013961792 0.18464571237564087 0.0
0.04809647798538208 0.12281231582164764 0.0
0.0 0.05068284273147583 0.0
0.0 0.011249765753746033 0.0
0.0 0.0 0.0
0.0 0.0 0.0
0.0 0.0 0.03706246614456177
0.0 0.0 0.038421571254730225
0.0 0.0 0.0574304461479187
0.0 0.0 0.05981004238128662
0.0 0.0 0.05530649423599243
0.0012594014406204224 0.0 0.05774056911468506
0.0 0.0021841078996658325 0.029263675212860107
0.0 0.012819647789001465 0.011469542980194092
0.0 0.0 0.0
0.0 0.0 0.0
0.0026936233043670654 0.0 0.0
0.006561979651451111 0.003526031970977783 0.0
0.0 0.01469603180885315 0.0033190250396728516
0.0 0.012482494115829468 0.0
0.0 0.025676339864730835 0.0
0.01641249656677246 0.02046036720275879 0.0012549757957458496
0.015366226434707642 0.012583255767822266 0.0
0.0013045817613601685 0.004266619682312012 0.0
0.000805392861366272 0.0008802711963653564 0.0
0.0 0.005541950464248657 0.0
0.0027408450841903687 0.007367879152297974 0.0
0.005728244781494141 0.017292112112045288 0.010001718997955322
0.0 0.012396544218063354 0.008922457695007324
0.007090583443641663 0.011770844459533691 0.0032308101654052734
0.0 0.010489225387573242 0.0
0.007745817303657532 0.006150037050247192 0.003705322742462158
0.0 0.005337774753570557 0.0
0.008593007922172546 0.00914466381072998 0.010571718215942383
0.006173878908157349 0.013164877891540527 0.008874773979187012
0.0010896623134613037 0.014690011739730835 0.005387485027313232
0.0 0.009432077407836914 0.003098785877227783
0.0 0.002222687005996704 0.002745211124420166
0.0 0.0013125240802764893 0.0
0.0018697679042816162 0.0055876970291137695 0.004479169845581055
0.0 0.00675925612449646 0.006634652614593506
0.005161747336387634 0.004617273807525635 0.007380127906799316
0.0075666457414627075 0.0143623948097229 0.012917757034301758
0.008858755230903625 0.01429450511932373 0.013246655464172363
0.000963166356086731 0.006906032562255859 0.012208104133605957
0.0 0.0021667778491973877 0.009163916110992432
0.0 0.006081253290176392 0.006746649742126465
0.014868825674057007 0.01091572642326355 0.0008397102355957031
0.016312167048454285 0.01978135108947754 0.0015048980712890625
0.014620199799537659 0.01943892240524292 0.0
0.005997195839881897 0.011953651905059814 0.0
0.0024849921464920044 0.005473971366882324 0.0
0.003073751926422119 0.003262937068939209 0.005167186260223389
0.0 0.0044450461864471436 0.009019434452056885
0.0 0.0038100779056549072 0.010649621486663818
0.0 0.0059729814529418945 0.012490630149841309
0.0012542158365249634 0.010004907846450806 0.009010493755340576
0.0 0.008204162120819092 0.007268369197845459
0.0 0.002515256404876709 0.010044336318969727
0.0 0.004256755113601685 0.0035787224769592285
0.00043727457523345947 0.006414622068405151 0.004291176795959473
0.0006075054407119751 0.0055082738399505615 0.004157841205596924
0.0 0.0031863152980804443 0.003953039646148682
0.0030188411474227905 0.0073326826095581055 0.007951557636260986
0.0018174797296524048 0.008973836898803711 0.0024656057357788086
0.0 0.008620142936706543 0.004221916198730469
0.0 0.0018666982650756836 0.005957841873168945
0.0 0.0 0.014808118343353271
0.0013640671968460083 0.0022614896297454834 0.013577461242675781
0.022051632404327393 0.01979929208755493 0.0010321736335754395
0.0676364004611969 0.058608412742614746 0.0
0.10066565871238708 0.10377731919288635 0.0
0.17294108867645264 0.1456226110458374 0.0
0.2555144429206848 0.17929565906524658 0.0
0.25608015060424805 0.22714972496032715 0.0
0.23486465215682983 0.28739017248153687 0.0
0.2118280827999115 0.28388047218322754 0.0
0.14074063301086426 0.2762041389942169 0.0
0.09151631593704224 0.2548830509185791 0.0
0.03563511371612549 0.321562796831131 0.0
0.0 0.2879640758037567 0.0
0.0 0.08095908164978027 0.08031570911407471
0.0 0.0 0.18132102489471436
0.0 0.0 0.2988710403442383
0.0 0.0 0.3808704614639282
0.0 0.0 0.3952031135559082
0.0 0.0 0.3537868857383728
0.0 0.032076239585876465 0.2617342472076416
0.0 0.0470903217792511 0.18125057220458984
0.0 0.04617583751678467 0.15667033195495605
0.0 0.17098581790924072 0.15503829717636108
0.0 0.33595743775367737 0.18697553873062134
0.0 0.4724908471107483 0.09815073013305664
0.0 0.47046032547950745 0.0522189736366272
0.17408853769302368 0.44988134503364563 0.0
0.3419286906719208 0.3458942770957947 0.0
0.40012824535369873 0.3080010414123535 0.0
0.44998884201049805 0.2818577289581299 0.0
0.5082517862319946 0.2539359927177429 0.0
0.5327771902084351 0.2825639843940735 0.0
0.5075602531433105 0.3073309361934662 0.0
0.45408105850219727 0.3400333523750305 0.0
0.36380231380462646 0.32095539569854736 0.0
0.2791409492492676 0.3333609104156494 0.0
0.232228621840477 0.3162324130535126 0.0
0.12685291469097137 0.3468741774559021 0.007162511348724365
0.055147647857666016 0.3462527394294739 0.011427998542785645
0.0053071677684783936 0.3285662531852722 0.0
0.0 0.2850637137889862 0.0
0.0 0.1093204915523529 0.027850449085235596
0.0 0.0 0.09254443645477295
0.0 0.0 0.11110126972198486
0.0 0.0 0.20381039381027222
0.0 0.0 0.21863305568695068
0.0 0.0 0.20142531394958496
0.0 0.0 0.19420850276947021
0.0 0.0 0.1617104411125183
0.0 0.0 0.15891456604003906
0.0 0.01821151375770569 0.16928911209106445
0.0 0.20799511671066284 0.14885741472244263
0.0 0.32655343413352966 0.1423749327659607
0.0 0.3932458758354187 0.11326128244400024
0.012528970837593079 0.3547934591770172 0.09233641624450684
0.15131627023220062 0.3421646058559418 0.03936934471130371
0.1989281177520752 0.3377875089645386 0.0
0.32405024766921997 0.31887316703796387 0.0
0.43234601616859436 0.27237260341644287 0.0
0.4367767572402954 0.26869845390319824 0.0
0.4580548405647278 0.25439387559890747 0.0
0.42750030755996704 0.25992918014526367 0.0
0.34324023127555847 0.2910137474536896 0.0
0.28591811656951904 0.27705782651901245 0.0
0.2709447741508484 0.26759061217308044 0.0
0.2465534508228302 0.2511304020881653 0.0030514001846313477
0.164430171251297 0.3053707778453827 0.014793217182159424
0.12097230553627014 0.3337680399417877 0.02228301763534546
0.08242645859718323 0.3471836745738983 0.026575744152069092
0.0246870219707489 0.34836697578430176 0.0
0.0 0.2529154121875763 0.01464015245437622
0.0 0.10588300228118896 0.05916118621826172
0.0 0.0 0.10744446516036987
0.0 0.0 0.1443411111831665
0.0 0.0 0.17433714866638184
0.0 0.0 0.26950061321258545
0.0 0.0 0.2843853235244751
0.0 0.0 0.26747292280197144
0.0 0.0 0.22709661722183228
0.0 0.0 0.18483102321624756
0.0 0.0 0.17184311151504517
0.0 0.06771418452262878 0.1593148112297058
0.0 0.1646178662776947 0.11534839868545532
0.0 0.2467474341392517 0.09477531909942627
0.0 0.32049912214279175 0.0757022500038147
0.0 0.3265479803085327 0.03625905513763428
0.14467273652553558 0.34446364641189575 0.0
0.2938235104084015 0.27493780851364136 0.0
0.3570239543914795 0.23931168019771576 0.0
0.37009429931640625 0.2266349196434021 0.0
0.41559284925460815 0.21002456545829773 0.0
0.42472535371780396 0.2417583018541336 0.0
0.3876737952232361 0.29037711024284363 0.0
0.35994330048561096 0.275899738073349 0.0
0.32660776376724243 0.2588666081428528 0.0
0.2866058051586151 0.2472471445798874 0.0
0.2382708340883255 0.2660985589027405 0.0
0.18386834859848022 0.2799869179725647 0.0117264986038208
0.11961746215820312 0.2852261960506439 0.022327661514282227
0.043938636779785156 0.266000360250473 0.012418091297149658
0.0 0.2227620780467987 0.01364511251449585
0.0 0.1218036413192749 0.04408997297286987
0.0 0.0 0.07709622383117676
0.0 0.0 0.08989298343658447
0.0 0.0 0.1265246868133545
0.0 0.0 0.15123379230499268
0.0 0.0 0.1802489161491394
0.0 0.0 0.18015027046203613
0.0 0.0 0.17719322443008423
0.0 0.0 0.17948973178863525
0.0 0.0 0.15246236324310303
0.0 0.0 0.1473996639251709
0.0 0.0 0.15209388732910156
0.0 0.10277685523033142 0.15022778511047363
0.0 0.20944130420684814 0.14531707763671875
0.0 0.26547807455062866 0.12815290689468384
0.0 0.2948703169822693 0.08566683530807495
0.10582853853702545 0.2832810878753662 0.035133540630340576
0.23456504940986633 0.268251895904541 0.0
0.3142803907394409 0.27831026911735535 0.0
0.30988574028015137 0.28964048624038696 0.0
0.3601738214492798 0.24613787233829498 0.0
0.4276965260505676 0.23771700263023376 0.0
0.3861524760723114 0.27439695596694946 0.0
0.3643167018890381 0.2955282926559448 0.0
0.3480660617351532 0.2766171097755432 0.0
0.26288658380508423 0.29103660583496094 0.0
0.20733918249607086 0.2930063307285309 0.0
0.14436596632003784 0.2757043242454529 0.0
0.08220231533050537 0.259156733751297 0.0
0.004688382148742676 0.22380627691745758 0.0
0.0 0.16373464465141296 0.03375023603439331
0.0 0.10958689451217651 0.0515599250793457
0.0 0.112373948097229 0.0780327320098877
0.0 0.060055315494537354 0.1233167052268982
0.0 0.0 0.168606698513031
0.0 0.0 0.1783841848373413
0.0 0.0 0.19964909553527832
0.0 0.0 0.22860616445541382
0.0 0.0 0.2008797526359558
0.0 0.0 0.1839967966079712
0.0 0.0 0.18340778350830078
0.0 0.0 0.16562408208847046
0.0 0.05863824486732483 0.15828633308410645
0.0 0.14708521962165833 0.13632196187973022
0.0 0.20683032274246216 0.12154203653335571
0.0 0.21378079056739807 0.08632117509841919
0.0 0.23539391160011292 0.04297095537185669
0.07151518762111664 0.25314778089523315 0.0
0.19584538042545319 0.25426560640335083 0.0
0.25951841473579407 0.25217002630233765 0.0
0.3021886944770813 0.24930189549922943 0.0
0.3691678047180176 0.2653316259384155 0.0
0.42070695757865906 0.2821853756904602 0.0
0.4268554747104645 0.30665355920791626 0.0
0.4089410901069641 0.29972636699676514 0.0
0.3405900001525879 0.2771952748298645 0.0
0.18963485956192017 0.2383267730474472 0.0
0.043598294258117676 0.203873410820961 0.0
0.03766542673110962 0.13659752905368805 0.0
0.08489590883255005 0.07468697428703308 0.004454255104064941
0.022942498326301575 0.09138791263103485 0.011312603950500488
0.0 0.08100757002830505 0.03281372785568237
0.0 0.0 0.04361039400100708
0.0 0.0 0.059645771980285645
0.0 0.0 0.08549624681472778
0.0 0.01803797483444214 0.09416049718856812
0.0 0.0 0.0760732889175415
0.0 0.0 0.06434863805770874
0.0 0.0 0.0894021987915039
0.0 0.0 0.08944225311279297
0.0 0.0 0.06039857864379883
0.0 0.0013703703880310059 0.030188679695129395
0.0 0.00298328697681427 0.0014617443084716797
0.006764233112335205 0.0 0.0
0.0347294956445694 0.0013861656188964844 0.0
0.05788198113441467 0.019192859530448914 0.0
0.059183552861213684 0.03428031504154205 0.0
0.06183755397796631 0.035271987318992615 0.0
0.06088459491729736 0.02982380986213684 0.0
0.036889225244522095 0.03040502965450287 0.0
0.04154007136821747 0.023561835289001465 0.0
0.036288291215896606 0.021647319197654724 0.0
0.031011998653411865 0.02603800594806671 0.006803154945373535
0.0035168975591659546 0.023975461721420288 0.0036434531211853027
0.003934293985366821 0.0 0.00728839635848999
0.0 0.0 0.01053476333618164
0.0 0.0 0.01094728708267212
0.0 0.0 0.021633625030517578
0.0 0.007979199290275574 0.018855810165405273
0.0 0.01734098792076111 0.016133427619934082
0.0008375346660614014 0.016098052263259888 0.008849024772644043
0.0 0.006737828254699707 0.0
0.005952656269073486 0.0006484389305114746 0.0
0.01859503984451294 0.0 0.002647995948791504
0.018925756216049194 0.012293517589569092 0.0015265345573425293
0.014140665531158447 0.018341034650802612 0.0
0.015388190746307373 0.012838363647460938 0.0
0.006071001291275024 0.010276943445205688 0.0
0.0005845725536346436 0.0 0.004322171211242676
0.0 0.0 0.004848897457122803
0.0015527904033660889 0.007682144641876221 0.012108862400054932
0.006847769021987915 0.012877672910690308 0.012823760509490967
0.0 0.01110239326953888 0.015506148338317871
0.0 0.004531100392341614 0.0
0.00103759765625 0.002066373825073242 0.006539821624755859
0.009832888841629028 0.002822309732437134 0.006422877311706543
0.0 0.009330704808235168 0.0
0.0 0.0027916282415390015 0.0
0.0 0.004340022802352905 0.003788173198699951
0.0006118118762969971 0.003808066248893738 0.001192331314086914
0.0004170238971710205 0.008851006627082825 0.00022166967391967773
0.0034404397010803223 0.013304933905601501 0.010612010955810547
0.011543750762939453 0.026980161666870117 0.051726460456848145
0.009704351425170898 0.04951000213623047 0.07019245624542236
0.10492485761642456 0.1066305935382843 0.0013647675514221191
0.26428332924842834 0.14639592170715332 0.0
0.3359660506248474 0.31293684244155884 0.0
0.29077601432800293 0.3346998393535614 0.0
0.23279815912246704 0.2627353072166443 0.0
0.13909071683883667 0.3511439263820648 0.0
0.0 0.1597839891910553 0.0
0.0 0.018469959497451782 0.0
0.0 0.13382461667060852 0.0
0.0 0.23731905221939087 0.0
0.0 0.30237042903900146 0.0
0.0 0.3029293715953827 0.17302894592285156
0.0 0.3207870125770569 0.6610352993011475
0.0 0.1999865174293518 0.8798971176147461
0.0 0.1819673776626587 0.897131085395813
0.0 0.3065555691719055 0.7824356555938721
0.0 0.4504088759422302 0.7006096839904785
0.0 0.5265718102455139 0.6831949949264526
0.0 0.5800344347953796 0.7509822845458984
0.0 0.7529826164245605 0.7337354421615601
0.0 0.9506880044937134 0.7025155425071716
0.0 1.0564688444137573 0.5624027848243713
0.06818175315856934 0.8602293729782104 0.4684426188468933
0.05374416708946228 0.7972783446311951 0.384998619556427
0.0 0.5659133791923523 0.2696223258972168
0.06279942393302917 0.7000473141670227 0.20959043502807617
0.08982729911804199 0.5835859179496765 0.09972256422042847
0.20041082799434662 0.602025032043457 0.012239813804626465
0.3567107319831848 0.41778093576431274 0.0
0.3296405076980591 0.2995918095111847 0.0
0.312755823135376 0.2367618978023529 0.0
0.32327961921691895 0.17076458036899567 0.0
0.2165672779083252 0.1153310239315033 0.0
0.0 0.15336903929710388 0.0
0.0 0.10671855509281158 0.0
0.0 0.035126760601997375 0.0
0.0 0.01213139295578003 0.0
0.0 0.014635711908340454 0.0
0.0 0.0020598918199539185 0.022749006748199463
0.0 0.0 0.05783969163894653
0.0 0.0 0.09057223796844482
0.0 0.0 0.0895545482635498
0.0 0.0 0.07655143737792969
0.0 0.0 0.0609775185585022
0.0 0.0 0.048977434635162354
0.008372083306312561 0.0037745535373687744 0.029142439365386963
0.0 0.0 0.005507826805114746
0.0 0.00856788456439972 0.0
0.0 0.005258873105049133 0.0
0.002028927206993103 0.011865898966789246 0.0
0.0 0.006576165556907654 0.0
0.0 0.011414110660552979 0.0
0.0 0.010267078876495361 0.0
0.0 0.014747709035873413 0.0
0.004873618483543396 0.006977006793022156 0.0029895901679992676
0.00550571084022522 0.01275685429573059 0.006719052791595459
0.0023480504751205444 0.004758715629577637 0.00920867919921875
0.0 0.0013055652379989624 0.013920605182647705
0.0 0.0 0.001958906650543213
0.0 0.025025159120559692 0.003914475440979004
0.0 0.03160169720649719 0.0
0.0 0.045912325382232666 0.0016099214553833008
0.014333173632621765 0.007110029458999634 0.07673925161361694
0.07266966998577118 0.0 0.0
0.01631280779838562 0.0 0.02294081449508667
0.0 0.05581590533256531 0.03371614217758179
0.021883875131607056 0.0 0.01968485116958618
0.010199859738349915 0.000661209225654602 0.0
0.0 0.010983318090438843 0.02467048168182373
0.0 0.0 0.035046517848968506
0.0 0.02793554961681366 0.0505908727645874
0.002295359969139099 0.032820284366607666 0.008264541625976562
0.0 0.04360269010066986 0.0
0.01626516878604889 0.03638450801372528 0.0
0.024593010544776917 0.0 0.0
0.0 0.0025829970836639404 0.0
0.0 0.0 0.0
0.007139801979064941 0.004031255841255188 0.0
0.0 0.0058434754610061646 0.0009248852729797363
0.0 0.014689281582832336 0.001955687999725342
0.009683497250080109 0.02039177715778351 0.011908113956451416
0.0 0.012580767273902893 0.017804086208343506
0.00248013436794281 0.010165348649024963 0.028255343437194824
0.00243513286113739 0.003146916627883911 0.011855781078338623
0.0 0.011232689023017883 0.013765513896942139
0.015668049454689026 0.0161982923746109 0.001028597354888916
0.028735823929309845 0.01611185073852539 0.0
0.011093609035015106 0.010851442813873291 0.0
0.0 0.0 0.005608916282653809
0.0 0.004834845662117004 0.00025397539138793945
0.01353050023317337 0.01392488181591034 0.0
0.007259920239448547 0.021936535835266113 0.0
0.0 0.016802087426185608 0.006458103656768799
0.0 0.013115659356117249 0.023462772369384766
0.0022192373871803284 0.013396739959716797 0.013632237911224365
0.00987890362739563 0.012671470642089844 0.007795810699462891
0.004180356860160828 0.012726277112960815 0.005130171775817871
0.0 0.000889018177986145 0.03386545181274414
0.018625400960445404 0.0 0.027079522609710693
0.006474986672401428 0.02581697702407837 0.005610406398773193
0.023390039801597595 0.027209743857383728 0.0
0.029435954988002777 0.03650258481502533 0.0
0.0 0.026013702154159546 0.0
0.0 0.0 0.0
