0.0 0.0 0.015885591506958008
0.0 0.0 0.0008244514465332031
0.0 0.01335868239402771 0.007909536361694336
0.0 0.0 0.01748967170715332
0.0 0.0 0.025595426559448242
0.0 0.0 0.009333372116088867
0.0 0.0 0.007781326770782471
0.0 0.0 0.011242508888244629
0.0 0.004647642374038696 0.012982189655303955
0.004563078284263611 0.00466570258140564 0.013285398483276367
0.007242854684591293 0.0038787052035331726 0.006850540637969971
0.005146622657775879 0.0030945241451263428 0.01659160852432251
0.004712369292974472 0.0011079832911491394 0.015153765678405762
0.0 0.0 0.013908743858337402
0.0 0.0 0.011024653911590576
0.0 0.0 0.01684129238128662
0.0015576444566249847 0.0 0.018281519412994385
0.0 0.0 0.0061664581298828125
0.0024886354804039 0.0020888447761535645 0.009349048137664795
0.006665050983428955 0.006852626800537109 0.0071874260902404785
0.00041367486119270325 0.0025883913040161133 0.01158761978149414
0.0021909959614276886 0.003902435302734375 0.0065492987632751465
0.0 0.0 0.01853734254837036
0.0 0.0 0.013042867183685303
0.0 0.0 0.010242760181427002
0.0 0.0 0.011555612087249756
0.0006931163370609283 0.0 0.009431421756744385
0.0041516683995723724 0.0 0.014216721057891846
0.004277758300304413 0.0 0.01213902235031128
0.0074570029973983765 0.0 0.008993089199066162
0.0011104345321655273 0.0 0.00851362943649292
0.0 0.0015860795974731445 0.014607429504394531
0.0 0.0 0.01596301794052124
0.0 0.0 0.01156628131866455
0.0 0.0 0.00943821668624878
0.0 0.0021628737449645996 0.005388200283050537
0.0 0.0 0.006570935249328613
0.0026449523866176605 0.006883084774017334 0.007876753807067871
0.008635535836219788 0.00043614208698272705 0.012579917907714844
0.0018295571208000183 0.0 0.012954235076904297
0.0 0.0 0.013587713241577148
0.0 0.0 0.018261969089508057
0.0 0.0 0.0112418532371521
0.0 0.0 0.006398797035217285
0.00534873828291893 0.0008050203323364258 0.012681245803833008
0.0 0.0 0.0148048996925354
0.0 0.0 0.0022974610328674316
0.0 0.0 0.0
0.0017602220177650452 0.0013879090547561646 0.006119072437286377
0.011714886873960495 0.0 0.02262967824935913
0.007001751102507114 0.0 0.0
0.0 0.0 0.0
0.0007876064628362656 0.023195743560791016 0.0
0.0 0.03740064799785614 0.04552161693572998
0.0 0.0012867823243141174 0.010599970817565918
0.0006771795451641083 0.0 0.0
0.0037737786769866943 0.00954117625951767 0.0
0.009369775652885437 0.015403181314468384 0.06081652641296387
0.0 0.0 0.10905468463897705
0.0 0.011192411184310913 0.11137956380844116
0.0 0.027057774364948273 0.05539548397064209
0.0 0.03060097247362137 0.011750578880310059
0.0 0.03354428708553314 0.0
0.019753310829401016 0.0 0.023095667362213135
0.0481790155172348 0.0 0.05755120515823364
0.022622451186180115 0.0 0.02809286117553711
0.0 0.0 0.012522280216217041
0.0 0.0 0.0
0.0 0.011022448539733887 0.0
0.0 0.011746138334274292 0.0
0.008416581898927689 0.007620610296726227 0.0020685791969299316
0.008728772401809692 0.00584748387336731 0.014964461326599121
0.00995606929063797 0.005232162773609161 0.009258866310119629
0.0 0.0 0.010754287242889404
0.0 0.0 0.0094221830368042
0.0 0.0 0.010592281818389893
0.0 0.012861400842666626 0.0
0.0 0.008442588150501251 0.0
0.0033202096819877625 0.00035753846168518066 0.01822197437286377
0.005066052079200745 0.0 0.0244065523147583
0.0 0.008801747113466263 0.020582616329193115
0.0 0.0 0.015933692455291748
0.0 0.006112273782491684 0.0
0.0 0.011284757405519485 0.004131019115447998
0.0 0.0 0.013700246810913086
0.0 0.004292178899049759 0.01818019151687622
0.0 0.010956011712551117 0.006993532180786133
0.0 0.018924865871667862 0.0
0.0 0.013298086822032928 0.0
0.0021149367094039917 0.03916645050048828 0.0
0.005793880671262741 0.0 0.02414804697036743
0.0 0.016576427966356277 0.011249303817749023
0.004193510860204697 0.0 0.019166111946105957
0.0 0.0 0.01331716775894165
0.0 0.006101012229919434 0.00367891788482666
0.0 0.0 0.015844404697418213
0.0012495145201683044 0.0 0.018021106719970703
0.0 0.0 0.010654807090759277
0.0 0.003343440592288971 0.009292364120483398
0.0 0.007570404559373856 0.010819494724273682
0.0 0.00592426210641861 0.014856576919555664
0.0 0.011712554842233658 0.005883455276489258
0.0 0.0044635869562625885 0.0070032477378845215
0.0 0.00037232786417007446 0.007033050060272217
0.0 0.004630863666534424 0.006928980350494385
0.0 0.004249025136232376 0.009224653244018555
0.0 0.004811670631170273 0.009840786457061768
0.0 0.0035648830235004425 0.002611517906188965
0.0 0.004445862025022507 0.0060610175132751465
0.0 0.002950921654701233 0.015511274337768555
0.003254532814025879 0.003998316824436188 0.013212859630584717
0.004778735339641571 0.001740913838148117 0.008533954620361328
0.0 0.006632652133703232 0.005927920341491699
0.0 0.0044037699699401855 0.008008420467376709
0.0 0.0024280957877635956 0.01168745756149292
0.0 0.003643687814474106 0.008134305477142334
0.0 0.0 0.009922266006469727
0.0 0.0 0.006487131118774414
0.0 0.004910863935947418 0.009792029857635498
0.006225787103176117 0.006421376019716263 0.010367333889007568
0.003184698522090912 0.008073754608631134 0.0073566436767578125
0.0008452162146568298 0.007824547588825226 0.0065895915031433105
0.0 0.0059655047953128815 0.009458422660827637
0.0023215338587760925 0.0043030232191085815 0.012302815914154053
0.0009705275297164917 0.0043642036616802216 0.007942616939544678
0.0 0.006856109946966171 0.004782617092132568
0.0 0.0006707906723022461 0.00867319107055664
0.0 0.0 0.009347319602966309
0.0 0.00010304152965545654 0.01051265001296997
0.0 0.000433214008808136 0.009592711925506592
0.0 0.0 0.011838316917419434
0.0 0.00038606300950050354 0.008005082607269287
0.0 0.006132461130619049 0.004984557628631592
0.0 0.004296142607927322 0.009881794452667236
0.0 0.002433646470308304 0.0100899338722229
0.0 0.002862215042114258 0.00721365213394165
0.0 0.006146561354398727 0.0044130682945251465
0.0 0.0067583173513412476 0.008417963981628418
0.0 0.003628622740507126 0.008940696716308594
0.0 0.0032439418137073517 0.010177552700042725
0.0 0.0012318231165409088 0.010468602180480957
0.0 0.0037672296166419983 0.007770061492919922
0.0 0.0023341067135334015 0.007693052291870117
0.0 0.004410892724990845 0.009987294673919678
0.0 0.003907892853021622 0.009793579578399658
0.0 0.0023302286863327026 0.008701443672180176
0.0004223659634590149 0.002060219645500183 0.008232712745666504
0.0 0.0031015314161777496 0.00876319408416748
0.0 0.006622303277254105 0.007319450378417969
0.00014582276344299316 0.004563763737678528 0.0061737895011901855
0.0 0.0050561316311359406 0.005410432815551758
0.0 0.003870829939842224 0.008205890655517578
0.0 0.0007402040064334869 0.013936817646026611
0.0 0.0 0.009808957576751709
0.0 0.0 0.007422208786010742
0.0 0.0018398985266685486 0.009605765342712402
0.0 0.0037774331867694855 0.008264780044555664
0.0 0.0029358938336372375 0.007947862148284912
0.0 0.005913246423006058 0.006778061389923096
0.0 0.004578359425067902 0.006787776947021484
0.0 0.0036806613206863403 0.010060250759124756
0.0 0.000339556485414505 0.008653700351715088
0.0 0.0019999220967292786 0.008068978786468506
0.0 0.004423808306455612 0.009859144687652588
0.0 0.0029201172292232513 0.007326900959014893
0.0 0.005230460315942764 0.006786227226257324
0.0 0.007127266377210617 0.008310794830322266
0.0 0.004986219108104706 0.007412075996398926
0.0 0.0 0.009387195110321045
0.0 0.0 0.01030951738357544
0.0 0.0 0.009161055088043213
0.0 0.0012927837669849396 0.009199798107147217
0.0 0.0010058842599391937 0.009458601474761963
0.0 0.0006696544587612152 0.009138762950897217
0.0 0.002647358924150467 0.00809478759765625
0.0 0.003596849739551544 0.007932424545288086
0.0027816221117973328 0.004447557032108307 0.007497906684875488
0.0 0.005103405565023422 0.00780034065246582
0.0 0.001565888524055481 0.005293369293212891
0.0 0.002594292163848877 0.005843162536621094
0.0 0.004417847841978073 0.006832122802734375
0.0 0.001667313277721405 0.00874340534210205
0.0 0.001432221382856369 0.011028707027435303
0.0 0.0 0.01177304983139038
0.0 0.0009070299565792084 0.0077628493309021
0.0 0.0029282569885253906 0.0077817440032958984
0.0 0.002207033336162567 0.009834110736846924
0.0 0.003798089921474457 0.0072823166847229
0.0 0.0036562979221343994 0.006467044353485107
0.0 0.0026984289288520813 0.008487462997436523
0.0 0.0027237385511398315 0.008213162422180176
0.0 0.004168149083852768 0.010217070579528809
0.0 0.0007155686616897583 0.010259926319122314
0.0 0.0026403777301311493 0.004345417022705078
0.0 0.0028325729072093964 0.010080993175506592
0.0 0.00441347062587738 0.0072141289710998535
0.0 0.0018624961376190186 0.005766928195953369
0.0008172690868377686 0.001466318964958191 0.011149108409881592
0.004249855875968933 0.0031639598309993744 0.011950671672821045
0.0 0.004702899605035782 0.012678146362304688
0.0 0.00011824071407318115 0.009034216403961182
0.0 0.0 0.009718835353851318
0.0 0.0 0.008411943912506104
0.0 0.0 0.0
0.015146486461162567 0.0 0.0
0.06747424602508545 0.03995472937822342 0.0
0.12075215578079224 0.09583883732557297 0.0
0.13539405167102814 0.13032644987106323 0.0
0.15871047973632812 0.12218029052019119 0.0
0.16321879625320435 0.1461520940065384 0.0
0.12757882475852966 0.1975913941860199 0.0
0.08722007274627686 0.019057556986808777 0.0
0.04186064004898071 0.11003050208091736 0.0
0.0751757025718689 0.14216449856758118 0.0
0.13145184516906738 0.2078719139099121 0.0
0.06489545106887817 0.2791585326194763 0.0
0.05562466382980347 0.10467153787612915 0.0
0.0 0.3219447135925293 0.0
0.0 0.23206961154937744 0.0
0.0 0.26562201976776123 0.0
0.0 0.2565497159957886 0.0
0.0 0.20787262916564941 0.0
0.0 0.16333690285682678 0.02540743350982666
0.0 0.15676653385162354 0.13897359371185303
0.0 0.15556621551513672 0.18514704704284668
0.0 0.21986618638038635 0.1877584457397461
0.0 0.3040068745613098 0.2575492858886719
0.0 0.3084836006164551 0.286008358001709
0.0 0.3461199998855591 0.3107227087020874
0.0 0.45431315898895264 0.3322216272354126
0.0 0.4876284599304199 0.3228187561035156
0.0 0.5068202614784241 0.32467854022979736
0.0 0.46387630701065063 0.4495248794555664
0.0 0.39200901985168457 0.5516648292541504
0.0 0.4056730270385742 0.4651918411254883
0.0 0.44766485691070557 0.3297532796859741
0.0 0.45472872257232666 0.2735801935195923
0.10260024666786194 0.41724127531051636 0.3143730163574219
0.07353369891643524 0.4254428744316101 0.3862830400466919
0.09795674681663513 0.38869625329971313 0.38445019721984863
0.09781423211097717 0.302298367023468 0.4024718999862671
0.09573693573474884 0.28658872842788696 0.4023429751396179
0.012286394834518433 0.32817137241363525 0.48201656341552734
0.0 0.28183865547180176 0.38119029998779297
0.0 0.35131382942199707 0.3629039525985718
0.0 0.4627121686935425 0.28468066453933716
0.0 0.5171476602554321 0.2069312334060669
0.0 0.5112883448600769 0.2780483365058899
0.02116444706916809 0.5109706521034241 0.07902556657791138
0.04666735231876373 0.42421382665634155 0.0
0.03451438993215561 0.33901169896125793 0.0
0.0316159725189209 0.24604235589504242 0.0
0.003764968365430832 0.17602132260799408 0.0
0.0 0.18070533871650696 0.0
0.0 0.17146864533424377 0.0
0.0 0.1579776257276535 0.0
0.0 0.13285966217517853 0.0
0.0 0.08970397710800171 0.0
0.0 0.05302169919013977 0.0
0.0 0.027761250734329224 0.0
0.0 0.007964856922626495 0.0
0.0 0.00985661894083023 0.04968833923339844
0.0 0.002845555543899536 0.11201095581054688
0.0 0.004097864031791687 0.14953452348709106
0.007108651101589203 0.0 0.16624653339385986
0.021745458245277405 0.0 0.1511637568473816
0.027426227927207947 0.0 0.11990416049957275
0.03687696158885956 0.01264672726392746 0.07505029439926147
0.033850252628326416 0.0018086619675159454 0.02713710069656372
0.02280673384666443 0.008118238300085068 0.001119375228881836
0.018546923995018005 0.011112358421087265 0.0
0.013577356934547424 0.009647618979215622 0.0
0.010597050189971924 0.01452559232711792 0.0
0.013953983783721924 0.014493189752101898 0.0
0.008023768663406372 0.01584596186876297 0.0
0.000842168927192688 0.012176914140582085 0.0
0.0 0.010197058320045471 0.0
0.0 0.008528389036655426 0.0
0.0 0.003106284886598587 0.0
0.0 0.0021058768033981323 0.0
0.0 0.0041652703657746315 0.0
0.0 0.005683961324393749 0.0
0.0 0.004211318679153919 0.006171047687530518
0.0 0.006820144131779671 0.01315927505493164
0.0 0.008862207643687725 0.020919978618621826
0.005109667778015137 0.0037486949004232883 0.025622129440307617
0.0013363659381866455 0.0 0.02883356809616089
0.00063362717628479 0.0 0.0265047550201416
0.005201101303100586 0.002693537622690201 0.018715620040893555
0.0016681551933288574 0.0025712400674819946 0.010446429252624512
0.0006237924098968506 0.003024790436029434 0.005901634693145752
0.001794382929801941 0.005731619894504547 0.003975212574005127
0.0032944083213806152 0.006127520464360714 0.0008092522621154785
0.0 0.006876128725707531 0.006637215614318848
0.0 0.004035940393805504 0.0015402436256408691
0.0 0.004816476255655289 0.0
0.0 0.007405087351799011 0.0037297606468200684
0.0 0.003454729914665222 0.008380651473999023
0.0 0.004332017153501511 0.013071537017822266
0.0 0.0010179411619901657 0.01487189531326294
0.0 0.0 0.009583890438079834
0.0 0.00634453259408474 0.010850965976715088
0.0 0.005039069801568985 0.010399281978607178
0.0 0.008505672216415405 0.004457652568817139
0.002041861414909363 0.00961703434586525 0.0052111148834228516
0.001650303602218628 0.014002431184053421 0.001848459243774414
0.00946451723575592 0.012082783505320549 0.0
0.009365350008010864 0.008304547518491745 0.0
0.01081414520740509 0.004783943295478821 0.001755058765411377
0.005855858325958252 0.002204982563853264 0.007774174213409424
0.0 0.0022908858954906464 0.013654947280883789
0.0 0.0 0.01092439889907837
0.0 0.0 0.013146758079528809
0.0 0.0 0.013577044010162354
0.0 0.0 0.012940704822540283
0.0 0.0 0.015292763710021973
0.0 0.0 0.01671689748764038
0.0 0.0 0.01671123504638672
0.0 0.0 0.013918817043304443
0.0 0.0013989247381687164 0.0059160590171813965
0.0 0.003615189343690872 0.005558311939239502
0.001412510871887207 0.0031522028148174286 0.006401658058166504
0.004619240760803223 0.004415400326251984 0.006470978260040283
0.002154216170310974 0.002592615783214569 0.007954001426696777
0.0 0.004667192697525024 0.00423276424407959
0.0032671838998794556 0.0045419298112392426 0.007886230945587158
0.004868641495704651 0.005252473056316376 0.009352326393127441
0.002559080719947815 0.005548425018787384 0.005818545818328857
0.00046019256114959717 0.00448865070939064 0.008307993412017822
0.0031133443117141724 0.004391130059957504 0.006570279598236084
0.0 0.00355570949614048 0.011577725410461426
0.0 0.0006589777767658234 0.005063533782958984
0.0 0.001830078661441803 0.00546574592590332
0.0 0.0065492261201143265 0.0051566362380981445
0.0 0.004216481000185013 0.0068073272705078125
0.0 0.0021636653691530228 0.012888967990875244
0.0 0.0 0.013805747032165527
0.0 0.0 0.014434278011322021
0.0 0.0 0.007338762283325195
0.0 0.0 0.004930377006530762
0.0 0.0 0.004757702350616455
0.0 0.0 0.0071305036544799805
0.0 0.0014479383826255798 0.006017506122589111
0.0 0.002502191811800003 0.0031165480613708496
0.0 0.002747640013694763 0.00573962926864624
0.0036678314208984375 0.008212901651859283 0.009853720664978027
0.0044426023960113525 0.0056031327694654465 0.009679079055786133
0.005256101489067078 0.004117913544178009 0.011306166648864746
0.002577856183052063 0.0032082460820674896 0.014756917953491211
0.0 0.0 0.01600635051727295
0.0011217743158340454 0.0012816116213798523 0.022883057594299316
0.0186474472284317 0.016428746283054352 0.03604412078857422
0.03981131315231323 0.023301128298044205 0.02819877862930298
0.028351783752441406 0.04627641290426254 0.0
0.050141483545303345 0.07304518669843674 0.0
0.0895572304725647 0.12118647992610931 0.0
0.1703539788722992 0.22493280470371246 0.0
0.26648831367492676 0.26432883739471436 0.0
0.14173758029937744 0.3232724368572235 0.0
0.049112915992736816 0.3389263451099396 0.0
0.022294342517852783 0.36915963888168335 0.0
0.011853218078613281 0.4223923087120056 0.0
0.0 0.4396614134311676 0.0
0.0 0.24777746200561523 0.0
0.0 0.07295700907707214 0.0
0.0 0.09084257483482361 0.0
0.0 0.1501215100288391 0.0
0.0 0.18577542901039124 0.18779706954956055
0.0 0.2614721953868866 0.4091215133666992
0.0 0.13801905512809753 0.3019026517868042
0.0 0.2130972146987915 0.18068397045135498
0.0 0.32407426834106445 0.1652083396911621
0.0 0.4477584660053253 0.3348968029022217
0.0 0.5085683465003967 0.5039699077606201
0.0 0.5900070071220398 0.6262596845626831
0.0 0.6892067193984985 0.6063076257705688
0.0 0.7722011804580688 0.5369124412536621
0.0 0.7388732433319092 0.46700429916381836
0.0 0.6082572937011719 0.46177124977111816
0.0 0.5704253911972046 0.47222208976745605
0.0 0.5775822401046753 0.47322869300842285
0.0 0.6246088743209839 0.4541207551956177
0.0 0.6416743397712708 0.4871644377708435
0.08232608437538147 0.5295764803886414 0.5384154915809631
0.0 0.43277639150619507 0.5749619007110596
0.0 0.46234577894210815 0.5016552805900574
0.0 0.5195311903953552 0.3503636121749878
0.0 0.49261873960494995 0.28989851474761963
0.0 0.44628679752349854 0.3075258731842041
0.0 0.43696504831314087 0.32675135135650635
0.0 0.42466971278190613 0.3339426517486572
0.030793339014053345 0.41488292813301086 0.2530120611190796
0.05773290991783142 0.4223880171775818 0.13838469982147217
0.07685822248458862 0.42971786856651306 0.0
0.09769180417060852 0.3887218236923218 0.0
0.15376001596450806 0.349809467792511 0.0
0.13633014261722565 0.31480997800827026 0.0
0.10189807415008545 0.2729260325431824 0.0
0.040277399122714996 0.26903802156448364 0.0
0.026410816237330437 0.24565640091896057 0.0
0.021098602563142776 0.17724625766277313 0.0
0.0 0.12161742895841599 0.0
0.0 0.07618611305952072 0.0
0.0 0.06878548115491867 0.0
0.0 0.04784255474805832 0.0
0.0 0.0354185551404953 0.0
0.0 0.023656480014324188 0.03276795148849487
0.0 0.017888318747282028 0.07167935371398926
0.0 0.019009824842214584 0.08115357160568237
0.0 0.0031100697815418243 0.0695120096206665
0.008638367056846619 0.0 0.068001389503479
0.010329555720090866 0.0 0.059217989444732666
0.0 0.0 0.052133917808532715
0.0 0.0 0.04603332281112671
0.006790004670619965 0.0 0.047745466232299805
0.011682428419589996 0.0 0.04840230941772461
0.0 0.0 0.04965770244598389
0.0 0.0 0.03907310962677002
0.001870773732662201 0.003960712347179651 0.03467053174972534
0.0 0.0 0.018584251403808594
0.0 0.00048438459634780884 0.00030928850173950195
0.001209937036037445 0.0 0.0
0.006548896431922913 0.0 0.004509449005126953
0.0014193207025527954 0.0 0.0015018582344055176
0.0 0.0025741690769791603 0.0
0.008517235517501831 0.007727130316197872 0.0033907294273376465
0.009439781308174133 0.011741938069462776 0.01465839147567749
0.005818545818328857 0.009863809682428837 0.014565587043762207
0.01152375340461731 0.010487889871001244 0.01818627119064331
0.012105859816074371 0.010539881885051727 0.011962652206420898
0.0 0.007771176286041737 0.0066176652908325195
0.0 0.007361395284533501 0.0028706789016723633
0.0 0.002542915754020214 0.003846883773803711
0.0 0.003289220854640007 0.0032637715339660645
0.0 0.0052619753405451775 0.004499495029449463
0.0 0.001888965256512165 0.004378795623779297
0.0 0.005476863123476505 0.009209990501403809
0.0 0.0037228986620903015 0.00022590160369873047
0.0 0.005135776475071907 0.0
0.0004158914089202881 0.009154526516795158 0.0
0.003933414816856384 0.006868094205856323 0.0
0.0 0.00865844264626503 0.0030698180198669434
0.0 0.0020120209082961082 0.0
0.0 0.005279934033751488 0.0011910200119018555
0.0 0.004462571814656258 0.0006715059280395508
0.0 0.005203884094953537 0.0027219653129577637
0.0012894868850708008 0.0070656342431902885 0.003371119499206543
0.0008246302604675293 0.005021378397941589 0.0035976767539978027
0.0042757391929626465 0.007450788281857967 0.008079886436462402
0.0015726983547210693 0.0056969597935676575 0.011197865009307861
0.0 0.002839351072907448 0.011986076831817627
0.0 0.005012574605643749 0.017750144004821777
0.006298273801803589 0.004775244742631912 0.02109760046005249
0.00722929835319519 0.004345409572124481 0.020825624465942383
0.005157500505447388 0.003358723595738411 0.018637359142303467
0.004739552736282349 0.004459092393517494 0.011950671672821045
0.006503984332084656 0.00969769712537527 0.011900722980499268
0.006355196237564087 0.006170859560370445 0.014535903930664062
0.002789929509162903 0.004931301809847355 0.009001374244689941
0.0 0.0005690502002835274 0.008586585521697998
0.0 0.003594556823372841 0.0073451995849609375
0.001182258129119873 0.008506838232278824 0.016206741333007812
0.011629834771156311 0.015988443046808243 0.015445351600646973
0.020110532641410828 0.02362246811389923 0.0
0.02042517066001892 0.027534332126379013 0.0
0.05619227886199951 0.07467716932296753 0.0
0.1480245292186737 0.11144964396953583 0.0
0.1692533791065216 0.14114436507225037 0.0
0.14230626821517944 0.23097297549247742 0.0
0.18280011415481567 0.3404484689235687 0.0
0.1986144781112671 0.3733527362346649 0.0
0.19010090827941895 0.3592000901699066 0.0
0.1407366394996643 0.34096863865852356 0.0
0.027869105339050293 0.3810688853263855 0.0
0.011453032493591309 0.46182647347450256 0.0
0.0 0.41038060188293457 0.0
0.06320697069168091 0.2620351016521454 0.0
0.08842521905899048 0.32487234473228455 0.0
0.029160141944885254 0.20741799473762512 0.0
0.0 0.36923518776893616 0.17795705795288086
0.01122748851776123 0.22966304421424866 0.37213754653930664
0.0 0.15236014127731323 0.452785849571228
0.0 0.2310115396976471 0.37336528301239014
0.0 0.316702276468277 0.3260226249694824
0.0 0.4176432192325592 0.3369152545928955
0.0 0.45083799958229065 0.36077880859375
0.0 0.5110259056091309 0.42788493633270264
0.0 0.517535924911499 0.44713783264160156
0.0 0.5334219932556152 0.381400465965271
0.0 0.5128867626190186 0.2878091335296631
0.0 0.4462311863899231 0.2119370698928833
0.0 0.3389852046966553 0.30426597595214844
0.0 0.27156001329421997 0.4085249900817871
0.0 0.31121736764907837 0.4197957515716553
0.0 0.43745917081832886 0.3445795774459839
0.0 0.49077481031417847 0.2854125499725342
0.04284057021141052 0.4433595538139343 0.2835339307785034
0.0344943106174469 0.42319202423095703 0.35627466440200806
0.0 0.36702561378479004 0.40090280771255493
0.0 0.3997313380241394 0.39122605323791504
0.0 0.4094941020011902 0.34276580810546875
0.0 0.3373710513114929 0.34553563594818115
0.0 0.38518649339675903 0.37380945682525635
0.0 0.35509777069091797 0.3509773015975952
0.0 0.37577497959136963 0.33677101135253906
0.0 0.4021255373954773 0.2994956970214844
0.0 0.4217144548892975 0.21726179122924805
0.048176512122154236 0.40564385056495667 0.07911801338195801
0.09962044656276703 0.36965715885162354 0.0
0.12711918354034424 0.33836302161216736 0.0
0.1453792154788971 0.2990395128726959 0.0
0.11625182628631592 0.25929203629493713 0.0
0.0859304815530777 0.22899861633777618 0.0
0.03300385922193527 0.1954544633626938 0.0
0.0 0.17180094122886658 0.0
0.0 0.13358354568481445 0.0
0.0 0.09908317774534225 0.0
0.0 0.08369436115026474 0.0
0.0 0.06557776778936386 0.0
0.0 0.03942394256591797 0.0
0.0 0.03309963643550873 0.0
0.0 0.015680212527513504 0.023940742015838623
0.0 0.009383317083120346 0.060067057609558105
0.0 0.004823075607419014 0.0672411322593689
0.0 0.0 0.06566381454467773
0.0 0.0 0.06728637218475342
0.007148925215005875 0.0 0.0678243637084961
0.011363133788108826 0.0 0.06634461879730225
0.014323651790618896 0.0 0.06135433912277222
0.009126648306846619 0.0 0.0572165846824646
0.008101113140583038 0.0 0.05313998460769653
0.003541063517332077 0.0 0.04358541965484619
0.0 0.001980471657589078 0.020218074321746826
0.0 0.0008720662444829941 0.005245387554168701
0.0020546093583106995 0.004220397211611271 0.003001391887664795
0.0012281984090805054 0.0031436518765985966 0.0
0.005635961890220642 0.009535688906908035 0.0025803446769714355
0.0073198601603507996 0.013980548828840256 0.0
0.010469377040863037 0.016915181651711464 0.0
0.008690707385540009 0.014317397028207779 0.0
0.006588555872440338 0.015827082097530365 0.0
0.003287002444267273 0.013738268986344337 0.0
0.008104830980300903 0.013149436563253403 0.0019617676734924316
0.0 0.01094395387917757 0.005355775356292725
0.0 0.0011124596931040287 0.010309338569641113
0.0 0.0 0.01426917314529419
0.0 0.0 0.020180046558380127
0.0 0.0 0.017823517322540283
0.0 0.0 0.013974785804748535
0.0 0.0014516508672386408 0.013628125190734863
0.0 0.003356665838509798 0.005086719989776611
0.0 0.0008890023455023766 0.0074391961097717285
0.0 0.011228175833821297 0.0007842183113098145
0.0015807971358299255 0.005113269668072462 0.0016897320747375488
0.00563850998878479 0.01044190302491188 0.001545548439025879
0.003415234386920929 0.012214002199470997 0.004454553127288818
0.0005521401762962341 0.010300634428858757 0.00048804283142089844
0.00474654883146286 0.012110374867916107 0.004765331745147705
0.008813641965389252 0.014135216362774372 0.010524094104766846
0.008191190659999847 0.008119422942399979 0.013569116592407227
0.0 0.004005067981779575 0.012472212314605713
0.0 0.0025399625301361084 0.01019442081451416
0.0 0.004933246877044439 0.01164919137954712
0.0 0.006200957577675581 0.00799638032913208
0.0 0.006751691922545433 0.0037702322006225586
0.0 0.009400736540555954 0.0
0.005030669271945953 0.00742317596450448 0.003724515438079834
0.0035185739398002625 0.006680452264845371 0.009951233863830566
0.0027405470609664917 0.004807792603969574 0.013268649578094482
0.004482842981815338 0.012408112175762653 0.012177884578704834
0.024040542542934418 0.027615413069725037 0.0007550716400146484
0.06885731220245361 0.05265159532427788 0.0
0.07182124257087708 0.06296732276678085 0.0
0.07045409083366394 0.06727032363414764 0.0
0.11378836631774902 0.11740254610776901 0.0
0.18605655431747437 0.19253912568092346 0.0
0.232832133769989 0.2446659505367279 0.0
0.20518434047698975 0.28393399715423584 0.0
0.12105941772460938 0.2795531451702118 0.0
0.087039053440094 0.26254987716674805 0.0
0.04719656705856323 0.2770105004310608 0.0
0.03398740291595459 0.2960800528526306 0.0
0.0 0.29809051752090454 0.0
0.0 0.22330963611602783 0.0
0.0 0.2238653004169464 0.0
0.053780436515808105 0.2615669071674347 0.0
0.03604501485824585 0.29266345500946045 0.0
0.0 0.29192614555358887 0.012698650360107422
0.0 0.26983386278152466 0.24542236328125
0.0 0.31087711453437805 0.40043163299560547
0.0 0.01029154658317566 0.40423858165740967
0.0 0.16540303826332092 0.31929659843444824
0.0 0.23579847812652588 0.34062135219573975
0.0 0.2657989263534546 0.35582172870635986
0.0 0.2731209993362427 0.3461909294128418
0.0 0.35484859347343445 0.3278071880340576
0.0 0.4167076349258423 0.2806704044342041
0.0 0.4662531614303589 0.17718935012817383
0.029777050018310547 0.49757182598114014 0.11766505241394043
0.06912487745285034 0.4553077816963196 0.09334731101989746
0.06514143943786621 0.4210805296897888 0.1679748296737671
0.0 0.38479310274124146 0.2536919116973877
0.02098184823989868 0.3751677870750427 0.27743351459503174
0.02598470449447632 0.3275722861289978 0.2709859609603882
0.06386691331863403 0.2797481417655945 0.2543351650238037
0.08481137454509735 0.2273769974708557 0.26826512813568115
0.05129314959049225 0.21068793535232544 0.27445662021636963
0.02723032236099243 0.2447519302368164 0.2902851700782776
0.004911363124847412 0.2894912362098694 0.2946147918701172
0.05507558584213257 0.19616585969924927 0.36198580265045166
0.03175137937068939 0.2739270329475403 0.39086782932281494
0.023745998740196228 0.3032335638999939 0.37791532278060913
0.0 0.3146488070487976 0.3383394479751587
0.009061068296432495 0.3319907784461975 0.29329824447631836
0.0 0.3307066559791565 0.36016905307769775
0.0 0.3646332621574402 0.3361769914627075
0.0 0.3753568232059479 0.28240692615509033
0.044708043336868286 0.41180023550987244 0.14323025941848755
0.033128440380096436 0.36369049549102783 0.0
0.0 0.33039090037345886 0.0
0.0 0.2543777525424957 0.0
0.0 0.186420276761055 0.0
0.0 0.16958209872245789 0.0
0.0 0.15398168563842773 0.0
0.0 0.13000187277793884 0.0
0.0 0.11648175865411758 0.0
0.0 0.11344558000564575 0.0
0.0 0.09477482736110687 0.0
0.0 0.07059910893440247 0.0
0.0 0.05088924244046211 0.0
0.0 0.03983454406261444 0.0
0.0 0.03075931780040264 0.016040384769439697
0.0 0.02199048362672329 0.06822818517684937
0.0 0.01107389759272337 0.10175508260726929
0.0 0.0039522163569927216 0.11673092842102051
0.0036004632711410522 0.0 0.11978870630264282
0.00768791139125824 0.0 0.10149002075195312
0.024618327617645264 0.0 0.08359205722808838
0.018466025590896606 0.0 0.062243103981018066
0.0264606773853302 0.007506960071623325 0.04752856492996216
0.020032696425914764 0.004188386723399162 0.023537278175354004
0.02331577241420746 0.011803562752902508 0.005769670009613037
0.023819439113140106 0.01289665699005127 0.0
0.010482549667358398 0.0169084332883358 0.0
0.008039139211177826 0.010071313939988613 0.0
0.0 0.013541683554649353 0.0
0.0 0.011453628540039062 0.0
0.0 0.006923144683241844 0.0
0.0 0.003857044503092766 0.0
0.0 0.006500842049717903 0.014627933502197266
0.007493980228900909 0.00973523035645485 0.01992356777191162
0.002835117280483246 0.006531676277518272 0.026477336883544922
0.0 0.004279885441064835 0.02561551332473755
0.0 0.006450340151786804 0.01596015691757202
0.0026110634207725525 0.011342989280819893 0.010242223739624023
0.0008625611662864685 0.011555423960089684 0.0029975175857543945
0.0005981177091598511 0.014738183468580246 0.0029241442680358887
0.0024890154600143433 0.006988245993852615 0.0
0.0028737783432006836 0.009964922443032265 0.002108633518218994
0.007144369184970856 0.011176876723766327 0.006239771842956543
0.0011803880333900452 0.009806768968701363 0.004947781562805176
0.0032804086804389954 0.00885745882987976 0.011807620525360107
0.003650084137916565 0.008417859673500061 0.011071741580963135
0.0007962435483932495 0.011433538049459457 0.00420767068862915
0.0 0.011428898200392723 0.005878925323486328
0.0 0.005976593121886253 0.004593253135681152
0.0011570155620574951 0.006984220817685127 0.003271043300628662
0.004460178315639496 0.009561076760292053 0.009503602981567383
0.003382839262485504 0.011017631739377975 0.012247323989868164
0.0018486231565475464 0.009780757129192352 0.015827417373657227
0.0034666508436203003 0.012541372328996658 0.016549527645111084
0.0016643553972244263 0.007703009992837906 0.016596734523773193
0.002491563558578491 0.008859463036060333 0.01776331663131714
0.006088227033615112 0.009231913834810257 0.016653895378112793
0.009106278419494629 0.008758969604969025 0.021746277809143066
0.00473351776599884 0.0027317404747009277 0.013055980205535889
0.0 0.0012824498116970062 0.008171558380126953
0.005709350109100342 0.008980631828308105 0.01109093427658081
0.013115689158439636 0.013128858059644699 0.0071427226066589355
0.007927045226097107 0.015425153076648712 0.0014023780822753906
0.011509120464324951 0.014466337859630585 0.0
0.028636425733566284 0.024572957307100296 0.0
0.05937612056732178 0.04907780885696411 0.0
0.1113612949848175 0.11992962658405304 0.0
0.12958452105522156 0.17107561230659485 0.0
0.14817503094673157 0.2082965075969696 0.0
0.21561956405639648 0.2617211937904358 0.0
0.22660616040229797 0.32870060205459595 0.0
0.17330753803253174 0.39047345519065857 0.0
0.13929378986358643 0.38709884881973267 0.0
0.06341856718063354 0.3465000092983246 0.0
0.0 0.40839314460754395 0.0
0.0 0.3869415521621704 0.0
0.0 0.2398313283920288 0.0
0.0172308087348938 0.19545575976371765 0.0
0.022579312324523926 0.3148111402988434 0.0
0.0 0.24103033542633057 0.07388734817504883
0.0 0.37970149517059326 0.3851277828216553
0.0824589729309082 0.2740016579627991 0.6396510601043701
0.0 0.13922610878944397 0.501633882522583
0.0 0.12152501940727234 0.3787132501602173
0.0 0.12211129069328308 0.3532438278198242
0.0 0.15736159682273865 0.3107030391693115
0.0 0.21287184953689575 0.25144410133361816
0.0 0.22271084785461426 0.20560169219970703
0.0 0.26322388648986816 0.22719502449035645
0.0 0.32175153493881226 0.2730526924133301
0.0 0.39345359802246094 0.26744723320007324
0.0 0.3927766680717468 0.28092873096466064
0.0 0.3672305941581726 0.304989218711853
0.0 0.3713175654411316 0.32289254665374756
0.0 0.363372266292572 0.3155742883682251
0.0 0.347800076007843 0.31992554664611816
0.007560670375823975 0.32145410776138306 0.296580970287323
0.009101107716560364 0.29899466037750244 0.2754400968551636
0.05198104679584503 0.27549678087234497 0.25629252195358276
0.02323019504547119 0.21278178691864014 0.19476312398910522
0.01298019289970398 0.19377660751342773 0.2271614670753479
0.0 0.1559199094772339 0.203119158744812
0.0 0.1484692096710205 0.21854650974273682
0.0 0.15985137224197388 0.23935842514038086
0.0 0.17905831336975098 0.24862396717071533
0.0 0.18527674674987793 0.2361546754837036
0.0 0.22172296047210693 0.18412506580352783
0.0 0.25725412368774414 0.1193665862083435
0.045736879110336304 0.30049505829811096 0.008122682571411133
0.14287874102592468 0.3163408935070038 0.0
0.12788720428943634 0.3194367289543152 0.0
0.11870715022087097 0.2674989700317383 0.0
0.09246353805065155 0.17747469246387482 0.0
0.05773710459470749 0.05137859284877777 0.0
0.035779669880867004 0.0 0.0
0.0 0.040550097823143005 0.0
0.0 0.08530162274837494 0.0
0.0 0.060585975646972656 0.0
0.0 0.06860943138599396 0.0
0.0 0.05463564768433571 0.0
0.0 0.04028521478176117 0.0
0.0 0.025342142209410667 0.0
0.0 0.002932274714112282 0.0
0.0 0.0 0.0008704066276550293
0.0 0.003139358013868332 0.017292022705078125
0.0 0.008451629430055618 0.01000058650970459
0.0 0.007523566484451294 0.0
0.0 0.006118111312389374 0.014093518257141113
0.0 0.0036838948726654053 0.02640080451965332
0.0 0.00046121515333652496 0.025061428546905518
0.011724069714546204 0.009736658073961735 0.025721251964569092
0.022733882069587708 0.011827017180621624 0.028255164623260498
0.02031099796295166 0.0027743270620703697 0.03550189733505249
0.007974565029144287 0.006327199283987284 0.03682398796081543
0.007396727800369263 0.007450283970683813 0.026737213134765625
0.012128353118896484 0.01783037930727005 0.022406160831451416
0.017009690403938293 0.017360005527734756 0.01204615831375122
0.021607324481010437 0.012052890844643116 0.014228105545043945
0.016249865293502808 0.005664679687470198 0.01147449016571045
0.00819694995880127 0.008563179522752762 0.007996976375579834
0.008991599082946777 0.013367470353841782 0.0006769895553588867
0.011828422546386719 0.016716601327061653 0.0025340914726257324
0.011041194200515747 0.01553350780159235 0.0065801143646240234
0.006858795881271362 0.011581214144825935 0.010555684566497803
0.0 0.008400249294936657 0.003461897373199463
0.0 0.008083992637693882 0.010060667991638184
0.0 0.007639835588634014 0.010422348976135254
0.0 0.010189168155193329 0.010877251625061035
0.0 0.007501859217882156 0.006971597671508789
0.0037318915128707886 0.01006949320435524 0.004295051097869873
0.0 0.005647992715239525 0.003892362117767334
0.0 0.0005946755409240723 0.0027126073837280273
0.0 0.00034588947892189026 0.0
0.0 0.01573551818728447 0.0
0.0019124150276184082 0.016106046736240387 0.006289660930633545
0.008949458599090576 0.009768486954271793 0.004652261734008789
0.005144476890563965 0.009900545701384544 0.005837678909301758
0.001839563250541687 0.012663275003433228 0.00568234920501709
0.007550463080406189 0.013756999745965004 0.00337827205657959
0.01110866665840149 0.014222491532564163 0.006117463111877441
0.015057548880577087 0.016218485310673714 0.009096086025238037
0.015065968036651611 0.015121180564165115 0.015456914901733398
0.015681475400924683 0.016266703605651855 0.012255966663360596
0.01727442443370819 0.013404648751020432 0.01155775785446167
0.006308451294898987 0.012910120189189911 0.013841569423675537
0.0005434751510620117 0.013222087174654007 0.012928903102874756
0.006160572171211243 0.010962393134832382 0.007992863655090332
0.0009686201810836792 0.011434121057391167 0.0
0.0022614747285842896 0.012430571019649506 0.00031638145446777344
0.004003971815109253 0.0032349657267332077 0.0055231451988220215
0.0 0.0 0.0027952194213867188
0.0 0.0005087815225124359 0.0052381157875061035
0.0 0.00043002329766750336 0.0002751350402832031
0.0 0.009210074320435524 0.007174491882324219
0.0 0.02324724569916725 0.014411985874176025
0.0 0.01535605825483799 0.0033586621284484863
0.009885236620903015 0.010137155652046204 0.011597156524658203
0.0035353749990463257 0.003140747547149658 0.020750463008880615
0.0006834864616394043 0.0 0.013031244277954102
0.0 0.0026214197278022766 0.01635289192199707
0.0 0.004648424685001373 0.005773723125457764
0.0 0.005205921828746796 0.0010951757431030273
0.0 0.012284062802791595 0.005740940570831299
0.0 0.010564930737018585 0.0
0.002187177538871765 0.009351935237646103 0.0029448270797729492
0.0 0.010674960911273956 0.0023914575576782227
0.0 0.01072431355714798 0.001848757266998291
0.0011384040117263794 0.011013485491275787 0.0029407143592834473
0.010162264108657837 0.011731576174497604 0.0003834366798400879
0.01861586421728134 0.00627918541431427 0.008158564567565918
0.01023479551076889 0.00965489074587822 0.007667720317840576
0.008388921618461609 0.01138414815068245 0.015874385833740234
0.012404531240463257 0.008079160004854202 0.013935089111328125
0.010059632360935211 0.009041797369718552 0.01811826229095459
0.009749434888362885 0.010217316448688507 0.012815535068511963
0.007878787815570831 0.018330920487642288 0.006245791912078857
0.008589975535869598 0.017374936491250992 0.007830917835235596
0.01097109168767929 0.009847093373537064 0.007563889026641846
0.0 0.019202113151550293 0.0
0.0 0.022882044315338135 0.012442231178283691
0.0 0.027739200741052628 0.016123712062835693
0.011477135121822357 0.004893779754638672 0.026720643043518066
0.05624055862426758 0.0037516802549362183 0.013008475303649902
0.028821542859077454 0.0 0.0
0.0028841346502304077 0.004916246980428696 0.0015280842781066895
0.0 0.0 0.0
0.0 0.0 0.0
0.0 0.000995289534330368 0.0
0.0 0.01690099760890007 0.0
0.0 0.0 0.0
0.0 0.0 0.007325708866119385
0.03210240602493286 0.0033156536519527435 0.04893380403518677
