0.027544371783733368 0.045517921447753906 0.018310487270355225
0.04738791286945343 0.04732781648635864 0.03570997714996338
0.0370868556201458 0.023603707551956177 0.017751693725585938
0.00036283209919929504 0.019130051136016846 0.0
0.006158255040645599 0.007874220609664917 0.0
0.0 0.0 0.009451806545257568
0.0 0.0 0.009724676609039307
0.0 0.0 0.013625025749206543
0.0 0.012656062841415405 0.020697057247161865
0.0003826003521680832 0.006054192781448364 0.019332945346832275
0.0 0.016136616468429565 0.004680216312408447
0.0 0.012877494096755981 0.0
0.0 0.0014602839946746826 0.0
0.0 0.01688915491104126 0.0
0.0 0.013421088457107544 0.0
0.0 0.009516775608062744 0.0
0.0010977871716022491 0.02073584496974945 0.0
0.0 0.01343962550163269 0.0
0.0 0.0 0.007021009922027588
0.0 0.0 0.018930792808532715
0.0036203712224960327 0.0 0.029745280742645264
0.007816173136234283 0.0 0.027859807014465332
0.01290867105126381 0.0036058276891708374 0.01705753803253174
0.018989935517311096 0.014477938413619995 0.009701132774353027
0.014210782945156097 0.017745792865753174 0.0016459822654724121
0.00755251944065094 0.017819315195083618 0.0
0.005775265395641327 0.01467546820640564 0.0
0.003356900066137314 0.008995383977890015 0.0
0.0 0.00376284122467041 0.002530515193939209
0.001144062727689743 0.0 0.009715914726257324
0.0 0.0 0.010880768299102783
0.0 0.0 0.0067560672760009766
0.0 0.0 0.004432559013366699
0.0 0.0 0.011481404304504395
0.0 0.0 0.01180797815322876
0.0020601656287908554 0.0 0.014816820621490479
0.0013363435864448547 0.0008706152439117432 0.013326764106750488
0.006393440067768097 0.004616469144821167 0.0043999552726745605
0.0 0.009518295526504517 0.0036179423332214355
0.005824806168675423 0.01585477590560913 0.0017576813697814941
0.01471739262342453 0.016838431358337402 0.0019176006317138672
0.0067422352731227875 0.013084113597869873 0.005427956581115723
0.0 0.0 0.01088017225265503
0.01239662617444992 0.0 0.015930891036987305
0.0030871406197547913 0.0006279051303863525 0.00947648286819458
0.0063004884868860245 0.0 0.007007420063018799
0.0 0.0 0.010110735893249512
0.0 0.0 0.01907789707183838
0.0 0.0 0.019232869148254395
0.0056062061339616776 0.0 0.02508866786956787
0.0 0.0 0.007843375205993652
0.002469678409397602 0.0006539225578308105 0.0
0.007925136014819145 0.013082802295684814 0.0
0.009715387597680092 0.022215276956558228 0.0
0.013265241868793964 0.02351832389831543 0.0
0.016000602394342422 0.021060943603515625 0.00022429227828979492
0.013422615826129913 0.01513931155204773 0.003638625144958496
0.01503588818013668 0.002656489610671997 0.013111472129821777
0.008893962018191814 0.003571927547454834 0.018317759037017822
0.009137320332229137 0.003584563732147217 0.020413219928741455
0.001067938283085823 0.0002580881118774414 0.028420686721801758
0.002811117097735405 0.0 0.02453327178955078
0.0 0.0 0.020961284637451172
0.0 0.0 0.016403496265411377
0.0 0.0029012560844421387 0.00462108850479126
0.0 0.0008195340633392334 0.0
0.0 0.0 0.0
0.0 0.003337472677230835 0.0
0.0 0.00478479266166687 0.0
0.0 0.005773603916168213 0.0027458667755126953
0.0 0.005971163511276245 0.0
0.0 0.006982684135437012 0.005479335784912109
0.0 0.003531336784362793 0.008526742458343506
0.001929712831042707 0.0016726255416870117 0.013709187507629395
0.0 0.0 0.00899803638458252
0.0040801879949867725 0.0010183155536651611 0.016054809093475342
0.003069269936531782 0.0006924867630004883 0.025683999061584473
0.01112489216029644 0.0 0.02385532855987549
0.004421620164066553 0.0 0.029442965984344482
0.012277605012059212 0.0 0.020645081996917725
0.0 0.0 0.021233320236206055
0.008068719878792763 0.0 0.02453666925430298
0.007955845445394516 0.00575566291809082 0.016945183277130127
0.008054124191403389 0.006353855133056641 0.011092722415924072
0.007524903863668442 0.012575805187225342 0.0019182562828063965
0.013788994401693344 0.018070995807647705 0.0006910562515258789
0.012772497721016407 0.015870213508605957 0.0
0.010678618215024471 0.017451941967010498 0.0
0.01125154085457325 0.014452889561653137 0.0007698535919189453
0.007166141644120216 0.013395935297012329 0.004907429218292236
0.0 0.009274184703826904 0.003190755844116211
0.0 0.0015288889408111572 0.0
0.008610171265900135 0.0 0.009215056896209717
0.014665837399661541 0.0 0.011951625347137451
0.0 0.0 0.002957165241241455
0.0 0.0 0.0
0.0 0.0 0.0
0.0 0.0 0.0
0.0 0.0 0.004474341869354248
0.0 0.0 0.002145826816558838
0.0 0.0 0.0
0.0 0.0 0.0
0.0 0.000647619366645813 0.0
0.0 0.006524041295051575 0.0
0.012960245832800865 0.009827986359596252 0.0
0.0006342818960547447 0.005964398384094238 0.005870521068572998
0.0 0.0033733248710632324 0.013401150703430176
0.005604100879281759 0.0 0.006205260753631592
0.0 0.0033992230892181396 0.005302786827087402
0.0032133515924215317 0.01404118537902832 0.004640102386474609
0.0 0.05260324478149414 0.0
0.0 0.0 0.024942398071289062
0.02209293469786644 0.0 0.00018322467803955078
0.001603446900844574 0.027057766914367676 0.012105345726013184
0.0225759819149971 0.022163987159729004 0.01340407133102417
0.017064278945326805 0.009915381669998169 0.006370425224304199
0.014732655137777328 0.006226569414138794 0.015600383281707764
0.017844408750534058 0.004681885242462158 0.009363412857055664
0.0 0.004854947328567505 0.0
0.0 0.0 0.0
0.0 0.0 0.0
0.0 0.0 0.006867945194244385
0.0017390288412570953 0.0 0.015854477882385254
0.0016203206032514572 0.0 0.017014384269714355
0.0 0.0 0.015594065189361572
0.0 0.0 0.007855832576751709
0.005430448800325394 0.0 0.011648058891296387
0.007862789556384087 0.0 0.015640079975128174
0.0 0.002514779567718506 0.0
0.004670746624469757 0.003401458263397217 0.0
0.006308752112090588 0.0 0.0020296573638916016
0.023302095010876656 0.001517176628112793 0.0
0.02558230422437191 0.01957961916923523 0.0
0.015067853033542633 0.030699163675308228 0.002177894115447998
0.00949724018573761 0.007346987724304199 0.0025473833084106445
0.0 0.010217994451522827 0.004438161849975586
0.0 0.0017481446266174316 0.0
0.0024872198700904846 0.0 0.011359691619873047
0.0 0.0030171573162078857 0.013838231563568115
0.009628668427467346 0.0010868310928344727 0.00899571180343628
0.0 0.0 0.0
0.0 0.0 0.0
0.0 0.0 0.0028399229049682617
0.0 0.0 0.0034329891204833984
0.0 0.0 0.016426384449005127
0.003606373444199562 0.0 0.02140331268310547
0.0 0.007622212171554565 0.0015839934349060059
0.0 0.004164189100265503 0.0
0.0 0.0042875707149505615 0.0
0.0049840956926345825 0.0 0.0
0.004938261583447456 0.0 0.0
0.017291413620114326 0.0 0.015218555927276611
0.0 0.0047151148319244385 0.0
0.0 0.00999385118484497 0.0
0.0 0.0 0.002402663230895996
0.0 0.010629594326019287 0.028622329235076904
0.0029466450214385986 0.005896061658859253 0.02737027406692505
0.005749337375164032 0.0016824007034301758 0.02673470973968506
0.012084979563951492 0.0 0.020461082458496094
0.0 0.0 0.01735532283782959
0.0 0.0 0.02945864200592041
0.0 0.040310680866241455 0.03135460615158081
0.026035934686660767 0.013285517692565918 0.02364945411682129
0.018248245120048523 0.0 0.013675808906555176
0.011256426572799683 0.010258108377456665 0.026652872562408447
0.007241308689117432 0.007356911897659302 0.024811267852783203
0.01914145052433014 0.008938878774642944 0.016799330711364746
0.03293692320585251 0.028983503580093384 0.014359593391418457
0.04617798328399658 0.027503997087478638 0.016273558139801025
0.05480044335126877 0.04557126760482788 0.00027382373809814453
0.017573438584804535 0.03130525350570679 0.0
0.0 0.01657336950302124 0.0
0.0 0.0154857337474823 0.0
0.0 0.0 0.0
0.0 0.005375951528549194 0.0
0.0 0.0 0.0
0.0 0.0 0.0
0.0 0.0 0.0
0.0 0.0 0.0019680261611938477
0.0 0.0 0.010943353176116943
0.0 0.0 0.017270267009735107
0.0 0.0 0.02832895517349243
0.0 0.0 0.04119008779525757
0.0 0.0 0.04109722375869751
0.0 0.0 0.033432185649871826
0.0 0.0 0.03649616241455078
0.0 0.0 0.03464692831039429
0.0 0.0 0.021291136741638184
0.0 0.0019167959690093994 0.012831330299377441
0.0 0.021748244762420654 0.0038013458251953125
0.0 0.027744203805923462 0.0013352036476135254
0.0 0.03442943096160889 0.0
0.0 0.035115718841552734 0.0
0.0 0.021810948848724365 0.0
0.002125820145010948 0.018334180116653442 0.011229097843170166
0.015676109120249748 0.011449277400970459 0.015230059623718262
0.01643127016723156 0.01048821210861206 0.011068344116210938
0.01793540082871914 0.003546804189682007 0.0007097125053405762
0.0194090586155653 0.0028537213802337646 0.0022262930870056152
0.0011292994022369385 0.009252101182937622 0.0
0.04054364934563637 0.011928260326385498 0.0
0.045023925602436066 0.0 0.0
0.031034640967845917 0.003978759050369263 0.0
0.03855434060096741 0.003914982080459595 0.0
0.02187114767730236 0.0010010898113250732 0.0
0.01593925431370735 0.0 0.0
0.008721133694052696 0.0 0.0
0.0 0.0 0.0
0.00236470066010952 0.003778517246246338 0.0
0.0 0.006822794675827026 0.0
0.0 0.01125827431678772 0.0
0.0 0.0017686784267425537 0.006007194519042969
0.0 0.0 0.028604626655578613
0.0 0.0 0.04496967792510986
0.0 0.0 0.04066026210784912
0.0 0.0 0.03732985258102417
0.0 0.0 0.04683411121368408
0.0 0.0 0.043147146701812744
0.006053740158677101 0.004517167806625366 0.041968703269958496
0.0 0.018644899129867554 0.0456734299659729
0.0 0.02614760398864746 0.03942751884460449
0.0 0.01670771837234497 0.02707284688949585
0.0 0.003913521766662598 0.023977994918823242
0.01477772742509842 0.0 0.019832909107208252
0.013022683560848236 0.0 0.012495636940002441
0.018502775579690933 0.003941863775253296 0.005260944366455078
0.013071775436401367 0.004134833812713623 0.0
0.0 0.019040435552597046 0.0
0.0 0.029852747917175293 0.0
0.0 0.020118683576583862 0.0
0.0 0.036860883235931396 0.0
0.01267842948436737 0.018732339143753052 0.0
0.023897536098957062 0.010489046573638916 0.01816737651824951
0.0247858464717865 0.0 0.01672804355621338
0.016979306936264038 0.0 0.0
0.0 0.0 0.0
0.0 0.0 0.0
0.0007244646549224854 0.0 0.013416409492492676
0.008437104523181915 0.0 0.02111726999282837
0.016872454434633255 0.0 0.023803114891052246
0.02004184201359749 0.0 0.02333766222000122
0.005604743957519531 0.029334276914596558 0.010918676853179932
0.0028727687895298004 0.04444381594657898 0.0
0.011839129030704498 0.04322922229766846 0.009071707725524902
0.023021601140499115 0.03587105870246887 0.010795056819915771
0.02503066137433052 0.0 0.0
0.0 0.0 0.0
0.0 0.0 0.0
0.0 0.0 0.0
0.0 0.0 0.0
0.0 0.0 0.007384657859802246
0.0 0.0 0.0198478102684021
0.0 0.018781080842018127 0.02424079179763794
0.0 0.0414118617773056 0.013602852821350098
0.0 0.05710744857788086 0.02445775270462036
0.0 0.04980874061584473 0.06599760055541992
0.0 0.022337734699249268 0.07389253377914429
0.011107537895441055 0.0 0.07432597875595093
0.03713197261095047 0.0 0.04851478338241577
0.03534252196550369 0.0 0.014962971210479736
0.020466234534978867 0.0 0.0
0.006872043013572693 0.0 0.0
0.004082784056663513 0.005462586879730225 0.0
0.026021316647529602 0.010958477854728699 0.0
0.03828645497560501 0.020323872566223145 0.0
0.022325463593006134 0.025179758667945862 0.0
0.0 0.03747984766960144 0.0
0.0 0.03793083131313324 0.0
0.0 0.03201279044151306 0.004865586757659912
0.010564565658569336 0.023861438035964966 0.0158541202545166
0.010581567883491516 0.026473626494407654 0.032027363777160645
0.02155429869890213 0.031937375664711 0.009849846363067627
0.01623339205980301 0.03982412815093994 0.0
0.006403274834156036 0.03590281307697296 0.0
0.00791122019290924 0.027023136615753174 0.0
0.001915961503982544 0.010528326034545898 0.017715275287628174
0.0 0.0 0.012251317501068115
0.0 0.0 0.010505616664886475
0.0 0.0 0.009346246719360352
0.0 0.0 0.006540775299072266
0.0 0.0 0.004693329334259033
0.0 0.0 0.02026575803756714
0.0 0.0 0.017298519611358643
0.0 0.0 0.02182912826538086
0.0 0.0055819302797317505 0.019012808799743652
0.0 0.011760026216506958 0.014277935028076172
0.0 0.023551657795906067 0.00966489315032959
0.0 0.011349216103553772 0.0186995267868042
0.00020578503608703613 0.012457072734832764 0.025824129581451416
0.013169880956411362 0.0 0.029932618141174316
0.013400020077824593 0.0 0.018162190914154053
0.004840169567614794 0.0 0.00743556022644043
0.0 0.0 0.007162511348724365
0.0 0.0 0.017882168292999268
0.004843451082706451 0.0 0.02226114273071289
0.0 0.0 0.015074312686920166
0.0 0.004936844110488892 0.0
0.0 0.02995544672012329 0.0
0.0 0.05443800985813141 0.0
0.016770686954259872 0.04362139105796814 0.0
0.015196707099676132 0.022352904081344604 0.0
0.0 0.0 0.008937358856201172
0.0 0.0 0.0
0.0 0.0 0.0
0.0 0.0 0.012412309646606445
0.01786031946539879 0.0 0.010799229145050049
0.0030124373733997345 0.0 0.013266146183013916
0.0 0.0 0.009964048862457275
0.0 0.0 0.0
0.0 0.006332129240036011 0.0
0.0010729990899562836 0.014848977327346802 0.004329025745391846
0.0028774887323379517 0.005399167537689209 0.0020238757133483887
0.008326727896928787 0.002088189125061035 0.014963030815124512
0.00526934489607811 0.0029726773500442505 0.008673667907714844
0.0 0.0009712278842926025 0.0
0.006177334114909172 0.0 0.0010366439819335938
0.0012300144881010056 0.0005798786878585815 0.011243343353271484
0.013035878539085388 0.007644861936569214 0.015910983085632324
0.008204616606235504 0.0059629082679748535 0.0
0.0 0.006207704544067383 0.003536045551300049
0.008778875693678856 0.009069234132766724 0.002427816390991211
0.012056635692715645 0.0 0.012969434261322021
0.0 0.01571020483970642 0.005448520183563232
0.0 0.025919094681739807 0.002881169319152832
0.03166712820529938 0.0 0.0
0.018064629286527634 0.010573238134384155 0.014170348644256592
0.0 0.0047929733991622925 0.003094792366027832
0.0005530472844839096 0.0 0.005696773529052734
0.0 0.0 0.010250747203826904
0.0014789830893278122 0.0 0.008310973644256592
0.0038089901208877563 0.0 0.016131460666656494
0.011277291923761368 0.0 0.014332354068756104
0.00023600459098815918 0.0 0.00510251522064209
0.0 0.006078764796257019 0.0
0.0 0.008850619196891785 0.0
0.002497335895895958 0.0009802132844924927 0.008200764656066895
0.0 0.0010699182748794556 0.0
0.0 0.0 0.003230273723602295
0.0 0.0 0.0022011995315551758
0.0 0.0 0.01766335964202881
0.0 0.0 0.004743456840515137
0.0 0.0 0.00931316614151001
0.0 0.0 0.015193521976470947
0.0 0.0 0.01956939697265625
0.0 0.0 0.010232746601104736
0.0 0.002916395664215088 0.016222655773162842
0.008385691791772842 0.006623253226280212 0.01595360040664673
0.013062718324363232 0.011814266443252563 0.01339799165725708
0.0 0.0033261626958847046 0.012965023517608643
0.0 0.0029611438512802124 0.008911311626434326
0.0 0.0 0.008889913558959961
0.005674491636455059 0.0 0.016115903854370117
0.0 0.0 0.023297250270843506
0.007162540219724178 0.0 0.02346062660217285
0.01980164274573326 0.0 0.04541438817977905
0.04857289046049118 0.0 0.04189532995223999
0.026810429990291595 0.0 0.0617753267288208
0.08765542507171631 0.059028834104537964 0.0712893009185791
0.1457592248916626 0.11740076541900635 0.14899545907974243
0.18061499297618866 0.10249403119087219 0.02763909101486206
0.18028107285499573 0.1391785740852356 0.0
0.050775736570358276 0.17346924543380737 0.0
0.026397675275802612 0.17005103826522827 0.0
0.0737658143043518 0.16428285837173462 0.0
0.0806073546409607 0.2087332010269165 0.0
0.1861555576324463 0.20598578453063965 0.0
0.10957741737365723 0.1852216124534607 0.0
0.0 0.16819548606872559 0.0
0.0 0.20854705572128296 0.0
0.0 0.0 0.0
0.0 0.11812987923622131 0.0
0.0 0.12666180729866028 0.0
0.0 0.0 0.0
0.0 0.0 0.16614031791687012
0.0 0.0 0.2602982521057129
0.0 0.0 0.12904787063598633
0.0 0.0 0.04918670654296875
0.0 0.18888184428215027 0.010285615921020508
0.0 0.22860074043273926 0.1243751049041748
0.0 0.20423001050949097 0.2726144790649414
0.0 0.22640281915664673 0.4269794225692749
0.0 0.34265199303627014 0.4922966957092285
0.0 0.47456711530685425 0.4919579029083252
0.0 0.4716610908508301 0.42410367727279663
0.0 0.37700361013412476 0.41828203201293945
0.0 0.258658230304718 0.4185436964035034
0.0 0.2671235203742981 0.38778531551361084
0.0 0.31540894508361816 0.3341304659843445
0.0 0.23481011390686035 0.3493473529815674
0.0 0.21121245622634888 0.34207141399383545
0.0 0.23572325706481934 0.3000943064689636
0.0 0.21583205461502075 0.25168001651763916
0.0 0.15413498878479004 0.2060742974281311
0.0 0.13782495260238647 0.16385900974273682
0.0 0.14044910669326782 0.1546410322189331
0.0 0.14134818315505981 0.15822875499725342
0.0 0.16249042749404907 0.12251114845275879
0.0 0.15980875492095947 0.11761772632598877
0.015480071306228638 0.16593462228775024 0.129530668258667
0.06073620915412903 0.161903977394104 0.15698647499084473
0.039714500308036804 0.17466917634010315 0.14810842275619507
0.054741695523262024 0.1891290247440338 0.12181276082992554
0.0069904327392578125 0.21341776847839355 0.04463553428649902
0.04397781193256378 0.2121732234954834 0.0
0.08943848311901093 0.20250363647937775 0.0
0.07523433864116669 0.18072660267353058 0.0
0.06395876407623291 0.19046181440353394 0.0
0.04452523589134216 0.177438884973526 0.0
0.08426064997911453 0.14215394854545593 0.0
0.06128657981753349 0.08306711167097092 0.0
0.029401607811450958 0.03442927449941635 0.0
0.013695277273654938 0.00012855976819992065 0.0
0.0 0.0 0.0
0.0 0.0 0.0
0.0 0.0 0.0
0.0013467911630868912 0.0 0.012868285179138184
0.0 0.0 0.028268039226531982
0.0021177679300308228 0.0017200261354446411 0.028364181518554688
0.0 0.0 0.03269994258880615
0.013143740594387054 0.0 0.043379783630371094
0.015224488452076912 0.0 0.046576857566833496
0.009073561057448387 0.005584299564361572 0.03403729200363159
0.0056332554668188095 0.008673429489135742 0.016247272491455078
0.005529632791876793 0.0020319372415542603 0.006425440311431885
0.008705982938408852 0.0031370818614959717 0.0034104585647583008
0.007003914564847946 0.003013297915458679 0.0
0.007411826401948929 0.014495834708213806 0.0
0.0 0.0 0.0
0.0 0.009600415825843811 0.0
0.0 0.021895796060562134 0.0
0.0 0.015947654843330383 0.0
0.0 0.006006762385368347 0.0
0.0 0.009183377027511597 0.00032848119735717773
0.0 0.00811167061328888 0.005514264106750488
0.004247482866048813 0.004122897982597351 0.013698041439056396
0.0 0.0 0.007626712322235107
0.0 0.0 0.0006867647171020508
0.0 0.0 0.010170578956604004
0.0035914555191993713 0.0 0.017850637435913086
0.0 0.0 0.016838252544403076
0.0 0.00010547041893005371 0.010366082191467285
0.0 0.0072538405656814575 0.00463414192199707
0.0002807825803756714 0.007416024804115295 0.003140091896057129
0.004016213119029999 0.009071901440620422 0.00792241096496582
0.00462973490357399 0.0015107393264770508 0.0049953460693359375
0.00906282290816307 0.011489853262901306 0.013099431991577148
0.013295013457536697 0.017410561442375183 0.0010266900062561035
0.007206536829471588 0.011773735284805298 0.004778146743774414
0.012630555778741837 0.01175360381603241 0.012520670890808105
0.002032887190580368 0.0008552223443984985 0.009809017181396484
0.005693763494491577 0.006053075194358826 0.010787785053253174
0.0009990707039833069 0.0018781423568725586 0.013043880462646484
0.0 0.0007631927728652954 0.012018859386444092
0.0 0.004378870129585266 0.0028991103172302246
0.0 0.0099688321352005 0.0
0.0 0.007600456476211548 0.0
0.0 0.004057750105857849 0.0
0.0026778094470500946 0.0019340962171554565 0.003244459629058838
0.0 0.0 0.002686440944671631
0.004248123615980148 0.0006558597087860107 0.00036650896072387695
0.004610538482666016 0.011691808700561523 0.0
0.0031594038009643555 0.008702948689460754 0.0
0.0 0.0035258233547210693 0.0
0.0017177499830722809 0.004931122064590454 0.010170280933380127
0.000860653817653656 0.0035831332206726074 0.014559388160705566
0.0014069154858589172 0.008223548531532288 0.011011719703674316
0.0 0.002059757709503174 0.01726764440536499
0.007786106318235397 0.0 0.02951991558074951
0.00666731595993042 0.0 0.026293694972991943
0.006953276693820953 0.0032397955656051636 0.02391493320465088
0.0002467148005962372 0.00394652783870697 0.013308167457580566
0.007841743528842926 0.006089538335800171 0.013348042964935303
0.006898634135723114 0.00849752128124237 0.010176002979278564
0.0 0.0 0.0
0.0 0.008760109543800354 0.0
0.0030246153473854065 0.015045493841171265 0.0
0.0 0.00643157958984375 0.0
0.0 0.009381204843521118 0.0
0.003131285309791565 0.0052515119314193726 0.0
0.0 0.0019302815198898315 0.001659691333770752
0.00020432844758033752 0.0021340548992156982 0.00792926549911499
0.007508613169193268 0.006842002272605896 0.011037945747375488
0.007466267794370651 0.011345162987709045 0.00910484790802002
0.0031520314514636993 0.009554833173751831 0.005458831787109375
0.002102050930261612 0.0041981041431427 0.00873345136642456
0.0019785426557064056 0.0017455965280532837 0.010333359241485596
0.002147376537322998 0.000494837760925293 0.009476959705352783
0.0 0.0 0.0033752918243408203
0.007423833012580872 0.007247373461723328 0.0042601823806762695
0.012365959584712982 0.010191619396209717 0.008798360824584961
0.014535769820213318 0.006269782781600952 0.008874595165252686
0.004313014447689056 0.004107192158699036 0.0031746625900268555
0.0 0.0035261064767837524 0.0
0.0 0.005523383617401123 0.0
0.0 0.0009285956621170044 0.002118706703186035
0.0 0.004905045032501221 0.004662692546844482
0.0016392916440963745 0.006537005305290222 0.0014420747756958008
0.000356823205947876 0.011869385838508606 0.0
0.008008591830730438 0.011889070272445679 0.008281588554382324
0.004283323884010315 0.010673388838768005 0.017509639263153076
0.002220466732978821 0.006880223751068115 0.01901829242706299
0.004654891788959503 0.008452564477920532 0.0200158953666687
0.010349668562412262 0.006812885403633118 0.012036383152008057
0.003292389214038849 0.012390881776809692 0.011746823787689209
0.014253079891204834 0.01458023488521576 0.011204361915588379
0.02117767184972763 0.020880669355392456 0.014476239681243896
0.01932481676340103 0.024276524782180786 0.014923930168151855
0.023748673498630524 0.03739325702190399 0.012614071369171143
0.031455859541893005 0.017000138759613037 0.020251333713531494
0.0 0.046620890498161316 0.0
0.026988066732883453 0.03229208290576935 0.0
0.039056628942489624 0.026506349444389343 0.0
0.01638631522655487 0.05060961842536926 0.0
0.04352618008852005 0.06102737784385681 0.0
0.030525125563144684 0.05499018728733063 0.0
0.04041822999715805 0.05337682366371155 0.000331878662109375
0.024616234004497528 0.005194440484046936 0.0
0.0 0.0 0.0
0.0 0.0 0.0
0.0 0.00035338103771209717 0.008324921131134033
0.0 0.0 0.009088575839996338
0.0 0.0 0.0019379258155822754
0.0 0.0 0.014575362205505371
0.0 0.0 0.016607940196990967
0.0 0.0 0.025123775005340576
0.0 0.0 0.0258333683013916
0.0 0.0 0.009815037250518799
0.0 0.0 0.009005308151245117
0.0 0.0 0.021545469760894775
0.0 0.002089962363243103 0.02194201946258545
0.0 0.03911818563938141 0.004058957099914551
0.0 0.0758705884218216 0.0
0.011720642447471619 0.08255244791507721 0.0
0.021879855543375015 0.07845449447631836 0.0
0.04720921814441681 0.07959078252315521 0.0
0.053444117307662964 0.0555376261472702 0.011061251163482666
0.056525345891714096 0.04598808288574219 0.018569231033325195
0.06403227150440216 0.05125744640827179 0.031632184982299805
0.05711333081126213 0.05465100705623627 0.040521442890167236
0.06167535483837128 0.04769866168498993 0.036475181579589844
0.05283806100487709 0.027260050177574158 0.03544872999191284
0.03920663148164749 0.01473131775856018 0.02435314655303955
0.033877696841955185 0.01031138002872467 0.018254876136779785
0.045349761843681335 0.019514232873916626 0.021641850471496582
0.037328433245420456 0.0439126193523407 0.02400916814804077
0.031038686633110046 0.04363235831260681 0.0
0.017795465886592865 0.0356355756521225 0.0
0.002976715564727783 0.0362800657749176 0.0
0.0 0.013603061437606812 0.0
0.0 0.009152308106422424 0.0
0.0 0.0 0.0050446391105651855
0.0 0.0 0.014425992965698242
0.0 0.0 0.006619513034820557
0.0 0.0 0.00806194543838501
0.0 0.0 0.021880924701690674
0.0 0.0 0.021651387214660645
0.0 0.0 0.01162421703338623
0.0 0.0 0.00014704465866088867
0.0 0.0 0.002428412437438965
0.0 0.0 0.001849055290222168
0.0 0.0 0.0
0.0 0.0 0.0033080577850341797
0.0 0.008376479148864746 0.007484555244445801
0.0 0.017767280340194702 0.0019641518592834473
0.0 0.01624368131160736 0.006718814373016357
0.0 0.019409194588661194 0.011942625045776367
0.0 0.016637831926345825 0.019114673137664795
0.0 0.004848048090934753 0.020537614822387695
0.0060569122433662415 0.003786638379096985 0.02483081817626953
0.015953920781612396 0.02867141366004944 0.025682568550109863
0.030394211411476135 0.03521440923213959 0.019674062728881836
0.0396113246679306 0.039354920387268066 0.0008243322372436523
0.03890155255794525 0.054793477058410645 0.0
0.05066695064306259 0.0606069415807724 0.0
0.06089938431978226 0.06894661486148834 0.0
0.06405729055404663 0.06168581545352936 0.0
0.04832395166158676 0.04545189440250397 0.0
0.03938334435224533 0.036268994212150574 0.0
0.02869429439306259 0.0335284024477005 0.0
0.033209241926670074 0.029718711972236633 0.0
0.02802770584821701 0.038382574915885925 0.00044786930084228516
0.0170050710439682 0.025161266326904297 0.0
0.010936841368675232 0.015619561076164246 0.0
0.009432107210159302 0.030689358711242676 0.001232922077178955
0.04209132492542267 0.06060950458049774 0.02368640899658203
0.04652738571166992 0.060273438692092896 0.011633872985839844
0.011438801884651184 0.04100066423416138 0.0
0.0 0.004151850938796997 0.0
0.0 0.0 0.0016246438026428223
0.0 0.0 0.043227553367614746
0.0 0.0 0.05437988042831421
0.0 0.0 0.012830674648284912
0.0 0.0 0.0
0.0 0.0 0.0
0.0 0.0 0.0016311407089233398
0.0 0.0 0.01879948377609253
0.0 0.0 0.01652824878692627
0.0 0.0 0.00634455680847168
0.0 0.0 0.0
0.0 0.0 0.0
0.0 0.0 0.0
0.0 0.0 0.01120603084564209
0.0 0.0 0.022624194622039795
0.0 0.0 0.02471292018890381
0.0 0.0 0.02861011028289795
0.0 0.006789252161979675 0.02313852310180664
0.0 0.022975832223892212 0.019404947757720947
0.0 0.0 0.015014886856079102
0.0 0.011267021298408508 0.02797335386276245
0.0009215474128723145 0.022209227085113525 0.03103172779083252
0.020395658910274506 0.027434885501861572 0.02970123291015625
0.028436996042728424 0.039603427052497864 0.02054661512374878
0.02633846551179886 0.03912203013896942 0.004262030124664307
0.029892832040786743 0.04275757074356079 0.0
0.03665098547935486 0.06061758100986481 0.0
0.04864685982465744 0.08102025091648102 0.0
0.07824299484491348 0.08492645621299744 0.0
0.07624325156211853 0.06964293122291565 0.0
0.06490543484687805 0.0680927187204361 0.0
0.05617336928844452 0.047379061579704285 0.0
0.044207118451595306 0.025922060012817383 0.008373618125915527
0.024147793650627136 0.015395626425743103 0.005912899971008301
0.01379440724849701 0.0060378313064575195 0.0
0.001802884042263031 0.0 0.0
0.0 0.0 0.0072740912437438965
0.0 0.0 0.017141342163085938
0.0 0.0 0.016213297843933105
0.0 0.0009220242500305176 0.01600790023803711
0.0 0.0 0.006727993488311768
0.0 0.0 0.013002753257751465
0.0 0.0 0.019702136516571045
0.0 0.0 0.033169567584991455
0.0 0.005438119173049927 0.02829819917678833
0.0 0.0 0.016736626625061035
0.0 0.0 0.017151236534118652
0.0 0.0 0.017040789127349854
0.0 0.0 0.011847734451293945
0.0 0.0 0.024413108825683594
0.0 0.0 0.02005922794342041
0.0 0.0 0.017097949981689453
0.0 0.0 0.013858318328857422
0.0 0.0 0.011362075805664062
0.0 0.0 0.011457681655883789
0.0 0.005214571952819824 0.01600062847137451
0.004960000514984131 0.021321967244148254 0.010874032974243164
0.0027186349034309387 0.016167670488357544 0.007209181785583496
0.0159829780459404 0.013504758477210999 0.004806637763977051
0.018662840127944946 0.027907371520996094 0.002087712287902832
0.02291380614042282 0.027646318078041077 0.0
0.018108785152435303 0.024604499340057373 0.0
0.02243892103433609 0.03176547586917877 0.0
0.034871384501457214 0.044568151235580444 0.0
0.042487964034080505 0.049257367849349976 0.0
0.045811764895915985 0.04820337891578674 0.0
0.035652101039886475 0.04213680326938629 0.0
0.028538085520267487 0.02638585865497589 0.0
0.02390173077583313 0.019984722137451172 0.0
0.018794164061546326 0.005704805254936218 0.009540677070617676
0.011483386158943176 0.0011168122291564941 0.01455378532409668
0.0059406086802482605 0.0 0.008340835571289062
0.0 0.0 0.0018253326416015625
0.0 0.0 0.0016322731971740723
0.0 0.0 0.00950932502746582
0.0 0.0 0.021259665489196777
0.0 0.0 0.019554853439331055
0.0 0.0 0.01574885845184326
0.0 0.00011934340000152588 0.011887609958648682
0.0 0.007913053035736084 0.012449860572814941
0.0 0.005956470966339111 0.008736670017242432
0.0 0.00497099757194519 0.0030228495597839355
0.0 0.00539243221282959 0.0010159015655517578
0.0 0.005956768989562988 0.0013965964317321777
0.0 0.005080729722976685 0.0026432275772094727
0.0014951229095458984 0.0027895867824554443 0.0037038326263427734
0.0 0.001138344407081604 0.0035216212272644043
0.0 0.0 0.0
0.0005518943071365356 0.00308835506439209 0.005766630172729492
0.0036769211292266846 0.005498573184013367 0.009637951850891113
0.011410728096961975 0.0038228631019592285 0.015322506427764893
0.008434362709522247 0.004196733236312866 0.00827479362487793
0.010159321129322052 0.0026534348726272583 0.003386557102203369
0.00405612587928772 0.0035074353218078613 0.0
0.0029277056455612183 0.0066550374031066895 0.0
0.002789221704006195 0.009614020586013794 0.0
0.0017319917678833008 0.00953778624534607 0.0
0.0 0.013494163751602173 0.0
0.0 0.009333208203315735 0.0
0.0 0.005665838718414307 0.01094275712966919
0.0 0.004343464970588684 0.011733174324035645
0.0 0.005472972989082336 0.014551639556884766
0.0 0.004849925637245178 0.019022643566131592
0.0 0.0022526532411575317 0.01658576726913452
0.0 0.0 0.013032615184783936
0.0012068524956703186 0.0 0.015510618686676025
0.0 0.001808658242225647 0.013504564762115479
0.0 0.0003138929605484009 0.007847368717193604
0.0 0.0024076253175735474 0.005745828151702881
0.0 0.0027386248111724854 0.0011832118034362793
0.000285908579826355 0.003993004560470581 0.003733396530151367
0.0055188462138175964 0.01071755588054657 0.0
0.004799783229827881 0.007577419281005859 0.0
0.005721442401409149 0.01187126338481903 0.0
0.010390318930149078 0.009485900402069092 0.0030071139335632324
0.010581128299236298 0.008990257978439331 0.004770219326019287
0.00426676869392395 0.006032735109329224 0.0010870099067687988
0.002574913203716278 0.0 0.006587803363800049
0.0 0.0 0.006118357181549072
0.0 0.0 0.004495561122894287
0.00040978938341140747 0.0005254447460174561 0.001395106315612793
0.0 0.0009638071060180664 0.0
0.0 0.0004622340202331543 0.0
0.0 0.0 0.0
0.0 0.001198306679725647 0.0031665563583374023
0.0 0.003043621778488159 0.006895661354064941
0.00018434226512908936 0.0016565024852752686 0.006744265556335449
0.0007194876670837402 0.005002498626708984 0.0061157941818237305
0.002912752330303192 0.008096873760223389 0.004167675971984863
0.0 0.00286121666431427 0.0003104209899902344
0.0 0.0008497387170791626 0.003547072410583496
0.0 0.0 0.005081236362457275
0.0 0.0 0.006755709648132324
0.0 0.0 0.0
0.0 0.0 0.0065520405769348145
0.0 0.0 0.0022977590560913086
0.0 0.0 0.025631189346313477
0.0 0.0 0.026430130004882812
0.0 0.0 0.038977861404418945
0.0 0.0 0.03592395782470703
0.0031585991382598877 0.008992135524749756 0.05544435977935791
0.011680006980895996 0.012695476412773132 0.06584221124649048
0.03503476083278656 0.03637881577014923 0.04927873611450195
0.06788244843482971 0.05352276563644409 0.041662752628326416
0.1064780205488205 0.04021096229553223 0.028621256351470947
0.056356281042099 0.0 0.0
0.039877086877822876 0.09429755806922913 0.0
0.10398578643798828 0.13722622394561768 0.0
0.13854342699050903 0.17687931656837463 0.0
0.04975569248199463 0.1786971092224121 0.0
0.033228278160095215 0.1694982647895813 0.0
0.08190494775772095 0.12523645162582397 0.0
0.10748684406280518 0.08944034576416016 0.0
0.10520070791244507 0.1416168212890625 0.0
0.0 0.08047163486480713 0.0
0.0 0.0 0.0
0.0 0.0 0.0
0.0 0.0 0.0
0.0 0.008903086185455322 0.0
0.0 0.005468010902404785 0.016551494598388672
0.0 0.0 0.1084597110748291
0.0 0.0 0.15046179294586182
0.0 0.0 0.1859598159790039
0.0 0.08393591642379761 0.18139326572418213
0.0 0.18511584401130676 0.1568622589111328
0.0 0.2143852710723877 0.138763427734375
0.0 0.18744197487831116 0.16516327857971191
0.0 0.14968985319137573 0.24617815017700195
0.0 0.18639037013053894 0.3335764408111572
0.0 0.2805394232273102 0.3601551651954651
0.0 0.4147799015045166 0.33753639459609985
0.0 0.4575957655906677 0.34229451417922974
0.0 0.3915752172470093 0.34755074977874756
0.0 0.2951545715332031 0.3391849994659424
0.0 0.29984498023986816 0.29808902740478516
0.0 0.3467250466346741 0.2870252728462219
0.0 0.31954360008239746 0.2675402760505676
0.0 0.2551361322402954 0.27142173051834106
0.0 0.22693169116973877 0.2940288782119751
0.0 0.25534796714782715 0.2966214418411255
0.0 0.2889723777770996 0.30560755729675293
0.0 0.2895488739013672 0.3878524899482727
0.0 0.25683826208114624 0.44018059968948364
0.0 0.2253197431564331 0.36406010389328003
0.0 0.20924830436706543 0.27209562063217163
0.0 0.2367936372756958 0.19442343711853027
0.0 0.2582234740257263 0.11359566450119019
0.0 0.29364901781082153 0.015404343605041504
0.002767011523246765 0.3267214000225067 0.0
0.06302206218242645 0.2934907376766205 0.0
0.06308037042617798 0.2819882929325104 0.0
0.05907900631427765 0.24108317494392395 0.0
0.05320024862885475 0.21607714891433716 0.0
0.09739916771650314 0.19091545045375824 0.0
0.09497527778148651 0.16877105832099915 0.0
0.03710854426026344 0.12125171720981598 0.0
0.0 0.06716994941234589 0.0
0.0 0.02551978826522827 0.0
0.004024859517812729 0.0 0.0
0.0 0.0 0.0
0.0 0.0 0.0
0.0 0.004514545202255249 0.0
0.007052142173051834 0.004695102572441101 0.0021840333938598633
0.00798807293176651 0.0077362060546875 0.009273290634155273
0.01950424537062645 0.00709870457649231 0.027092933654785156
0.011372555047273636 0.009334519505500793 0.021390795707702637
0.00987345352768898 0.0 0.01606583595275879
0.005071830004453659 0.0 0.012024641036987305
0.0059745460748672485 0.0 0.020000338554382324
0.0013766810297966003 0.0 0.007144570350646973
0.0 0.0 0.0
0.0 0.0 0.0
0.00417124480009079 0.012010738253593445 0.0
0.002930775284767151 0.016787931323051453 0.0
0.010604530572891235 0.019899964332580566 0.0
0.021047450602054596 0.024076566100120544 0.0
0.009585872292518616 0.025004103779792786 0.0
0.008685395121574402 0.02812090516090393 0.000402987003326416
0.010754331946372986 0.01913847029209137 0.003088057041168213
0.002576112747192383 0.009199753403663635 0.008666932582855225
0.004248142242431641 0.0025458484888076782 0.010194540023803711
0.0 0.0 0.006802976131439209
0.0 0.0051449984312057495 0.017432868480682373
0.0020937323570251465 0.0012330412864685059 0.016101539134979248
0.00013188272714614868 0.006778940558433533 0.0059784650802612305
0.0 0.00409272313117981 0.0038911104202270508
0.0026508867740631104 0.009078741073608398 0.007243156433105469
0.0071234628558158875 0.01129215955734253 0.0028783679008483887
0.006835348904132843 0.013375729322433472 0.002265751361846924
0.0028939470648765564 0.012117862701416016 0.0
0.0 0.011739075183868408 0.0
0.0 0.008860617876052856 0.0
0.0 0.01224789023399353 0.0
0.00040175020694732666 0.011098548769950867 0.0011774897575378418
0.0 0.008494511246681213 0.009370982646942139
0.0 0.005780637264251709 0.01572859287261963
0.0 0.005300924181938171 0.014579832553863525
0.0 0.0011191219091415405 0.0135917067527771
0.0 0.0017707347869873047 0.012292981147766113
0.00206785649061203 0.0019970834255218506 0.020603418350219727
0.005266144871711731 0.011704877018928528 0.01690584421157837
0.0 0.008180275559425354 0.008781969547271729
0.005454689264297485 0.008889809250831604 0.0008355975151062012
0.009241096675395966 0.01338718831539154 0.008755981922149658
0.007944837212562561 0.011863961815834045 0.0020394325256347656
0.0005310401320457458 0.012309819459915161 0.006202518939971924
0.000986337661743164 0.01772359013557434 0.0
0.004708915948867798 0.012027665972709656 0.0
0.000643514096736908 0.012773305177688599 0.0
0.0039586350321769714 0.01382821798324585 0.0
0.001356273889541626 0.007322549819946289 0.005018353462219238
0.0 0.0044433921575546265 0.009611845016479492
0.006761319935321808 0.0003125220537185669 0.010255992412567139
0.00863076001405716 0.002218961715698242 0.00024586915969848633
0.0023679882287979126 0.0008031874895095825 0.0
0.0 0.005612224340438843 0.0
0.0 0.00826089084148407 0.0
0.0 0.007124125957489014 0.0
0.0 0.007689937949180603 0.0
0.0 0.009149044752120972 0.0033135414123535156
0.0 0.011816471815109253 0.006884455680847168
0.00019774585962295532 0.012852296233177185 0.006399273872375488
0.0 0.016948610544204712 0.004364073276519775
0.0013169795274734497 0.013242259621620178 0.009651780128479004
0.0078040435910224915 0.005394726991653442 0.014886558055877686
0.006170876324176788 0.0009450912475585938 0.016564786434173584
0.006545647978782654 0.006853118538856506 0.015465259552001953
0.0 0.016242772340774536 0.0
0.01376393437385559 0.02834402024745941 0.0
0.0 0.00960630178451538 0.0
0.005755078047513962 0.00978533923625946 0.004007458686828613
0.0011245869100093842 0.013327613472938538 0.004041731357574463
0.008760783821344376 0.012251898646354675 0.01460111141204834
0.007992975413799286 0.015133500099182129 0.02071404457092285
0.0 0.004739806056022644 0.013067364692687988
0.0 0.001986891031265259 0.019758522510528564
0.008414208889007568 0.0 0.023449838161468506
0.011498399078845978 0.0 0.025455355644226074
0.010365214198827744 0.00064106285572052 0.020302891731262207
0.005860697478055954 0.003124639391899109 0.014641225337982178
0.0 0.004107654094696045 0.009917497634887695
0.0 0.009425461292266846 0.01116323471069336
0.0 0.009647205471992493 0.010694801807403564
0.0 0.007982194423675537 0.009239912033081055
0.0 0.009900063276290894 0.0
0.0 0.004637017846107483 0.0
0.0 0.005619898438453674 0.0
0.0 0.008161142468452454 0.0
0.0 0.01117156445980072 0.0
0.0 0.006114065647125244 0.0
0.0 0.0057861655950546265 0.0
0.0002520941197872162 0.0018598288297653198 0.0
0.005021899938583374 0.006371945142745972 0.0017090439796447754
0.008736465126276016 0.011620685458183289 0.0049353837966918945
0.010466303676366806 0.005018711090087891 0.01229250431060791
0.013053309172391891 0.007213309407234192 0.015370368957519531
0.002367854118347168 0.009081125259399414 0.0018285512924194336
0.000667821615934372 0.009004056453704834 0.0
0.0 0.01182548701763153 0.0
0.0 0.006888970732688904 0.007868170738220215
0.0 0.0030730217695236206 0.010178148746490479
0.0025817155838012695 0.006238579750061035 0.00972217321395874
0.006430983543395996 0.010281696915626526 0.006357729434967041
0.0033342689275741577 0.010151132941246033 0.005009472370147705
0.006778530776500702 0.016750767827033997 0.011260747909545898
0.003752451390028 0.015427693724632263 0.0034700632095336914
0.003303021192550659 0.018233343958854675 0.0
0.01161656528711319 0.020039379596710205 0.0
0.005713656544685364 0.01708407700061798 0.002634286880493164
0.0017463862895965576 0.006989836692810059 0.005310654640197754
0.004714485257863998 0.0002034008502960205 0.01257169246673584
0.014631286263465881 0.0015827268362045288 0.022470414638519287
0.039094049483537674 0.02962605655193329 0.021143674850463867
0.0358293354511261 0.06714126467704773 0.03205883502960205
0.06497688591480255 0.06739042699337006 0.00989389419555664
0.04054492712020874 0.06781713664531708 0.0
0.024396702647209167 0.06524103879928589 0.0
0.04724980145692825 0.0593627393245697 0.006788790225982666
0.05479523539543152 0.07941494882106781 0.03451961278915405
0.0462954044342041 0.05090847611427307 0.0
0.012787297368049622 0.010310932993888855 0.0
0.0 0.006578400731086731 0.0
0.0 0.014803081750869751 0.006881654262542725
0.0 0.0 0.0014592409133911133
0.0 0.0 0.0
0.0 0.0 0.0
0.0 0.0 0.001501917839050293
0.0 0.0 0.013591289520263672
0.0 0.0 0.0
0.0 0.0 0.00374680757522583
0.0 0.0 0.00958096981048584
0.0 0.0 0.026328563690185547
0.0 0.0 0.02795243263244629
0.0 0.0 0.027607262134552002
0.0 0.013171836733818054 0.016002953052520752
0.0 0.028212085366249084 0.02181178331375122
0.0029305368661880493 0.035799771547317505 0.02006763219833374
0.003131389617919922 0.03708025813102722 0.017325222492218018
0.02077944576740265 0.026971012353897095 0.019922971725463867
0.03003852814435959 0.031957849860191345 0.01878124475479126
0.03939678519964218 0.038129061460494995 0.01618635654449463
0.04883299022912979 0.044747576117515564 0.01135706901550293
0.046863168478012085 0.050859808921813965 0.0
0.05315273255109787 0.05145333707332611 0.0
0.06877319514751434 0.06283864378929138 0.03123539686203003
0.07360769808292389 0.04126083850860596 0.028449177742004395
0.053575411438941956 0.024116992950439453 0.002338409423828125
0.03245575726032257 0.017228364944458008 0.0
0.03220733255147934 0.03616943955421448 0.01728224754333496
0.05853791534900665 0.04658724367618561 0.02810293436050415
0.04912404716014862 0.055209800601005554 0.002590954303741455
0.039830535650253296 0.027791768312454224 0.0
0.0170745849609375 0.025624364614486694 0.0
0.0 0.026025444269180298 0.0
0.007316961884498596 0.019392207264900208 0.0
0.006670266389846802 0.0037251263856887817 0.0
0.0 0.0 0.0
0.0 0.0 0.0
0.0 0.0 0.0
0.0 0.0 0.0
0.0 0.0 0.0
0.0 0.0 0.0
0.0 0.0 0.00653308629989624
0.0 0.0 0.018591225147247314
0.0 0.0 0.02011704444885254
0.0 0.0 0.022782862186431885
0.0 0.0 0.030084967613220215
0.0 0.0 0.02950263023376465
0.0 0.0 0.027803659439086914
0.0 0.0021632760763168335 0.02419137954711914
0.0 0.0 0.022310316562652588
0.0 0.0049915611743927 0.017218351364135742
0.0 0.025044098496437073 0.014467120170593262
0.016444005072116852 0.018556207418441772 0.013770043849945068
0.017580844461917877 0.019169658422470093 0.005357503890991211
0.03234769403934479 0.028596192598342896 0.0052863359451293945
0.04119573533535004 0.037764936685562134 0.0
0.04319625347852707 0.041774243116378784 0.0
0.05027281492948532 0.05104215443134308 0.0
0.058223143219947815 0.06310942769050598 0.0
0.06665656715631485 0.06532007455825806 0.0
0.061887890100479126 0.06028355658054352 0.0
0.04233749210834503 0.04584604501724243 0.0
0.039713144302368164 0.045578181743621826 0.0
0.030620574951171875 0.03610144555568695 0.0
0.008523620665073395 0.036639660596847534 0.0
0.018413566052913666 0.024374857544898987 0.0
0.007139980792999268 0.029996514320373535 0.0
0.0 0.035792186856269836 0.0
0.0 0.013308420777320862 0.0
0.0 0.0 0.0
0.0 0.0 0.011195361614227295
0.0 0.0 0.028170287609100342
0.0 0.0 0.044982731342315674
0.0 0.0 0.03524982929229736
0.0 0.0 0.01670980453491211
0.0 0.0 0.017643451690673828
0.0 0.0 0.024325013160705566
0.0 0.0 0.02217888832092285
0.0 0.0007540285587310791 0.016816556453704834
0.0 0.0 0.0014711618423461914
0.0 0.0 0.0
0.0 0.0 0.0
0.0 0.0 0.006913483142852783
0.0 0.0 0.010637283325195312
0.0 0.0 0.024196624755859375
0.0 0.0 0.03810834884643555
0.0 0.0001595914363861084 0.03241854906082153
0.004231303930282593 0.01127094030380249 0.025883138179779053
0.0 0.025751501321792603 0.009477674961090088
0.0 0.029429569840431213 0.0
0.0031103938817977905 0.031245306134223938 0.0
0.005623452365398407 0.03676240146160126 0.0006154775619506836
0.012089282274246216 0.043440744280815125 0.012963533401489258
0.02565450221300125 0.04574139416217804 0.030129730701446533
0.04807437211275101 0.0352233350276947 0.03848165273666382
0.0628357008099556 0.014153003692626953 0.028219282627105713
0.06541995704174042 0.009959042072296143 0.009829044342041016
0.06604890525341034 0.00408586859703064 0.0
0.03638389706611633 0.01904343068599701 0.0
0.00861060619354248 0.038285791873931885 0.0
0.005079284310340881 0.04480390250682831 0.0
0.00801520049571991 0.0529717355966568 0.0
0.021414250135421753 0.0574059933423996 0.0
0.04591894894838333 0.05608038604259491 0.01616060733795166
0.047124817967414856 0.057725220918655396 0.019788086414337158
0.025845572352409363 0.0432266891002655 0.0
0.01914580911397934 0.011599615216255188 0.0
0.015087917447090149 0.0 0.011691570281982422
0.01730460673570633 0.006043940782546997 0.031485915184020996
0.010571107268333435 0.008635446429252625 0.024069011211395264
0.0002863854169845581 0.0014048367738723755 0.0
0.0 0.0 0.0
0.0 0.0 0.0
0.0 0.0 0.008040845394134521
0.0 0.0 0.014529883861541748
0.0 0.0 0.006706595420837402
0.0 0.0 0.0038361549377441406
0.0 0.0 0.01742267608642578
0.0 0.0 0.03709012269973755
0.0 0.0 0.03796648979187012
0.0 0.0 0.038142383098602295
0.0 0.0 0.030779480934143066
0.0 0.0 0.018054664134979248
0.0 0.000424116849899292 0.004376411437988281
0.0 0.011338815093040466 0.0
0.0 0.013106346130371094 0.0
0.0 0.02485235035419464 0.0010246038436889648
0.0 0.022652849555015564 0.005596041679382324
0.0 0.018534183502197266 0.00030356645584106445
0.00234859436750412 0.0168687105178833 0.0005189180374145508
0.005563907325267792 0.02989836037158966 0.0
0.020050235092639923 0.036892011761665344 0.0
0.037709832191467285 0.04150150716304779 0.0
0.03620823472738266 0.04621298611164093 0.0
0.042304471135139465 0.03559756278991699 0.0
0.037003062665462494 0.04005250334739685 0.0
0.036995403468608856 0.02713829278945923 0.0
0.0379190668463707 0.0192144513130188 0.0014895796775817871
0.03466910123825073 0.023878172039985657 0.011920630931854248
0.03691486269235611 0.030153438448905945 0.006499350070953369
0.03544723987579346 0.022737279534339905 0.0
0.024909600615501404 0.025815904140472412 0.0
0.020194396376609802 0.01779089868068695 0.0012111067771911621
0.005756884813308716 0.00854898989200592 0.008869349956512451
0.0 0.0009852051734924316 0.011006355285644531
0.0 0.0 0.011954069137573242
0.0 0.0 0.014845132827758789
0.0 0.0 0.015988588333129883
0.0 0.0 0.013949871063232422
0.0 0.0 0.014556407928466797
0.0 0.0 0.009615182876586914
0.0 0.0035974830389022827 0.007986962795257568
0.0 0.012294918298721313 0.0008671283721923828
0.0 0.008769676089286804 0.0
0.0 0.009484946727752686 0.0
0.0 0.006964296102523804 0.0
0.0 0.006014019250869751 0.0004897117614746094
0.0 0.002657771110534668 0.004698991775512695
0.0 0.0015970617532730103 0.00402754545211792
0.0 0.0 0.0032038092613220215
0.0 0.0002927333116531372 0.0011966824531555176
0.003624469041824341 0.005817055702209473 0.0018819570541381836
0.011313401162624359 0.011196792125701904 0.004431009292602539
0.006533026695251465 0.013260304927825928 0.0005013942718505859
0.0 0.005381986498832703 0.0
0.0 0.0 0.003889024257659912
0.0 0.0020752400159835815 0.008674085140228271
0.0 0.0012847334146499634 0.016028165817260742
0.0017020255327224731 0.006078362464904785 0.018994569778442383
0.0030133873224258423 0.010438293218612671 0.016822338104248047
0.0025432929396629333 0.010566800832748413 0.013532936573028564
0.006071865558624268 0.015507832169532776 0.01123589277267456
0.004459857940673828 0.014233827590942383 0.013766765594482422
0.0025277063250541687 0.009091421961784363 0.008076131343841553
0.0001744478940963745 0.005740255117416382 0.0032052993774414062
0.0 0.005633324384689331 0.0
0.0 0.004367440938949585 0.0
0.0 0.006504565477371216 0.0
0.005140028893947601 0.008357018232345581 0.003989040851593018
0.007199637591838837 0.0039092302322387695 0.006892740726470947
0.001437954604625702 0.0 0.0051285624504089355
0.0 0.0 0.0
0.0036950334906578064 0.0045899152755737305 0.005718886852264404
0.012575462460517883 0.008100047707557678 0.010572850704193115
0.007058173418045044 0.011819571256637573 0.0036292076110839844
0.003943748772144318 0.009700939059257507 0.0
0.004656538367271423 0.014150366187095642 0.0020716190338134766
0.0028871744871139526 0.009512707591056824 0.0
0.0 0.004790559411048889 0.0
0.0 0.005063906311988831 0.0
0.0 0.004684284329414368 0.0
0.0 0.0 0.0032065510749816895
0.0 0.0 0.008924007415771484
0.0 0.0 0.011539816856384277
0.0 0.0 0.019667446613311768
0.0 0.0 0.01786559820175171
0.0 0.0 0.008736729621887207
0.0 0.004651084542274475 0.017029523849487305
0.0 0.012378334999084473 0.014503896236419678
0.0016636699438095093 0.0 0.027231812477111816
0.0 0.0 0.04247838258743286
0.0 0.00410027801990509 0.031949639320373535
0.0 0.009313702583312988 0.014914453029632568
0.009756181389093399 0.012082651257514954 0.015091538429260254
0.00834725797176361 0.022792711853981018 0.02132558822631836
0.018806830048561096 0.03215545415878296 0.013450205326080322
0.025156870484352112 0.02910853922367096 0.011933624744415283
0.02024737000465393 0.02342374622821808 0.0005866289138793945
0.022078268229961395 0.013493239879608154 0.0
0.023672878742218018 0.0018622279167175293 0.0
0.012000054121017456 0.0 0.0
0.008407637476921082 0.0 0.0
0.0008746832609176636 0.001113995909690857 0.0
0.01961725950241089 0.020094484090805054 0.0
0.1041252613067627 0.04235711693763733 0.0
0.11355617642402649 0.05691269040107727 0.004789233207702637
0.07395437359809875 0.10349330306053162 0.0
0.038265883922576904 0.19092655181884766 0.0
0.10009849071502686 0.23263993859291077 0.0
0.15180981159210205 0.2801439166069031 0.0
0.13654959201812744 0.22918051481246948 0.0
0.09637665748596191 0.2125333547592163 0.0
0.0 0.19458872079849243 0.0
0.0 0.07795646786689758 0.0
0.0 0.0 0.0
0.0 0.0 0.0
0.0 0.0 0.0
0.0 0.0 0.17965197563171387
0.0 0.0 0.30358004570007324
0.0 0.028655171394348145 0.27641940116882324
0.0 0.16081085801124573 0.2241225242614746
0.0 0.29568010568618774 0.2135920524597168
0.0 0.284769743680954 0.2621802091598511
0.0 0.21826282143592834 0.3468024730682373
0.0 0.1672540307044983 0.3560945987701416
0.0 0.2147883176803589 0.26214098930358887
0.0 0.33031871914863586 0.20182079076766968
0.0 0.4422125518321991 0.1967676281929016
0.0 0.41276851296424866 0.24001258611679077
0.0 0.280483603477478 0.3203655481338501
0.0 0.286635160446167 0.3069784641265869
0.0 0.4297521114349365 0.18350815773010254
0.0 0.3740372657775879 0.15777796506881714
0.0 0.28330081701278687 0.21170884370803833
0.0 0.19387435913085938 0.24862682819366455
0.0 0.23962485790252686 0.18877911567687988
0.0 0.26071786880493164 0.1809990406036377
0.00031006336212158203 0.256084680557251 0.23070192337036133
0.0 0.2262476682662964 0.2432776689529419
0.0 0.21710151433944702 0.24138116836547852
0.0 0.23838800191879272 0.22476059198379517
0.0 0.225538969039917 0.2648007869720459
0.0 0.15518784523010254 0.2862769365310669
0.0 0.18106937408447266 0.241868257522583
0.0 0.19796216487884521 0.1906452178955078
0.0 0.17471444606781006 0.2014148235321045
0.0 0.13045597076416016 0.15473121404647827
0.0 0.13037484884262085 0.07365012168884277
0.0 0.0989091694355011 0.06028783321380615
0.0 0.147283673286438 0.030608415603637695
0.0 0.20836946368217468 0.0
0.05060704052448273 0.23782527446746826 0.0
0.10311568528413773 0.1785425990819931 0.0
0.08648139238357544 0.1602405458688736 0.0
0.023353546857833862 0.15806898474693298 0.0
0.0009798593819141388 0.09077980369329453 0.0
0.0 0.03398352116346359 0.0
0.0 0.0 0.0
0.001299060881137848 0.0 0.0
0.0 0.0 0.0
0.0 0.0 0.0
0.0 0.006629452109336853 0.0
0.006538882851600647 0.026596933603286743 0.0
0.008695334196090698 0.030976220965385437 0.016687631607055664
0.0 0.014205828309059143 0.027248859405517578
0.0022601857781410217 0.026151373982429504 0.029837310314178467
0.016522865742444992 0.026732683181762695 0.028101742267608643
0.028597988188266754 0.02921392023563385 0.03809934854507446
0.014752190560102463 0.027408108115196228 0.02345794439315796
0.00988292321562767 0.03196665644645691 0.022976458072662354
0.014112435281276703 0.032211437821388245 0.02003800868988037
0.008224058896303177 0.02544921636581421 0.012688934803009033
0.0031064897775650024 0.018961995840072632 0.00865185260772705
0.0022426508367061615 0.019331827759742737 0.0052834153175354
0.000965602695941925 0.003804638981819153 0.005592405796051025
0.00250176340341568 0.004122823476791382 0.008139193058013916
0.0042322129011154175 0.0002266615629196167 0.0
0.0 0.002908274531364441 0.0
0.0 0.0024305880069732666 0.0
0.002982925623655319 0.002176836133003235 0.004651844501495361
0.0011593252420425415 0.006311953067779541 0.005179882049560547
0.0 0.0021834373474121094 0.004913330078125
0.0 0.005694657564163208 0.01006782054901123
0.0 0.0063302963972091675 0.016408681869506836
0.0010233260691165924 0.00480245053768158 0.020193934440612793
0.0 0.005580142140388489 0.020783841609954834
0.0 0.01227433979511261 0.019272208213806152
0.0 0.013121962547302246 0.012685775756835938
0.0029102377593517303 0.0168645977973938 0.010171890258789062
0.0 0.009901300072669983 0.005086243152618408
0.0006578080356121063 0.00962422788143158 0.009034037590026855
0.0005190260708332062 0.013831228017807007 0.00432509183883667
0.0033189207315444946 0.015047818422317505 0.0
0.0012167319655418396 0.012224927544593811 0.0
0.001504451036453247 0.013238683342933655 0.0
0.001367468386888504 0.013148099184036255 0.0018317699432373047
0.0 0.007621169090270996 0.004497826099395752
0.00010567158460617065 0.0052559226751327515 0.008529722690582275
0.0027812309563159943 0.0033633261919021606 0.01419919729232788
0.008147645741701126 0.0049688369035720825 0.0127219557762146
0.004973437637090683 0.006186157464981079 0.008235931396484375
0.006500121206045151 0.013642340898513794 0.004539966583251953
0.0038730092346668243 0.018753334879875183 0.0
0.004120394587516785 0.01514725387096405 0.0
0.0 0.007529556751251221 0.002552330493927002
0.0 0.006487637758255005 0.004428744316101074
0.0 0.010781735181808472 0.008534371852874756
0.0 0.01067158579826355 0.010034561157226562
0.0012544915080070496 0.009408459067344666 0.0147172212600708
0.001220259815454483 0.011267304420471191 0.013867616653442383
0.0 0.01098722219467163 0.012349843978881836
0.002977527678012848 0.009358152747154236 0.011822819709777832
0.005602993071079254 0.009927719831466675 0.008782684803009033
0.008182533085346222 0.010279253125190735 0.0072234272956848145
0.00767211988568306 0.007728785276412964 0.005059361457824707
0.0027770623564720154 0.010936185717582703 0.004841506481170654
0.007825668901205063 0.01134788990020752 0.004960417747497559
0.008881047368049622 0.011980175971984863 0.007468104362487793
0.003047935664653778 0.011708170175552368 0.0
0.0037939250469207764 0.018582522869110107 0.0
0.0 0.009668245911598206 0.0
0.0 0.008041426539421082 0.0
0.0 0.004158973693847656 0.00140303373336792
0.0021580904722213745 0.004284456372261047 0.007706403732299805
0.002265550196170807 0.007776200771331787 0.0
0.0 0.0065326988697052 0.0
0.008651740849018097 0.014042824506759644 0.0006687045097351074
0.009567193686962128 0.01416720449924469 0.003920912742614746
0.006485089659690857 0.013998299837112427 0.0001881122589111328
0.0 0.0035822242498397827 0.0
0.0 0.005478337407112122 0.0
0.0067438483238220215 0.00830814242362976 0.006963610649108887
0.008167475461959839 0.0102711021900177 0.013691246509552002
0.0075241923332214355 0.010950341820716858 0.016592204570770264
0.006878495216369629 0.014580994844436646 0.010587692260742188
0.006870388984680176 0.018544688820838928 0.0010488629341125488
0.012315496802330017 0.018506929278373718 0.0027051568031311035
0.005419865250587463 0.01053820550441742 0.009889781475067139
0.0 0.010353922843933105 0.010330259799957275
0.0 0.007293015718460083 0.008265912532806396
0.0 0.004820704460144043 0.004770517349243164
0.0 0.0074827224016189575 0.0
0.0 0.006841257214546204 0.0003685951232910156
0.0 0.005232512950897217 0.00600200891494751
0.0 0.011902198195457458 0.006597280502319336
0.0020631179213523865 0.01226857304573059 0.0035105347633361816
0.0 0.012246325612068176 0.0017347335815429688
0.0 0.009720921516418457 0.0
0.0 0.012537151575088501 0.0
0.0003099963068962097 0.013672679662704468 0.0017964839935302734
0.0022678375244140625 0.010649099946022034 0.006498992443084717
0.0 0.0 0.009471893310546875
0.0 0.0 0.013158202171325684
0.0 0.0029390454292297363 0.007724881172180176
0.00170135498046875 0.007593810558319092 0.0
0.002568960189819336 0.012381255626678467 0.0
0.004974886775016785 0.010391414165496826 0.0
0.0 0.013351887464523315 0.0
0.003111891448497772 0.011134520173072815 0.0
0.0008210688829421997 0.007789120078086853 0.002451002597808838
0.0028867870569229126 0.008582919836044312 0.005402684211730957
0.008634567260742188 0.011196792125701904 0.011510193347930908
0.011437885463237762 0.014749288558959961 0.014019906520843506
0.019849523901939392 0.016607657074928284 0.020231962203979492
0.02864804118871689 0.02694244682788849 0.025635838508605957
0.035765089094638824 0.03159677982330322 0.02446383237838745
0.037957653403282166 0.04180283844470978 0.02155989408493042
0.04294157028198242 0.03763705492019653 0.020059585571289062
0.028942696750164032 0.03848652541637421 0.007240653038024902
0.036136217415332794 0.04661574959754944 0.008994698524475098
0.04959898442029953 0.06389877200126648 0.017136871814727783
0.06381496787071228 0.0780283659696579 0.004218876361846924
0.04607240855693817 0.07200586795806885 0.0
0.03247456252574921 0.06699354946613312 0.0
0.019661039113998413 0.07053714990615845 0.0
0.002153545618057251 0.07988068461418152 0.0
0.03674319386482239 0.033253997564315796 0.0
0.0 0.016366124153137207 0.0
0.0 0.009246140718460083 0.0
0.0 0.0 0.0
0.0 0.0 0.0009353756904602051
0.0 0.0 0.019801557064056396
0.0 0.0 0.020272254943847656
0.0 0.0 0.02615213394165039
0.0 0.0 0.02623891830444336
0.0 0.0 0.020653963088989258
0.0 0.0 0.004830718040466309
0.0 0.0 0.0
0.0 0.0 0.01576942205429077
0.0 0.0 0.022654712200164795
0.0 0.0 0.0344243049621582
0.0 0.0 0.049592435359954834
0.0 0.010537564754486084 0.05880922079086304
0.0 0.026492595672607422 0.055943965911865234
0.0 0.029577359557151794 0.04444247484207153
0.0 0.013124436140060425 0.02361053228378296
0.0 0.0 0.023690223693847656
0.0 0.015523776412010193 0.013652503490447998
0.0 0.020686253905296326 0.007724642753601074
0.016076520085334778 0.013942569494247437 0.01400613784790039
0.014895617961883545 0.01277296245098114 0.02313554286956787
0.008200228214263916 0.036634817719459534 0.013200938701629639
0.0 0.04417683184146881 0.0
0.013844624161720276 0.04355916380882263 0.0
0.030897751450538635 0.05402347445487976 0.0
0.0434991717338562 0.06367461383342743 0.0
0.0605805367231369 0.0686018317937851 0.0
0.05963967740535736 0.07446913421154022 0.0
0.05692052096128464 0.06319397687911987 0.0
0.04625146836042404 0.05160991847515106 0.0
0.04024024307727814 0.03861527144908905 0.0
0.024211056530475616 0.03185948729515076 0.0
0.018947459757328033 0.0329563170671463 0.0
0.04325953871011734 0.034757956862449646 0.0053626298904418945
0.02944878488779068 0.03720042109489441 0.018390655517578125
0.031989872455596924 0.019817590713500977 0.0
0.019701369106769562 0.011950820684432983 0.008312582969665527
0.02070412039756775 0.009521186351776123 0.020802557468414307
0.013190075755119324 0.005355939269065857 0.01276332139968872
0.0 0.0 0.0
0.0 0.0 0.0
0.0 0.0 0.0
0.0010733604431152344 0.0 0.0
0.0 0.01338273286819458 0.0
0.0 0.01586669683456421 0.0
0.0 0.0 0.0
0.0 0.0 0.0
0.0 0.0 0.0
0.0 0.00019222497940063477 0.029540657997131348
0.0 0.01311144232749939 0.05330556631088257
0.0 0.004297107458114624 0.05605912208557129
0.0037867873907089233 0.003061264753341675 0.05818420648574829
0.0 0.009622395038604736 0.05685305595397949
0.0 0.005832016468048096 0.06784021854400635
0.004800140857696533 0.00738099217414856 0.07938504219055176
0.0036413222551345825 0.011144578456878662 0.08317995071411133
0.0018204525113105774 0.01773512363433838 0.0716812014579773
0.008793778717517853 0.0026388466358184814 0.045937299728393555
0.005862593650817871 0.007800072431564331 0.030654311180114746
0.0 0.010053783655166626 0.033959925174713135
0.0012259483337402344 0.004451394081115723 0.036750197410583496
0.005294725298881531 0.0 0.015572726726531982
0.00805807113647461 0.0 0.024767756462097168
0.013306975364685059 0.0 0.031154632568359375
0.0029470473527908325 0.003529265522956848 0.004012763500213623
0.0 0.008535772562026978 0.0
0.012829162180423737 0.014942526817321777 0.0
0.010191969573497772 0.021652594208717346 0.0
0.010109186172485352 0.021602392196655273 0.0
0.005860432982444763 0.017136141657829285 0.0
0.0010129362344741821 0.019479498267173767 0.0
0.0 0.014704927802085876 0.0
0.0 0.005056440830230713 0.0
0.009598523378372192 0.010495871305465698 0.0
0.0 0.02135227620601654 0.0
0.0020020008087158203 0.023179009556770325 0.0
0.011698059737682343 0.01777850091457367 0.0
0.007191255688667297 0.01771540939807892 0.0
0.009550929069519043 0.033772945404052734 0.002584218978881836
0.01747719943523407 0.03740999102592468 0.018332600593566895
0.02599504590034485 0.03131332993507385 0.02443552017211914
0.020321428775787354 0.024205952882766724 0.04194921255111694
0.015596941113471985 0.021207034587860107 0.05329674482345581
0.01458597183227539 0.014559954404830933 0.05685913562774658
0.014754146337509155 0.007421970367431641 0.06746053695678711
0.015487894415855408 0.010824024677276611 0.07609087228775024
0.011344805359840393 0.011266469955444336 0.07592344284057617
0.010509192943572998 0.0033195316791534424 0.06919407844543457
0.0 0.0023086369037628174 0.0543217658996582
0.0 0.0 0.03480827808380127
0.0 0.0 0.015764892101287842
0.0 0.0 0.035343945026397705
0.0003611072897911072 0.0039115846157073975 0.049388229846954346
0.006742037832736969 0.014698311686515808 0.03931903839111328
0.0 0.0 0.0
0.0 0.0 0.0
0.0 0.0 0.0
0.0 0.0 0.0
0.0 0.0 0.0
0.0 0.0 0.0
0.0 0.004140511155128479 0.0
0.0 0.0 0.0
0.0 0.009682521224021912 0.0
0.0 0.029599428176879883 0.0
0.017526209354400635 0.03364889323711395 0.0
0.027881085872650146 0.04018394649028778 0.0
0.021477386355400085 0.04410925507545471 0.0
0.028630807995796204 0.041978806257247925 0.0
0.03752166032791138 0.04007449746131897 0.0
0.03172062337398529 0.03973391652107239 0.013924777507781982
0.03374931216239929 0.035803139209747314 0.017443597316741943
0.026516422629356384 0.035481542348861694 0.03437530994415283
0.03528830409049988 0.038661688566207886 0.04282933473587036
0.02910822629928589 0.035472601652145386 0.04442489147186279
0.021822944283485413 0.015496969223022461 0.04502260684967041
0.013351306319236755 0.009520798921585083 0.057447612285614014
0.002449706196784973 0.0012212097644805908 0.0661391019821167
0.00022903084754943848 0.0 0.07957911491394043
0.004799738526344299 0.0 0.06798392534255981
0.0 0.0 0.043799519538879395
0.0 0.0 0.027044236660003662
0.0 0.0 0.02731102705001831
0.0 0.0 0.022403359413146973
0.0 0.0 0.007620036602020264
0.0 0.0 0.0
0.0 0.0 0.0
0.0 0.0 0.0
0.0 0.0 0.0
0.0 0.0 0.0
0.0 0.0 0.0
0.0 0.0 0.0
0.0 0.0034343302249908447 0.0
0.0 0.013280779123306274 0.0
0.0 0.021034985780715942 0.0
0.0 0.03870503604412079 0.0
0.027550458908081055 0.05508030951023102 0.0
0.0634244829416275 0.05722410976886749 0.0
0.04701811075210571 0.053646594285964966 0.0
0.04215984046459198 0.03966604173183441 0.0
0.04438920319080353 0.01992650330066681 0.0
0.03647352755069733 0.012238964438438416 0.009205520153045654
0.025374218821525574 0.012738227844238281 0.011571526527404785
0.027017131447792053 0.01995857059955597 0.011616170406341553
0.021826088428497314 0.02125370502471924 0.016209304332733154
0.010353565216064453 0.01870463788509369 0.02039247751235962
0.00035913288593292236 0.018432214856147766 0.027179241180419922
0.0 0.011117413640022278 0.04190951585769653
0.0 0.003586292266845703 0.05060988664627075
0.0 0.0 0.04247623682022095
0.0 0.0 0.041410744190216064
0.0 0.0 0.0345759391784668
0.0 0.0 0.023481011390686035
0.0 0.0 0.008751451969146729
0.0 0.0 0.0
0.0 0.0 0.0
0.0 0.0 0.0
0.0 0.0033128857612609863 0.0
0.0 0.015110641717910767 0.0
0.006783902645111084 0.027335256338119507 0.0
0.01631978154182434 0.03191743791103363 0.0
0.02156822383403778 0.03190350532531738 0.0
0.025827720761299133 0.027751341462135315 0.0
0.01703844964504242 0.02194523811340332 0.0
0.009953171014785767 0.015005365014076233 0.0
0.014487922191619873 0.009174376726150513 0.0
0.010224997997283936 0.01502220332622528 0.0073184967041015625
0.01280096173286438 0.011487513780593872 0.01562190055847168
0.009293347597122192 0.009730696678161621 0.018038272857666016
0.004754871129989624 0.01111099123954773 0.01469433307647705
0.004163622856140137 0.009680196642875671 0.017140746116638184
0.0017322450876235962 0.011763527989387512 0.023409008979797363
0.011683925986289978 0.014211460947990417 0.03118830919265747
0.010680735111236572 0.0090169757604599 0.031635284423828125
0.009079530835151672 0.009762033820152283 0.028067290782928467
0.0042760372161865234 0.009715422987937927 0.020911216735839844
0.003211572766304016 0.010124415159225464 0.008881449699401855
0.0 0.01370970904827118 0.0
0.0 0.014868319034576416 0.0
0.0 0.013972148299217224 0.0
0.0 0.006257534027099609 0.0
0.0 0.002963721752166748 0.004195868968963623
0.0 0.0 0.0002396106719970703
0.0 0.0 0.0
0.0 0.0 0.0007881522178649902
0.0 0.0015710890293121338 0.005269825458526611
0.0 0.003513157367706299 0.008094191551208496
0.0 0.00140458345413208 0.00882798433303833
0.0 0.009701132774353027 0.006543159484863281
0.0020938515663146973 0.012492001056671143 0.00048089027404785156
0.0038698017597198486 0.019913524389266968 0.0
0.0032333284616470337 0.020366117358207703 0.0
0.00652080774307251 0.01814897358417511 0.0
0.004812687635421753 0.013056620955467224 0.0001252293586730957
0.002870023250579834 0.00792054831981659 0.0016350746154785156
0.004289790987968445 0.005428582429885864 0.009187161922454834
0.002870112657546997 0.005732208490371704 0.008684217929840088
0.007744580507278442 0.010456353425979614 0.011888623237609863
0.005797848105430603 0.008791342377662659 0.0077294111251831055
0.0 0.007495492696762085 0.005070984363555908
0.0 0.0 0.00360107421875
0.0 0.0 0.01135551929473877
0.0 0.004094675183296204 0.011701464653015137
0.011308237910270691 0.057207345962524414 0.03026437759399414
0.0 0.0 0.006814479827880859
0.0 0.0 0.0
0.0 0.0 0.0
0.027914613485336304 0.0 0.04214346408843994
0.04116068780422211 0.0 0.0
0.0 0.04011797904968262 0.0
0.0 0.025947630405426025 0.0
0.0 0.0 0.0
0.0 0.0013850778341293335 0.0
0.010587498545646667 0.041584745049476624 0.016598880290985107
0.013729095458984375 0.020725414156913757 0.02008199691772461
0.025090880692005157 0.03329533338546753 0.03614622354507446
0.024577654898166656 0.04378579556941986 0.042556941509246826
0.03967849165201187 0.008897289633750916 0.029056251049041748
0.006527416408061981 0.0 0.0015973448753356934
0.0031119585037231445 0.0027137696743011475 0.019176781177520752
0.011894702911376953 0.005499020218849182 0.025397181510925293
0.005327500402927399 0.0 0.002674579620361328
0.01869099587202072 0.020128965377807617 0.01966238021850586
0.022585198283195496 0.016688674688339233 0.0188177227973938
0.024809300899505615 0.028957605361938477 0.0
0.017916753888130188 0.021536827087402344 0.0
0.014647722244262695 0.024402931332588196 0.0166013240814209
0.0006549358367919922 0.007939428091049194 0.0
0.0 0.011004850268363953 0.004336059093475342
0.0 0.0 0.0
0.002827376127243042 0.005577415227890015 0.009649217128753662
0.00041598081588745117 0.001904219388961792 0.004779458045959473
0.0 0.0033845752477645874 0.006709933280944824
0.0 0.01220722496509552 0.007361769676208496
0.02857145667076111 0.005785807967185974 0.026819944381713867
0.016885556280612946 0.014189362525939941 0.05298161506652832
0.005296327173709869 0.0 0.0
0.0288151353597641 0.00047542154788970947 0.0
0.0 0.045583099126815796 0.0
0.0 0.022983118891716003 0.0
0.0 0.0 0.0
