0.010073745623230934 0.0 0.05364561080932617
0.004471193999052048 0.0 0.041968345642089844
0.0 0.0041117072105407715 0.0316426157951355
0.0 0.0023735463619232178 0.0200345516204834
0.0 0.0 0.00506281852722168
0.0 0.015186011791229248 0.0
0.0 0.01485300064086914 0.0
0.0 0.015346705913543701 0.0
0.0 0.012222915887832642 0.0
0.0 0.011074215173721313 0.0
0.0 0.010248273611068726 0.0
0.0 0.010815173387527466 0.0
0.00883256271481514 0.010968893766403198 0.0
0.0010284967720508575 0.009253054857254028 0.0
0.005516726523637772 0.009148120880126953 0.007410645484924316
0.008610568940639496 0.001597374677658081 0.017086386680603027
0.009983383119106293 0.003103286027908325 0.026050329208374023
0.010181359946727753 0.004199296236038208 0.031545400619506836
0.009587343782186508 0.0059282779693603516 0.029629409313201904
0.006793893873691559 0.0062479376792907715 0.018224239349365234
0.008157007396221161 0.004640430212020874 0.003943443298339844
0.007913008332252502 0.00567135214805603 0.0
0.004995301365852356 0.004231005907058716 0.0
0.0017860941588878632 0.008176445960998535 0.0
0.0033415257930755615 0.005909830331802368 0.0
0.0022545233368873596 0.004990607500076294 0.0
0.0 0.006410002708435059 0.0006918907165527344
0.0 0.0023095309734344482 0.008874893188476562
0.0 0.0 0.01493537425994873
0.0 0.0 0.019669771194458008
0.0 0.0 0.0171583890914917
0.0 0.002329200506210327 0.013587474822998047
0.0032960139214992523 0.002091437578201294 0.007663905620574951
0.0010336674749851227 0.0036458075046539307 0.008069038391113281
0.0035617277026176453 0.004753857851028442 0.006423592567443848
0.006045769900083542 0.003080606460571289 0.005773663520812988
0.0030861161649227142 0.00861242413520813 0.0014846324920654297
0.0013560093939304352 0.007258325815200806 0.0007688403129577637
0.002839345484972 0.005662977695465088 0.002100706100463867
0.010850362479686737 0.005228132009506226 0.007432758808135986
0.005632176995277405 0.006698668003082275 0.008232951164245605
0.002996698021888733 0.008222877979278564 0.007820963859558105
0.003595225512981415 0.003149479627609253 0.011560022830963135
0.0018902644515037537 0.0007457733154296875 0.010376453399658203
0.0 0.00527617335319519 0.006452977657318115
0.0022513307631015778 0.0010752379894256592 0.006617188453674316
0.001299642026424408 0.003984123468399048 0.0053084492683410645
0.0 0.002669036388397217 0.0036802291870117188
0.0 0.001727968454360962 0.0026325583457946777
0.0 0.002424687147140503 0.004135847091674805
0.0033076032996177673 0.003490060567855835 0.007938861846923828
0.0009727627038955688 0.005325943231582642 0.0051201581954956055
0.00028320401906967163 0.004958093166351318 0.003366708755493164
0.005546547472476959 0.004199892282485962 0.007207632064819336
0.006415128707885742 0.007190495729446411 0.010704874992370605
0.005989454686641693 0.009498000144958496 0.011044144630432129
0.006703492254018784 0.004524707794189453 0.010770320892333984
0.005408074706792831 0.005273491144180298 0.009087204933166504
0.003116074949502945 0.007242470979690552 0.008037984371185303
0.0 0.004655599594116211 0.008138775825500488
0.001151595264673233 0.002233058214187622 0.0058939456939697266
0.0 0.0 0.0
0.0 0.001652836799621582 0.0
0.0 0.0003299713134765625 0.0
0.0 0.0026932060718536377 0.0
0.0 0.0 0.0015805959701538086
0.0 0.0018118023872375488 0.006657123565673828
0.0 0.0024292469024658203 0.005864977836608887
0.0023144185543060303 0.0023235976696014404 0.008941411972045898
0.004177343100309372 0.005613356828689575 0.009892940521240234
0.0 0.006768524646759033 0.005368709564208984
0.0 0.002868562936782837 0.006617069244384766
0.006953481584787369 0.00234106183052063 0.009424448013305664
0.004872933030128479 0.005523741245269775 0.010699152946472168
0.006368741393089294 0.008260577917098999 0.012011408805847168
0.011421151459217072 0.00628894567489624 0.013828098773956299
0.0032004155218601227 0.007820934057235718 0.006506204605102539
0.0012925341725349426 0.00793522596359253 0.003812432289123535
0.007016189396381378 0.0043579936027526855 0.005065977573394775
0.00562073290348053 0.006908535957336426 0.004785299301147461
0.0039067454636096954 0.00971609354019165 0.001936197280883789
0.004316307604312897 0.002816230058670044 0.006247341632843018
0.0028667524456977844 0.004279404878616333 0.0060179829597473145
0.0 0.003818690776824951 0.006190061569213867
0.0 0.0 0.00136566162109375
0.0 0.0 0.0020998120307922363
0.0 0.0 0.0013589859008789062
0.0 0.00037851929664611816 0.00464320182800293
0.0 0.0 0.003764927387237549
0.0 0.0 0.0
0.0 0.0 0.0
0.0008202604949474335 0.000726163387298584 0.0021494626998901367
0.000764019787311554 0.007383078336715698 0.005406498908996582
0.0038304999470710754 0.008081376552581787 0.008380770683288574
0.01244618371129036 0.005927473306655884 0.012053251266479492
0.0074821896851062775 0.010110199451446533 0.012368857860565186
0.008771385997533798 0.009259551763534546 0.014685392379760742
0.005164705216884613 0.008407056331634521 0.007681131362915039
0.008992362767457962 0.005654633045196533 0.0029327869415283203
0.004913065582513809 0.007116138935089111 0.0008067488670349121
0.0 0.005077838897705078 0.0
0.0 0.002597421407699585 0.002592325210571289
0.0008068829774856567 0.0019814670085906982 0.0
0.0 0.0011173784732818604 0.0027834177017211914
0.0 0.0027529001235961914 0.004707634449005127
0.0 0.0009187757968902588 0.0070334672927856445
0.0 0.0018032193183898926 0.008644521236419678
0.0 0.0011356770992279053 0.009691178798675537
0.0 0.0027970969676971436 0.006466984748840332
0.0 0.0037453770637512207 0.008712828159332275
0.0038435272872447968 0.004806488752365112 0.005551159381866455
0.008000928908586502 0.0060051679611206055 0.009091377258300781
0.004078533500432968 0.008805662393569946 0.005011498928070068
0.002057000994682312 0.007596462965011597 0.0011773109436035156
0.0016694962978363037 0.0012479722499847412 0.00017130374908447266
0.0 0.004549562931060791 0.0003916025161743164
0.0003223791718482971 0.0038764476776123047 0.003438711166381836
0.0 0.002205967903137207 0.005406379699707031
0.00017990544438362122 0.003602921962738037 0.006792545318603516
0.0 0.00573614239692688 0.006022989749908447
0.0037195682525634766 0.0038838088512420654 0.009623527526855469
0.005857657641172409 0.0023479461669921875 0.007405102252960205
0.0008539445698261261 0.006779462099075317 0.005289673805236816
0.0009970702230930328 0.0032320916652679443 0.0011838078498840332
0.0 0.0034241974353790283 0.0021086931228637695
0.0017386414110660553 0.0023017525672912598 0.005803585052490234
0.0 0.00555419921875 0.005532324314117432
0.00018020719289779663 0.004851102828979492 0.0048370361328125
0.0005400292575359344 0.0016462504863739014 0.005987644195556641
0.0002719573676586151 0.0017742514610290527 0.0036973953247070312
0.0 0.0027469396591186523 0.00400310754776001
0.0 0.005787700414657593 0.0010853409767150879
0.0 0.0037363767623901367 0.0021570920944213867
0.0 0.0008917450904846191 0.004913330078125
0.0 0.0028284788131713867 0.0046425461769104
0.002965036779642105 0.0037316977977752686 0.005073904991149902
0.0012994930148124695 0.005329221487045288 0.004400968551635742
0.005297388881444931 0.006368368864059448 0.00902491807937622
0.0011056959629058838 0.005800217390060425 0.009448826313018799
0.0016711317002773285 0.003940373659133911 0.009672820568084717
0.001013919711112976 0.0016306936740875244 0.008030116558074951
0.0011103302240371704 0.004939466714859009 0.0032666921615600586
0.0 0.00611838698387146 0.003653883934020996
0.0031764954328536987 0.0023886561393737793 0.0026726722717285156
0.0018748678267002106 0.0023693442344665527 0.0039331912994384766
0.0 0.007186859846115112 0.0
0.0 0.002147167921066284 0.004801630973815918
0.0022369883954524994 0.0021716058254241943 0.003250598907470703
0.0 0.0029389560222625732 0.004930973052978516
0.0 0.003442436456680298 0.0053934454917907715
0.0 0.0009999871253967285 0.008749604225158691
0.0 0.00348857045173645 0.005795955657958984
0.0063512325286865234 0.0037884116172790527 0.008755683898925781
0.00449250265955925 0.007342636585235596 0.008060097694396973
0.0 0.00878491997718811 0.0026413798332214355
0.004181042313575745 0.0020470619201660156 0.0028987526893615723
0.002314869314432144 0.004476815462112427 0.00026673078536987305
0.0011237934231758118 0.00409969687461853 0.0
0.0010160282254219055 0.004612773656845093 0.0
0.0 0.0019551515579223633 0.004172921180725098
0.0 0.0016079545021057129 0.008554995059967041
0.0 0.0026202797889709473 0.01039654016494751
0.0013832710683345795 0.0008994340896606445 0.011727511882781982
0.0021073520183563232 0.0038246214389801025 0.009629130363464355
0.0 0.004077732563018799 0.008386611938476562
0.0 0.007900744676589966 0.009109437465667725
0.010066960006952286 0.005787402391433716 0.01584339141845703
0.0016472898423671722 0.0021409690380096436 0.008089303970336914
0.0 0.00527074933052063 0.0
0.006760090589523315 0.0 0.0
0.0 0.0024316012859344482 0.0021066665649414062
0.0 0.0037629306316375732 0.007192850112915039
0.0 0.0025103092193603516 0.005636155605316162
0.0 0.005879819393157959 0.011333346366882324
0.0 0.0 0.0015991926193237305
0.0 0.00832870602607727 0.001407921314239502
0.0 0.0014465153217315674 0.009319126605987549
0.0 0.006660342216491699 0.0
0.0 0.0037343502044677734 0.0
0.005437701940536499 0.0031077563762664795 0.0
0.003914065659046173 0.013360261917114258 0.0
0.00041218847036361694 0.014688163995742798 0.0
0.008510250598192215 0.007136881351470947 0.0
0.004661776125431061 0.008575141429901123 0.005028665065765381
0.007559336721897125 0.009920507669448853 0.00577390193939209
0.011382024735212326 0.0028757452964782715 0.01723349094390869
0.00607767328619957 0.0 0.010129153728485107
0.002764243632555008 0.0029330551624298096 0.006437957286834717
0.0 0.0022333264350891113 0.008482098579406738
0.0 0.00043398141860961914 0.0014550089836120605
0.0 0.0015579462051391602 0.0012253522872924805
0.0 0.0 0.0
0.0 0.0010850727558135986 0.005303740501403809
0.0 0.0005380511283874512 0.009364843368530273
0.0 0.0 0.010478854179382324
0.0 0.0 0.0
0.0 0.003689795732498169 0.0
0.0 0.0051528215408325195 0.00045502185821533203
0.003497585654258728 0.0020570456981658936 0.006606876850128174
0.004243344068527222 0.0025501251220703125 0.0
0.00488494336605072 0.006165951490402222 0.0022374391555786133
0.0038256794214248657 0.0 0.009931027889251709
0.0006576813757419586 0.0027862191200256348 0.016295552253723145
0.0012094825506210327 0.019038081169128418 0.023763060569763184
0.013306945562362671 0.022281110286712646 0.02158677577972412
0.024002667516469955 0.0 0.0023413896560668945
0.023082800209522247 0.028032660484313965 0.0
0.001988295465707779 0.01459890604019165 0.0
0.0 0.03743398189544678 0.0
0.013301622122526169 0.0 0.04578137397766113
0.0022214315831661224 0.016794204711914062 0.0
0.0 0.006258189678192139 0.0
0.0 0.0 0.0011722445487976074
0.0 0.0 0.010100007057189941
0.0 0.0 0.01579749584197998
0.0 0.0 0.02798759937286377
0.0 0.0 0.01898902654647827
0.0 0.0 0.011979401111602783
0.0 0.0 0.015974044799804688
0.0035679638385772705 0.00257989764213562 0.013709723949432373
0.003682926297187805 0.0031480789184570312 0.012768030166625977
0.005878787487745285 0.008692950010299683 0.010886132717132568
0.008760273456573486 0.002667635679244995 0.01743626594543457
0.007935263216495514 0.0 0.0
0.00852901116013527 0.005060076713562012 0.00012809038162231445
0.0017573907971382141 0.011052817106246948 0.001511693000793457
0.004748821258544922 0.014478534460067749 0.007701754570007324
0.01237090677022934 0.004712462425231934 0.014563143253326416
0.005884066224098206 0.0 0.002703726291656494
0.0020248740911483765 0.0 0.011809706687927246
0.004791531711816788 0.0 0.01861029863357544
0.0012294426560401917 0.0032670199871063232 0.026877164840698242
0.00028290972113609314 0.0 0.03426766395568848
0.027877479791641235 0.0 0.045235633850097656
0.05664322152733803 0.0 0.048104703426361084
0.1236116886138916 0.05015262961387634 0.05094379186630249
0.14589405059814453 0.11517417430877686 0.05477344989776611
0.19999203085899353 0.14987912774085999 0.02519279718399048
0.18848702311515808 0.21925562620162964 0.0
0.23981961607933044 0.28043049573898315 0.0
0.2205176055431366 0.31470155715942383 0.0
0.15595537424087524 0.4115231931209564 0.0
0.047078490257263184 0.26730746030807495 0.0
0.03775590658187866 0.0 0.0
0.0 0.24431979656219482 0.0
0.0 0.07326266169548035 0.0
0.0 0.011909276247024536 0.0
0.0 0.16991674900054932 0.0
0.0 0.026190757751464844 0.0
0.0 0.10199844837188721 0.07645821571350098
0.0 0.014556735754013062 0.28607964515686035
0.0 0.026246190071105957 0.4176676273345947
0.0 0.11398065090179443 0.5191253423690796
0.0 0.1773993968963623 0.48003220558166504
0.0 0.2556959390640259 0.45172595977783203
0.0 0.297757625579834 0.43280649185180664
0.0 0.3322330713272095 0.413432240486145
0.0 0.42899835109710693 0.26014745235443115
0.0 0.47741425037384033 0.15485835075378418
0.10060518980026245 0.3325458765029907 0.18931591510772705
0.10278019309043884 0.261393666267395 0.2205808162689209
0.23440879583358765 0.30502861738204956 0.2409806251525879
0.0581548810005188 0.06390631198883057 0.04252505302429199
0.0 0.25017255544662476 0.23504412174224854
0.0 0.25135523080825806 0.5263806581497192
0.0 0.38178515434265137 0.5839452743530273
0.0 0.48950833082199097 0.16516679525375366
0.04358714073896408 0.32659512758255005 0.0
0.20949594676494598 0.0 0.0
0.108871690928936 0.20747274160385132 0.3907695412635803
0.0 0.10814070701599121 0.05954766273498535
0.0 0.13912028074264526 0.07344257831573486
0.07478699088096619 0.17511069774627686 0.08988034725189209
0.16012614965438843 0.23054558038711548 0.09361076354980469
0.13794562220573425 0.21168869733810425 0.043860673904418945
0.13319411873817444 0.16999351978302002 0.004884779453277588
0.08918869495391846 0.15179532766342163 0.04194903373718262
0.08907454460859299 0.1442919373512268 0.04963582754135132
0.02864166349172592 0.11589628458023071 0.0
0.08079876750707626 0.14387273788452148 0.0
0.056837502866983414 0.14425912499427795 0.0
0.1521592140197754 0.09839966893196106 0.0
0.09972997009754181 0.036324501037597656 0.0
0.0 0.05460858345031738 0.0
0.0 0.043748676776885986 0.0
0.0 0.005232900381088257 0.0
0.0 0.0018549561500549316 0.0
0.0 0.0 0.0
0.0 0.021605223417282104 0.0
0.0 0.0 0.0
0.0 0.0 0.0
0.0 0.0 0.0
0.0 0.0 0.0
0.0 0.012670695781707764 0.0
0.0 0.0272444486618042 0.03280907869338989
0.0 0.01037338376045227 0.026388823986053467
0.0034920424222946167 0.0 0.022776424884796143
0.009349420666694641 0.005053848028182983 0.059909701347351074
0.02062537521123886 0.047562628984451294 0.05694139003753662
0.015282228589057922 0.02143344283103943 0.04273378849029541
0.01795060932636261 0.008424967527389526 0.05076611042022705
0.01132279634475708 0.009501516819000244 0.030262112617492676
0.024957239627838135 0.012668251991271973 0.02249610424041748
0.01999935507774353 0.012964338064193726 0.018526673316955566
0.007443830370903015 0.005171537399291992 0.004952430725097656
0.0 0.00209692120552063 0.0
0.0 0.005340516567230225 0.0036014318466186523
0.0 0.012573570013046265 0.004974305629730225
0.005330771207809448 0.007891714572906494 0.0
0.0 0.0047678351402282715 0.0
0.0 0.0009485483169555664 0.0
0.0 0.0 0.0
0.0024616271257400513 0.003373473882675171 0.00036215782165527344
0.001814514398574829 0.01162940263748169 0.010140061378479004
0.0014527440071105957 0.0015201866626739502 0.007970571517944336
0.0 0.006609827280044556 0.0037611722946166992
0.006513044238090515 0.0064240992069244385 0.011980295181274414
0.00900287926197052 0.015149623155593872 0.016026854515075684
0.00808022916316986 0.012349307537078857 0.008032679557800293
0.012471109628677368 0.012276411056518555 0.005465090274810791
0.007707372307777405 0.005895167589187622 0.0
0.0 0.00385892391204834 0.0
0.0 0.008143126964569092 0.0
0.0018657892942428589 0.012220263481140137 0.0
0.008911475539207458 0.008011281490325928 0.0
0.0056196898221969604 0.0086650550365448 0.00010132789611816406
0.0 0.010632067918777466 0.0017147064208984375
0.000639691948890686 0.008254140615463257 0.00806891918182373
0.010160595178604126 0.005383014678955078 0.014976143836975098
0.008183211088180542 0.006898343563079834 0.019616663455963135
0.004029229283332825 0.015887290239334106 0.01812523603439331
0.013487160205841064 0.012117892503738403 0.0028203725814819336
0.015605449676513672 0.0016808509826660156 0.0
0.011972442269325256 0.009758740663528442 0.0
0.009904012084007263 0.016278326511383057 0.0
0.0184771865606308 0.022354602813720703 0.0
0.0 0.029267698526382446 0.0
0.0 0.030826330184936523 0.0
0.0 0.037202537059783936 0.0
0.0 0.05632507801055908 0.0
0.0 0.06410491466522217 0.0
0.0 0.040850698947906494 0.0
0.0 0.01945585012435913 0.03450900316238403
0.0 0.01091068983078003 0.0796283483505249
0.0 0.012214481830596924 0.12138557434082031
0.0 0.01866137981414795 0.16294968128204346
0.0038326121866703033 0.026328742504119873 0.1929004192352295
0.0 0.0257604718208313 0.20786195993423462
0.0 0.015913426876068115 0.21824485063552856
0.006180323660373688 0.019299030303955078 0.21006834506988525
0.013907395303249359 0.009867668151855469 0.21429461240768433
0.012015491724014282 0.0185244083404541 0.20806211233139038
0.018929913640022278 0.009459495544433594 0.19014090299606323
0.005027711391448975 0.016076385974884033 0.15913152694702148
0.0 0.029460251331329346 0.1296912431716919
0.0 0.046534836292266846 0.063998281955719
0.0 0.01301148533821106 0.0
0.0 0.0 0.0
0.0 0.0 0.0
0.0 0.0 0.0
0.0 0.0050272345542907715 0.0
0.0 0.012205243110656738 0.0
0.0 0.006043910980224609 0.0
0.0 0.0019190311431884766 0.0
0.011210903525352478 0.027111291885375977 0.0
0.0 0.05791249871253967 0.0
0.0 0.07335212826728821 0.0
0.0 0.061909019947052 0.0
0.0 0.058928847312927246 0.0
0.014292120933532715 0.06680309772491455 0.03990435600280762
0.019729528576135635 0.06697791814804077 0.09398198127746582
0.011671114712953568 0.06202566623687744 0.1408175230026245
0.0 0.042463600635528564 0.17383837699890137
0.0 0.016528666019439697 0.19347339868545532
0.0 0.006059408187866211 0.2198355793952942
0.0 0.007357656955718994 0.22993367910385132
0.0 0.009740710258483887 0.22758269309997559
0.0 0.02202892303466797 0.20029807090759277
0.0012365877628326416 0.015563607215881348 0.1580336093902588
0.003973234444856644 0.012769162654876709 0.10540413856506348
0.0033013634383678436 0.0016112923622131348 0.06218749284744263
0.0211704820394516 0.0 0.04315650463104248
0.015025287866592407 0.016896367073059082 0.026631474494934082
0.015906311571598053 0.017188221216201782 0.0
0.015447966754436493 0.014022618532180786 0.0
0.0352814719080925 0.017028510570526123 0.0
0.043663620948791504 0.029825329780578613 0.0
0.023401618003845215 0.03822904825210571 0.0
0.0 0.0 0.0
0.0 0.0 0.0
0.0 0.0 0.0
0.0 0.001085430383682251 0.0
0.0 0.019576728343963623 0.0
0.0 0.01140180230140686 0.0
0.0 0.0 0.0
0.0 0.0029064416885375977 0.0
0.0 0.04002466797828674 0.0
0.0 0.047390908002853394 0.0
0.0 0.04207032918930054 0.0
0.008751466870307922 0.032818615436553955 0.0
0.013426519930362701 0.04510301351547241 0.040065646171569824
0.00932854413986206 0.04697275161743164 0.08532446622848511
0.0 0.042649269104003906 0.10189211368560791
0.0 0.010598242282867432 0.11072099208831787
0.009413156658411026 0.00321042537689209 0.12457960844039917
0.011010631918907166 0.006698727607727051 0.1374940276145935
0.0 0.014584183692932129 0.14750146865844727
0.0 0.006354868412017822 0.1518072485923767
0.0 0.0008447766304016113 0.13106930255889893
0.0 0.0024524927139282227 0.10854434967041016
0.010327495634555817 0.001501619815826416 0.09992057085037231
0.010133661329746246 0.0051386356353759766 0.09857314825057983
0.0021531283855438232 0.0140572190284729 0.11131918430328369
0.0 0.030715227127075195 0.05369246006011963
0.0 0.0 0.0
0.0 0.0 0.0
0.01796962320804596 0.0028816163539886475 0.0
0.005995817482471466 0.034426748752593994 0.0
0.005490779876708984 0.032353878021240234 0.0
0.0 0.0 0.0
0.0 0.0 0.0
0.008830711245536804 0.0 0.0
0.0 0.024311721324920654 0.0
0.0 0.021232932806015015 0.0
0.0 0.010134279727935791 0.0
0.0 0.041858017444610596 0.0
0.0 0.061487674713134766 0.0
0.0 0.06333053112030029 0.0
0.0 0.045750558376312256 0.0
0.0 0.030335843563079834 0.04658287763595581
0.02340468391776085 0.03187292814254761 0.09299510717391968
0.009159799665212631 0.03546130657196045 0.10519009828567505
0.0 0.03084200620651245 0.12301838397979736
0.0 0.011863887310028076 0.12302017211914062
0.0 0.008511543273925781 0.14197897911071777
0.0 0.0031772255897521973 0.15247505903244019
0.0 0.008486926555633545 0.16202688217163086
0.0 0.008772790431976318 0.15418511629104614
0.0 0.0045798420906066895 0.11162841320037842
0.0 0.0 0.05327248573303223
0.0 0.0 0.022567152976989746
0.008394276723265648 0.004423201084136963 0.013183951377868652
0.0043940357863903046 0.0033835768699645996 0.026085495948791504
0.008613638579845428 0.011773169040679932 0.052787184715270996
0.0006142184138298035 0.007268846035003662 0.03275400400161743
0.0 0.0 0.0
0.0 0.0 0.0
0.005188852548599243 0.0044772326946258545 0.0
0.007768198847770691 0.01598694920539856 0.00872713327407837
0.0 0.019696056842803955 0.01529848575592041
0.0 0.002739429473876953 0.0
0.0 0.0 0.0
0.003577306866645813 0.0 0.0
0.009480319917201996 0.005976557731628418 0.0
0.006791219115257263 0.0 0.0
0.004747658967971802 0.0 0.0
0.001029178500175476 0.003755331039428711 0.0
0.0 0.03699088096618652 0.0
0.0 0.042898744344711304 0.0
0.0 0.050446152687072754 0.0
0.0 0.04166054725646973 0.0
0.0 0.02892613410949707 0.0
0.014638125896453857 0.03385645151138306 0.0317150354385376
0.0 0.041963815689086914 0.0485682487487793
0.0 0.0346219539642334 0.06910204887390137
0.0 0.017077147960662842 0.10479468107223511
0.0015143444761633873 0.018757641315460205 0.12651675939559937
0.0005875406786799431 0.025858521461486816 0.1415659785270691
0.0 0.028441131114959717 0.14672040939331055
0.006127047352492809 0.0162317156791687 0.16026651859283447
0.0 0.013417243957519531 0.14218473434448242
0.0035254517570137978 0.016763746738433838 0.11545848846435547
0.01863059028983116 0.01748710870742798 0.09846329689025879
0.022287100553512573 0.006565392017364502 0.09535515308380127
0.00799659825861454 0.0053803324699401855 0.10296797752380371
0.0 0.014419913291931152 0.06755900382995605
0.0 0.008789896965026855 0.03259754180908203
0.010344251990318298 0.007823824882507324 0.01871359348297119
0.012862730771303177 0.005354940891265869 0.0053626298904418945
0.007924765348434448 0.01444825530052185 0.008231699466705322
0.0009277835488319397 0.01622655987739563 0.0
0.0 0.00036722421646118164 0.0
0.0 0.0004266798496246338 0.0
0.003475658595561981 0.0 0.0
0.00296812504529953 0.005645006895065308 0.0
0.0 0.029132485389709473 0.0
0.0 0.028080791234970093 0.0
0.0 0.029929786920547485 0.0
0.0 0.020267128944396973 0.0
0.0 0.024918049573898315 0.0
0.001501031219959259 0.04678836464881897 0.0
0.003307092934846878 0.05455160140991211 0.0
0.001198895275592804 0.042653560638427734 0.009675323963165283
0.004875674843788147 0.04931885004043579 0.0358278751373291
0.006065834313631058 0.04080212116241455 0.061264097690582275
0.004427519626915455 0.039341092109680176 0.04781287908554077
0.008197799324989319 0.03230249881744385 0.049382686614990234
0.022466175258159637 0.03483712673187256 0.07105094194412231
0.014791358262300491 0.02694457769393921 0.09753048419952393
0.0 0.017398059368133545 0.10140395164489746
0.0008363183587789536 0.001748204231262207 0.11003148555755615
0.0 0.003962993621826172 0.12923747301101685
0.0 0.008939385414123535 0.13321459293365479
0.0 0.012266457080841064 0.09770029783248901
0.0 0.003385007381439209 0.0691155195236206
0.0 0.0 0.06827980279922485
0.003699854016304016 0.0 0.08095729351043701
0.0 0.0 0.07279253005981445
0.0 0.0 0.021279335021972656
0.0 0.0 0.0
0.00670657679438591 0.0 0.0
0.02784169837832451 0.003142237663269043 0.023687243461608887
0.026920095086097717 0.0099143385887146 0.05598580837249756
0.026464838534593582 0.03280174732208252 0.08431786298751831
0.0 0.008974969387054443 0.0
0.0 0.007118433713912964 0.0
0.01826227456331253 0.0 0.0
0.013943396508693695 0.0 0.0
0.0 0.04675638675689697 0.0
0.0 0.019966483116149902 0.0
0.0 0.0 0.0
0.0 0.0 0.0
0.0 0.005779623985290527 0.0
0.0 0.042803287506103516 0.0
0.0 0.024396121501922607 0.0
0.0 0.006804972887039185 0.0
0.016099072992801666 0.007753342390060425 0.0
0.024266831576824188 0.016613543033599854 0.0
0.008381545543670654 0.04635721445083618 0.0
0.021324433386325836 0.044322818517684937 0.0
0.015234574675559998 0.036377936601638794 0.0064983367919921875
0.0 0.027079075574874878 0.012896418571472168
0.0034877844154834747 0.013464212417602539 0.02951788902282715
0.011759322136640549 0.009361684322357178 0.05327427387237549
0.012799903750419617 0.020566672086715698 0.083915114402771
0.0017120465636253357 0.025051027536392212 0.09903424978256226
0.0 0.006287246942520142 0.09669673442840576
0.0 0.0 0.08079224824905396
0.0 0.0 0.059004008769989014
0.0022018812596797943 0.002920687198638916 0.03920263051986694
0.0 0.009377658367156982 0.019277572631835938
0.0 0.002409905195236206 0.00020325183868408203
0.0 0.000394284725189209 0.0
0.0 0.0 0.0
0.010199487209320068 0.008332610130310059 0.0
0.014430373907089233 0.016721069812774658 0.0
0.003919035196304321 0.015033155679702759 0.0
0.0022254884243011475 0.008738517761230469 0.0
0.0017278939485549927 0.00714227557182312 0.0
0.005994968116283417 0.010286957025527954 0.01294487714767456
0.002285189926624298 0.012309283018112183 0.01830267906188965
0.0 0.012144595384597778 0.018681228160858154
0.0011962652206420898 0.0045053958892822266 0.015150666236877441
0.0012268424034118652 0.003037393093109131 0.011373698711395264
0.004983559250831604 0.013775348663330078 0.011229991912841797
0.002156957983970642 0.008649617433547974 0.0049825310707092285
0.0046229287981987 0.007807880640029907 0.0022079944610595703
0.00548456609249115 0.007943987846374512 0.0
0.0003649592399597168 0.008989334106445312 0.0
0.002944931387901306 0.010999292135238647 0.0
0.0025473684072494507 0.001703798770904541 0.0
0.002647116780281067 0.011349081993103027 0.0
0.005361393094062805 0.01284170150756836 0.005243062973022461
0.0 0.007751882076263428 0.007643222808837891
0.0014169439673423767 0.007068604230880737 0.016705095767974854
0.0 0.005706459283828735 0.015803754329681396
0.0 0.004171103239059448 0.014700770378112793
0.0 0.007566601037979126 0.009512484073638916
0.00039067864418029785 0.0075896382331848145 0.006629526615142822
0.0013856813311576843 0.008031696081161499 0.0017766356468200684
0.0011054500937461853 0.004546552896499634 0.0
0.005119234323501587 0.0102882981300354 0.0
0.009624220430850983 0.012421846389770508 0.0
0.010730311274528503 0.010521352291107178 0.007171213626861572
0.0034151747822761536 0.006032437086105347 0.008680403232574463
0.0 0.0018789470195770264 0.01672494411468506
0.0 0.0 0.02864176034927368
0.012627370655536652 0.0 0.0323217511177063
0.00901004672050476 0.02367725968360901 0.05195724964141846
0.057147398591041565 0.06682217121124268 0.07769906520843506
0.0630798488855362 0.06914949417114258 0.022340834140777588
0.11349323391914368 0.10582587122917175 0.0
0.23555052280426025 0.21671518683433533 0.0
0.29451191425323486 0.3090057373046875 0.0
0.2392076551914215 0.33095651865005493 0.0
0.22781044244766235 0.3803691267967224 0.0
0.21815061569213867 0.4783807396888733 0.0
0.14228498935699463 0.5104030966758728 0.0
0.06349241733551025 0.34100374579429626 0.0
0.11151254177093506 0.22215911746025085 0.0
0.0 0.25118646025657654 0.0
0.0 0.1881868839263916 0.0
0.0 0.3577863872051239 0.2514498233795166
0.0 0.0 0.5896133184432983
0.0 0.08422783017158508 0.6092053651809692
0.0 0.2220403552055359 0.5254894495010376
0.0 0.35693424940109253 0.4464128017425537
0.0 0.41870421171188354 0.3769679069519043
0.0 0.3764156699180603 0.3474780321121216
0.0 0.3091769814491272 0.3601822853088379
0.0 0.30916500091552734 0.3968849182128906
0.0 0.43504518270492554 0.2934749126434326
0.0 0.617608368396759 0.16513288021087646
0.0 0.6220949292182922 0.16638612747192383
0.0 0.5067267417907715 0.3223162889480591
0.0 0.4716930389404297 0.48748624324798584
0.0 0.5290501117706299 0.5671990513801575
0.0 0.5102421045303345 0.3786745071411133
0.0 0.5100822448730469 0.27459681034088135
0.0 0.47217273712158203 0.310840904712677
0.0 0.4225236177444458 0.37312865257263184
0.0 0.4935961365699768 0.33218061923980713
0.0 0.5788493752479553 0.1616612672805786
0.01068297028541565 0.7016803026199341 0.09741896390914917
0.17201650142669678 0.37871116399765015 0.19759243726730347
0.09754861891269684 0.5181970596313477 0.14424729347229004
0.07053299248218536 0.45947253704071045 0.05462914705276489
0.048451125621795654 0.3933534026145935 0.0
0.035633791238069534 0.3174434006214142 0.0
0.06202683597803116 0.19941052794456482 0.0
0.024322599172592163 0.07018405199050903 0.0
0.0 0.0 0.0
0.0 0.0 0.0
0.0 0.0 0.0
0.0 0.04394418001174927 0.0
0.0 0.06414029002189636 0.0
0.0 0.07504668831825256 0.0
0.0 0.0543634295463562 0.0
0.0 0.03304445743560791 0.011030435562133789
0.0 0.04080519080162048 0.05603891611099243
0.02254849672317505 0.016864866018295288 0.078005850315094
0.028163596987724304 0.00754895806312561 0.0844351053237915
0.02975603938102722 0.0021750926971435547 0.09799110889434814
0.026264876127243042 0.0 0.08761423826217651
0.019290849566459656 0.005766570568084717 0.0814138650894165
0.03563486039638519 0.01493847370147705 0.06629228591918945
0.02636110782623291 0.02866506576538086 0.05589461326599121
0.02187362313270569 0.03402632474899292 0.05253314971923828
0.0170535147190094 0.012559622526168823 0.03860163688659668
0.0024065524339675903 0.007806926965713501 0.016288042068481445
0.01288481056690216 0.009730160236358643 0.0
0.0002824366092681885 0.0057936906814575195 0.0
0.0 0.0 0.0
0.0 0.004615962505340576 0.0
0.0 0.015501081943511963 0.0
0.0 0.016380608081817627 0.0
0.0 0.013821691274642944 0.0
0.0 0.010880142450332642 0.0
0.0029593706130981445 0.007484376430511475 0.0
0.007828757166862488 0.0118122398853302 0.0012891292572021484
0.0009532570838928223 0.018355458974838257 0.008502602577209473
0.004300624132156372 0.01921844482421875 0.010406851768493652
0.007373631000518799 0.016531318426132202 0.006752312183380127
0.0 0.0016813278198242188 0.0012673139572143555
0.0 0.002874821424484253 0.0005091428756713867
0.012431234121322632 0.01578429341316223 0.017558276653289795
0.0 0.013913780450820923 0.01108020544052124
0.0 0.013156294822692871 0.008162915706634521
0.006257146596908569 0.009551167488098145 0.0015706419944763184
0.0007831752300262451 0.005488872528076172 0.0
0.0 0.00916987657546997 0.0
0.0 0.012777894735336304 0.002184271812438965
0.0 0.008825629949569702 0.0
0.0 0.005483031272888184 0.0
0.00977073609828949 0.015802770853042603 0.0
0.005053386092185974 0.0214366614818573 0.0
0.013062790036201477 0.026458799839019775 0.005189061164855957
0.012385725975036621 0.021498769521713257 0.005176126956939697
0.01354914903640747 0.01571640372276306 0.0
0.039163827896118164 0.034747689962387085 0.005209922790527344
0.02819100022315979 0.03720328211784363 0.0
0.040028974413871765 0.04455941915512085 0.0
0.07789367437362671 0.058806389570236206 0.0
0.06033378839492798 0.05470481514930725 0.0
0.0410473495721817 0.04059430956840515 0.0
0.043058186769485474 0.033424198627471924 0.0
0.04938419163227081 0.0437198281288147 0.0
0.06684212386608124 0.07035890221595764 0.0
0.054018259048461914 0.08721750974655151 0.0032114386558532715
0.02467784285545349 0.04242730140686035 0.0
0.0 0.0 0.0
0.0 0.0 0.0
0.0 0.0 0.0
0.0 0.0 0.032028019428253174
0.0 0.0 0.041169047355651855
0.0 0.0 0.04620373249053955
0.0 0.0 0.03165733814239502
0.0 0.0 0.03997087478637695
0.0 0.0 0.04527735710144043
0.0 0.0 0.03971302509307861
0.0 0.0 0.048850834369659424
0.0 0.0017046034336090088 0.06968265771865845
0.0 0.043347567319869995 0.07256603240966797
0.0 0.06992805004119873 0.0487176775932312
0.028543666005134583 0.0679846704006195 0.01459503173828125
0.08913612365722656 0.05365443229675293 0.0
0.12141014635562897 0.0865207314491272 0.0
0.14376625418663025 0.110918790102005 0.0
0.15152820944786072 0.12207633256912231 0.0
0.1555081605911255 0.12560206651687622 0.0
0.16205483675003052 0.12080156803131104 0.0
0.1568862795829773 0.11669248342514038 0.0
0.13086923956871033 0.11050820350646973 0.0
0.12587200105190277 0.11011192202568054 0.0
0.10111816227436066 0.09258738160133362 0.0
0.059171319007873535 0.06293097138404846 0.0
0.024684756994247437 0.05920928716659546 0.0
0.012155994772911072 0.04532891511917114 0.0
0.0 0.0436151921749115 0.0
0.0 0.03254106640815735 0.0
0.0 0.008108168840408325 0.0006966590881347656
0.0 0.0 0.0
0.0 0.0 0.009132027626037598
0.0 0.0 0.03390616178512573
0.0 0.0 0.05804324150085449
0.0 0.0 0.06644189357757568
0.0 0.0 0.0768093466758728
0.0 0.0 0.06706082820892334
0.0 0.0 0.07425999641418457
0.0 0.0 0.07327526807785034
0.0 0.0005356371402740479 0.0842394232749939
0.0 0.04856428503990173 0.0824691653251648
0.0 0.04868036508560181 0.05137777328491211
0.0 0.034093886613845825 0.03281623125076294
0.03391755372285843 0.041948556900024414 0.02084249258041382
0.08150404691696167 0.07487797737121582 0.014261782169342041
0.12137266248464584 0.1071803867816925 0.0017833113670349121
0.12274819612503052 0.13539260625839233 0.0
0.1310701072216034 0.12777000665664673 0.0
0.15977677702903748 0.12241315841674805 0.0
0.19099703431129456 0.13585934042930603 0.0
0.1957598328590393 0.15128478407859802 0.0
0.16372309625148773 0.15010207891464233 0.0
0.11904146522283554 0.1349441409111023 0.0
0.10178723931312561 0.10308307409286499 0.0
0.10404205322265625 0.06993544101715088 0.0
0.09485763311386108 0.0879564881324768 0.0
0.053326040506362915 0.08580714464187622 0.0
0.021499857306480408 0.0721275806427002 0.0
0.0 0.05825859308242798 0.0
0.0 0.028224706649780273 0.0018448233604431152
0.0 0.0 0.0
0.0 0.0 0.007966339588165283
0.0 0.0 0.025601744651794434
0.0 0.0 0.029206395149230957
0.0 0.0 0.05005532503128052
0.0 0.0 0.0664668083190918
0.0 0.0 0.08478593826293945
0.0 0.0 0.08680558204650879
0.0 0.0 0.08015012741088867
0.0 0.0 0.07214027643203735
0.0 0.0 0.06877440214157104
0.0 0.0 0.06668901443481445
0.0 0.0011726319789886475 0.06288975477218628
0.0 0.038866668939590454 0.05774641036987305
0.0 0.0341314971446991 0.0391654372215271
0.0 0.017882615327835083 0.025710880756378174
0.030647918581962585 0.0421176552772522 0.018976688385009766
0.05644442141056061 0.08149585127830505 0.012512922286987305
0.05644525587558746 0.10722723603248596 0.0
0.06908117234706879 0.10107514262199402 0.0
0.12103043496608734 0.09434744715690613 0.0
0.14005476236343384 0.11541560292243958 0.0
0.13883626461029053 0.12363013625144958 0.0
0.15228059887886047 0.12922999262809753 0.0
0.14306601881980896 0.12481224536895752 0.0
0.13359758257865906 0.12014320492744446 0.0
0.11515358090400696 0.1129336953163147 0.0
0.07292059063911438 0.10836008191108704 0.0
0.09167395532131195 0.08397048711776733 0.0
0.1092468798160553 0.06843167543411255 0.0
0.0765051394701004 0.08863788843154907 0.0
0.026862740516662598 0.09510910511016846 0.0
0.0004795640707015991 0.0542701780796051 0.0032576322555541992
0.0030653774738311768 0.01790100336074829 0.01678633689880371
0.0 0.0 0.01568228006362915
0.0 0.0 0.02426046133041382
0.0 0.0 0.030114412307739258
0.0 0.0 0.0335538387298584
0.0 0.0 0.04327923059463501
0.0 0.0 0.03857696056365967
0.0 0.0 0.04613816738128662
0.0 0.0 0.048554837703704834
0.0 0.0 0.05148971080780029
0.0 0.0 0.0504612922668457
0.0 0.0 0.04862654209136963
0.0 0.0 0.050904154777526855
0.0 0.0 0.05111849308013916
0.0 0.015610963106155396 0.04806399345397949
0.0 0.0 0.03513854742050171
0.0 0.0 0.030421674251556396
0.004639625549316406 0.029691964387893677 0.02491772174835205
0.0 0.05524131655693054 0.012751936912536621
0.004933059215545654 0.05352339148521423 0.014141321182250977
0.04712963104248047 0.04585137963294983 0.0
0.05165666341781616 0.055388450622558594 0.0
0.06901003420352936 0.0706326961517334 0.0
0.08526459336280823 0.08617040514945984 0.0
0.09486837685108185 0.08935409784317017 0.0
0.10585625469684601 0.0935477614402771 0.0
0.1115177571773529 0.09923869371414185 0.0
0.10617364943027496 0.1060628890991211 0.0
0.09198309481143951 0.1008729636669159 0.0
0.08295823633670807 0.08566802740097046 0.0
0.08407062292098999 0.07219567894935608 0.0
0.039514124393463135 0.06512236595153809 0.0
0.020142987370491028 0.048063814640045166 0.0
0.007965564727783203 0.026406854391098022 0.0
0.0 0.005035370588302612 0.0176774263381958
0.0 0.0 0.03333204984664917
0.0 0.0 0.04499632120132446
0.0 0.0 0.0503385066986084
0.0 0.0 0.047305941581726074
0.0 0.0 0.038521409034729004
0.0 0.0 0.035033583641052246
0.0 0.0 0.02278757095336914
0.0 0.0 0.02080667018890381
0.0 0.0 0.0239565372467041
0.0 0.003072679042816162 0.014516234397888184
0.0 0.009241610765457153 0.005037546157836914
0.0 0.005021333694458008 0.0
0.0 0.007540255784988403 0.0
0.0062975287437438965 0.005614936351776123 0.0
0.001973479986190796 0.016336560249328613 0.0
0.0037479400634765625 0.01636090874671936 0.0
0.0046787261962890625 0.01162266731262207 0.0
0.0 0.014662235975265503 0.0
0.0003209710121154785 0.01013442873954773 0.0
0.010735869407653809 0.018863797187805176 0.003667891025543213
0.016850709915161133 0.023367345333099365 0.005027472972869873
0.013530388474464417 0.020333319902420044 0.0
0.005055755376815796 0.013852685689926147 0.0
0.005496352910995483 0.011728823184967041 0.0
0.008010178804397583 0.012264877557754517 0.005780160427093506
0.011023730039596558 0.019082725048065186 0.0028166770935058594
0.00039355456829071045 0.018603652715682983 0.0
0.0037390589714050293 0.006655275821685791 0.0
0.0 0.0009188055992126465 0.006429076194763184
0.0 0.0 0.012331008911132812
0.009416118264198303 0.0063606202602386475 0.02867656946182251
0.0029715150594711304 0.007135897874832153 0.0565028190612793
0.007423922419548035 0.0 0.04954606294631958
0.0 0.0 0.02517557144165039
0.0 0.008420884609222412 0.032514095306396484
0.008489355444908142 0.019842177629470825 0.050579726696014404
0.01896326243877411 0.041744381189346313 0.07922494411468506
0.06808903813362122 0.08188053965568542 0.003732442855834961
0.11413711309432983 0.10660344362258911 0.0
0.1992630958557129 0.17156478762626648 0.0
0.2182643711566925 0.2304479479789734 0.0
0.2213924527168274 0.2955416440963745 0.0
0.236799418926239 0.41715940833091736 0.0
0.18695825338363647 0.3907654583454132 0.0
0.12842202186584473 0.32207414507865906 0.0
0.05148977041244507 0.21904900670051575 0.0
0.0 0.10077041387557983 0.0
0.0 0.0 0.0
0.0 0.0 0.0
0.0 0.0 0.27827024459838867
0.0 0.0 0.688117265701294
0.0 0.0 0.49686992168426514
0.0 0.16410428285598755 0.37482237815856934
0.0 0.3591318428516388 0.3247058391571045
0.0 0.4811790883541107 0.4014941453933716
0.0 0.5261247158050537 0.4394468069076538
0.0 0.47659778594970703 0.46883654594421387
0.0 0.5086351633071899 0.5309059619903564
0.0 0.5962161421775818 0.5182068347930908
0.0 0.6253266930580139 0.5403121709823608
0.0 0.6413767337799072 0.5548745393753052
0.0 0.5869252681732178 0.5619698762893677
0.0 0.6149095296859741 0.441145122051239
0.0 0.6939034461975098 0.33529728651046753
0.013308525085449219 0.6141171455383301 0.2962910532951355
0.05662928521633148 0.32829350233078003 0.43349623680114746
0.0 0.5235236883163452 0.4375423789024353
0.0 0.4236043095588684 0.29379022121429443
0.02664080262184143 0.4538331627845764 0.3193706274032593
0.041062042117118835 0.42403745651245117 0.18125474452972412
0.07241089642047882 0.4154646396636963 0.09408742189407349
0.14905454218387604 0.3766959309577942 0.06143289804458618
0.16471676528453827 0.33616459369659424 0.013052225112915039
0.09924289584159851 0.2535555958747864 0.0
0.01655709370970726 0.216158926486969 0.0
0.037396423518657684 0.10853368043899536 0.0
0.030705757439136505 0.01928722858428955 0.0
0.003811076283454895 0.0 0.0
0.0 0.00616002082824707 0.0
0.0 0.07815247774124146 0.0
0.0 0.08463647961616516 0.0
0.0 0.07059407234191895 0.0
0.0 0.0603865385055542 0.0
0.0 0.064536452293396 0.0
0.0 0.06753480434417725 0.0
0.008998453617095947 0.054966866970062256 0.003656923770904541
0.022899717092514038 0.03059127926826477 0.010559916496276855
0.030425965785980225 0.010133951902389526 0.006350517272949219
0.05707386136054993 0.012814432382583618 0.02177596092224121
0.062241241335868835 0.025038570165634155 0.019272208213806152
0.05170296132564545 0.042397260665893555 0.02369856834411621
0.023646384477615356 0.03796595335006714 0.02088373899459839
0.015213310718536377 0.03347212076187134 0.023744404315948486
0.014226466417312622 0.021482229232788086 0.016686201095581055
0.01684148609638214 0.019890666007995605 0.008513569831848145
0.008222073316574097 0.01998552680015564 0.002393782138824463
0.012602895498275757 0.013744235038757324 0.008808135986328125
0.013632267713546753 0.02196022868156433 0.0037692785263061523
0.01011011004447937 0.018694430589675903 0.0
0.000652700662612915 0.01460757851600647 0.0003331899642944336
0.0 0.009220242500305176 0.0
0.0073041170835494995 0.01491895318031311 0.003749251365661621
0.0007511228322982788 0.011643439531326294 0.0008813142776489258
0.0 0.00739559531211853 0.0002028942108154297
0.0 0.01378411054611206 0.008669376373291016
0.0 0.012432336807250977 0.0015284419059753418
0.0025751888751983643 0.01857537031173706 0.0
0.010339394211769104 0.01815265417098999 0.003694593906402588
0.0028081536293029785 0.01962849497795105 0.0
0.0035345852375030518 0.019321739673614502 0.0
0.012879893183708191 0.01937803626060486 0.0003676414489746094
0.015128642320632935 0.030580788850784302 0.0
0.021543562412261963 0.02721884846687317 0.004938900470733643
0.015164554119110107 0.02334532141685486 0.001116931438446045
0.01449073851108551 0.014473915100097656 0.004907190799713135
0.003764227032661438 0.010416030883789062 0.0011122822761535645
0.0 0.012843936681747437 0.013029515743255615
0.0 0.011590808629989624 0.01834726333618164
0.0 0.004492610692977905 0.0063446760177612305
0.0 0.0036195218563079834 0.0
0.0 0.0060679614543914795 0.0
0.0 0.0052412450313568115 0.0
0.0 0.0067816078662872314 0.0
0.0 0.010513991117477417 0.0
0.0 0.015279948711395264 0.0
0.0 0.01848462224006653 0.0
0.0020924657583236694 0.018628805875778198 0.0
0.0 0.014852643013000488 0.0
0.012328535318374634 0.017181992530822754 0.0
0.007959529757499695 0.020387381315231323 0.0
0.006826475262641907 0.018110811710357666 0.0
0.008550569415092468 0.020153909921646118 0.0033789873123168945
0.010198906064033508 0.022085189819335938 0.004966020584106445
0.006652086973190308 0.016229689121246338 0.0034675002098083496
0.0018923282623291016 0.015993744134902954 0.0
0.0020176470279693604 0.013718366622924805 0.0
0.004190504550933838 0.016144484281539917 0.0
0.011828303337097168 0.018201738595962524 0.005486488342285156
0.01837867498397827 0.024304211139678955 0.01960211992263794
0.011810347437858582 0.020681232213974 0.01334148645401001
0.025876760482788086 0.015803396701812744 0.00623631477355957
0.035739555954933167 0.033989548683166504 0.012517869472503662
0.027904361486434937 0.04562133550643921 0.0
0.03286074101924896 0.04092290997505188 0.0
0.034230947494506836 0.02887633442878723 0.0
0.0233142226934433 0.012853831052780151 0.0
0.0 0.0 0.0
0.0 0.0 0.005494892597198486
0.0 0.0 0.018426179885864258
0.0 0.005348712205886841 0.026083827018737793
0.0 0.001666426658630371 0.01759260892868042
0.0 0.0 0.023654937744140625
0.0 0.0 0.014971137046813965
0.0 0.0 0.008475005626678467
0.0 0.0 0.0
0.0 0.0 0.0
0.0004035830497741699 0.005195260047912598 0.0
0.006261065602302551 0.025297105312347412 0.0
0.0 0.07561430335044861 0.0
0.0 0.07684832811355591 0.007203996181488037
0.003840118646621704 0.04312059283256531 0.01369011402130127
0.004084944725036621 0.010178446769714355 0.017493784427642822
0.001744598150253296 0.0 0.04052615165710449
0.0 0.0 0.023412108421325684
0.0 0.0 0.02484685182571411
0.017105191946029663 0.002186685800552368 0.005163729190826416
0.020852088928222656 0.03278443217277527 0.0
0.026255890727043152 0.018544912338256836 0.0
0.024497970938682556 0.01946166157722473 0.0
0.010867580771446228 0.016670525074005127 0.0
0.014838263392448425 0.022939741611480713 0.0
0.019572019577026367 0.023945868015289307 0.006919682025909424
0.022741883993148804 0.02160319685935974 0.005257964134216309
0.013885796070098877 0.014047116041183472 0.014445841312408447
0.00513419508934021 0.011362344026565552 0.010810256004333496
0.0014320313930511475 0.013394474983215332 0.008025169372558594
0.006919458508491516 0.013853788375854492 0.009825825691223145
0.007600367069244385 0.014248549938201904 0.008595705032348633
0.0018059909343719482 0.010784417390823364 0.0009024143218994141
0.0 0.005246490240097046 0.0
0.0015185773372650146 0.009101837873458862 0.0
0.003243580460548401 0.009779542684555054 0.0
0.008334070444107056 0.015501558780670166 0.0
0.0052553266286849976 0.013540327548980713 0.0
0.0041245222091674805 0.01128879189491272 0.0
0.004158303141593933 0.013462960720062256 0.0035143494606018066
0.003725379705429077 0.019811302423477173 0.004433929920196533
0.013688892126083374 0.019967645406723022 0.01658320426940918
0.018099680542945862 0.01795610785484314 0.022768795490264893
0.004771888256072998 0.013405770063400269 0.011073470115661621
0.00025331974029541016 0.011113196611404419 0.0040163397789001465
0.0025625377893447876 0.016416460275650024 0.0
0.006932646036148071 0.01358768343925476 0.0
0.0 0.016902118921279907 0.0
0.0 0.01253858208656311 0.0
0.00048530101776123047 0.012578785419464111 0.0
0.0019096434116363525 0.010767579078674316 0.0
0.0012679845094680786 0.009295642375946045 0.004108905792236328
0.0 0.01234385371208191 0.0
0.0 0.014683425426483154 0.0
0.001652047038078308 0.013671517372131348 0.0
0.004188939929008484 0.01387074589729309 0.0
0.004477754235267639 0.014952987432479858 0.0
0.006894782185554504 0.021311908960342407 0.0011847615242004395
0.009328335523605347 0.02589237689971924 0.019173741340637207
0.0035126209259033203 0.021240144968032837 0.016631901264190674
0.005278289318084717 0.022517085075378418 0.02236795425415039
0.009005680680274963 0.01660633087158203 0.01623225212097168
0.008348554372787476 0.015799343585968018 0.010074257850646973
0.006422132253646851 0.0130043625831604 0.012667477130889893
0.0 0.007249265909194946 0.007113814353942871
0.0 0.007413983345031738 0.0
0.0 0.006673455238342285 0.0
0.002757653594017029 0.010278403759002686 0.0
0.0 0.016706526279449463 0.0
0.011005520820617676 0.014903217554092407 0.0
0.011709660291671753 0.020749002695083618 0.0016360282897949219
0.019933074712753296 0.016165167093276978 0.006098508834838867
0.012124240398406982 0.015945464372634888 0.000577390193939209
0.010365575551986694 0.009943723678588867 0.0
0.007370561361312866 0.00770038366317749 0.0
0.0 0.009130477905273438 0.0
0.0026050209999084473 0.017911314964294434 0.0
0.0 0.012794852256774902 0.0
0.0 0.005656540393829346 0.0
0.0 0.006809532642364502 0.0
0.0 0.007104396820068359 0.0
0.0009729862213134766 0.009528160095214844 0.0
0.006165117025375366 0.013381928205490112 0.0
0.005058661103248596 0.015123367309570312 0.006139159202575684
0.0 0.019404351711273193 0.01424473524093628
0.007157042622566223 0.016721129417419434 0.019407927989959717
0.007659941911697388 0.016510069370269775 0.019339919090270996
0.012662291526794434 0.017495453357696533 0.019891798496246338
0.01066569983959198 0.014866888523101807 0.014694690704345703
0.0 0.007743507623672485 0.006130576133728027
0.0027366578578948975 0.00916019082069397 0.0010702013969421387
0.009785592555999756 0.011597394943237305 0.003748655319213867
0.014630511403083801 0.013119667768478394 0.0005186200141906738
0.0037473738193511963 0.01326751708984375 0.0
0.0 0.01191943883895874 0.0
0.00029015541076660156 0.0018121302127838135 0.0
0.0 0.012744307518005371 0.004259347915649414
0.004106462001800537 0.014225572347640991 0.002804279327392578
0.004575386643409729 0.014273315668106079 0.007857143878936768
0.0018381774425506592 0.01029425859451294 0.00560373067855835
0.008020654320716858 0.011011004447937012 0.007215261459350586
0.008186876773834229 0.008563846349716187 0.006131410598754883
0.0036978572607040405 0.010800212621688843 0.00817883014678955
0.004533261060714722 0.011185824871063232 0.010002374649047852
0.005185559391975403 0.01408645510673523 0.018181681632995605
0.0038487613201141357 0.014861583709716797 0.0027347207069396973
0.0028268545866012573 0.013853192329406738 0.0
0.0017983615398406982 0.01842111349105835 0.0
0.0013622939586639404 0.009492486715316772 0.0
0.003157198429107666 0.013860583305358887 0.0
0.003759607672691345 0.010626733303070068 0.0
0.0066849589347839355 0.01432839035987854 0.0
0.0073795318603515625 0.015284895896911621 0.0038405656814575195
0.0 0.010409325361251831 0.0
0.004876777529716492 0.01529771089553833 0.006836891174316406
0.009038105607032776 0.014957517385482788 0.005850493907928467
0.0026593953371047974 0.011422961950302124 0.0
0.00032806396484375 0.006742149591445923 0.005898177623748779
0.0 0.008210569620132446 0.005524575710296631
0.0010903924703598022 0.010131150484085083 0.00467836856842041
0.006776168942451477 0.012533217668533325 0.002530992031097412
0.0046259015798568726 0.01179853081703186 0.00427478551864624
0.0 0.012405216693878174 0.0
0.0028342604637145996 0.010836094617843628 0.0
0.0009694397449493408 0.011851876974105835 0.0
0.007809549570083618 0.013588368892669678 0.0
0.0 0.011588096618652344 0.0
0.001914680004119873 0.011352688074111938 0.0009683370590209961
0.009329408407211304 0.015097945928573608 0.005433619022369385
0.000939100980758667 0.011301547288894653 0.0
0.0015227645635604858 0.013158231973648071 0.0
0.003401651978492737 0.008181929588317871 0.0
0.0008042603731155396 0.014031410217285156 0.0071035027503967285
0.0018259286880493164 0.008088856935501099 0.0042604804039001465
0.006972551345825195 0.009649306535720825 0.010820627212524414
0.0052683353424072266 0.009266823530197144 0.00011169910430908203
0.004366472363471985 0.012516021728515625 0.005836844444274902
0.002935931086540222 0.013234198093414307 0.0007205605506896973
0.002353757619857788 0.01527377963066101 0.0
0.0 0.010558396577835083 0.0
0.0 0.011531621217727661 0.0
0.0023846179246902466 0.011178731918334961 0.0
0.0005650520324707031 0.011519938707351685 0.0
0.0004436224699020386 0.013400167226791382 0.0
0.001959383487701416 0.010551422834396362 0.0
0.0 0.012979686260223389 0.0023998618125915527
0.005656912922859192 0.010943382978439331 0.0030279159545898438
0.006927758455276489 0.013371139764785767 0.007414579391479492
0.008488044142723083 0.00821879506111145 0.008052706718444824
0.009735971689224243 0.014681071043014526 0.010911345481872559
0.00969761610031128 0.010412365198135376 0.005699098110198975
0.0026101768016815186 0.014895439147949219 0.0024614334106445312
0.003507077693939209 0.011511415243148804 0.0
0.0 0.009954363107681274 0.0
0.0 0.010928422212600708 0.0
0.0 0.00859755277633667 0.0
0.0 0.00881996750831604 0.0
0.0 0.0071936845779418945 0.005345344543457031
0.0 0.00823301076889038 0.004534304141998291
0.005592569708824158 0.010524123907089233 0.007349729537963867
0.0030111968517303467 0.01227608323097229 0.005579888820648193
0.0024728626012802124 0.011622846126556396 0.0017709732055664062
0.0017441660165786743 0.015860944986343384 0.0
0.007832005620002747 0.01635366678237915 0.0
0.00976569950580597 0.011963456869125366 0.0
0.0023911893367767334 0.009534329175949097 0.00016701221466064453
0.006617739796638489 0.01223096251487732 0.008949756622314453
0.009161815047264099 0.01804482936859131 0.009576022624969482
0.004970818758010864 0.020806998014450073 0.0
0.014627635478973389 0.023889988660812378 0.0
0.025458797812461853 0.020099133253097534 0.0
0.020870238542556763 0.011863946914672852 0.004038512706756592
0.013770118355751038 0.006269872188568115 0.009919524192810059
0.0 0.005667001008987427 0.007909238338470459
0.0 0.008523643016815186 0.0005395412445068359
0.0 0.00040900707244873047 0.0
0.005073815584182739 0.0 0.006808459758758545
0.026904061436653137 0.008028596639633179 0.020438551902770996
0.03992214798927307 0.0 0.001811683177947998
0.005505159497261047 0.0 0.0009465217590332031
0.0 0.006872802972793579 0.0
0.026334092020988464 0.05531105399131775 0.0
0.08594326674938202 0.18430903553962708 0.0
0.296852171421051 0.3701982796192169 0.0
0.37211814522743225 0.49503710865974426 0.0
0.17464184761047363 0.5819275379180908 0.0
0.050988733768463135 0.44316619634628296 0.0
0.191400945186615 0.26838815212249756 0.0
0.1965029239654541 0.22334635257720947 0.0
0.17702215909957886 0.12321498990058899 0.0
0.084450364112854 0.06336221098899841 0.0
0.008830487728118896 0.0 0.0
0.0 0.0 0.0
0.0 0.0 0.0
0.0 0.0 0.3586142063140869
0.0 0.0 0.22451329231262207
0.0 0.1921551525592804 0.19100141525268555
0.0 0.45315203070640564 0.21454346179962158
0.0 0.6652833223342896 0.34481656551361084
0.0 0.7161530256271362 0.5674771070480347
0.0 0.6292542815208435 0.6935030221939087
0.0 0.6755425930023193 0.6746457815170288
0.0 0.9050275683403015 0.5125712156295776
0.0 0.87259840965271 0.4643247127532959
0.0 0.6352672576904297 0.503677487373352
0.0 0.5326810479164124 0.5808453559875488
0.0 0.6279253959655762 0.5139003992080688
0.0 0.8630694150924683 0.4605700969696045
0.0 0.8870531916618347 0.3604471683502197
0.0 0.7319297194480896 0.3456552028656006
0.027863815426826477 0.5882030725479126 0.36403918266296387
0.0 0.5078027248382568 0.3329852223396301
0.0 0.5158489942550659 0.36964482069015503
0.004545032978057861 0.49900567531585693 0.3080529570579529
0.02913042902946472 0.5277755856513977 0.21262133121490479
0.041296109557151794 0.4261179566383362 0.24388843774795532
0.023550361394882202 0.3947697877883911 0.23762643337249756
0.010201767086982727 0.43168210983276367 0.17681610584259033
0.029741749167442322 0.41281843185424805 0.12641382217407227
0.04215674102306366 0.40898698568344116 0.03750967979431152
0.032037243247032166 0.44899725914001465 0.0
0.10504314303398132 0.3814717233181 0.0
0.14222265779972076 0.3232608735561371 0.0
0.0815354734659195 0.30741170048713684 0.0
0.024726681411266327 0.2648114264011383 0.0
0.05696959048509598 0.00019900500774383545 0.0
0.0 0.044352754950523376 0.0
0.0 0.025002285838127136 0.0
0.0 0.0 0.0
0.0 0.0 0.0
0.0 0.04496493935585022 0.0
0.0 0.07752460241317749 0.0
0.004045963287353516 0.10970377922058105 0.0
0.007024869322776794 0.09110400080680847 0.06872278451919556
0.0009064972400665283 0.06478279829025269 0.11456573009490967
0.0 0.036620885133743286 0.14569634199142456
0.0 0.013093560934066772 0.14884966611862183
0.0 0.0 0.11265313625335693
0.0 0.0 0.07338947057723999
0.007925055921077728 0.0 0.04075080156326294
0.021143604069948196 0.008378714323043823 0.0034246444702148438
0.028826802968978882 0.026113182306289673 0.0
0.04069734364748001 0.020603686571121216 0.0
0.03265192359685898 0.013999968767166138 0.0
0.017083562910556793 0.00948333740234375 0.0
0.013884760439395905 0.0011476576328277588 0.0
0.0 0.0013106465339660645 0.0
0.0 0.008469074964523315 0.0
0.0 0.020214229822158813 0.0
0.0 0.022789746522903442 0.0
0.0 0.029282867908477783 0.0
0.00875023752450943 0.026343196630477905 0.0
0.020239979028701782 0.023498743772506714 0.007726073265075684
0.002026766538619995 0.007280141115188599 0.008813083171844482
0.006080150604248047 0.009808212518692017 0.00393986701965332
0.0 0.00831875205039978 0.01624143123626709
0.011159159243106842 0.01065012812614441 0.017158687114715576
0.012987494468688965 0.020240366458892822 0.021205544471740723
0.0 0.009646594524383545 0.010468363761901855
0.0 0.017117470502853394 0.0
0.01245187222957611 0.0261460542678833 0.002170383930206299
0.019878752529621124 0.029400527477264404 0.0
0.0089358389377594 0.02193954586982727 0.0
0.0 0.014177769422531128 0.0
0.0 0.001909106969833374 0.0
0.0 0.012110471725463867 0.0
0.00514732301235199 0.015562742948532104 0.0
0.0 0.011193156242370605 0.0
0.0 0.00961962342262268 0.0
0.0 0.0 0.0013312101364135742
0.0 0.001128077507019043 0.0
0.0 0.0 0.0
0.0 0.001640915870666504 0.0
0.0 0.002923250198364258 0.014111936092376709
0.0 0.00913289189338684 0.008477449417114258
0.0 0.012430787086486816 0.0033133625984191895
0.009686984121799469 0.014061689376831055 0.0
0.0338534340262413 0.03406625986099243 0.0009114742279052734
0.06819899380207062 0.07490286231040955 0.0
0.11080026626586914 0.07667917013168335 0.0
0.0878724753856659 0.10598665475845337 0.0
0.09977233409881592 0.09653565287590027 0.0
0.14049950242042542 0.10484352707862854 0.013522922992706299
0.16276352107524872 0.10493969917297363 0.011941790580749512
0.13272488117218018 0.1420828402042389 0.005551576614379883
0.12250196933746338 0.12964391708374023 0.0
0.09016981720924377 0.13257142901420593 0.0
0.06436756253242493 0.11171013116836548 0.0
0.029282718896865845 0.06421351432800293 0.0
0.0 0.026699185371398926 0.0
0.0 0.0 0.0
0.0 0.0 0.00667881965637207
0.0 0.0 0.037778258323669434
0.0 0.0 0.06343114376068115
0.0 0.0 0.07118427753448486
0.0 0.0 0.06873458623886108
0.0 0.0 0.0678589940071106
0.0 0.0 0.05750894546508789
0.0 0.0 0.07545673847198486
0.0 0.0 0.09205561876296997
0.0 0.008688420057296753 0.0919034481048584
0.0 0.02878221869468689 0.07655030488967896
0.0 0.052715420722961426 0.0454326868057251
0.0046709999442100525 0.09307268261909485 0.034211158752441406
0.05282770097255707 0.11872470378875732 0.005927085876464844
0.11000160127878189 0.1142612099647522 0.0
0.14789137244224548 0.11295801401138306 0.0
0.1648835390806198 0.12013182044029236 0.0
0.2095940262079239 0.12975811958312988 0.0
0.23429696261882782 0.15569144487380981 0.0
0.23164726793766022 0.17768192291259766 0.0
0.23216551542282104 0.18159693479537964 0.0
0.20766133069992065 0.17813408374786377 0.0
0.1678897738456726 0.16476133465766907 0.0
0.14522793889045715 0.14765608310699463 0.0
0.11069972813129425 0.1213279664516449 0.0
0.03789171576499939 0.09802025556564331 0.0
0.0 0.057609230279922485 0.0
0.0 0.02022343873977661 0.0
0.0 0.0 0.015087127685546875
0.0 0.0 0.02694922685623169
0.0 0.0 0.023447692394256592
0.0 0.0 0.02856278419494629
0.0 0.0 0.0485721230506897
0.0 0.0 0.07486331462860107
0.0 0.0 0.08279836177825928
0.0 0.0 0.07447713613510132
0.0 0.0 0.06577295064926147
0.0 0.0 0.08319568634033203
0.0 0.0 0.09166592359542847
0.0 0.0 0.08584636449813843
0.0 0.0 0.08573400974273682
0.0 0.0 0.05744314193725586
0.0 0.03488430380821228 0.03632837533950806
0.01984623819589615 0.07741788029670715 0.020480215549468994
0.06143409013748169 0.11076775193214417 0.0
0.11723078787326813 0.12004289031028748 0.0
0.165142223238945 0.14211010932922363 0.0
0.18683338165283203 0.15294912457466125 0.0
0.2164301872253418 0.15396824479103088 0.0
0.22318214178085327 0.16394490003585815 0.0
0.20522350072860718 0.17135381698608398 0.0
0.1789657175540924 0.15885847806930542 0.0
0.14824098348617554 0.13908162713050842 0.0
0.13185688853263855 0.12297120690345764 0.0
0.10851986706256866 0.10460123419761658 0.0
0.07430314272642136 0.08548563718795776 0.0
0.025669388473033905 0.0499209463596344 0.0021227002143859863
0.0 0.020939379930496216 0.01186448335647583
0.0 0.0 0.031791627407073975
0.0 0.0 0.03414708375930786
0.0 0.0 0.024374008178710938
0.0 0.0 0.021759092807769775
0.0 0.0 0.018422365188598633
0.0 0.0 0.03069901466369629
0.0 0.0 0.03515815734863281
0.0 0.0 0.03072601556777954
0.0 0.0 0.021262705326080322
0.0 0.0 0.02093750238418579
0.0 0.0 0.029245316982269287
0.0 0.0 0.024218857288360596
0.0 0.003947049379348755 0.013593077659606934
0.0 0.015163898468017578 0.008101582527160645
0.0 0.005060672760009766 0.01239776611328125
0.0 0.0 0.02012556791305542
0.01853019744157791 0.0037263333797454834 0.019842207431793213
0.012852847576141357 0.02094632387161255 0.009118139743804932
0.013144463300704956 0.03339114785194397 0.0
0.021097294986248016 0.047815531492233276 0.0
0.06279118359088898 0.06923654675483704 0.0
0.08003486692905426 0.09034574031829834 0.0
0.1092098206281662 0.09064102172851562 0.0
0.1343211531639099 0.10141512751579285 0.0
0.15107068419456482 0.10836532711982727 0.0
0.15687879920005798 0.11409378051757812 0.0
0.16688016057014465 0.11355271935462952 0.0
0.156154602766037 0.12661826610565186 0.0
0.14607283473014832 0.12979602813720703 0.0
0.13497258722782135 0.12709680199623108 0.0
0.1144508570432663 0.12132522463798523 0.0
0.05504605174064636 0.09766164422035217 0.0
0.010404080152511597 0.06293365359306335 0.0
0.0 0.041824162006378174 0.0
0.0 0.034149765968322754 0.007280945777893066
0.0 0.0239408016204834 0.011401951313018799
0.0 0.0 0.013445377349853516
0.0 0.0 0.022872567176818848
0.0 0.0 0.04154229164123535
0.0 0.0 0.063507080078125
0.0 0.0 0.06523716449737549
0.0 0.0 0.051422297954559326
0.0 0.0 0.05200570821762085
0.0 0.0 0.051845431327819824
0.0 0.0 0.05512237548828125
0.0 0.0 0.04596525430679321
0.0 0.0 0.037309110164642334
0.0 0.0 0.02985203266143799
0.0 0.0 0.020296037197113037
0.0 0.0006935298442840576 0.01704549789428711
0.013446807861328125 0.024047404527664185 0.006673276424407959
0.01907774806022644 0.04457765817642212 0.0
0.03173530101776123 0.053197115659713745 0.0
0.05068950355052948 0.060117244720458984 0.0
0.06929302215576172 0.06750887632369995 0.0
0.05602428317070007 0.06897875666618347 0.0
0.0805211216211319 0.05923771858215332 0.0
0.08844731748104095 0.06843701004981995 0.0
0.09854233264923096 0.0706990659236908 0.0
0.08647865056991577 0.0685487687587738 0.0
0.07384592294692993 0.06458941102027893 0.0
0.0679728239774704 0.05173054337501526 0.0
0.06139909476041794 0.04683831334114075 0.0
0.03919112682342529 0.0380021333694458 0.0
0.02281578630208969 0.03257825970649719 0.0
0.015464529395103455 0.02474159002304077 0.007507920265197754
0.022190511226654053 0.018804699182510376 0.017030835151672363
0.02255330979824066 0.025054067373275757 0.013624012470245361
0.017974644899368286 0.021976977586746216 0.005159139633178711
0.003970429301261902 0.019473165273666382 0.004455864429473877
0.0 0.007775396108627319 0.0013074874877929688
0.0 0.0 0.0056632161140441895
0.0 0.0016896724700927734 0.010267257690429688
0.0 0.0 0.0
0.0 0.0 0.0
0.0 0.0 0.0
0.0 0.0 0.0026262998580932617
0.0 0.00416681170463562 0.008561789989471436
0.0 0.010699957609176636 0.0021587610244750977
0.0 0.009784966707229614 0.0005123019218444824
0.0 0.008192628622055054 0.0
0.0 0.009049534797668457 0.0
0.008842960000038147 0.011635780334472656 0.0011266469955444336
0.015069156885147095 0.017369091510772705 0.0005573034286499023
0.018458440899848938 0.020959466695785522 0.0
0.013660013675689697 0.023789405822753906 0.0
0.014982059597969055 0.02287614345550537 0.0
0.01883624494075775 0.02314409613609314 0.002123594284057617
0.017578989267349243 0.020407140254974365 0.0
0.00974874198436737 0.020169615745544434 0.0010496973991394043
0.002275213599205017 0.013163715600967407 0.0
0.001961320638656616 0.010404020547866821 0.0
0.0006498098373413086 0.010131746530532837 0.0
0.0009640604257583618 0.016023755073547363 0.00704878568649292
0.0007336735725402832 0.015727341175079346 0.006571948528289795
0.0004911273717880249 0.012554287910461426 0.0061370134353637695
0.004006817936897278 0.00992920994758606 0.008799314498901367
0.0028596073389053345 0.007804930210113525 0.0030664801597595215
0.005621656775474548 0.009154587984085083 0.003467381000518799
0.01023593544960022 0.01609817147254944 0.008103013038635254
0.01287129521369934 0.016983121633529663 0.010083198547363281
0.007859766483306885 0.018396973609924316 0.004591763019561768
0.009897485375404358 0.01706603169441223 0.0
0.0019598007202148438 0.01805102825164795 0.0
0.0 0.011489927768707275 0.0
0.0019255578517913818 0.014657139778137207 0.0
0.0014130622148513794 0.019168496131896973 0.0
0.0 0.011117726564407349 0.0
0.0 0.007895141839981079 0.0
0.010085463523864746 0.010076761245727539 0.0032062530517578125
0.005543828010559082 0.012646853923797607 0.008530735969543457
0.010787039995193481 0.010657787322998047 0.011151909828186035
0.0062140971422195435 0.0149289071559906 0.010113835334777832
0.011462464928627014 0.01515313982963562 0.007399022579193115
0.013311073184013367 0.024332284927368164 0.009328663349151611
0.006024226546287537 0.01580950617790222 0.0
0.008207961916923523 0.01968306303024292 0.0
0.0039766281843185425 0.018984347581863403 0.0
0.0 0.005606204271316528 0.0
0.005198433995246887 0.012808918952941895 0.0
0.010940656065940857 0.013893157243728638 0.0027791857719421387
0.004598945379257202 0.01259160041809082 0.003225982189178467
0.002445712685585022 0.014870405197143555 0.00695347785949707
0.004568308591842651 0.01619383692741394 0.010106086730957031
0.010804057121276855 0.016999006271362305 0.006260871887207031
0.0 0.014263838529586792 0.0
0.0056934356689453125 0.005687147378921509 0.0023502707481384277
0.0038054436445236206 0.013790696859359741 0.006350696086883545
0.0 0.009332120418548584 0.0
0.004757434129714966 0.01223704218864441 0.0006978511810302734
0.0079440176486969 0.016464680433273315 0.0028301477432250977
0.0077818334102630615 0.01479196548461914 0.0
0.0012737363576889038 0.016962766647338867 0.0
0.004206657409667969 0.010270029306411743 0.0
0.005116716027259827 0.013754129409790039 0.004877448081970215
0.0006820261478424072 0.010080069303512573 0.002701282501220703
0.0006684213876724243 0.011128097772598267 0.0
0.0025229454040527344 0.01583540439605713 0.002067089080810547
0.005823239684104919 0.012212604284286499 0.006316065788269043
0.004174128174781799 0.014521658420562744 0.005800127983093262
0.005131527781486511 0.011736661195755005 0.0035302042961120605
0.0042000412940979 0.008874773979187012 0.0036908388137817383
0.00397104024887085 0.01298832893371582 0.0
0.010348916053771973 0.016667455434799194 0.0015976428985595703
0.0071802884340286255 0.018378913402557373 0.0
0.006132915616035461 0.01599961519241333 0.0
0.006061360239982605 0.013235628604888916 0.0005216598510742188
0.0 0.009506136178970337 0.0
0.0006307214498519897 0.011745631694793701 0.0035275816917419434
0.0014151930809020996 0.007734328508377075 0.0012018084526062012
0.0 0.010172128677368164 0.0008225440979003906
0.0 0.006643146276473999 0.0012314915657043457
0.0 0.0010912716388702393 0.0
0.0 0.002971172332763672 0.0
0.0 0.006507575511932373 0.0
0.0 0.016154557466506958 0.0
0.008133456110954285 0.017942458391189575 0.0008246302604675293
0.008874744176864624 0.014849603176116943 0.0
0.015219539403915405 0.019302189350128174 0.0066950321197509766
0.01144757866859436 0.012635588645935059 0.009892165660858154
0.006757199764251709 0.012495309114456177 0.0057486891746521
0.001299530267715454 0.0055616796016693115 0.01381385326385498
0.0 0.0 0.0011189579963684082
0.0 0.0 0.0
0.0 0.0 0.0
0.0 0.0 0.0
0.0 0.0 0.014306366443634033
0.03086969256401062 0.05396375060081482 0.03395652770996094
0.1469176560640335 0.15260741114616394 0.013180077075958252
0.30034059286117554 0.19595900177955627 0.0
0.33229684829711914 0.2742321491241455 0.0
0.3062906265258789 0.28489571809768677 0.0
0.3379780054092407 0.32205069065093994 0.0
0.3617666959762573 0.23023658990859985 0.0
0.18356800079345703 0.1505095362663269 0.0
0.009664058685302734 0.06564599275588989 0.0
0.0 0.0 0.0
0.0 0.0 0.0
0.0 0.0017565786838531494 0.0
0.0 0.0 0.1804506778717041
0.0 0.0 0.40147864818573
0.0 0.013303220272064209 0.24939346313476562
0.0 0.20524275302886963 0.06683862209320068
0.0 0.4365798532962799 0.100014328956604
0.0 0.4156704545021057 0.38054680824279785
0.0 0.34700512886047363 0.5993646383285522
0.0 0.40730351209640503 0.6475343704223633
0.0 0.623609721660614 0.5891815423965454
0.0 0.7619677782058716 0.47524702548980713
0.0 0.6821770668029785 0.44352829456329346
0.0 0.5400702953338623 0.46787750720977783
0.0 0.4852598309516907 0.4642469882965088
0.0 0.5379448533058167 0.41272687911987305
0.0 0.684494137763977 0.315190851688385
0.0 0.6349545121192932 0.29962092638015747
0.0 0.5266628265380859 0.2894477844238281
0.002742081880569458 0.4675385355949402 0.285525381565094
0.0 0.43940556049346924 0.2889662981033325
0.0 0.44243311882019043 0.2750685214996338
0.00014209747314453125 0.4223746657371521 0.2032797932624817
0.06789875030517578 0.40737563371658325 0.1383075714111328
0.12069544196128845 0.4121561646461487 0.14496755599975586
0.1540452539920807 0.3802127242088318 0.1306113600730896
0.09287026524543762 0.35208457708358765 0.07066559791564941
0.0544893741607666 0.3574717044830322 0.0
0.09906654059886932 0.1924518644809723 0.0
0.18331791460514069 0.2256312370300293 0.0
0.1274326890707016 0.13634520769119263 0.0
0.0 0.12370038032531738 0.0
0.0 0.11182588338851929 0.0
0.0 0.03718209266662598 0.0
0.0 0.002687782049179077 0.0
0.0 0.05497246980667114 0.0
0.0 0.05425742268562317 0.0
0.0 0.018437474966049194 0.0
0.0 0.04556712508201599 0.0
0.0 0.042640745639801025 0.0
0.0 0.0935853123664856 0.019589126110076904
0.0 0.05662953853607178 0.023636996746063232
0.010783959180116653 0.03587150573730469 0.02075040340423584
0.007530886679887772 0.008130073547363281 0.027293145656585693
0.0 0.0 0.051795125007629395
0.0 0.0 0.06234133243560791
0.021183591336011887 0.0 0.07795172929763794
0.031017150729894638 0.0 0.024654150009155273
0.023827355355024338 0.01885932683944702 0.0
0.006448470056056976 0.031949907541275024 0.0
0.012081597000360489 0.028819799423217773 0.02708578109741211
0.014179982244968414 0.013965070247650146 0.04184699058532715
0.010131292045116425 0.015890181064605713 0.015888512134552002
0.0 0.021905094385147095 0.0
0.0 0.027925074100494385 0.0
0.010444682091474533 0.020983248949050903 0.0
0.028819162398576736 0.020435184240341187 0.009292364120483398
0.020127788186073303 0.01061248779296875 0.006504654884338379
0.0 0.010554134845733643 0.004768311977386475
0.0 0.001253575086593628 0.006037354469299316
0.0 0.007477164268493652 0.00547868013381958
0.0 0.015236139297485352 0.00998157262802124
0.0 0.013837307691574097 0.0
0.004692085087299347 0.0168495774269104 0.00657343864440918
0.0 0.010923683643341064 0.017384707927703857
0.0 0.013667196035385132 0.012030303478240967
0.0 0.012307524681091309 0.0
0.00046118348836898804 0.022824883460998535 0.0
0.002133764326572418 0.019688576459884644 0.0
0.006293356418609619 0.012726366519927979 0.0036088228225708008
0.0006805956363677979 0.024475038051605225 0.0027406811714172363
0.0 0.029076218605041504 0.0
0.0036169588565826416 0.01947486400604248 0.0
0.01146242767572403 0.01094767451286316 0.0
0.007058918476104736 0.014926403760910034 0.005416810512542725
0.010242708027362823 0.015025556087493896 0.009577155113220215
0.014940440654754639 0.01271599531173706 0.014178216457366943
0.008005157113075256 0.017378687858581543 0.004370450973510742
0.004576459527015686 0.021574676036834717 0.00013822317123413086
0.002718493342399597 0.010148197412490845 0.0
0.0046820566058158875 0.01411166787147522 0.010195910930633545
0.0040146782994270325 0.016391396522521973 0.007619380950927734
0.00593382865190506 0.01894363760948181 0.009559452533721924
0.00603707879781723 0.015566080808639526 0.0015982985496520996
0.0030527636408805847 0.009311020374298096 0.0
0.005653589963912964 0.012370854616165161 0.0021866559982299805
0.0015072152018547058 0.020527273416519165 0.0027766823768615723
0.000683419406414032 0.02288380265235901 0.0011652708053588867
0.003776147961616516 0.0219268798828125 0.0
0.0 0.013117671012878418 0.0
0.0022461041808128357 0.004243314266204834 0.0
0.0 0.018409162759780884 0.0
0.0006581917405128479 0.018645673990249634 0.00251692533493042
0.008337624371051788 0.019332051277160645 0.0021175146102905273
0.0068162307143211365 0.01722705364227295 0.004538357257843018
0.003997303545475006 0.016616731882095337 0.0048187971115112305
0.001941487193107605 0.01351049542427063 0.006670355796813965
0.0 0.01685410737991333 0.01020592451095581
0.0030691325664520264 0.014651328325271606 0.006485104560852051
0.0026148632168769836 0.017766118049621582 0.002796471118927002
0.01104813814163208 0.011407643556594849 0.001810908317565918
0.01078641414642334 0.017818182706832886 0.0
0.009102821350097656 0.022177666425704956 0.0016946792602539062
0.0071433112025260925 0.01980474591255188 0.00803285837173462
0.006988212466239929 0.01899847388267517 0.003262758255004883
0.008802399039268494 0.01929032802581787 0.002775907516479492
0.0026369988918304443 0.015960991382598877 0.0
0.0 0.020548075437545776 0.014718413352966309
0.03446110710501671 0.027015209197998047 0.09048283100128174
0.060415562242269516 0.0 0.07177603244781494
0.0013239160180091858 0.026153773069381714 0.0
0.0 0.03000548481941223 0.0
0.0 0.015084803104400635 0.0
0.0 0.009181439876556396 0.0
0.0 0.026862233877182007 0.0
0.0 0.03208565711975098 0.0
