0.0 0.07017582654953003 0.0
0.0 0.07111704349517822 0.0
0.0 0.0 0.0
0.0 0.0 0.14915990829467773
0.0 0.00931045413017273 0.27861684560775757
0.0 0.030208349227905273 0.25775355100631714
0.6412581205368042 0.015375375747680664 0.0007711648941040039
0.14051160216331482 0.0 0.012212395668029785
0.0 0.0 0.027374744415283203
0.0 0.08179861307144165 0.02540123462677002
0.0 0.06038099527359009 0.04047417640686035
0.0 0.009367197751998901 0.0693632960319519
0.0 0.0 0.06105482578277588
0.0 0.0 0.02483654022216797
0.0 0.05814114212989807 0.021106243133544922
0.0 0.11171883344650269 0.051134586334228516
0.1833069920539856 0.0 0.002790093421936035
0.059042125940322876 0.03190290927886963 0.010132670402526855
0.0 0.04065123200416565 0.03463912010192871
0.03196347504854202 0.022106260061264038 0.08268940448760986
0.0 0.057115793228149414 0.09804648160934448
0.07593701779842377 0.18105465173721313 0.3652949333190918
0.0 0.0 0.0
0.0 0.1799960732460022 0.0
0.0 0.15463495254516602 0.0
0.0 0.05507415533065796 0.021870911121368408
0.04730984941124916 0.15146934986114502 0.03136754035949707
0.20219945907592773 0.0 0.03713381290435791
0.0 0.13287433981895447 0.0
0.0 0.11573344469070435 0.011525750160217285
0.039748482406139374 0.10431736707687378 0.0
0.060885995626449585 0.09084397554397583 0.0
0.029018618166446686 0.07826662063598633 0.0
0.011650897562503815 0.07889705896377563 0.0
0.0 0.07107216119766235 0.0
0.0 0.025024712085723877 0.0
0.0 0.009502381086349487 0.024814367294311523
0.0 0.0 0.021552085876464844
0.0 0.005618780851364136 0.016636908054351807
0.0 0.0 0.019890308380126953
0.0 0.0 0.0
0.0 0.0 0.0
0.0 0.05670073628425598 0.0
0.0 0.08855202794075012 0.023593127727508545
0.027064429596066475 0.026232123374938965 0.027237296104431152
0.017232496291399002 0.0 0.012956202030181885
0.0 0.005329996347427368 0.017101049423217773
0.004808172583580017 0.008289366960525513 0.03175145387649536
0.0 0.0 0.0022794008255004883
0.0 0.008005917072296143 0.0
0.0 0.011516362428665161 0.00251615047454834
0.0 0.005517154932022095 0.0045092105865478516
0.0 0.0 0.015455842018127441
0.0 0.0 0.013787448406219482
0.0 0.001807481050491333 0.004700958728790283
0.0 0.010097801685333252 0.00298464298248291
0.0 0.009672462940216064 0.0071291327476501465
0.0 0.0055772364139556885 0.014701664447784424
0.0 0.002619445323944092 0.009657084941864014
0.0 0.0 0.0034810900688171387
0.0 0.0007163286209106445 0.00857090950012207
0.0 0.001033484935760498 0.008349359035491943
0.0 0.004398763179779053 0.00942152738571167
0.0 0.004198789596557617 0.007516324520111084
0.0 0.005638092756271362 0.0021660923957824707
0.0 0.003156989812850952 0.01318967342376709
0.0 0.0003822147846221924 0.010941147804260254
0.0003973841667175293 0.0 0.012091517448425293
0.0 0.0 0.008614838123321533
0.0 0.0 0.00548398494720459
0.0 0.0 0.020924866199493408
0.0 0.0 0.013566017150878906
0.0 0.0 0.014520645141601562
0.0 0.0 0.010977685451507568
0.0 0.0 0.020594239234924316
0.0 0.0 0.009683609008789062
0.0 0.0 0.0025568008422851562
0.0 0.003535628318786621 0.003471970558166504
0.0 0.0071215033531188965 0.006978929042816162
0.004698008298873901 0.00643274188041687 0.008611202239990234
0.0 0.00469246506690979 0.006680190563201904
0.0 0.001977473497390747 0.005831420421600342
0.0 0.0 0.009637057781219482
0.0 0.0 0.008548498153686523
0.0 0.0 0.011073648929595947
0.0 0.0 0.011827409267425537
0.0 0.005117356777191162 0.007921278476715088
0.0 0.0036967694759368896 0.006774485111236572
0.0 0.002252727746963501 0.006876647472381592
0.0 0.0 0.006505310535430908
0.0 0.001416027545928955 0.011453986167907715
0.0 0.0 0.013294994831085205
0.0 0.0 0.007424652576446533
0.0 0.002329885959625244 0.007790327072143555
0.0 0.002060532569885254 0.007738769054412842
0.0 0.0031005442142486572 0.007454097270965576
0.0 0.004307568073272705 0.003660142421722412
0.0 0.0012809932231903076 0.0037332773208618164
0.0 0.0019338428974151611 0.007659256458282471
0.0 0.003659367561340332 0.011391699314117432
0.0 0.0 0.012100696563720703
0.0 0.0 0.00775676965713501
0.0 0.0 0.005762219429016113
0.0 0.0034027695655822754 0.00704801082611084
0.0 0.003187209367752075 0.0071596503257751465
0.0 0.0 0.010780692100524902
0.0 0.0004267394542694092 0.0077536702156066895
0.0 0.0022763311862945557 0.004843652248382568
0.0 0.000616610050201416 0.009131014347076416
0.0 0.002281010150909424 0.01066356897354126
0.0 0.0 0.010626733303070068
0.0 0.0 0.006574392318725586
0.0 0.0004801154136657715 0.008042633533477783
0.0 0.0018513500690460205 0.0097503662109375
0.0 0.002232670783996582 0.002931833267211914
0.0 0.0 0.009247064590454102
0.0 0.00149458646774292 0.011033773422241211
0.0 0.0 0.005745649337768555
0.0 0.0005638599395751953 0.00401383638381958
0.0 0.0 0.006357848644256592
0.0 0.00364762544631958 0.010190427303314209
0.0 0.0022815167903900146 0.008716285228729248
0.0 0.0013350248336791992 0.010641157627105713
0.0 0.0 0.0016184449195861816
0.0 0.0010988712310791016 0.007203459739685059
0.0 0.0 0.010151088237762451
0.0 0.0 0.010782718658447266
0.0 0.0 0.012012183666229248
0.0 0.004922807216644287 0.005654871463775635
0.0 0.0003745853900909424 0.005522489547729492
0.0 0.0047920942306518555 0.0027524232864379883
0.0 0.002116292715072632 0.00469207763671875
0.000668257474899292 0.00031763315200805664 0.007784426212310791
0.0 0.0011789500713348389 0.010905921459197998
0.0 0.0 0.009892523288726807
0.0 0.0006182193756103516 0.00695115327835083
0.0 0.0 0.006723165512084961
0.0 0.004230499267578125 0.004842162132263184
0.0 0.0 0.008581042289733887
0.0 0.0 0.005657553672790527
0.0 0.0021483898162841797 0.008740246295928955
0.0002330988645553589 0.001315087080001831 0.007192730903625488
0.0010045617818832397 0.0027351975440979004 0.007837116718292236
0.0 0.0012370944023132324 0.005363523960113525
0.0 0.00041800737380981445 0.006097137928009033
0.0 0.0005660653114318848 0.008929014205932617
0.0 0.0025869011878967285 0.008204460144042969
0.0 0.0008380115032196045 0.009471297264099121
0.0 0.00035634636878967285 0.009200990200042725
0.0 0.0008585453033447266 0.003626704216003418
0.0 0.0005204379558563232 0.004548907279968262
0.0 0.0024305880069732666 0.008419394493103027
0.0 0.004048854112625122 0.008167505264282227
0.0 0.001487135887145996 0.0058803558349609375
0.0 0.0 0.002501964569091797
0.0 0.0022590160369873047 0.012077152729034424
0.0 0.0023955106735229492 0.007462501525878906
0.0 0.0 0.008258938789367676
0.0 0.0 0.004128932952880859
0.0 0.0 0.008357465267181396
0.0 0.002112835645675659 0.009600520133972168
0.0 0.0002556443214416504 0.0097121000289917
0.0 0.0 0.005741238594055176
0.0 0.0020080208778381348 0.004592001438140869
0.0007109194993972778 0.0031906962394714355 0.006914019584655762
0.0030638128519058228 0.004374206066131592 0.0105665922164917
0.0 0.0007407963275909424 0.006932318210601807
0.0 0.00020962953567504883 0.006627321243286133
0.0 0.0 0.007873117923736572
0.0 0.0 0.007903337478637695
0.0 0.0 0.011869966983795166
0.0 0.0034020543098449707 0.006566762924194336
0.0 0.00376969575881958 0.003899693489074707
0.0006836876273155212 0.005082964897155762 0.0042078495025634766
0.0 0.0016287267208099365 0.004101395606994629
0.0 0.0030518770217895508 0.01071631908416748
0.0007445216178894043 0.0014408230781555176 0.005733311176300049
0.0 0.0031866133213043213 0.0
0.0 0.002936244010925293 0.0064195990562438965
0.0 0.0 0.01179194450378418
0.0 0.0 0.009380102157592773
0.0 0.0 0.007011532783508301
0.0 0.0 0.007154524326324463
0.0 0.003145188093185425 0.0058969855308532715
0.0005821064114570618 0.00292244553565979 0.009099602699279785
0.003911815583705902 0.0029686689376831055 0.01055443286895752
0.0018340572714805603 0.004301100969314575 0.0025586485862731934
0.0 0.002449899911880493 0.0035684704780578613
0.0 0.002078801393508911 0.006525158882141113
0.0 0.0 0.00866323709487915
0.0 0.0029867589473724365 0.005618155002593994
0.0 0.005782902240753174 0.004797935485839844
0.0 0.0026901066303253174 0.005633056163787842
0.0 0.0 0.013459205627441406
0.0 0.0 0.014236509799957275
0.0 0.0 0.01580876111984253
0.0 0.0 0.0103379487991333
0.0 0.001313537359237671 0.0072765350341796875
0.001976698637008667 0.011091947555541992 0.004355728626251221
0.006774768233299255 0.020037919282913208 0.0
0.0070936232805252075 0.024432510137557983 0.0
0.003998368978500366 0.01858535408973694 0.0
0.01014157384634018 0.004730284214019775 0.006859958171844482
0.009769856929779053 0.0 0.0031467676162719727
0.005376368761062622 0.0 0.011593520641326904
0.0 0.0 0.0143202543258667
0.0 0.0 0.010319352149963379
0.0 0.001710057258605957 0.003689885139465332
0.0 0.008586853742599487 0.005429983139038086
0.0 0.00762292742729187 0.0030103325843811035
0.0036879703402519226 0.005024999380111694 0.0028405189514160156
0.012186363339424133 0.0005908310413360596 0.0038805007934570312
0.007008932530879974 0.005098432302474976 0.005863010883331299
0.0028805136680603027 0.0 0.0038239359855651855
0.0 0.0 0.009441971778869629
0.0 0.0 0.013612806797027588
0.0 0.0 0.017485082149505615
0.0 0.0 0.011564552783966064
0.0 0.0 0.007713437080383301
0.0 0.005803823471069336 0.003972411155700684
0.0057928189635276794 0.008066743612289429 0.0024983882904052734
0.011871054768562317 0.008568823337554932 0.0035821199417114258
0.008178703486919403 0.009084373712539673 0.0034831762313842773
0.0043163001537323 0.007551133632659912 0.00021326541900634766
0.0 0.004254251718521118 0.0005831122398376465
0.0 0.0040871500968933105 0.006560921669006348
0.0 0.0 0.01209336519241333
0.0 0.0 0.010660409927368164
0.0 0.0 0.012782692909240723
0.0 0.0 0.012302637100219727
0.0 0.0 0.011354684829711914
0.0 0.0012104213237762451 0.004587769508361816
0.0 0.0027258098125457764 0.00027740001678466797
0.006338462233543396 0.007415592670440674 0.0037558674812316895
0.0077183544635772705 0.009040772914886475 0.0025142431259155273
0.010518372058868408 0.00638270378112793 0.004884123802185059
0.00037129223346710205 0.000866621732711792 0.006912648677825928
0.003040216863155365 0.0 0.005088150501251221
0.0 0.00041562318801879883 0.007267296314239502
0.0 0.0 0.009232282638549805
0.0 0.00588756799697876 0.002526998519897461
0.0 0.0011692047119140625 0.017316877841949463
0.010800719261169434 0.007787555456161499 0.0042455196380615234
0.0 0.0 0.004300057888031006
0.0 0.0 0.014427602291107178
0.0205080583691597 0.0020447075366973877 0.029010295867919922
0.03445100039243698 0.0 0.018171072006225586
0.029414117336273193 0.04877254366874695 0.0
0.0 0.025046437978744507 0.0
0.0 0.006542503833770752 0.0
0.0 0.0 0.019082248210906982
0.0 0.0 0.03793245553970337
0.0 0.0 0.011903822422027588
0.0 0.0 0.014531373977661133
0.003482922911643982 0.0 0.024586081504821777
0.0 0.0 0.006175875663757324
0.0 0.0012406110763549805 0.0
0.0 0.004485398530960083 0.001962006092071533
0.002554461359977722 0.012412399053573608 0.00726085901260376
0.012063473463058472 0.00983518362045288 0.007429301738739014
0.00731755793094635 0.01837623119354248 0.0
0.00917622447013855 0.010288715362548828 0.0
0.005814880132675171 0.007985413074493408 0.0
0.0027389079332351685 0.0 0.009491443634033203
0.0 0.0 0.012900054454803467
0.0 0.0 0.010247230529785156
0.0 0.0026207566261291504 0.0038810372352600098
0.0 0.0 0.005751192569732666
0.0 0.0013689994812011719 0.0071468353271484375
0.004289314150810242 0.0019508600234985352 0.006701231002807617
0.0024888217449188232 0.004099845886230469 0.0053504109382629395
0.0005932897329330444 0.0 0.0035076141357421875
0.0 0.0 0.012730002403259277
0.0 0.0 0.01184093952178955
0.0 0.0 0.007469534873962402
0.0 0.0035126805305480957 0.0004918575286865234
0.0 0.005175888538360596 0.0036132335662841797
0.0 0.004077017307281494 0.0061492919921875
0.0002887547016143799 0.0029322803020477295 0.005945742130279541
0.0026429742574691772 0.0 0.004624724388122559
0.004089146852493286 0.001975417137145996 0.004122316837310791
0.0 0.0 0.003925919532775879
0.0 0.0 0.012904465198516846
0.0 0.000526130199432373 0.013684749603271484
0.0002324432134628296 0.003376901149749756 0.0019912123680114746
0.0 0.005378633737564087 0.0
0.001586124300956726 0.001872330904006958 0.005044043064117432
0.0 0.0 0.01330500841140747
0.0 0.0 0.010159015655517578
0.0 0.0 0.010099232196807861
0.0 0.0006382763385772705 0.0029344558715820312
0.0 0.0021770894527435303 0.0019635558128356934
0.004090443253517151 0.006021589040756226 0.005738973617553711
0.006512120366096497 0.0035493969917297363 0.01117032766342163
0.00462108850479126 0.0010631382465362549 0.006201267242431641
0.0 0.0019511580467224121 0.003119051456451416
0.0 0.0015425682067871094 0.0009498000144958496
0.0 0.0038626492023468018 0.004709184169769287
0.0 0.0003771185874938965 0.011005043983459473
0.00010184943675994873 0.0 0.009430468082427979
0.0 0.0 0.006221413612365723
0.0 0.0 0.007790327072143555
0.0 0.002172917127609253 0.00690537691116333
0.0020829439163208008 0.00548553466796875 0.010341763496398926
0.002883017063140869 0.0045119524002075195 0.0017323493957519531
0.0017106831073760986 0.0 0.0052297115325927734
0.003248065710067749 0.0006384551525115967 0.004028797149658203
0.0 0.0 0.010492920875549316
0.0 0.0 0.005921661853790283
0.0 0.0 0.014433681964874268
0.0 0.0 0.002203226089477539
0.0 0.0029741227626800537 0.011316061019897461
0.00042714178562164307 0.004170209169387817 0.004693388938903809
0.0 0.00019934773445129395 0.0053487420082092285
0.002346932888031006 0.0017401278018951416 0.005148649215698242
0.007514774799346924 0.0017256438732147217 0.00195467472076416
0.003951221704483032 0.010172277688980103 0.0
0.0036485493183135986 0.0036349594593048096 0.005679965019226074
0.0 0.00095406174659729 0.010490238666534424
0.0 0.0 0.009849309921264648
0.0 0.0 0.004376888275146484
0.0 0.0 0.0026311874389648438
0.0003307759761810303 0.000907599925994873 0.007297039031982422
0.0032595396041870117 0.0008494853973388672 0.008028090000152588
0.0 0.0 0.0050697922706604
0.004539817571640015 0.0019681453704833984 0.009961247444152832
0.0 0.005304425954818726 0.006674468517303467
0.0 0.0008558332920074463 0.0014102458953857422
0.0 0.0018634200096130371 0.007201552391052246
0.0 0.0031349658966064453 0.005666971206665039
0.0014812946319580078 0.0 0.005716383457183838
0.005569711327552795 0.0021642446517944336 0.00853949785232544
0.0022336989641189575 0.007010847330093384 0.002612590789794922
0.002935349941253662 0.004966527223587036 0.0033224821090698242
0.006631389260292053 0.0033522844314575195 0.007475316524505615
0.0 0.0 0.0008153319358825684
0.0016890466213226318 0.026435762643814087 0.0
0.0 0.0 0.00711822509765625
0.005934983491897583 0.023348897695541382 0.0
0.0 0.00039207935333251953 0.014943838119506836
0.0017577111721038818 0.0 0.015294075012207031
0.0 0.0 0.012185215950012207
0.0 0.0 0.009110748767852783
0.0 0.0009708404541015625 0.007384896278381348
0.0 0.00295412540435791 0.002618253231048584
0.0 0.0 0.013496220111846924
0.008555710315704346 0.0 0.011013388633728027
0.006659954786300659 0.002504289150238037 0.011468768119812012
0.0027510225772857666 0.0 0.007533252239227295
0.0 0.0 0.0
0.0 0.004483342170715332 0.001880049705505371
0.0012760162353515625 0.0051396191120147705 0.01295095682144165
0.0 0.0 0.004047274589538574
0.006353691220283508 0.0 0.01000523567199707
0.004002988338470459 0.0 0.013259053230285645
0.0004931986331939697 0.0 0.0074890851974487305
0.0 0.0 0.0020824074745178223
0.0 0.0 0.0
0.0 0.0 0.007126808166503906
0.0 0.0 0.018720269203186035
0.0 0.0 0.017332792282104492
0.0 0.0 0.01974540948867798
0.0 0.0 0.0005874037742614746
0.0 0.00023412704467773438 0.017754852771759033
0.0 0.0 0.007940173149108887
0.0 0.0 0.0
0.0 0.0 0.021303892135620117
0.0 0.0 0.03917723894119263
0.0 0.0 0.030593514442443848
0.020161449909210205 0.0 0.004284679889678955
0.04577432572841644 0.0 0.010547876358032227
0.09196004271507263 0.011397689580917358 0.0
0.1389543116092682 0.09263148903846741 0.0
0.03448845446109772 0.210698664188385 0.0
0.1826990842819214 0.2523343563079834 0.0
0.19343945384025574 0.26993295550346375 0.0
0.1116681694984436 0.2895908057689667 0.0
0.20400875806808472 0.20724999904632568 0.0
0.046994686126708984 0.23863250017166138 0.0
0.04119747877120972 0.15963143110275269 0.0
0.0070465803146362305 0.09071898460388184 0.0
0.0 0.0 0.0
0.0 0.0 0.0
0.0 0.0 0.0
0.0 0.0 0.0472714900970459
0.0 0.0 0.1769425868988037
0.0 0.11942258477210999 0.27587461471557617
0.0 0.4978700876235962 0.2488243579864502
0.0 0.5034706592559814 0.34569239616394043
0.3952758312225342 0.3090061545372009 0.07606327533721924
0.20832079648971558 0.6196564435958862 0.43226802349090576
0.08109742403030396 0.5133746266365051 0.4610048532485962
0.10085123777389526 0.5845998525619507 0.49347829818725586
0.22130900621414185 0.6480321288108826 0.5223003625869751
0.26295197010040283 0.5837457776069641 0.4943140745162964
0.18569479882717133 0.5436253547668457 0.5007410049438477
0.12887099385261536 0.4542393088340759 0.4476926326751709
0.10162285715341568 0.4735950827598572 0.44061553478240967
0.05402661859989166 0.4840375781059265 0.42129600048065186
0.0714603140950203 0.5113548636436462 0.3741351366043091
0.05111095309257507 0.5028999447822571 0.3576728105545044
0.1542889028787613 0.49506664276123047 0.3095057010650635
0.11379174888134003 0.5242586731910706 0.23724937438964844
0.08494201302528381 0.42323368787765503 0.2234562635421753
0.023090019822120667 0.4220377802848816 0.1837024688720703
0.14513355493545532 0.35617560148239136 0.1356595754623413
0.135005384683609 0.39189374446868896 0.2066948413848877
0.000851266086101532 0.4018082022666931 0.10597389936447144
0.0 0.3949691653251648 0.016407012939453125
0.11219950020313263 0.35347461700439453 0.0
0.16946235299110413 0.2548438608646393 0.0
0.10354186594486237 0.3269619047641754 0.0
0.1500868797302246 0.22602972388267517 0.0
0.12616237998008728 0.18910038471221924 0.0
0.06895144283771515 0.11404550075531006 0.0
0.06962894648313522 0.0952284038066864 0.0
0.00996612012386322 0.1387578547000885 0.0
0.0 0.0029733628034591675 0.0
0.0 0.12413275241851807 0.0
0.038131099194288254 0.07723432779312134 0.0
0.10063318908214569 0.0 0.0
0.0 0.019989460706710815 0.0
0.0 0.033136919140815735 0.0
0.006971210241317749 0.0 0.0
0.05828120559453964 0.0 0.0
0.0 0.0 0.0
0.0 0.0 0.0
0.0 0.0733412653207779 0.0030003786087036133
0.0005785524845123291 0.0 0.0
0.0 0.0 0.010450661182403564
0.005824744701385498 0.059054672718048096 0.010170340538024902
0.0 0.021705806255340576 0.005487918853759766
0.10049514472484589 0.0 0.017965495586395264
0.014448001980781555 0.015420198440551758 0.040023863315582275
0.009606719017028809 0.04603159427642822 0.033747851848602295
0.03681710362434387 0.0 0.04345357418060303
0.0 0.0092678964138031 0.0
0.0 0.004591077566146851 0.023701012134552002
0.028436124324798584 0.0 0.03731071949005127
0.0 0.06925641000270844 0.033284544944763184
0.0 0.0 0.0
0.019985973834991455 0.0 0.02898716926574707
0.0 0.0 0.00693744421005249
0.002299383282661438 0.0 0.019450843334197998
0.0 0.0 0.013398706912994385
0.0 0.0 0.0
0.0 0.0 0.004258453845977783
0.0 0.0 0.0
0.002142280340194702 0.0 0.001597285270690918
0.0002623051404953003 0.004557624459266663 0.0
0.0 0.005531430244445801 0.0
0.007941663265228271 0.010021805763244629 0.0
0.022508397698402405 0.008078381419181824 0.0014899373054504395
0.006341531872749329 0.00887899100780487 0.0
0.005877628922462463 0.006324350833892822 0.0
0.00401461124420166 0.011426255106925964 0.0003123283386230469
0.007723182439804077 0.013568416237831116 0.014683246612548828
0.011025890707969666 0.007116109132766724 0.0006282329559326172
0.022213071584701538 0.009450927376747131 0.0026294589042663574
0.02011314034461975 0.012465611100196838 0.007664918899536133
0.009190380573272705 0.0046560317277908325 0.00737839937210083
0.005824640393257141 0.0055228471755981445 0.012375295162200928
0.00743412971496582 0.010173648595809937 0.011693716049194336
0.011218920350074768 0.003478795289993286 0.013534963130950928
0.007957398891448975 0.004221975803375244 0.0005737543106079102
0.013198509812355042 0.006931200623512268 0.0033974051475524902
0.00357760488986969 0.0005942285060882568 0.006968677043914795
0.0017134398221969604 0.007708758115768433 0.00870668888092041
0.012418106198310852 0.004700914025306702 0.012063145637512207
0.007631465792655945 0.0036482959985733032 0.010938405990600586
0.0 0.0031010955572128296 0.0016240477561950684
0.0 0.0 0.0
0.0 0.0 0.0
0.0 0.0030717402696609497 0.00021946430206298828
0.0 0.0 0.0014676451683044434
0.0 0.0 0.0
0.0027542859315872192 0.0 0.0
0.0 0.0006203800439834595 0.0
0.0 0.0 0.0
0.006079554557800293 0.00103721022605896 0.004740715026855469
0.011964142322540283 0.0023757219314575195 0.007293105125427246
0.0 0.0050535649061203 0.012005925178527832
0.0 0.0011130869388580322 0.010052859783172607
0.004213094711303711 0.0011596232652664185 0.014099061489105225
0.007728636264801025 0.0016717016696929932 0.014801025390625
0.0023341774940490723 0.0 0.014499664306640625
0.006386458873748779 0.0029005855321884155 0.01984459161758423
0.002978682518005371 0.001852080225944519 0.020352959632873535
0.0 0.0 0.012405991554260254
0.003290921449661255 0.0 0.015154123306274414
0.0035118907690048218 0.0 0.016186833381652832
0.00044345855712890625 0.0 0.02293640375137329
0.0 0.0 0.022799372673034668
0.0 0.0 0.027804017066955566
0.005582556128501892 0.0 0.028008639812469482
0.02087920904159546 0.003908976912498474 0.034363508224487305
0.018615812063217163 0.008055463433265686 0.02629220485687256
0.01122330129146576 0.009836822748184204 0.003780961036682129
0.030099302530288696 0.004682645201683044 0.0
0.03167617321014404 0.026075348258018494 0.0
0.04182417690753937 0.020128577947616577 0.0
0.0498567670583725 0.03608947992324829 0.0
0.0013635903596878052 0.05734315514564514 0.0
0.0 0.07239970564842224 0.0
0.0 0.06991609930992126 0.0
0.0 0.10471656918525696 0.0
0.0 0.15037891268730164 0.0
0.0 0.05463412404060364 0.007422268390655518
0.0 0.034476280212402344 0.13839155435562134
0.0 0.04016602039337158 0.3293555974960327
0.0 0.004715979099273682 0.2877236604690552
0.0 0.007996857166290283 0.31537002325057983
0.00324249267578125 0.0 0.30453217029571533
0.0 0.0 0.2650730609893799
0.012075044214725494 0.015271186828613281 0.20267707109451294
0.03227755427360535 0.029285550117492676 0.14811062812805176
0.05099942535161972 0.020932912826538086 0.11586272716522217
0.04609884321689606 0.011860132217407227 0.10531657934188843
0.012502774596214294 0.013715505599975586 0.07424241304397583
0.010801166296005249 0.011755675077438354 0.06951099634170532
0.019339442253112793 0.01720920205116272 0.05842185020446777
0.03192891180515289 0.020887553691864014 0.03656381368637085
0.017943620681762695 0.03850281238555908 0.0
0.0 0.012474030256271362 0.0
0.0007602423429489136 0.0034716129302978516 0.0
0.0 0.0 0.0
0.0 0.0 0.0
0.0 0.0 0.0
0.0 0.012121036648750305 0.0
0.0 0.02723391354084015 0.0
0.0 0.022249341011047363 0.0
0.0 0.023695722222328186 0.0
0.0 0.027746528387069702 0.0
0.0 0.040794581174850464 0.0
0.0 0.06703352928161621 0.0
0.0011776089668273926 0.10109198093414307 0.0
0.0 0.09257599711418152 0.0340428352355957
0.0 0.0695796012878418 0.09494996070861816
0.0 0.04357421398162842 0.13770264387130737
0.01303783804178238 0.022090524435043335 0.16816020011901855
0.0 0.005856424570083618 0.17255288362503052
0.0 0.002166748046875 0.1726013422012329
0.0 0.0 0.175784170627594
0.0 0.0 0.16787326335906982
0.0032307803630828857 0.0 0.16568750143051147
0.01643499732017517 0.0 0.16222888231277466
0.009082265198230743 0.0 0.14885365962982178
0.0008146911859512329 0.0028869211673736572 0.13339442014694214
0.0 0.002505779266357422 0.10164821147918701
0.0 0.0 0.07886338233947754
0.013367488980293274 0.0011835992336273193 0.06495213508605957
0.019613638520240784 0.00989791750907898 0.0588153600692749
0.010227411985397339 0.016411006450653076 0.05119132995605469
0.0 0.006594628095626831 0.0
0.0 0.0 0.0
0.008320808410644531 0.0 0.0
0.033106669783592224 0.0023907124996185303 0.0
0.01600077748298645 0.00648421049118042 0.0
0.0 0.020711392164230347 0.0
0.0 0.01275131106376648 0.0
0.0 0.012567847967147827 0.0
0.016742825508117676 0.005976200103759766 0.0
0.01215219497680664 0.00621187686920166 0.0
0.0 0.009889066219329834 0.0
0.0 0.0 0.0
0.0 0.004519611597061157 0.0
0.005858466029167175 0.0 0.0
0.0061096251010894775 0.013692587614059448 0.0
0.0 0.006165623664855957 0.0
0.0 0.013116568326950073 0.0
0.0 0.008592337369918823 0.0
0.0 0.025354325771331787 0.0
0.008930571377277374 0.02808019518852234 0.0
0.01744656264781952 0.034871459007263184 0.0
0.0023374557495117188 0.042228639125823975 0.0020903348922729492
0.0 0.0367199182510376 0.03172099590301514
0.0 0.01645633578300476 0.07088255882263184
0.0 0.015734165906906128 0.08011668920516968
0.009667709469795227 0.013660192489624023 0.1104346513748169
0.009151935577392578 0.006316244602203369 0.12329208850860596
0.012183740735054016 0.005854785442352295 0.12182396650314331
0.0 0.011980652809143066 0.10124826431274414
0.004384920001029968 0.002849578857421875 0.09006345272064209
0.015563495457172394 0.0 0.0798981785774231
0.012354962527751923 0.00034165382385253906 0.07359206676483154
0.0038916170597076416 0.0 0.08029747009277344
0.0 0.0 0.10292923450469971
0.0 0.0 0.08024948835372925
0.0 0.0 0.05808138847351074
0.0059926509857177734 0.0 0.044841647148132324
0.031730517745018005 0.0 0.05687981843948364
0.02800905704498291 0.005675703287124634 0.05306410789489746
0.0 0.014031440019607544 0.02354532480239868
0.0 0.01280108094215393 0.0
0.0 0.0 0.0
0.028224095702171326 0.0 0.0
0.04994483292102814 0.0 0.0
0.0003482699394226074 0.01537904143333435 0.0
0.0 0.01733994483947754 0.0
0.0 0.018301546573638916 0.0
0.0 0.0006983578205108643 0.0
0.021762430667877197 0.005593597888946533 0.0
0.003035306930541992 0.025086700916290283 0.0
0.0 0.03198540210723877 0.0
0.0 0.0425129234790802 0.0
0.0 0.04733899235725403 0.0
0.006725430488586426 0.07039859890937805 0.0
0.014354854822158813 0.055097371339797974 0.019543766975402832
0.0074806809425354 0.06115958094596863 0.046834468841552734
0.015177935361862183 0.029289186000823975 0.08603447675704956
0.0 0.014275729656219482 0.1127479076385498
0.0 0.005466669797897339 0.1166154146194458
0.0 0.005338937044143677 0.13397157192230225
0.0 0.0 0.14793628454208374
0.0 0.0 0.14347070455551147
0.0 0.0 0.12811803817749023
0.0 0.0 0.1047583818435669
0.0 0.0 0.07880592346191406
0.006167486310005188 0.0 0.07151055335998535
0.0015413612127304077 0.0 0.06218379735946655
0.01474802941083908 0.006010890007019043 0.06965965032577515
0.015461459755897522 0.010106831789016724 0.06076383590698242
0.02056083083152771 0.015345215797424316 0.060395658016204834
0.033442750573158264 0.017829328775405884 0.07097756862640381
0.03138934075832367 0.010886192321777344 0.08393615484237671
0.006918027997016907 0.012472957372665405 0.07019442319869995
0.0 0.0 0.039689719676971436
0.0 0.0 0.0021756887435913086
0.0 0.0 0.0
0.000576704740524292 0.0 0.0
0.0 0.0 0.0
0.0 0.0 0.0
0.0 0.0024656951427459717 0.0
0.0 0.00907108187675476 0.0
0.0 0.01842963695526123 0.0
0.0 0.012607067823410034 0.0
0.0 0.010260134935379028 0.0
0.00256270170211792 0.012988150119781494 0.0
0.0 0.031419962644577026 0.0
0.0 0.02517390251159668 0.0
0.0 0.039696574211120605 0.0
0.0 0.03408902883529663 0.0
0.0 0.030128389596939087 0.0010938644409179688
0.012849807739257812 0.043744415044784546 0.031576454639434814
0.02048352360725403 0.03917211294174194 0.04046738147735596
0.0 0.034015774726867676 0.03955841064453125
0.0 0.026963084936141968 0.046054065227508545
0.0 0.020301073789596558 0.07212311029434204
0.000552743673324585 0.00695270299911499 0.0631873607635498
0.004353627562522888 0.008973360061645508 0.07041752338409424
0.011500298976898193 0.002333521842956543 0.09192907810211182
0.004429370164871216 0.0 0.10780763626098633
0.0 0.0007320642471313477 0.12305867671966553
0.0 0.0 0.11206740140914917
0.0 0.0030991435050964355 0.08277100324630737
0.013691425323486328 0.002942025661468506 0.07138150930404663
0.01147325336933136 0.0 0.05594301223754883
0.0 0.0 0.04912537336349487
0.0 0.0 0.019276797771453857
0.0027001500129699707 0.0022934675216674805 0.0009862780570983887
0.017461910843849182 0.0 0.0
0.01911485195159912 0.0 0.0
0.007526040077209473 0.0075032711029052734 0.006009936332702637
0.0 0.0019339025020599365 0.0
0.0 0.0 0.0
0.004244416952133179 0.0 0.0
0.013624832034111023 0.0 0.0
0.011210516095161438 0.0 0.0003281235694885254
0.0 0.013122469186782837 0.0015426278114318848
0.0 0.0 0.0
0.010715007781982422 0.0 0.0
0.02704441547393799 0.0 0.0
0.01020456850528717 0.006810635328292847 0.0
0.0 0.015610277652740479 0.0
0.0 0.00017079710960388184 0.0
0.014333456754684448 0.004919558763504028 0.0
0.014644354581832886 0.003754943609237671 0.0011550188064575195
0.0009066611528396606 0.0049568116664886475 0.002726733684539795
0.012204349040985107 0.005677223205566406 0.020344436168670654
0.0 0.0 0.018227458000183105
0.0 0.003917098045349121 0.01928943395614624
0.0060287415981292725 0.0 0.032776713371276855
0.0 0.0 0.02139139175415039
0.0 0.0 0.014867961406707764
0.0 0.0 0.014393329620361328
0.0 0.0 0.01351773738861084
0.0009036660194396973 0.0030686557292938232 0.018273591995239258
0.0010481774806976318 0.0 0.016512811183929443
0.0021965503692626953 0.0 0.018070220947265625
0.007028982043266296 0.001828312873840332 0.02333545684814453
0.0019726455211639404 0.0 0.013806819915771484
0.0 0.0 0.0
0.0041373372077941895 0.0 0.0
0.004613474011421204 0.0 0.0
0.0 0.0005148053169250488 0.0
0.0 0.003033757209777832 0.0
0.004965364933013916 0.005634307861328125 0.0
0.003757685422897339 0.004684567451477051 0.0
0.006418332457542419 0.0018684566020965576 0.0
0.01480741798877716 0.007351696491241455 0.0032986998558044434
0.008557945489883423 0.008819431066513062 0.006771385669708252
0.007085278630256653 0.010914593935012817 0.008699119091033936
0.0027242302894592285 0.005673050880432129 0.007602572441101074
0.0010257959365844727 0.002025216817855835 0.008301138877868652
0.010812252759933472 0.004405707120895386 0.013294041156768799
0.011121466755867004 0.00942838191986084 0.009031295776367188
0.00809641182422638 0.006032407283782959 0.015503764152526855
0.0 0.0023067593574523926 0.020478427410125732
0.0035744905471801758 0.0 0.025151193141937256
0.009863972663879395 0.0004178285598754883 0.02988046407699585
0.0071152448654174805 0.0 0.01983463764190674
0.0 0.0 0.010682940483093262
0.0 0.0006137490272521973 0.004729509353637695
0.0011103302240371704 0.0 0.007208526134490967
0.0019017457962036133 0.0 0.0010532736778259277
0.004822343587875366 0.0001671910285949707 0.0020549893379211426
0.0 0.000638127326965332 0.0
0.0 0.0 0.0
0.006939753890037537 0.022555917501449585 0.0
0.0042677223682403564 0.0 0.0
0.009605750441551208 0.0018429160118103027 0.0
0.003449678421020508 0.0034751594066619873 0.0
0.0021753907203674316 0.004381924867630005 0.0
0.004004150629043579 0.011369377374649048 0.0
0.007637590169906616 0.007453501224517822 0.0
0.009533390402793884 0.0015019476413726807 0.0031615495681762695
0.00415194034576416 0.0016722679138183594 0.009899556636810303
0.003922402858734131 0.0024708211421966553 0.014554023742675781
0.0 0.0038427114486694336 0.011382699012756348
0.006201267242431641 0.0032771527767181396 0.014635443687438965
0.003101751208305359 0.0 0.00943523645401001
0.0007823705673217773 0.0005356669425964355 0.008749246597290039
0.0 0.0009376406669616699 0.005144178867340088
0.0 0.0 0.00020754337310791016
0.0010677576065063477 0.0 0.0
0.008382812142372131 0.004677712917327881 0.003173351287841797
0.006900802254676819 0.004225790500640869 0.004210531711578369
0.00276792049407959 0.004136264324188232 0.0030705928802490234
0.007151007652282715 0.003343254327774048 0.005394876003265381
0.009481444954872131 0.0052652060985565186 0.008252620697021484
0.007790565490722656 0.002696782350540161 0.010620057582855225
0.0017803609371185303 0.0019066333770751953 0.009754478931427002
0.002144932746887207 0.003298550844192505 0.011753559112548828
0.011175185441970825 0.0030256807804107666 0.01765763759613037
0.00016176700592041016 0.0 0.012803912162780762
0.0 0.0 0.012481391429901123
0.0 0.0 0.009514689445495605
0.0 0.0 0.006518900394439697
0.0013585835695266724 0.0 0.004275798797607422
0.0 0.0 0.006056070327758789
0.0 0.0 0.004194676876068115
0.0 0.0 0.0001666545867919922
0.0 0.0 0.0
0.0027753710746765137 0.0 0.00036460161209106445
0.0 0.0013594329357147217 0.003383457660675049
0.016304969787597656 0.023343712091445923 0.03798043727874756
0.04519921541213989 0.046053558588027954 0.05165332555770874
0.12126019597053528 0.0705031156539917 0.0
0.3140295743942261 0.1363506019115448 0.0
0.33897528052330017 0.18337181210517883 0.0
0.2549554705619812 0.2980217933654785 0.0
0.2076295018196106 0.31777215003967285 0.0
0.1619800329208374 0.35648414492607117 0.0
0.03542530536651611 0.3589268922805786 0.0
0.0 0.2224176526069641 0.0
0.0 0.40634119510650635 0.0
0.0 0.2339509129524231 0.0
0.0 0.10057765245437622 0.0
0.0 0.10164961218833923 0.0
0.0 0.08319556713104248 0.029568910598754883
0.0 0.12628185749053955 0.424924373626709
0.0 0.09716528654098511 0.6520723104476929
0.0 0.09984660148620605 0.6949067711830139
0.0 0.10764360427856445 0.7501721382141113
0.0 0.19006621837615967 0.8115764260292053
0.0 0.2559971809387207 0.8295603394508362
0.0 0.3944143056869507 0.8501842617988586
0.0 0.6424089670181274 0.759053647518158
0.0 0.7408260107040405 0.6791701316833496
0.0 0.8826174139976501 0.4811898469924927
0.0 0.923276960849762 0.36048412322998047
0.0 0.9055118560791016 0.35432904958724976
0.02728445827960968 0.5365928411483765 0.355756938457489
0.03385487198829651 0.5655134320259094 0.2892494201660156
0.0411192923784256 0.4091917872428894 0.10134553909301758
0.0 0.3019919991493225 0.0
0.07365362346172333 0.1992853283882141 0.0
0.15967203676700592 0.10513660311698914 0.0
0.1261649876832962 0.09398961067199707 0.0
0.07221436500549316 0.09253877401351929 0.0
0.0 0.04816561937332153 0.0
0.0 0.06920978426933289 0.0
0.000189855694770813 0.07087820768356323 0.0
0.04910863935947418 0.04294013977050781 0.0
0.0 0.04669022560119629 0.0
0.0 0.056681811809539795 0.0
0.0 0.04734700918197632 0.0
0.0 0.03266501426696777 0.0
0.02505798637866974 0.02277699112892151 0.04132974147796631
0.017901882529258728 0.008977741003036499 0.04590308666229248
0.038513168692588806 0.012562334537506104 0.06620115041732788
0.008525311946868896 0.015733271837234497 0.06741666793823242
0.014997363090515137 0.018627822399139404 0.07684040069580078
0.017409339547157288 0.01064494252204895 0.07074010372161865
0.02961769700050354 0.005582451820373535 0.07018059492111206
0.017344847321510315 0.005733281373977661 0.04813337326049805
0.007532164454460144 0.008930861949920654 0.035409390926361084
0.0 0.0 0.0210874080657959
0.0 0.0 0.0
0.0048697590827941895 0.002514272928237915 0.0
0.011540204286575317 0.0 0.0
0.0 0.0 0.0
0.0 0.0 0.0
0.0 0.0002474486827850342 0.0
0.0022010058164596558 0.0018687546253204346 0.0
0.0032911449670791626 0.00058785080909729 0.00393146276473999
0.000780150294303894 0.00036898255348205566 0.00519174337387085
0.0005537867546081543 0.0 0.0027042031288146973
0.0 0.003299325704574585 0.0029026269912719727
0.011118561029434204 0.00644451379776001 0.01856529712677002
0.018607214093208313 0.014926612377166748 0.018978655338287354
0.01614508032798767 0.01594880223274231 0.012389779090881348
0.006305098533630371 0.007892996072769165 0.0030074119567871094
0.0 0.004696577787399292 0.0
0.0 0.0 0.0
0.0 0.00441327691078186 0.0
0.0 0.0 0.0
0.0 0.0 0.0
0.0 0.0 0.0
0.0 0.0 0.0
0.0 0.0 0.003798842430114746
0.0 0.0 0.003645956516265869
0.0 0.0 0.002032458782196045
0.0 0.0013884305953979492 0.005964875221252441
0.0 0.0 0.00032848119735717773
0.0 0.0005493462085723877 0.0
0.0019639134407043457 0.006650060415267944 0.0
0.0029970109462738037 0.0101604163646698 0.0
0.00048479437828063965 0.002317875623703003 0.0
0.005926564335823059 0.006821125745773315 0.005299270153045654
0.010761931538581848 0.008949965238571167 0.007061958312988281
0.006587311625480652 0.010597050189971924 0.009160041809082031
0.0010418891906738281 0.006479978561401367 0.010938584804534912
0.010617449879646301 0.0057181715965271 0.015875637531280518
0.00027211010456085205 0.008616387844085693 0.012386918067932129
0.0001214146614074707 0.0014276504516601562 0.004687070846557617
0.008336305618286133 0.002941817045211792 0.007290482521057129
0.0035498738288879395 0.0020832419395446777 0.0033050179481506348
0.003676086664199829 0.004053294658660889 0.003550291061401367
0.0 0.008524656295776367 0.008873164653778076
0.0 0.0 0.0027213692665100098
0.0 0.0016443729400634766 0.00167083740234375
0.0031180530786514282 0.0 0.0004004836082458496
0.0 0.0 0.0017431974411010742
0.0 0.0010783374309539795 0.004356861114501953
0.0016334503889083862 0.005463123321533203 0.012117207050323486
0.0035683512687683105 0.006452023983001709 0.008276402950286865
0.0 0.0002694427967071533 0.0054274797439575195
0.0018407702445983887 0.0 0.0062517523765563965
0.0028922557830810547 0.003089815378189087 0.010083496570587158
0.0 0.006437420845031738 0.0055304765701293945
0.0 0.0034594833850860596 0.0
0.0007311999797821045 0.00273248553276062 0.0
0.0 0.0 0.0
0.016009822487831116 0.004350244998931885 0.0
0.009023353457450867 0.006692439317703247 0.0
0.015538886189460754 0.01490849256515503 0.007720291614532471
0.02686735987663269 0.023269981145858765 0.015185117721557617
0.020235568284988403 0.02370515465736389 0.01325833797454834
0.030071422457695007 0.03870686888694763 0.0
0.04394032061100006 0.02549844980239868 0.0
0.05551066994667053 0.027733296155929565 0.0
0.04666560888290405 0.028704345226287842 0.0
0.06975811719894409 0.03478240966796875 0.0
0.06151646375656128 0.05132099986076355 0.0
0.05285811424255371 0.054330527782440186 0.0
0.04052485525608063 0.04674118757247925 0.0
0.017421171069145203 0.044897228479385376 0.0
0.0381910502910614 0.031484454870224 0.0015377998352050781
0.03157086670398712 0.03293341398239136 0.0005589723587036133
0.005015432834625244 0.028434157371520996 0.010333597660064697
0.0 0.0 0.0
0.0 0.0 0.0
0.0 0.0 0.02270287275314331
0.0 0.0 0.036255836486816406
0.0 0.0 0.034926533699035645
0.0 0.0 0.026081383228302002
0.0 0.0 0.030521094799041748
0.0 0.0 0.027997136116027832
0.0 0.0 0.034354448318481445
0.0 0.0 0.038604557514190674
0.0 0.0 0.05177193880081177
0.0 0.0 0.054831624031066895
0.0 0.0 0.05393773317337036
0.0 0.0 0.05095946788787842
0.0 0.0251084566116333 0.03008735179901123
0.01092083752155304 0.03148972988128662 0.03138554096221924
0.04292759299278259 0.0348430871963501 0.016532599925994873
0.06637150049209595 0.04257890582084656 0.0051964521408081055
0.07635048031806946 0.04997876286506653 0.0
0.07887209951877594 0.06990373134613037 0.0
0.1222265213727951 0.07461211085319519 0.0
0.142144113779068 0.0876123309135437 0.0
0.11545145511627197 0.09966576099395752 0.0
0.09265261888504028 0.08981212973594666 0.0
0.08610698580741882 0.08121451735496521 0.0
0.0890691876411438 0.07802218198776245 0.0
0.09960052371025085 0.08073502779006958 0.0
0.09711582958698273 0.05810144543647766 0.005188584327697754
0.05264204740524292 0.05096915364265442 0.0030859708786010742
0.03542323410511017 0.04458239674568176 0.009627580642700195
0.054630592465400696 0.037050873041152954 0.030515551567077637
0.06027302145957947 0.041332900524139404 0.04036456346511841
0.0 0.04889175295829773 0.02303403615951538
0.0 0.0 0.0049076080322265625
0.0 0.0 0.0006381869316101074
0.0 0.0 0.02355813980102539
0.0 0.0 0.03645819425582886
0.0 0.0 0.03302872180938721
0.0 0.0 0.02072906494140625
0.0 0.0 0.012913346290588379
0.0 0.0 0.019475460052490234
0.0 0.0 0.025883138179779053
0.0 0.0 0.03195023536682129
0.0 0.0 0.031146526336669922
0.0 0.0 0.03309696912765503
0.0 0.0 0.04495888948440552
0.0 0.0 0.053297996520996094
0.0 0.009158611297607422 0.05420887470245361
0.0 0.0 0.050637125968933105
0.0 0.001038581132888794 0.04002857208251953
0.01285792887210846 0.017397314310073853 0.03357619047164917
0.026891648769378662 0.029935747385025024 0.017986714839935303
0.04837745428085327 0.03856825828552246 0.002695441246032715
0.05728554725646973 0.05078047513961792 0.0
0.059164196252822876 0.05598419904708862 0.0
0.07454739511013031 0.06805157661437988 0.0
0.08916394412517548 0.07451170682907104 0.0
0.10454453527927399 0.07243692874908447 0.0
0.10658471286296844 0.07877463102340698 0.0
0.08971202373504639 0.0792745053768158 0.0
0.07328572869300842 0.0712364912033081 0.0
0.0666770190000534 0.061941713094711304 0.0
0.06866766512393951 0.0524899959564209 0.0
0.06480750441551208 0.04756021499633789 0.0
0.05207386612892151 0.043838322162628174 0.0
0.033361032605171204 0.03857553005218506 0.0
0.03567036986351013 0.03604510426521301 0.0
0.02227085828781128 0.038827598094940186 0.0
0.00182420015335083 0.029915452003479004 0.0
0.0 0.009564965963363647 0.0
0.0 0.0 0.0
0.0 0.006204277276992798 0.009515643119812012
0.0 0.007436931133270264 0.0269087553024292
0.0 0.0 0.03644263744354248
0.0 0.0 0.04501628875732422
0.0 0.0 0.05212444067001343
0.0 0.0 0.06146371364593506
0.0 0.0 0.07025396823883057
0.0 0.0 0.07211560010910034
0.0 0.0 0.06660699844360352
0.0 0.0 0.0672837495803833
0.0 0.0 0.05026519298553467
0.0 0.0 0.04335969686508179
0.0 0.0 0.036962032318115234
0.0 0.0 0.029653310775756836
0.0 0.0 0.024748921394348145
0.0 0.0 0.017297029495239258
0.0 0.0 0.019248604774475098
0.0 0.01297229528427124 0.01433950662612915
0.0 0.031012386083602905 0.0021848082542419434
0.0 0.031213074922561646 0.0
0.02503742277622223 0.04668143391609192 0.0
0.05291171371936798 0.07655361294746399 0.0
0.09708189964294434 0.09249770641326904 0.0
0.12211133539676666 0.09625491499900818 0.0
0.13476189970970154 0.08125969767570496 0.0
0.13996915519237518 0.07385808229446411 0.0
0.13669925928115845 0.0860176682472229 0.0
0.11677965521812439 0.09321296215057373 0.0
0.08821266889572144 0.08676478266716003 0.0
0.07083927094936371 0.06748929619789124 0.0
0.06275713443756104 0.059568703174591064 0.0
0.05905817449092865 0.044157952070236206 0.0
0.05075556039810181 0.04498320817947388 0.008234918117523193
0.04811321198940277 0.04408860206604004 0.01602029800415039
0.025580942630767822 0.055101364850997925 0.02474069595336914
0.02264358103275299 0.05483564734458923 0.031158864498138428
0.01651802659034729 0.026917457580566406 0.016723155975341797
0.0 0.011829018592834473 0.0
0.0 0.0 0.0
0.0 0.0 0.004558920860290527
0.0 0.0 0.02389007806777954
0.0 0.0 0.03672724962234497
0.0 0.0 0.0339694619178772
0.0 0.0 0.043679118156433105
0.0 0.0 0.04606187343597412
0.0 0.0 0.05024313926696777
0.0 0.0 0.05898863077163696
0.0 0.0 0.05619847774505615
0.0 0.0 0.05637860298156738
0.0 0.0 0.05676281452178955
0.0 0.0 0.055406928062438965
0.0 0.0 0.051338255405426025
0.0 0.0 0.043258607387542725
0.0 0.016726672649383545 0.026210427284240723
0.0 0.02123779058456421 0.014332830905914307
0.0 0.012748748064041138 0.006948411464691162
0.008913666009902954 0.02896881103515625 0.001907050609588623
0.04456591606140137 0.04011428356170654 0.0
0.05576789379119873 0.06244385242462158 0.0
0.06675571203231812 0.06688937544822693 0.0
0.08204405009746552 0.06108936667442322 0.0
0.09999574720859528 0.07525700330734253 0.0
0.11656653881072998 0.08653029799461365 0.0
0.13997802138328552 0.08829918503761292 0.0
0.13898566365242004 0.09801730513572693 0.0
0.10711619257926941 0.08953195810317993 0.0
0.05592194199562073 0.08055523037910461 0.0
0.046852171421051025 0.06738936901092529 0.0
0.06742902100086212 0.052210211753845215 0.0
0.07815542817115784 0.04631781578063965 0.008211672306060791
0.04264375567436218 0.0455285906791687 0.0032812952995300293
0.0 0.01569962501525879 0.0
0.0 0.0 0.0038652420043945312
0.0 0.002765148878097534 0.04362088441848755
0.0 0.009861201047897339 0.055168747901916504
0.0 0.010401368141174316 0.03668785095214844
0.0 0.0 0.016092121601104736
0.0 0.0 0.011271238327026367
0.0 0.0 0.024019956588745117
0.0 0.0 0.037369728088378906
0.0 0.0 0.036913394927978516
0.0 0.0 0.023476719856262207
0.0 0.0 0.009089410305023193
0.0 0.0 0.0217745304107666
0.0 0.0 0.03330361843109131
0.0 0.0 0.030805349349975586
0.0 0.0 0.02628082036972046
0.0 0.0 0.03012251853942871
0.0 0.0 0.04801344871520996
0.0 0.0 0.07701504230499268
0.0 0.0 0.08437478542327881
0.0 0.0 0.07839083671569824
0.0 0.0 0.05885922908782959
0.0 0.0 0.03620040416717529
0.0 0.026414215564727783 0.01994645595550537
0.03723067045211792 0.033071309328079224 0.0
0.05738723278045654 0.04502430558204651 0.0
0.06337997317314148 0.05579864978790283 0.0
0.08487755060195923 0.06673890352249146 0.0
0.09639838337898254 0.08061936497688293 0.0
0.11434078216552734 0.08727529644966125 0.0
0.11104914546012878 0.08460533618927002 0.0
0.0847245454788208 0.0792272686958313 0.0
0.05368916690349579 0.06270426511764526 0.0
0.05606366693973541 0.05045047402381897 0.0
0.04414829611778259 0.03800812363624573 0.0011365413665771484
0.03298787772655487 0.028534114360809326 0.010845720767974854
0.007841259241104126 0.010447025299072266 0.0076874494552612305
0.0 0.0 0.013714432716369629
0.0 0.0 0.03269600868225098
0.0 0.0 0.04688042402267456
0.0 0.0 0.049628496170043945
0.0 0.0 0.04191058874130249
0.0 0.0 0.027613162994384766
0.0 0.0 0.028423428535461426
0.0 0.0 0.03214085102081299
0.0 0.0 0.027072489261627197
0.0 0.0 0.016879737377166748
0.0 0.0 0.012721478939056396
0.0 0.0 0.0
0.0 0.0 0.0
0.0 0.00014504790306091309 0.0
0.00482901930809021 0.0020471811294555664 0.0
0.0069383978843688965 0.008244484663009644 0.0
0.0 0.005115479230880737 0.0
0.0 0.002446681261062622 0.0
0.0 0.0 0.0
0.0067930519580841064 0.0004436075687408447 0.010507702827453613
0.01079249382019043 0.006339937448501587 0.0162619948387146
0.0017870664596557617 0.002726137638092041 0.012889206409454346
0.0 0.002751588821411133 0.011596620082855225
0.007279932498931885 0.0 0.00985342264175415
0.005795329809188843 0.0011881589889526367 0.0069533586502075195
0.009333431720733643 0.0024512410163879395 0.012045741081237793
0.0035677552223205566 0.0025169551372528076 0.008315801620483398
0.0 0.0019251704216003418 0.004417121410369873
0.0 0.0007306039333343506 0.0018783211708068848
0.0 0.0007302761077880859 0.005608558654785156
0.0 0.0007983148097991943 0.0007097125053405762
0.00199243426322937 0.0 0.005288422107696533
0.006844848394393921 0.0 0.003552854061126709
0.0031580328941345215 0.003786146640777588 0.001140892505645752
0.0 0.0027784109115600586 0.0
0.0009127557277679443 0.0025904476642608643 0.004574298858642578
0.003091782331466675 0.003934144973754883 0.007956504821777344
0.009068191051483154 0.0028139352798461914 0.008228659629821777
0.008587688207626343 0.007152527570724487 0.004050493240356445
0.002839714288711548 0.0010615885257720947 0.0025087594985961914
0.0006745457649230957 0.002238839864730835 0.002069830894470215
0.004087090492248535 0.0009260177612304688 0.005670428276062012
0.009059548377990723 0.0 0.014378786087036133
0.0038155317306518555 0.0 0.01095670461654663
0.005443394184112549 0.0 0.017958223819732666
0.0 0.0 0.008598506450653076
0.005101919174194336 0.02680569887161255 0.0
0.012715190649032593 0.06229749321937561 0.00467991828918457
0.05322003364562988 0.08493486046791077 0.0
0.13414326310157776 0.13769155740737915 0.0
0.2084863781929016 0.103340744972229 0.0
0.2406829595565796 0.18250536918640137 0.0
0.1791340708732605 0.21282070875167847 0.0
0.08688199520111084 0.3239503502845764 0.0
0.02392423152923584 0.3677757978439331 0.0
0.03437626361846924 0.337875634431839 0.0
0.0 0.30889075994491577 0.0
0.0 0.2694506347179413 0.0
0.0 0.1977737843990326 0.0
0.0 0.17087796330451965 0.0
0.0 0.1126251220703125 0.18805146217346191
0.0 0.1868598759174347 0.786651611328125
0.0 0.0 0.9492274522781372
0.0 0.11498308181762695 0.7444889545440674
0.0 0.2397291660308838 0.6161849498748779
0.0 0.34399908781051636 0.5497741103172302
0.0 0.41868531703948975 0.41662997007369995
0.0 0.32015180587768555 0.425150990486145
0.0 0.26938432455062866 0.5882914662361145
0.0 0.4500482678413391 0.6632630228996277
0.0 0.7154059410095215 0.45271503925323486
0.0 0.718744695186615 0.2114555835723877
0.03384402394294739 0.5886579751968384 0.10897761583328247
0.0 0.42883145809173584 0.14342564344406128
0.0 0.3028307557106018 0.2859223484992981
0.0 0.25910335779190063 0.33133620023727417
0.02549532800912857 0.2969614863395691 0.24325037002563477
0.1505395621061325 0.4033427834510803 0.14626777172088623
0.14255963265895844 0.35503649711608887 0.08258980512619019
0.1561107486486435 0.3531748056411743 0.053698718547821045
0.1399320513010025 0.40080612897872925 0.0
0.1389291137456894 0.29557695984840393 0.0
0.13482189178466797 0.19102612137794495 0.0
0.075188547372818 0.14868560433387756 0.0
0.061209797859191895 0.08926618099212646 0.0
0.028334736824035645 0.03925633430480957 0.0
0.0 0.02043086290359497 0.0
0.0 0.026524394750595093 0.0
0.0 0.03286820650100708 0.0
0.0 0.022251605987548828 0.0
0.0 0.012546181678771973 0.0
0.0 0.0032207369804382324 0.0
0.0 0.0 0.0
0.0 0.0 0.013667404651641846
0.0 0.0 0.008149325847625732
0.0 0.0 0.03291136026382446
0.0 0.0 0.05060982704162598
0.0 0.0 0.05778229236602783
0.0 0.0 0.056211650371551514
0.00040730834007263184 0.0 0.059404969215393066
0.009620338678359985 0.0 0.05416572093963623
0.0082692950963974 0.001331925392150879 0.04477250576019287
0.013063669204711914 0.002010732889175415 0.03219574689865112
0.01717860996723175 0.002124696969985962 0.018038511276245117
0.015731841325759888 0.005961179733276367 0.009370505809783936
0.014946967363357544 0.005191028118133545 0.012868702411651611
0.004192233085632324 0.004227638244628906 0.004493355751037598
0.0 0.002211064100265503 0.000432431697845459
0.0 0.0 0.0
0.0 0.0 0.0
0.0 0.0002174973487854004 0.0
0.0 0.0012312531471252441 0.0
0.0 0.004236310720443726 0.0
0.0 0.004691123962402344 0.0
0.0 0.008914947509765625 0.0
0.011384010314941406 0.010125547647476196 0.0
0.0 0.0 0.0
0.005439192056655884 0.007105469703674316 0.0
0.015076965093612671 0.014548718929290771 0.005538582801818848
0.016290366649627686 0.015449732542037964 0.013570547103881836
0.020585983991622925 0.015502601861953735 0.021235644817352295
0.0 0.007875829935073853 0.014871597290039062
0.0006712675094604492 0.0 0.020647168159484863
0.01563084125518799 0.00830504298210144 0.01832526922225952
0.026162832975387573 0.010689377784729004 0.016730666160583496
0.007514059543609619 0.006037890911102295 0.008996427059173584
0.007416069507598877 0.005003750324249268 0.012675642967224121
0.009498268365859985 0.007011294364929199 0.011853635311126709
0.0 0.0011508464813232422 0.005944967269897461
0.0 0.0 0.003392457962036133
0.0002759397029876709 0.003057241439819336 0.0017121434211730957
0.0005287826061248779 0.0033618509769439697 0.0
0.0 0.0 0.0
0.0 0.0 0.004211246967315674
0.0 0.0013153553009033203 0.003646552562713623
0.002365976572036743 0.0 0.0
0.0 0.004008442163467407 0.0029285550117492676
0.0 0.003981798887252808 0.0
0.0 0.0 0.0
0.0 0.0 0.0
0.0 0.0 0.004576742649078369
0.0017983019351959229 0.002147465944290161 0.004263639450073242
0.0026941001415252686 0.0021815896034240723 0.011070668697357178
0.0011623203754425049 0.0043981075286865234 0.013228297233581543
0.009298652410507202 0.005880951881408691 0.024661540985107422
0.007407635450363159 0.008080989122390747 0.018048405647277832
0.011899173259735107 0.0052606165409088135 0.012319087982177734
0.0011724531650543213 0.004838734865188599 0.0037183761596679688
0.0 0.0024341344833374023 0.0073043107986450195
0.0 0.003061741590499878 0.0036473870277404785
0.0 0.0 0.002533435821533203
0.0 0.0008942186832427979 0.0
0.0 0.0 0.0
0.0 0.007628679275512695 0.0
0.0 0.00914725661277771 0.0
0.0 0.013625562191009521 0.0
0.0 0.004381835460662842 0.0
0.0 0.0 0.0
0.0 0.0 0.0
0.0 0.01954054832458496 0.0
0.0 0.020729809999465942 0.0
0.0 0.023376256227493286 0.0
0.0 0.030009806156158447 0.0
0.0 0.04497772455215454 0.0
0.0 0.04509955644607544 0.0252227783203125
0.0 0.04737555980682373 0.045346856117248535
0.0 0.037185847759246826 0.09106510877609253
0.010164454579353333 0.01990470290184021 0.13198930025100708
0.012301862239837646 0.015195965766906738 0.15476810932159424
0.012706547975540161 0.017143547534942627 0.1716563105583191
0.011409439146518707 0.007543474435806274 0.1777976155281067
0.0005592703819274902 0.0019548237323760986 0.1594565510749817
0.0010411590337753296 0.0 0.14018428325653076
0.011430114507675171 0.0 0.13245439529418945
0.027012720704078674 0.010689586400985718 0.13127410411834717
0.03680908679962158 0.03151130676269531 0.11666059494018555
0.04273925721645355 0.043406277894973755 0.09535938501358032
0.06707793474197388 0.048853784799575806 0.04818928241729736
0.06931629776954651 0.005375653505325317 0.0
0.06044161319732666 0.0 0.0
0.024759069085121155 0.0001179724931716919 0.0
0.003258436918258667 0.013825789093971252 0.0
0.0 0.01924547553062439 0.0
0.0 0.0197354257106781 0.0
0.0 0.00011429190635681152 0.0
0.0 0.0 0.0
0.0 0.0 0.0
0.0 0.0 0.0
0.0 0.021968543529510498 0.0
0.0 0.011423736810684204 0.0
0.0 0.014893114566802979 0.0
0.0 0.03323855996131897 0.0
0.0 0.07210955023765564 0.007992863655090332
0.0 0.06840667128562927 0.06354844570159912
0.0 0.05820655822753906 0.10836440324783325
0.002489980310201645 0.03564119338989258 0.13639229536056519
0.022103741765022278 0.033567577600479126 0.15926486253738403
0.022071126848459244 0.027276575565338135 0.1585330367088318
0.013804595917463303 0.026493161916732788 0.1543845534324646
0.011821132153272629 0.021351277828216553 0.163193941116333
0.01628025621175766 0.015410006046295166 0.16988539695739746
0.022109713405370712 0.015774816274642944 0.16956377029418945
0.004260702058672905 0.011618494987487793 0.1271948218345642
0.007371984422206879 0.009709566831588745 0.09234470129013062
0.02524026483297348 0.0043299198150634766 0.08662086725234985
0.031379908323287964 0.005106091499328613 0.11009061336517334
0.02061086893081665 0.012986630201339722 0.1269245147705078
0.0 0.018058329820632935 0.11315929889678955
0.0 0.0 0.03542810678482056
0.002105221152305603 0.0 0.0
0.0449991375207901 0.0 0.0
0.036630138754844666 0.0 0.0
0.01435399055480957 0.005727529525756836 0.0
0.001266181468963623 0.01755101978778839 0.0
0.0 0.019604891538619995 0.0
0.0 0.02473674714565277 0.0
0.0 0.02078072726726532 0.0
0.0 0.01236717402935028 0.0
0.0 0.010115429759025574 0.0
0.0 0.0031256675720214844 0.0
0.0 0.004159808158874512 0.0
0.0 0.0 0.0
0.0 0.0073517560958862305 0.0
0.0 0.03558826446533203 0.0
0.0 0.044162094593048096 0.0
0.0 0.053096771240234375 0.050907671451568604
0.0 0.05087113380432129 0.07740217447280884
0.0 0.028724104166030884 0.10264313220977783
0.0 0.04294306039810181 0.1127123236656189
0.02265162765979767 0.021246403455734253 0.1099168062210083
0.017600417137145996 0.028428316116333008 0.10791325569152832
0.02052687108516693 0.02164974808692932 0.12044113874435425
0.030589744448661804 0.022445857524871826 0.15302610397338867
0.024038322269916534 0.02704867720603943 0.16607505083084106
0.0 0.011341899633407593 0.14941418170928955
0.0 0.0037190616130828857 0.11603939533233643
0.009290002286434174 0.0 0.0993918776512146
0.022428244352340698 0.0025067031383514404 0.09015476703643799
0.026355907320976257 0.012754708528518677 0.10818564891815186
0.023289576172828674 0.01601269841194153 0.1310787796974182
0.007818162441253662 0.013973146677017212 0.11894476413726807
0.01618380844593048 0.01393243670463562 0.08367669582366943
0.042055606842041016 0.013101458549499512 0.030073344707489014
0.05307172238826752 0.005904346704483032 0.0
0.02222093939781189 0.0 0.0
0.0 0.0 0.0
0.0 0.0033727139234542847 0.0
0.0 0.01804511249065399 0.0
0.0 0.020019561052322388 0.0
0.0 0.012600257992744446 0.0
0.0 0.0 0.0
0.0 0.0 0.0
0.0 0.0 0.0
0.0 0.0 0.0
0.0 0.028940707445144653 0.0
0.0 0.017321497201919556 0.0
0.0 0.011747300624847412 0.016079068183898926
0.0 0.023699551820755005 0.06364321708679199
0.0029548555612564087 0.03008142113685608 0.10571634769439697
0.004369020462036133 0.030278563499450684 0.1144413948059082
0.0036364197731018066 0.01559758186340332 0.1116909384727478
0.01271103322505951 0.009047746658325195 0.11063677072525024
0.032451331615448 0.015122264623641968 0.12694180011749268
0.03639332950115204 0.020987272262573242 0.13938069343566895
0.021443605422973633 0.024168819189071655 0.1238747239112854
0.015688270330429077 0.021831542253494263 0.109463632106781
0.02477489411830902 0.005487889051437378 0.07470375299453735
0.03606414794921875 0.006861299276351929 0.05059826374053955
0.03961952030658722 0.013071388006210327 0.04106658697128296
0.017477169632911682 0.015602558851242065 0.027398347854614258
0.00018797814846038818 0.0051462650299072266 0.006949663162231445
0.0 0.0 0.0
0.0 0.0 0.0
0.0017988979816436768 0.0 0.0
0.0 0.0013625621795654297 0.0
0.0 0.00593942403793335 0.0
0.0 0.0 0.0
0.0 0.0 0.0
0.0 0.0 0.0
0.0 0.004475533962249756 0.0
0.0 0.0 0.0
0.006600141525268555 0.005290895700454712 0.022983849048614502
0.004459381103515625 0.010277271270751953 0.03480994701385498
0.0 0.000892937183380127 0.03515887260437012
0.007651910185813904 0.003708869218826294 0.034217894077301025
0.015137135982513428 0.002939671277999878 0.025177836418151855
0.008105874061584473 0.0011025071144104004 0.01832503080368042
0.012807503342628479 0.008716881275177002 0.01513683795928955
0.008484497666358948 0.01145237684249878 0.013477444648742676
0.00228060781955719 0.007410973310470581 0.0030867457389831543
0.0009308755397796631 0.0029481351375579834 0.002177715301513672
0.006946682929992676 0.0007507503032684326 0.0
0.006121993064880371 0.0036374330520629883 0.0
0.0 0.0 0.0
0.002656698226928711 0.003029435873031616 0.00421452522277832
0.0 0.005312591791152954 0.003558635711669922
0.0 0.003232508897781372 0.005313873291015625
0.0 0.0 0.0
0.0 0.0009420514106750488 0.0057672858238220215
0.0015702247619628906 0.0012153685092926025 0.00758206844329834
0.0037771612405776978 0.004849553108215332 0.004582524299621582
0.005102366209030151 0.005847573280334473 0.009656786918640137
0.0 0.003957957029342651 0.0
0.003272116184234619 0.004426091909408569 0.008178412914276123
0.0066070556640625 0.0023928284645080566 0.0019048452377319336
0.0036501288414001465 0.0031728744506835938 0.0
0.001454368233680725 0.003370940685272217 0.00011926889419555664
0.0 0.0011192858219146729 0.0
0.0037108510732650757 0.008092701435089111 0.007724165916442871
0.00721345841884613 0.004827171564102173 0.008472800254821777
0.0 0.00034102797508239746 0.0
0.005460023880004883 0.002558678388595581 0.006843984127044678
0.003916889429092407 0.004499375820159912 0.01028895378112793
0.001551404595375061 0.005755811929702759 0.005697429180145264
0.0021828413009643555 0.0019261837005615234 0.005898892879486084
0.0024250447750091553 0.0021710991859436035 0.005385279655456543
0.001407518982887268 0.0030274689197540283 0.0027327537536621094
0.0 0.0023561418056488037 0.000642240047454834
0.0 0.003404080867767334 0.005995333194732666
0.0037453174591064453 0.0 0.007389247417449951
0.0017251372337341309 0.0016817748546600342 0.009666204452514648
0.0032562613487243652 0.0025534629821777344 0.017926573753356934
0.005349576473236084 0.008760899305343628 0.03351467847824097
0.0 0.0 0.0201723575592041
0.0 0.0 0.006085991859436035
0.0 0.0 0.01696830987930298
0.0 0.0 0.041570842266082764
0.003621608018875122 0.0 0.10544604063034058
0.0 0.0 0.07872366905212402
0.006595253944396973 0.0029509365558624268 0.008364439010620117
0.0 0.018469393253326416 0.0
0.11734980344772339 0.055298298597335815 0.0
0.16811919212341309 0.10487991571426392 0.0
0.15458756685256958 0.17564097046852112 0.0
0.107063889503479 0.25026851892471313 0.0
0.05016458034515381 0.36809787154197693 0.0
0.07099664211273193 0.3957051634788513 0.0
0.03931087255477905 0.3620850145816803 0.0
0.0 0.16894659399986267 0.0
0.0 0.048699766397476196 0.0
0.0 0.02801099419593811 0.0
0.0 0.1517772674560547 0.0
0.0 0.1917000412940979 0.0
0.0 0.07696285843849182 0.4236222505569458
0.0 0.0 0.7434430122375488
0.0 0.10126000642776489 0.6304898262023926
0.0 0.17407089471817017 0.5856224298477173
0.0 0.32238441705703735 0.5639068484306335
0.0 0.4491298198699951 0.44277703762054443
0.0 0.414642333984375 0.49123626947402954
0.0 0.3234865665435791 0.6041428446769714
0.0 0.4382733106613159 0.5584678649902344
0.0 0.750654399394989 0.41916900873184204
0.0 0.8028400540351868 0.3678109645843506
0.06248757243156433 0.7271460294723511 0.40877240896224976
0.0722397118806839 0.6390020847320557 0.4274170994758606
0.02006448805332184 0.48689401149749756 0.36555683612823486
0.09501926600933075 0.5314391255378723 0.30263495445251465
0.15557706356048584 0.5106599926948547 0.19667506217956543
0.11867298185825348 0.5040191411972046 0.06789034605026245
0.1055305153131485 0.31186485290527344 0.0
0.1367683857679367 0.3361228108406067 0.0
0.19470974802970886 0.23032808303833008 0.0
0.1462298333644867 0.2078370451927185 0.0
0.06735748797655106 0.17278754711151123 0.0
0.0 0.13633212447166443 0.0
0.015490919351577759 0.061193615198135376 0.0
0.03529636561870575 0.017488688230514526 0.0
0.0 0.0 0.0
0.0 0.0 0.0
0.0 0.014054328203201294 0.0
0.0 0.014706730842590332 0.0
0.0 0.009607464075088501 0.0
0.0 0.0 0.0
0.0 0.0 0.0
0.0 0.0 0.0
0.0 0.0 0.0
0.0 0.008202165365219116 0.026837170124053955
0.0 0.007701009511947632 0.04188656806945801
0.005491882562637329 0.00192221999168396 0.05245107412338257
0.0 0.0 0.04463911056518555
0.0 0.0 0.0435749888420105
0.0 0.0 0.037381649017333984
0.02397608757019043 0.006203711032867432 0.04395371675491333
0.0 0.0 0.024483025074005127
0.0 0.0 0.021410584449768066
0.0 0.0 0.011840403079986572
0.0 0.00503009557723999 0.010855317115783691
0.0 0.0 0.0
0.0 0.0 0.0
0.0 0.0 0.0
0.0 0.0 0.0
0.0 0.0 0.0
0.0 0.009001702070236206 0.0
0.0 0.0015739500522613525 0.0
0.0010250508785247803 0.008821487426757812 0.0
0.009730637073516846 0.006959646940231323 0.0
0.00815427303314209 0.006869226694107056 0.0
0.0 0.0 0.0
0.0064958930015563965 0.003928184509277344 0.00400388240814209
0.005287975072860718 0.014099806547164917 0.0033357739448547363
0.011484324932098389 0.010107845067977905 0.006265997886657715
0.0065138936042785645 0.007423043251037598 0.0
0.0009323060512542725 0.014725595712661743 0.0
0.0 0.01096227765083313 0.001989603042602539
0.0 0.005907803773880005 0.012799620628356934
0.004208117723464966 0.0007966160774230957 0.021083831787109375
0.0007992088794708252 0.0007892251014709473 0.02056223154067993
0.0 0.005005180835723877 0.006991088390350342
0.0 0.0022204816341400146 0.0008153319358825684
0.0 0.015840530395507812 0.0
0.013808608055114746 0.013586699962615967 0.007422208786010742
0.008646398782730103 0.008439242839813232 0.0005536675453186035
0.006410807371139526 0.006134390830993652 0.001453101634979248
0.010912299156188965 0.009067684412002563 0.004861891269683838
0.019412875175476074 0.009970992803573608 0.010961055755615234
0.016343891620635986 0.016814500093460083 0.00801694393157959
0.011611193418502808 0.009835690259933472 0.011802613735198975
0.0014410018920898438 0.006685853004455566 0.004664480686187744
0.0 0.0008198320865631104 0.0004252791404724121
0.0 0.00047200918197631836 0.006829738616943359
0.0 0.0 0.004017651081085205
0.0 0.0 0.0007091760635375977
0.0 0.0 0.0
0.0 0.006199181079864502 0.0
0.0 0.0 0.0013651251792907715
0.0 0.0011274218559265137 0.006567955017089844
0.005270183086395264 0.00264701247215271 0.010419964790344238
0.00044155120849609375 0.006369233131408691 0.012248754501342773
0.0008554160594940186 0.007696926593780518 0.012171149253845215
0.0 0.0020470619201660156 0.004791319370269775
0.005211055278778076 0.0050702691078186035 0.009675860404968262
0.0010729730129241943 0.003748178482055664 0.008012831211090088
0.004214942455291748 0.004006683826446533 0.004427313804626465
0.004242032766342163 0.00800815224647522 0.004308640956878662
0.008181065320968628 0.006517350673675537 0.0031582117080688477
0.002974092960357666 0.010412514209747314 0.007113516330718994
0.003581136465072632 0.007176756858825684 0.0020824670791625977
0.0011046826839447021 0.0031416714191436768 0.0
0.007355809211730957 0.004007488489151001 0.0034158825874328613
0.001639038324356079 0.0037135183811187744 0.0035550594329833984
0.0 0.0019228756427764893 0.008082568645477295
0.0 0.001564711332321167 0.013112902641296387
0.0005071759223937988 0.007488250732421875 0.007285594940185547
0.001512676477432251 0.009861081838607788 0.0026127099990844727
0.0 0.002517193555831909 0.0
0.0 0.0018038451671600342 0.0
0.0 0.00014480948448181152 0.0
0.0005671977996826172 0.0075973570346832275 0.0
0.000547945499420166 0.008878171443939209 0.0
0.0 0.005298614501953125 0.0
0.0054659247398376465 0.009366244077682495 0.0
0.004411280155181885 0.0065346360206604 0.0015202760696411133
0.007600247859954834 0.010916173458099365 0.007003068923950195
0.008057117462158203 0.006173223257064819 0.013583719730377197
0.0039244890213012695 0.0058367252349853516 0.012713968753814697
0.008988171815872192 0.012541323900222778 0.016445279121398926
0.007269114255905151 0.0036010146141052246 0.002210557460784912
0.005311936140060425 0.010166376829147339 0.0039861202239990234
0.005682557821273804 0.004101693630218506 0.002397477626800537
0.006729602813720703 0.008118420839309692 0.0
0.0013427138328552246 0.008715450763702393 0.0027799606323242188
0.0 0.0007864832878112793 0.0
0.0020285844802856445 0.0008415281772613525 0.006349623203277588
0.0 0.0 0.004469752311706543
0.0 0.0 0.009607672691345215
0.0 0.0019890666007995605 0.0105019211769104
0.0 0.005376696586608887 0.00859689712524414
0.0 0.0021599233150482178 0.006458163261413574
0.0010194182395935059 0.004625856876373291 0.0016458630561828613
0.008452266454696655 0.008026659488677979 0.005762577056884766
0.0 0.00021520256996154785 0.0
0.007055401802062988 0.008921712636947632 0.006115555763244629
0.014250755310058594 0.015196353197097778 0.009381294250488281
0.0006552338600158691 0.006995946168899536 0.0
0.0 0.0038385093212127686 0.0
0.0008305013179779053 0.0032371580600738525 0.006498575210571289
0.010498583316802979 0.0029381513595581055 0.01043558120727539
0.002852112054824829 0.005831599235534668 0.0070996880531311035
0.006221085786819458 0.007263541221618652 0.012653946876525879
0.0033333301544189453 0.00540769100189209 0.014989018440246582
0.0002961158752441406 0.005775660276412964 0.009394407272338867
0.0026560425758361816 0.005496621131896973 0.0045577287673950195
0.0 0.0016906559467315674 0.0
0.0 0.003342151641845703 0.0
0.00082358717918396 0.0028162002563476562 0.0
0.0 0.002043485641479492 0.0
0.00349387526512146 0.00816333293914795 0.00395965576171875
0.0 0.003610283136367798 0.0013864636421203613
0.0 0.005431443452835083 0.00693511962890625
0.007252126932144165 0.004197180271148682 0.013987183570861816
0.0012031793594360352 0.0022857189178466797 0.0031335949897766113
0.0006722211837768555 0.00551074743270874 0.004693508148193359
0.005207031965255737 0.00581243634223938 0.008515715599060059
0.0038775205612182617 0.010237157344818115 0.008810281753540039
0.0 0.0045056939125061035 0.0012526512145996094
0.0020572543144226074 0.0014448761940002441 0.0
0.010634124279022217 0.009701043367385864 0.004138588905334473
0.0 0.00148695707321167 0.0
0.0 0.006039023399353027 0.0012775659561157227
0.004299193620681763 0.0072151124477386475 0.0049929022789001465
0.0 0.0005435645580291748 0.0
0.0 0.00548022985458374 0.00469517707824707
0.0 0.0001074373722076416 0.003878772258758545
0.004191070795059204 0.0032841861248016357 0.0054438114166259766
0.0 0.0002518296241760254 0.0026387572288513184
0.0 0.004426747560501099 0.004294455051422119
0.0015472471714019775 0.006589770317077637 0.006700992584228516
0.005323171615600586 0.0056053102016448975 0.005753636360168457
0.0 0.0073115527629852295 0.002862095832824707
0.0014681816101074219 0.003533393144607544 0.007815957069396973
0.004666328430175781 0.0018922388553619385 0.009587705135345459
0.0 0.0018281638622283936 0.004590213298797607
0.0 0.0012455582618713379 0.008549094200134277
0.0013846158981323242 0.00028273463249206543 0.011666178703308105
0.0007905066013336182 0.01064985990524292 0.007347583770751953
0.0 0.012693643569946289 0.0
0.00586274266242981 0.0024138689041137695 0.0
0.011714279651641846 0.0 0.004281580448150635
0.011018544435501099 0.009393930435180664 0.007861793041229248
0.0 0.010030955076217651 0.005583226680755615
0.00013202428817749023 0.008953005075454712 0.0008921623229980469
0.006404995918273926 0.005516111850738525 0.004234671592712402
0.0 0.0 0.0
0.0 0.008596807718276978 0.0
0.0021397769451141357 0.0033599138259887695 0.0001977682113647461
0.0 0.000501096248626709 0.0021628737449645996
0.0 0.0 0.003890812397003174
0.0 0.002800285816192627 0.008287012577056885
0.0 0.00503125786781311 0.0024155378341674805
0.0004887580871582031 0.003176450729370117 0.0025060176849365234
0.0004318654537200928 0.0 0.0003484487533569336
0.00033792853355407715 0.006239414215087891 0.004380702972412109
0.007230013608932495 0.004659861326217651 0.0066986083984375
0.011495828628540039 0.005964905023574829 0.015417873859405518
0.00792461633682251 0.001888275146484375 0.013902604579925537
0.007360279560089111 0.013678908348083496 0.012590289115905762
0.009176880121231079 0.009665340185165405 0.005366086959838867
0.00973007082939148 0.004668205976486206 0.001542210578918457
0.0 0.0 0.0
0.003997921943664551 0.0005221962928771973 0.006119132041931152
0.0020823776721954346 0.00040340423583984375 0.0054874420166015625
0.0 0.006879061460494995 0.008532464504241943
0.0 0.0 0.006303071975708008
0.0 0.00396767258644104 0.00698012113571167
0.000629037618637085 0.0 0.0014490485191345215
0.0003033280372619629 0.0 0.002878248691558838
0.0 0.00621446967124939 0.011583566665649414
0.0021075010299682617 0.004761338233947754 0.011115312576293945
0.0040496885776519775 0.002905547618865967 0.0
0.005381762981414795 0.007811039686203003 0.0
0.005251497030258179 0.0050217509269714355 0.002767324447631836
0.0014302432537078857 0.005585730075836182 0.00031495094299316406
0.008458912372589111 0.012443780899047852 0.0027156472206115723
0.010932445526123047 0.009033739566802979 0.005114197731018066
0.0008149445056915283 0.004882752895355225 0.004323840141296387
0.0 0.0013507306575775146 0.0026044249534606934
0.002507418394088745 0.0 0.003038167953491211
0.0009584724903106689 0.0026982128620147705 0.009271740913391113
0.0 0.0 0.008916258811950684
0.0 0.003732442855834961 0.014605343341827393
0.0 0.001331716775894165 0.008065402507781982
0.0 0.0023151934146881104 0.004200160503387451
0.0 0.0 0.0
0.0 0.004953593015670776 0.0
0.0 0.0035473108291625977 0.0
0.0010483860969543457 0.0006224513053894043 0.0
0.003335714340209961 0.006978511810302734 0.0013025403022766113
0.0043637752532958984 0.00568002462387085 0.006265699863433838
0.003759026527404785 0.0047598183155059814 0.006767451763153076
0.004725754261016846 0.004008352756500244 0.01285552978515625
0.0032007992267608643 0.00503203272819519 0.014457285404205322
0.0009606480598449707 0.002676457166671753 0.010770320892333984
0.0057295262813568115 0.004210442304611206 0.010915040969848633
0.0033878087997436523 0.0033261775970458984 0.0024834871292114258
0.0008856356143951416 0.004930853843688965 0.0
0.007016181945800781 0.0038268864154815674 0.0
0.0 0.005351454019546509 0.0
0.007046163082122803 0.00795474648475647 0.003981828689575195
0.0 0.006006598472595215 0.0
0.003056466579437256 0.002054929733276367 0.0015987157821655273
0.0 0.00044220685958862305 0.007465004920959473
0.0 0.0 0.006435751914978027
0.00034490227699279785 0.002297639846801758 0.010274291038513184
0.0 0.0018376708030700684 0.012357115745544434
0.0 0.0 0.004345536231994629
0.003496408462524414 0.0009260177612304688 0.008566856384277344
0.0 0.0019742846488952637 0.00775986909866333
0.0 0.002510547637939453 0.00780409574508667
0.002945929765701294 0.003369152545928955 0.010130584239959717
0.005433768033981323 0.005134016275405884 0.005415499210357666
0.0062763988971710205 0.004238218069076538 0.0032630562782287598
0.0069999098777771 0.00551411509513855 0.007955551147460938
0.0037017464637756348 0.0035248398780822754 0.004552245140075684
0.0021186769008636475 0.004833519458770752 0.005013108253479004
0.0 0.0 0.002402067184448242
0.0 0.0025787055492401123 0.005057096481323242
0.0 0.0021134018898010254 0.0067675113677978516
0.0 0.0025346875190734863 0.0074874162673950195
0.0 0.0 0.01119464635848999
0.0007249116897583008 0.0 0.013979434967041016
0.0 0.0 0.020333826541900635
0.0 0.0 0.03935664892196655
0.0 0.0 0.06467616558074951
0.0 0.0 0.08099913597106934
0.033800989389419556 0.04099664092063904 0.07487303018569946
0.1142447292804718 0.07767423987388611 0.011334121227264404
0.15826687216758728 0.12037476897239685 0.0
0.1619078516960144 0.16483330726623535 0.0
0.2185332477092743 0.16628164052963257 0.0
0.16957694292068481 0.22827982902526855 0.0
0.1880640983581543 0.2480524182319641 0.0
0.1613137125968933 0.21207958459854126 0.0
0.10727494955062866 0.31826895475387573 0.0
0.0 0.13250571489334106 0.0
0.0 0.1941501796245575 0.0
0.0 0.05572026968002319 0.0
0.0 0.11295846104621887 0.0
0.0 0.10685241222381592 0.0
0.0 0.07887792587280273 0.0
0.0 0.0702773928642273 0.0
0.0 0.052063822746276855 0.08195006847381592
0.0 0.09742087125778198 0.2298426628112793
0.0 0.09856253862380981 0.4024461507797241
0.0 0.11496961116790771 0.5718841552734375
0.0 0.2228330373764038 0.6209148168563843
0.0 0.460069477558136 0.5631590485572815
0.0 0.4962124824523926 0.5934247374534607
0.0 0.49515390396118164 0.6282306909561157
0.0 0.5470169186592102 0.575529932975769
0.0 0.5585510730743408 0.6168436408042908
0.0 0.7633387446403503 0.4781450033187866
0.0 0.9823786616325378 0.4084232449531555
0.0 0.6609833836555481 0.2953522205352783
0.051359400153160095 0.6334255337715149 0.19436544179916382
0.024773940443992615 0.5766949653625488 0.08994007110595703
0.2075078934431076 0.46226751804351807 0.0
0.2952442169189453 0.4256097078323364 0.0
0.3602847754955292 0.35720372200012207 0.0
0.33950352668762207 0.3004744052886963 0.0
0.20811617374420166 0.2772063612937927 0.0
0.09336709976196289 0.22080108523368835 0.0
0.07166385650634766 0.15025460720062256 0.0
0.04246196150779724 0.041171640157699585 0.0
0.0 0.0 0.0
0.0 0.0 0.0
0.0 0.0018036961555480957 0.0
0.0 0.0 0.0
0.0 0.0 0.0
0.0 0.0 0.017452895641326904
0.0 0.0 0.026644349098205566
0.0 0.0 0.049183666706085205
0.0 0.0 0.04539668560028076
0.0 0.0 0.06284147500991821
0.0 0.0 0.061700403690338135
0.01457071304321289 0.0 0.03399395942687988
0.0 0.007566243410110474 0.02445584535598755
0.02902546525001526 0.007134139537811279 0.04037511348724365
0.0 0.013316422700881958 0.0
0.0030379295349121094 0.0020274817943573 0.007149219512939453
0.0 0.0 0.0
0.0 0.008392512798309326 0.0
0.011299923062324524 0.0015352368354797363 0.0010050535202026367
0.009303942322731018 0.011911571025848389 0.006390988826751709
0.0 0.004036605358123779 0.0029799938201904297
0.0 0.000615924596786499 0.0
0.0 0.0 0.0
0.0 0.0005356669425964355 0.0
0.0 0.0 0.0
0.0 0.0 0.0
0.0 0.0 0.0
0.0 0.0 0.0
0.0 0.001872420310974121 0.0
0.0 0.0027778446674346924 0.0
0.000257343053817749 0.007683068513870239 0.0
0.0011903941631317139 0.014404922723770142 0.0
0.0067532360553741455 0.0093250572681427 0.005425810813903809
0.00010398030281066895 0.007482379674911499 0.0021904706954956055
0.006288677453994751 0.010235726833343506 0.008367538452148438
0.0 0.0 0.0017713308334350586
0.010300904512405396 0.008401632308959961 0.009160995483398438
0.0 0.0060048699378967285 0.012659311294555664
0.0 0.005868345499038696 0.0
0.01145365834236145 0.014492392539978027 0.008974134922027588
0.005885660648345947 0.0038465261459350586 0.0028821229934692383
0.003163933753967285 0.010794490575790405 0.0003832578659057617
0.0 0.006218910217285156 0.0
0.005729168653488159 0.008372694253921509 0.0
0.0019068121910095215 0.0029309093952178955 0.006198108196258545
0.0030231773853302 0.0036967992782592773 0.007669329643249512
0.010223329067230225 0.012415945529937744 0.01490938663482666
0.01532164216041565 0.014201372861862183 0.014101624488830566
0.010980486869812012 0.01331263780593872 0.009834110736846924
0.016470283269882202 0.01910993456840515 0.005280613899230957
0.02508944272994995 0.02955043315887451 0.0
0.03971490263938904 0.03201207518577576 0.0
0.05183759331703186 0.036441653966903687 0.0
0.0752217173576355 0.04714769124984741 0.0
0.08523708581924438 0.05949646234512329 0.0
0.06999790668487549 0.06627851724624634 0.0
0.06926828622817993 0.08132001757621765 0.0
0.09645351767539978 0.08415788412094116 0.0
0.104093998670578 0.07959038019180298 0.0
0.07919609546661377 0.08499115705490112 0.0
0.03686785697937012 0.060515910387039185 0.0
0.0034712255001068115 0.03431251645088196 0.0
0.0 0.006517887115478516 0.0
0.0 0.0072119832038879395 0.0031065940856933594
0.0 0.0 0.020218253135681152
0.0 0.0 0.022861838340759277
0.0 0.0 0.052445292472839355
0.0 0.0 0.09296417236328125
0.0 0.0 0.12701505422592163
0.0 0.0 0.13578855991363525
0.0 0.0 0.13287466764450073
0.0 0.0 0.13568592071533203
0.0 0.0 0.1261274814605713
0.0 0.018302589654922485 0.13969463109970093
0.0 0.048891544342041016 0.11766237020492554
0.0 0.05289575457572937 0.08905941247940063
0.0 0.05047827959060669 0.047162771224975586
0.06263172626495361 0.09078893065452576 0.0
0.1281285583972931 0.12366452813148499 0.0
0.17791986465454102 0.1361805498600006 0.0
0.18029683828353882 0.14858531951904297 0.0
0.19532811641693115 0.15404990315437317 0.0
0.1936742663383484 0.1593468189239502 0.0
0.1672164797782898 0.16638049483299255 0.0
0.16421079635620117 0.15837237238883972 0.0
0.16054263710975647 0.14856529235839844 0.0
0.1505662202835083 0.13831260800361633 0.0
0.14478227496147156 0.12065744400024414 0.0
0.10172721743583679 0.11545142531394958 0.0
0.06939816474914551 0.11829957365989685 0.0
0.04943132400512695 0.11645731329917908 0.0020380020141601562
0.0 0.07653054594993591 0.008552908897399902
0.0 0.002519160509109497 0.03591418266296387
0.0 0.0 0.07119059562683105
0.0 0.0 0.07805442810058594
0.0 0.0 0.09472060203552246
0.0 0.0 0.09591329097747803
0.0 0.0 0.09960907697677612
0.0 0.0 0.11299824714660645
0.0 0.0 0.127804696559906
0.0 0.0 0.12731099128723145
0.0 0.0 0.11183273792266846
0.0 0.0 0.10129737854003906
0.0 0.0 0.10058021545410156
0.0 0.0 0.08924651145935059
0.0 0.03912395238876343 0.06820142269134521
0.0 0.058363884687423706 0.03863656520843506
0.039737969636917114 0.0681566596031189 0.003666996955871582
0.05957221984863281 0.08321371674537659 0.0
0.1170608401298523 0.0993722677230835 0.0
0.15155956149101257 0.12712150812149048 0.0
0.16029947996139526 0.1445508599281311 0.0
0.15903523564338684 0.14697355031967163 0.0
0.1379094123840332 0.14929845929145813 0.0
0.14275813102722168 0.12590399384498596 0.0
0.14146047830581665 0.12166690826416016 0.0
0.1418823003768921 0.10730376839637756 0.0
0.14327391982078552 0.1057165265083313 0.0
0.10455819964408875 0.10363197326660156 0.0
0.04318350553512573 0.10020506381988525 0.0
0.031795650720596313 0.07495638728141785 0.0
0.05331870913505554 0.06852138042449951 0.0
0.041245341300964355 0.058274656534194946 0.0
0.004332989454269409 0.06543970108032227 0.005339264869689941
0.0 0.04003643989562988 0.0064809322357177734
0.0 0.0 0.03125643730163574
0.0 0.0 0.06609588861465454
0.0 0.0 0.07076799869537354
0.0 0.0 0.08009350299835205
0.0 0.0 0.0692182183265686
0.0 0.0 0.07444506883621216
0.0 0.0 0.10093730688095093
0.0 0.0 0.11901205778121948
0.0 0.0 0.11711788177490234
0.0 0.0 0.10794013738632202
0.0 0.0 0.09341639280319214
0.0 0.0 0.07734787464141846
0.0 0.0 0.06253266334533691
0.0 0.023336023092269897 0.05540037155151367
0.0 0.0337979793548584 0.04754751920700073
0.0 0.02421078085899353 0.02166914939880371
0.04217049479484558 0.04925921559333801 0.0
0.05183398723602295 0.0777968168258667 0.0
0.05529293417930603 0.08402875065803528 0.0
0.08398297429084778 0.08757978677749634 0.0
0.13188132643699646 0.098711758852005 0.0
0.15621531009674072 0.11675673723220825 0.0
0.14194679260253906 0.11182475090026855 0.0
0.0962928831577301 0.10685193538665771 0.0
0.07792901992797852 0.09850093722343445 0.0
0.08337751030921936 0.08332043886184692 0.0
0.10476541519165039 0.06529805064201355 0.0
0.09640529751777649 0.07487756013870239 0.0
0.027006477117538452 0.07680583000183105 0.0
0.0 0.03526914119720459 0.0
0.0 0.009251832962036133 0.004073679447174072
0.023370325565338135 0.0042810142040252686 0.026408910751342773
0.02222234010696411 0.02642109990119934 0.02305370569229126
0.0 0.03767496347427368 0.0016186833381652832
0.0 0.018481522798538208 0.0
0.0 0.0 0.002658843994140625
0.0 0.0 0.006204843521118164
0.0 0.0 0.023844540119171143
0.0 0.008846402168273926 0.028293371200561523
0.0 0.0 0.019707798957824707
0.0 0.0 0.02371746301651001
0.0 0.0 0.03714168071746826
0.0 0.0 0.05214357376098633
0.0 0.0 0.06140315532684326
0.0 0.0 0.06256300210952759
0.0 0.0 0.07360571622848511
0.0 0.0 0.08000719547271729
0.0 0.0 0.0831221342086792
0.0 0.0 0.08528250455856323
0.0 0.0 0.06994861364364624
0.0 0.0 0.05307626724243164
0.0 0.0 0.05076241493225098
0.0 0.0039955079555511475 0.044000089168548584
0.004413396120071411 0.04048144817352295 0.022270381450653076
0.021312803030014038 0.06005746126174927 0.0
0.046637654304504395 0.05147638916969299 0.0
0.07127484679222107 0.058429062366485596 0.0
0.09165740013122559 0.07833760976791382 0.0
0.10553812980651855 0.0968618392944336 0.0
0.12015494704246521 0.10247933864593506 0.0
0.10753893852233887 0.08737793564796448 0.0
0.08003807067871094 0.08537650108337402 0.0
0.05298745632171631 0.07279336452484131 0.0
0.06683388352394104 0.04953843355178833 0.0
0.05604681372642517 0.04213833808898926 0.0
0.03790733218193054 0.03278133273124695 0.003934144973754883
0.033173829317092896 0.021103203296661377 0.0028727054595947266
0.015046566724777222 0.014035850763320923 0.01345139741897583
0.0016782879829406738 0.007365912199020386 0.028651952743530273
0.0 0.0006390511989593506 0.04064798355102539
0.0 0.0 0.04081779718399048
0.0 0.0 0.04297757148742676
0.0 0.0 0.0435183048248291
0.0 0.0 0.03974181413650513
0.0 0.0 0.037584006786346436
0.0 0.0 0.024250328540802002
0.0 0.0 0.01454174518585205
0.0 0.0 0.006369352340698242
0.0 0.0 0.0007444620132446289
0.0 0.0 0.0
0.0 0.0 0.0
0.0006223917007446289 0.0 0.0
0.014616906642913818 0.009850919246673584 0.0
0.011295944452285767 0.013537317514419556 0.0
0.0020588338375091553 0.007349491119384766 0.0
0.0052092671394348145 0.004753917455673218 0.00417637825012207
0.003743767738342285 0.0074596107006073 0.007164299488067627
0.007937073707580566 0.009302139282226562 0.007319927215576172
0.0016726851463317871 0.007785141468048096 0.000525355339050293
0.0 0.0 0.0
0.0 0.003615856170654297 0.0
0.001603931188583374 0.004532992839813232 0.006378471851348877
0.009041756391525269 0.0 0.01858443021774292
0.0 0.0 0.019730329513549805
0.004394799470901489 0.0 0.019804716110229492
0.0 0.0 0.020956873893737793
0.0 0.0 0.02771151065826416
0.0 0.001124352216720581 0.020804882049560547
0.004769444465637207 0.006371349096298218 0.012827873229980469
0.011214017868041992 0.003635197877883911 0.0012102127075195312
0.011694878339767456 0.00741732120513916 0.0
0.00990566611289978 0.018078655004501343 0.0
0.012826502323150635 0.017725378274917603 0.0
0.00931653380393982 0.008569538593292236 0.0
0.006648629903793335 0.012048065662384033 0.0
0.00516781210899353 0.01380622386932373 0.0
0.0 0.009703189134597778 0.0
0.0 0.0 0.0
0.0 0.002728283405303955 0.0
0.0033800601959228516 0.00592648983001709 0.007295072078704834
0.00640299916267395 0.010035425424575806 0.01041179895401001
0.010654628276824951 0.004625469446182251 0.022891521453857422
0.010345667600631714 0.009861081838607788 0.01888328790664673
0.014295220375061035 0.013757318258285522 0.01779097318649292
0.023175418376922607 0.011588722467422485 0.019732952117919922
0.016917914152145386 0.003249615430831909 0.01639699935913086
0.010407745838165283 0.008382707834243774 0.01347273588180542
0.0100078284740448 0.007988899946212769 0.010156393051147461
0.0036169588565826416 0.0070292651653289795 0.0
0.008136212825775146 0.0 0.0059337615966796875
0.0 0.0 0.0004432797431945801
0.0 0.0 0.00029164552688598633
0.0 0.0 0.013774335384368896
0.0 0.0003794431686401367 0.02338850498199463
0.0 0.012909531593322754 0.015181481838226318
0.0 0.002550750970840454 0.0016353130340576172
0.0004405677318572998 0.0 0.0
0.002760559320449829 0.0 0.004445552825927734
0.0 0.0 0.003789961338043213
0.0 0.0 0.0
0.0 0.0 0.0
0.0 0.0 0.0
0.0 0.03512120246887207 0.0
0.06818848848342896 0.08667489886283875 0.0
0.17973941564559937 0.15544858574867249 0.0
0.2403201460838318 0.2505757808685303 0.0
0.1973615288734436 0.4051622748374939 0.0
0.20352673530578613 0.4705702066421509 0.0
0.12232589721679688 0.5465362071990967 0.0
0.0 0.683745265007019 0.0
0.0 0.18442687392234802 0.0
0.0 0.0 0.0
0.0 0.0 0.0
0.0 0.19447657465934753 0.0
0.0 0.12806963920593262 0.6254442930221558
0.0 0.18348023295402527 1.0911664962768555
0.0 0.38599514961242676 0.9734286069869995
0.0 0.5950626134872437 0.8425948619842529
0.0 0.5027168989181519 0.8639689683914185
0.0 0.5448641777038574 0.7897864580154419
0.0 0.5606123208999634 0.7310481667518616
0.0 0.5971215963363647 0.7332890033721924
0.0 0.7430272698402405 0.7423409223556519
0.0 0.8935892581939697 0.6414043307304382
0.0 0.9222372174263 0.6490808725357056
0.0 0.8787368535995483 0.4101128578186035
0.0 0.808312177658081 0.2948765754699707
0.0 0.6565518379211426 0.21082210540771484
0.08085481822490692 0.598087728023529 0.19534236192703247
0.12709151208400726 0.5348874926567078 0.12307363748550415
0.16207903623580933 0.46730637550354004 0.01221609115600586
0.16399189829826355 0.40578898787498474 0.0
0.09489475190639496 0.3055514991283417 0.0
0.0005627721548080444 0.13188815116882324 0.0
0.0 0.0 0.0
0.014391735196113586 0.0 0.0
0.0 0.0 0.0
0.0 0.06974156200885773 0.0
0.0 0.17973601818084717 0.0
0.0 0.09000055491924286 0.0
0.0 0.039860114455223083 0.0
0.0 0.052430033683776855 0.014202892780303955
0.0 0.018725097179412842 0.09757423400878906
0.0 0.0 0.0666688084602356
0.0 0.0 0.03231954574584961
0.0 0.0 0.0
0.0 0.0 0.0
0.0 0.0 0.0
0.011570006608963013 0.0 0.011970758438110352
0.01418614387512207 0.009612202644348145 0.013902664184570312
0.002176523208618164 0.022703081369400024 0.0059506893157958984
0.0 0.003072023391723633 0.0
0.0 0.001631811261177063 0.0
0.0 0.002588927745819092 0.009427189826965332
0.0 0.0 0.036621809005737305
0.0 0.013529404997825623 0.04193258285522461
0.0 0.011701568961143494 0.007328808307647705
0.006632477045059204 0.015734687447547913 0.0150986909866333
0.005505770444869995 0.0 0.002757132053375244
0.0 0.0091610848903656 0.0
0.0 0.0039029717445373535 0.0
0.029792174696922302 0.012650683522224426 0.0
0.015555039048194885 0.012944966554641724 0.006308317184448242
0.009009450674057007 0.005230695009231567 0.007636129856109619
0.0102444589138031 0.009461089968681335 0.020798563957214355
0.0028126537799835205 0.023251742124557495 0.0032460689544677734
0.0030736029148101807 0.00783112645149231 0.0
0.002853184938430786 0.0 0.01121532917022705
0.00245840847492218 0.0014856159687042236 0.020224153995513916
0.0 0.0057275742292404175 0.008153855800628662
0.0 0.0 0.0
0.0 0.0 0.0055092573165893555
0.0 0.0 0.002494335174560547
0.0 0.0 0.010605037212371826
0.0 0.005016103386878967 0.009976983070373535
0.0 0.011747702956199646 0.004872322082519531
0.0 0.015689611434936523 0.0
0.0050535500049591064 0.009800761938095093 0.0
0.004267781972885132 0.011180460453033447 0.0
0.0054092854261398315 0.007738292217254639 0.0
0.0 0.006566554307937622 0.0
0.0 0.007808715105056763 0.00030225515365600586
0.003095775842666626 0.008385509252548218 0.010687589645385742
0.0 0.001270577311515808 0.0
0.0 0.006805554032325745 0.007712721824645996
0.0 0.004671871662139893 0.006697237491607666
0.0 0.009820759296417236 0.010368525981903076
0.0 0.007375732064247131 0.003611326217651367
0.0018543750047683716 0.005695372819900513 0.008623778820037842
0.00334969162940979 0.008300632238388062 0.015692293643951416
0.013768777251243591 0.009647846221923828 0.010625004768371582
0.008735135197639465 0.008859619498252869 0.01214599609375
0.0 0.001632094383239746 0.011232495307922363
0.0 0.0028628110885620117 0.0
0.001235872507095337 0.007017612457275391 0.006342053413391113
0.0 0.009465053677558899 0.009775280952453613
0.0 0.01165783405303955 0.006762504577636719
0.0006814450025558472 0.012961596250534058 0.0038834810256958008
0.0073905885219573975 0.010905250906944275 0.0025690793991088867
0.00023467838764190674 0.00822487473487854 0.0
0.0009489357471466064 0.003075718879699707 0.0
0.0017587393522262573 0.0023849010467529297 0.0
0.0 0.0051614344120025635 0.00632709264755249
0.0 0.0026845037937164307 0.0084381103515625
0.0 0.005516469478607178 0.011758863925933838
0.005244940519332886 0.01019430160522461 0.01143258810043335
0.010884225368499756 0.008919522166252136 0.009472846984863281
0.009440556168556213 0.012032285332679749 0.0008515715599060059
0.013018891215324402 0.012596085667610168 0.0007227063179016113
0.009955942630767822 0.010760322213172913 0.0
0.0165615975856781 0.008173242211341858 0.0032468438148498535
0.012911871075630188 0.004219576716423035 0.008955955505371094
0.007948964834213257 0.010802224278450012 0.0073778629302978516
0.0 0.01100824773311615 0.01053464412689209
0.0 0.0004976838827133179 0.0
0.0 0.01859140396118164 0.09139913320541382
0.0674726665019989 0.0 0.02506345510482788
0.0 0.037731751799583435 0.006391048431396484
0.0 0.024328216910362244 0.0
0.0 0.0 0.0
0.0 0.002812996506690979 0.0
0.0 0.018922463059425354 0.0
0.06486395001411438 0.0 0.0
