0.08851689100265503 0.0 0.007542908191680908
0.038158804178237915 0.0 0.01879751682281494
0.0017219483852386475 0.03480738401412964 0.03292721509933472
0.05266684293746948 0.0 0.0
0.06563061475753784 0.0 0.005908310413360596
0.023433715105056763 0.0 0.01720869541168213
0.03250756859779358 0.0 0.001090705394744873
0.0 0.0 0.0
0.0 0.0 0.0
0.0 0.00014391541481018066 0.0
0.0 0.004070878028869629 0.003045380115509033
0.0 0.005832552909851074 0.010388672351837158
0.0 0.006336987018585205 0.012924790382385254
0.0 0.013266146183013916 0.01286250352859497
0.004955291748046875 0.005219936370849609 0.019602477550506592
0.006243705749511719 0.0 0.031130492687225342
0.0029917657375335693 0.0 0.03633230924606323
0.012876391410827637 0.0 0.03297460079193115
0.008308261632919312 0.0 0.021967172622680664
0.0 0.005210965871810913 0.01749098300933838
0.0 0.012108385562896729 0.012949705123901367
0.0 0.011482089757919312 0.01512080430984497
0.0007928907871246338 0.01658940315246582 0.013049840927124023
0.0 0.012312263250350952 0.0
0.0 0.011684238910675049 0.0
0.01301005482673645 0.0 0.0005061626434326172
0.00906321406364441 0.0 0.0003972649574279785
0.004438430070877075 0.0 0.0
0.00863000750541687 0.0003763735294342041 0.005851626396179199
0.013297945261001587 0.00037994980812072754 0.005332589149475098
0.0030032992362976074 0.0 0.010016262531280518
0.0 0.0 0.018939971923828125
0.0 0.001362621784210205 0.01722055673599243
0.0 0.0034668147563934326 0.01534801721572876
0.0 0.0 0.01582777500152588
0.0 0.002880275249481201 0.007114708423614502
0.0 0.0 0.0
0.0 0.0 0.0
0.0 0.0 0.0
0.0 0.0 0.006058335304260254
0.0 0.0 0.0
0.0046277642250061035 0.003531038761138916 0.003355264663696289
0.029549330472946167 0.004666268825531006 0.0
0.028456032276153564 0.018104523420333862 0.0
0.018797457218170166 0.013126581907272339 0.0
0.0 0.015049546957015991 0.0
0.0 0.00023752450942993164 0.0
0.0 0.0 0.025596141815185547
0.0025173425674438477 0.0 0.028394341468811035
0.0 0.0 0.023936867713928223
0.0 0.0 0.0
0.0 0.0016980767250061035 0.0
0.02192366123199463 0.030011385679244995 0.024325668811798096
0.02501627802848816 0.0 0.031847357749938965
0.004792004823684692 0.0 0.03088247776031494
0.0 0.0 0.033161044120788574
0.0 0.007126033306121826 0.032303810119628906
0.01860833168029785 0.0 0.023708224296569824
0.0032144486904144287 0.0 0.024254918098449707
0.0005349516868591309 0.0 0.02326679229736328
0.0 0.0 0.0242537260055542
0.0 0.0 0.025077223777770996
0.0 0.0 0.02139681577682495
0.0037486255168914795 0.0 0.021482646465301514
0.0 0.0 0.013046562671661377
0.0 0.0 0.0022560954093933105
0.0 0.0 0.0
0.011420756578445435 0.0 0.002174973487854004
0.003557056188583374 0.0 0.0043059587478637695
0.008712053298950195 0.0 0.005687892436981201
0.013901114463806152 0.0 0.0
0.007146775722503662 0.0 0.005362212657928467
0.00032955408096313477 0.0 0.013028919696807861
0.006346285343170166 0.0 0.020953714847564697
0.007259249687194824 0.0 0.01878798007965088
0.009206205606460571 0.004484236240386963 0.021159470081329346
0.004545241594314575 0.0023683011531829834 0.012360095977783203
0.004712998867034912 0.0023508667945861816 0.007483124732971191
0.0052027106285095215 0.0 0.0028897523880004883
0.0 0.0 0.0
0.0 0.0 0.0
0.0005379319190979004 0.0008463263511657715 0.0
0.005148500204086304 0.003895282745361328 0.0
0.0007655918598175049 0.000691533088684082 0.0013566017150878906
0.0018905103206634521 0.0038056373596191406 0.0032777786254882812
0.005141556262969971 0.002822786569595337 0.012315034866333008
0.006090998649597168 0.0039206743240356445 0.01107335090637207
0.0044449567794799805 0.0021719932556152344 0.014561474323272705
0.003664731979370117 0.0027139782905578613 0.018400847911834717
0.003156691789627075 0.0 0.015706777572631836
0.0027238428592681885 0.0 0.017080724239349365
0.003995418548583984 0.0 0.013043642044067383
0.0029574930667877197 0.003921240568161011 0.008358001708984375
0.004874885082244873 0.003685861825942993 0.006491959095001221
0.0059663355350494385 0.007824808359146118 0.0009273290634155273
0.00344046950340271 0.002814054489135742 0.0003166794776916504
0.009467601776123047 0.0026106536388397217 0.0
0.0033360719680786133 0.0021030306816101074 0.0
0.00027698278427124023 0.0034542083740234375 0.0
0.0 0.004095941781997681 0.0
0.0 0.0017431974411010742 0.0
0.0 0.0 0.0
0.0 0.0 0.0
0.004813730716705322 0.0 0.01186448335647583
0.004571497440338135 0.0021002590656280518 0.010253190994262695
0.00011137127876281738 0.006063640117645264 0.011735618114471436
0.0007700324058532715 0.008975058794021606 0.0158156156539917
0.0 0.00630602240562439 0.026353061199188232
0.009087860584259033 0.0013484358787536621 0.03425955772399902
0.012363344430923462 0.0 0.03376048803329468
0.0069554150104522705 0.0032119154930114746 0.020014524459838867
0.0 0.002862900495529175 0.004221439361572266
0.0 0.0 0.0009670853614807129
0.0 0.0 0.0
0.0 0.0 0.0
0.0 0.0 0.0
0.0 0.0 0.0
0.0 0.0 0.0
0.0 0.007674306631088257 0.0
0.0067976415157318115 0.006551295518875122 0.0
0.006435394287109375 0.012180745601654053 0.0045514702796936035
0.0116138756275177 0.00916057825088501 0.012106478214263916
0.01892527937889099 0.010873466730117798 0.019588828086853027
0.019033461809158325 0.013210296630859375 0.023340821266174316
0.014385759830474854 0.011184751987457275 0.017286837100982666
0.006129831075668335 0.012154102325439453 0.010833501815795898
0.0035991370677948 0.008320152759552002 0.00897437334060669
0.0 0.0016434788703918457 0.010310530662536621
0.0 0.0 0.005481541156768799
0.0 0.0 0.0075778961181640625
0.0 0.0 0.009324908256530762
0.0 0.0 0.006297945976257324
0.0 0.0 0.001050412654876709
0.0 0.0 0.004187881946563721
0.0 0.0 0.01755082607269287
0.0 0.0 0.024766623973846436
0.0 0.0 0.022837281227111816
0.007720321416854858 0.019738584756851196 0.0024805068969726562
0.04896080493927002 0.04933786392211914 0.0
0.07172879576683044 0.06358382105827332 0.0
0.05936145782470703 0.05667659640312195 0.0
0.05072769522666931 0.035046786069869995 0.0
0.053315699100494385 0.028009772300720215 0.0
0.008649975061416626 0.047848016023635864 0.0
0.0 0.04018956422805786 0.002724766731262207
0.016360461711883545 0.011787772178649902 0.0192413330078125
0.0046516358852386475 0.0 0.03207540512084961
0.0020095109939575195 0.0 0.045264601707458496
0.0 0.0 0.04999077320098877
0.0 0.0 0.03685206174850464
0.0 0.0 0.032554686069488525
0.0 0.0 0.04061955213546753
0.0 0.0 0.03435945510864258
0.0 0.0 0.018981575965881348
0.0 0.0 0.016571402549743652
0.0 0.0 0.015481889247894287
0.0 0.0 0.015390753746032715
0.0 0.0 0.01295238733291626
0.0 0.0 0.028834223747253418
0.0 0.0 0.034883081912994385
0.0 0.007119089365005493 0.03141772747039795
0.0 0.012933701276779175 0.016900956630706787
0.0 0.016747742891311646 0.0199277400970459
0.00884351134300232 0.013664871454238892 0.015802383422851562
0.02610906958580017 0.02337205410003662 0.018445849418640137
0.031381964683532715 0.04219937324523926 0.005727648735046387
0.0480017364025116 0.03912317752838135 0.0
0.03350114822387695 0.04324492812156677 0.0
0.04850810766220093 0.046172767877578735 0.0
0.05220106244087219 0.04567146301269531 0.0
0.0401206910610199 0.054694145917892456 0.0
0.04298856854438782 0.04230740666389465 0.0
0.03945016860961914 0.03667333722114563 0.0
0.012132078409194946 0.030012547969818115 0.0
0.017451345920562744 0.02066105604171753 0.0
0.0032586753368377686 0.014798492193222046 0.0
0.01094791293144226 0.006613999605178833 0.009608805179595947
0.0035882294178009033 0.004663258790969849 0.009611129760742188
0.0 0.003547877073287964 0.0012333989143371582
0.0 0.0 0.0
0.0 0.0 0.0009597539901733398
0.0 0.0 0.006391167640686035
0.0 0.0 0.00879603624343872
0.0 0.0 0.006034731864929199
0.0 0.0 0.013506889343261719
0.0 0.0 0.02522498369216919
0.0 0.0 0.036180317401885986
0.0 0.0 0.03300195932388306
0.0 0.0 0.02678370475769043
0.0 0.0 0.0365215539932251
0.0 0.0 0.03808462619781494
0.0 0.0 0.04393112659454346
0.0 0.0 0.04561185836791992
0.004924565553665161 0.0 0.04107940196990967
0.006205260753631592 0.01120835542678833 0.03266453742980957
0.0 0.017786651849746704 0.021767854690551758
0.0 0.03261592984199524 0.015134215354919434
0.043284714221954346 0.02125692367553711 0.010116755962371826
0.043208301067352295 0.030283063650131226 0.0
0.051496267318725586 0.03483539819717407 0.0
0.06486833095550537 0.04104208946228027 0.0
0.06540998816490173 0.07563075423240662 0.0
0.08172556757926941 0.08476850390434265 0.0
0.08563244342803955 0.08154726028442383 0.0
0.08001342415809631 0.08540526032447815 0.0
0.06803590059280396 0.09249123930931091 0.0
0.04533997178077698 0.0901145339012146 0.0
0.0106276273727417 0.07537510991096497 0.0
0.0007026791572570801 0.057669222354888916 0.0
0.041430532932281494 0.009273916482925415 0.014853835105895996
0.026283711194992065 0.0 0.019805312156677246
0.0 0.0 0.011365652084350586
0.0 0.0 0.0013890862464904785
0.0 0.0 0.0
0.0 0.0 0.005407989025115967
0.0016154646873474121 0.0 0.009977102279663086
0.0 0.0 0.0
0.0 0.0 0.0
0.0 0.0 0.0
0.0 0.0 0.0
0.0 0.0 0.0
0.0 0.0 0.0
0.0 0.0 0.0
0.0014010071754455566 0.0 0.03866231441497803
0.016692891716957092 0.0 0.06269514560699463
0.03496505320072174 0.013892292976379395 0.06409049034118652
0.09219266474246979 0.07235679030418396 0.07882535457611084
0.10898984968662262 0.1398507058620453 0.08122313022613525
0.11918275058269501 0.17636403441429138 0.07018589973449707
0.09775930643081665 0.2001451849937439 0.055625855922698975
0.08122539520263672 0.21140477061271667 0.023941218852996826
0.052514538168907166 0.17988303303718567 0.0
0.03398957848548889 0.14755982160568237 0.0
0.018802106380462646 0.12490612268447876 0.0
0.000979781150817871 0.09943288564682007 0.0
0.0 0.08255341649055481 0.0
0.0 0.0773618221282959 0.0
0.0 0.061885833740234375 0.0
0.0 0.029803842306137085 0.00576329231262207
0.0 0.007348954677581787 0.007372677326202393
0.0 0.0 0.00014251470565795898
0.0 0.0 0.006962835788726807
0.0 0.0 0.017381727695465088
0.0 0.0 0.016238868236541748
0.0 0.0 0.006579995155334473
0.0 0.0 0.0
0.0 0.0 0.0012751221656799316
0.0 0.0 0.014378190040588379
0.0 0.0 0.0043392181396484375
0.0 0.0 0.0
0.0 0.0 0.0
0.0 0.0 0.003828883171081543
0.0 0.0121784508228302 0.024361371994018555
0.0 0.028794318437576294 0.022666513919830322
0.0 0.03100547194480896 0.01614135503768921
0.0 0.027862489223480225 0.0065757036209106445
0.0 0.06170618534088135 0.01858055591583252
0.017288625240325928 0.09346416592597961 0.027570784091949463
0.03036990761756897 0.09274840354919434 0.014440476894378662
0.01744307577610016 0.07231268286705017 0.0
0.04448767006397247 0.07999572157859802 0.0
0.04388977587223053 0.07559069991111755 0.004949629306793213
0.03649326413869858 0.07366713881492615 0.0036140084266662598
0.026865869760513306 0.04959148168563843 0.0
0.02330683171749115 0.010218262672424316 0.0
0.02350020408630371 0.00011718273162841797 0.0
0.0029820799827575684 0.0 0.0
0.0025851577520370483 0.0 0.0030794739723205566
0.0006685703992843628 0.0 0.02471315860748291
0.0 0.0 0.022277653217315674
0.0024082213640213013 0.0 0.022932231426239014
0.0 0.0 0.023374319076538086
0.0 0.0 0.01915919780731201
0.0 0.0 0.025037646293640137
0.0 0.0 0.04085993766784668
0.0 0.0 0.04221159219741821
0.0 0.0 0.0284574031829834
0.0 0.0 0.020411372184753418
0.0 0.0 0.032739102840423584
0.0 0.0 0.05031895637512207
0.0 0.0 0.04863095283508301
0.0 0.0 0.02830326557159424
0.0 0.0 0.0042533278465271
0.0 0.0 0.0
0.0 0.010514616966247559 0.0
0.0027802884578704834 0.02200162410736084 0.0
0.017101377248764038 0.035018354654312134 0.0
0.02357862889766693 0.04266667366027832 0.0
0.032225027680397034 0.04551565647125244 0.0
0.04418876767158508 0.04241791367530823 0.0
0.053578704595565796 0.04050809144973755 0.0
0.06234323978424072 0.037191689014434814 0.0
0.05510888993740082 0.02743518352508545 0.0
0.04563257843255997 0.02497243881225586 0.0
0.04293333739042282 0.031475603580474854 0.0
0.039954692125320435 0.029805749654769897 0.0
0.038355499505996704 0.03786250948905945 0.006521821022033691
0.03259630501270294 0.034173786640167236 0.008705615997314453
0.013552650809288025 0.014131307601928711 0.002614915370941162
0.0 0.0 0.0
0.0 0.0 0.0030908584594726562
0.0032230913639068604 0.0 0.012810111045837402
0.0 0.00529170036315918 0.015796542167663574
0.0 0.0041380226612091064 0.01248234510421753
0.0 0.0 0.010279536247253418
0.0 0.0 0.011652946472167969
0.0 0.0 0.011908471584320068
0.0 0.0 0.018638551235198975
0.0 0.0 0.02848947048187256
0.0 0.0 0.027146577835083008
0.0 0.0 0.020244240760803223
0.0 0.0 0.012996554374694824
0.0 0.0 0.010232746601104736
0.0 0.0 0.02034580707550049
0.0 0.0 0.02241659164428711
0.0 0.0 0.02011573314666748
0.0 0.008602052927017212 0.013439595699310303
0.019091174006462097 0.03205433487892151 0.0
0.03652581572532654 0.0433119535446167 0.0
0.04733304679393768 0.043512314558029175 0.0
0.04253628849983215 0.03255951404571533 0.0
0.03686507046222687 0.026312053203582764 0.0
0.0376775860786438 0.025395512580871582 0.0
0.030897587537765503 0.0161726176738739 0.0
0.026888355612754822 0.017801791429519653 0.0
0.02333739399909973 0.0180833637714386 0.0021991729736328125
0.00852598249912262 0.012578994035720825 0.004830718040466309
0.009738542139530182 0.0 0.013943135738372803
0.006472744047641754 0.007628053426742554 0.014855027198791504
0.005589611828327179 0.016515284776687622 0.006743311882019043
0.0070971474051475525 0.015701502561569214 0.0
0.0 0.013254433870315552 0.0
0.0005566030740737915 0.006934672594070435 0.001473546028137207
0.0 0.006644248962402344 0.007768809795379639
0.0 0.003939956426620483 0.012943029403686523
0.0 0.0 0.0166664719581604
0.0 0.0 0.013345837593078613
0.0 0.0 0.004060268402099609
0.0 0.0 0.0019090771675109863
0.0 0.0 0.002215862274169922
0.0 0.0 0.0006111264228820801
0.0 0.0 0.0
0.0 0.0 0.0
0.0 0.0 0.004430890083312988
0.005268298089504242 0.0 0.014437735080718994
0.006781049072742462 0.002753019332885742 0.014722347259521484
0.004232220351696014 0.002341747283935547 0.00550997257232666
0.007934585213661194 0.004213452339172363 0.002925574779510498
0.009119600057601929 0.007583588361740112 0.005837738513946533
0.00850425660610199 0.009366035461425781 0.0027348995208740234
0.0019845813512802124 0.00678783655166626 0.0
0.001418672502040863 0.005128443241119385 0.0
0.0006968751549720764 0.00022408366203308105 0.0005421042442321777
0.0004887282848358154 0.0020727217197418213 0.008794069290161133
0.0 0.0031392276287078857 0.005395352840423584
0.0 0.000509411096572876 0.0
0.006056942045688629 0.0012896955013275146 0.002587556838989258
0.0021208301186561584 0.0 0.010396361351013184
0.0 0.0 0.007223546504974365
0.0005956217646598816 0.0 0.004573643207550049
0.0 0.0 0.003432631492614746
0.0 0.0 0.0025772452354431152
0.0 0.0 0.003635704517364502
0.0 0.0 0.020421922206878662
0.0 0.0 0.038635969161987305
0.0 0.0 0.02318781614303589
0.0 0.0 0.03439074754714966
0.0 0.0 0.028620779514312744
0.0 0.0 0.04109150171279907
0.0 0.0 0.05578052997589111
0.0 0.0 0.1008756160736084
0.04954354465007782 0.023788362741470337 0.09812897443771362
0.13560770452022552 0.07671433687210083 0.07011997699737549
0.031607627868652344 0.13835445046424866 0.0
0.10322383046150208 0.21016207337379456 0.0
0.3103361427783966 0.3195480704307556 0.05352908372879028
0.17312711477279663 0.20834720134735107 0.0036072731018066406
0.08193004131317139 0.17898327112197876 0.0
0.0 0.23931431770324707 0.0
0.0 0.15252476930618286 0.0
0.0 0.06812113523483276 0.0
0.0 0.14603379368782043 0.0
0.0 0.03166842460632324 0.0
0.0 0.0 0.0
0.0 0.0 0.4069035053253174
0.0 0.0 0.41031765937805176
0.0 0.12684881687164307 0.40235018730163574
0.0 0.42032361030578613 0.2679632902145386
0.0 0.4583679437637329 0.30335450172424316
0.0 0.44321438670158386 0.3596982955932617
0.0 0.37531816959381104 0.4642174243927002
0.0 0.34253230690956116 0.5260887742042542
0.0 0.4581112861633301 0.4718153476715088
0.0 0.47841376066207886 0.45331573486328125
0.0 0.4335009455680847 0.4282214045524597
0.0 0.36923226714134216 0.36967623233795166
0.008546650409698486 0.2285442352294922 0.27301347255706787
0.0 0.10844534635543823 0.16121894121170044
0.0 0.06778460741043091 0.11130857467651367
0.0 0.13899272680282593 0.13781285285949707
0.0 0.3009747862815857 0.11845505237579346
0.0 0.21869957447052002 0.18065869808197021
0.0 0.06917387247085571 0.20590740442276
0.0 0.1781896948814392 0.0909733772277832
0.0 0.2064976692199707 0.080813467502594
0.0 0.1820867657661438 0.16096454858779907
0.0 0.14103156328201294 0.2961745858192444
0.0 0.11416375637054443 0.3323465585708618
0.0 0.09314876794815063 0.33162540197372437
0.0 0.19938033819198608 0.29220402240753174
0.0 0.137067973613739 0.39965152740478516
0.0 0.2183668613433838 0.4011979103088379
0.0 0.2736022472381592 0.35691219568252563
0.0 0.35539984703063965 0.26843661069869995
0.0 0.3769732713699341 0.1185692548751831
0.048712700605392456 0.3933057487010956 0.0
0.15549522638320923 0.4474252164363861 0.0
0.2478044480085373 0.4047260880470276 0.0
0.20607131719589233 0.32030946016311646 0.0
0.1260131597518921 0.19129957258701324 0.0
0.048196643590927124 0.09631498157978058 0.0
0.016399003565311432 0.0 0.0
0.0 0.0 0.0
0.0 0.0 0.0
0.0 0.0 0.0
0.0 0.005899518728256226 0.0
0.0 0.018391892313957214 0.0
0.0 0.028535574674606323 0.0
0.011641345918178558 0.01994974911212921 0.0
0.0021541789174079895 0.02224402129650116 0.00948953628540039
0.0022754743695259094 0.02476312220096588 0.014929234981536865
0.008412212133407593 0.020664572715759277 0.01901876926422119
0.012378685176372528 0.018069908022880554 0.02632284164428711
0.009869277477264404 0.0021238327026367188 0.029322028160095215
0.0009553506970405579 0.000937342643737793 0.02418428659439087
0.0 0.0 0.020190775394439697
0.0 0.0 0.012330830097198486
0.0 0.0 0.014904439449310303
0.00770772248506546 0.0015540868043899536 0.011043727397918701
0.007651768624782562 0.0012978166341781616 0.010258495807647705
0.0 0.0 0.003466784954071045
0.0007657259702682495 0.0 0.004330337047576904
0.0 0.0 0.00840681791305542
0.00410856306552887 0.0 0.007520914077758789
0.003577619791030884 0.0034550130367279053 0.013918876647949219
0.012480020523071289 0.00788503885269165 0.01858997344970703
0.006774283945560455 0.014119863510131836 0.013981401920318604
0.0007246881723403931 0.013016551733016968 0.001448214054107666
0.002698361873626709 0.006159573793411255 0.0
0.00324288010597229 0.000826910138130188 0.0031961798667907715
0.006313003599643707 0.0019481182098388672 0.014599978923797607
0.003689199686050415 0.0 0.01753634214401245
0.0 0.0007502883672714233 0.014783322811126709
0.0 0.0 0.011879563331604004
0.0 0.003586292266845703 0.007405519485473633
0.0 0.006180524826049805 0.003969073295593262
0.0 0.005118235945701599 0.0
0.0 0.0 0.0
0.0 0.004150912165641785 0.002420485019683838
0.0 0.0 0.0
0.0 0.004012957215309143 0.0
0.0031568631529808044 0.003881126642227173 0.0064362287521362305
0.0023142993450164795 0.002307221293449402 0.006779670715332031
0.0013103485107421875 0.0 0.003536999225616455
0.0 0.0013481676578521729 0.0
0.004900015890598297 0.0001836717128753662 0.004669368267059326
0.0034472793340682983 0.005568310618400574 0.009677708148956299
0.0030750706791877747 0.004511430859565735 0.006851494312286377
0.005853921175003052 0.011542946100234985 0.006463825702667236
0.006328321993350983 0.011002734303474426 0.005617022514343262
0.011683449149131775 0.008854076266288757 0.007582366466522217
0.009162724018096924 0.014002755284309387 0.00749969482421875
0.0073470547795295715 0.008756950497627258 0.0032874345779418945
0.007195383310317993 0.007705897092819214 0.006159603595733643
0.006292179226875305 0.004669398069381714 0.007032930850982666
0.010306060314178467 0.010319888591766357 0.00658339262008667
0.007218189537525177 0.009949803352355957 0.0005473494529724121
0.012299790978431702 0.01077049970626831 0.008731305599212646
0.0 0.0033747106790542603 0.007495999336242676
0.0022371336817741394 0.0004809647798538208 0.01361912488937378
0.004534006118774414 0.0031782537698745728 0.011410117149353027
0.001982666552066803 0.002968713641166687 0.008651018142700195
0.0059937164187431335 0.008398830890655518 0.011728167533874512
0.0046662837266922 0.004308447241783142 0.012054622173309326
0.0 0.00228002667427063 0.012341856956481934
0.0 0.0 0.011663258075714111
0.0 0.005388587713241577 0.007970035076141357
0.0023967549204826355 0.006205335259437561 0.00483626127243042
0.000523790717124939 0.009804770350456238 0.0
0.004362486302852631 0.005611047148704529 0.0
0.004991084337234497 0.005709484219551086 0.0
0.0025701671838760376 0.0 0.0007448792457580566
0.002680771052837372 0.0 0.004070758819580078
0.0 0.0 0.0027105212211608887
0.0007349923253059387 0.0 0.0011817216873168945
0.002051509916782379 0.008619576692581177 0.0013747811317443848
0.005929522216320038 0.00714971125125885 0.00684201717376709
0.0035728737711906433 0.00398138165473938 0.00874859094619751
0.0015037506818771362 0.0 0.008969128131866455
0.0 0.0 0.006469607353210449
0.000697210431098938 0.0 0.004358947277069092
0.0 0.0 0.006609141826629639
0.0 0.0020417124032974243 0.011022806167602539
0.0 0.007763952016830444 0.009258568286895752
0.0 0.002245858311653137 0.003529489040374756
0.002641551196575165 0.00438864529132843 0.004664719104766846
0.003774024546146393 0.004469007253646851 0.012845933437347412
0.0020500272512435913 0.009937778115272522 0.00874406099319458
0.0 0.008595839142799377 0.0
0.0009312704205513 0.010288357734680176 0.0
0.007217511534690857 0.007130146026611328 0.0006409287452697754
0.0005569308996200562 0.0025531649589538574 0.0023109912872314453
0.003008924424648285 0.0 0.008536159992218018
0.0 0.0 0.011459589004516602
0.0 0.0 0.011259496212005615
0.002605065703392029 0.0033968687057495117 0.015242278575897217
0.0 0.00013747811317443848 0.0048288702964782715
0.0 0.004160046577453613 0.003492891788482666
0.003296010196208954 0.009421765804290771 0.0038576722145080566
0.004984274506568909 0.007653295993804932 0.003124237060546875
0.002928808331489563 0.008361563086509705 0.0
0.002361215651035309 0.0011241734027862549 0.0
0.00038857758045196533 0.0030087530612945557 0.0
0.0023384839296340942 0.002034023404121399 0.00015437602996826172
0.0043526217341423035 0.0073653459548950195 0.003650963306427002
0.006209447979927063 0.006252273917198181 0.006028354167938232
0.006048314273357391 0.007071062922477722 0.008465170860290527
0.0007403641939163208 0.002630174160003662 0.010470330715179443
0.0 0.0029564499855041504 0.013238906860351562
0.0029206424951553345 0.0007606297731399536 0.014050781726837158
0.0033043846487998962 0.0 0.009996771812438965
0.0031195878982543945 0.00039756298065185547 0.00780034065246582
0.0036735758185386658 0.0071659088134765625 0.007805883884429932
0.003394216299057007 0.009560853242874146 0.0033873319625854492
0.0024506375193595886 0.008421674370765686 0.0018940567970275879
0.006293192505836487 0.006490498781204224 0.006690680980682373
0.005670830607414246 0.003549724817276001 0.010680615901947021
0.0019667893648147583 0.0008582621812820435 0.009721338748931885
0.0 0.0 0.0035482048988342285
0.0022245794534683228 0.004830777645111084 0.0010688304901123047
0.004364334046840668 0.004690259695053101 0.0
0.0022118091583251953 0.003999099135398865 0.0
0.0 0.0032608211040496826 0.0014109015464782715
0.0 0.0 0.0031197667121887207
0.0 0.0 0.0031761527061462402
0.0 0.0 0.0008223652839660645
0.0 0.0 0.004890799522399902
0.0 0.0 0.007837057113647461
0.0016880854964256287 0.003169029951095581 0.01087498664855957
0.0 0.0071539729833602905 0.00996708869934082
0.0 0.0019177049398422241 0.012414097785949707
0.0017043724656105042 0.0022362619638442993 0.012742996215820312
0.00474095344543457 0.005181893706321716 0.007974743843078613
0.004306241869926453 0.008093327283859253 0.0005347132682800293
0.007088862359523773 0.011432468891143799 0.0
0.00788065791130066 0.007193431258201599 0.0
0.009349167346954346 0.008017405867576599 0.0
0.008230119943618774 0.0033331215381622314 0.0009005069732666016
0.004287198185920715 0.0 0.0004818439483642578
0.00039692223072052 0.0 0.002662181854248047
0.0027712658047676086 0.0046007633209228516 0.0024335384368896484
0.002978004515171051 0.0048635005950927734 0.002922356128692627
0.0013615116477012634 0.002827852964401245 0.008246243000030518
0.0 0.0 0.009868025779724121
0.0037405788898468018 0.002218961715698242 0.009991109371185303
0.0 0.004114016890525818 0.009383022785186768
0.0 0.003948032855987549 0.00953751802444458
0.0 0.0023388564586639404 0.01440417766571045
0.0 0.0046221911907196045 0.00568997859954834
0.0010640770196914673 0.004279047250747681 0.008502423763275146
0.0 0.0 0.007368803024291992
0.0013907179236412048 0.0 0.008425593376159668
0.0 0.002049580216407776 0.0019729137420654297
0.0034780800342559814 0.00351811945438385 0.0030364990234375
0.007401116192340851 0.005463078618049622 0.0047495365142822266
0.0041936784982681274 0.0034829527139663696 0.004150092601776123
0.006048738956451416 0.002010241150856018 0.00651097297668457
0.008826971054077148 0.003872498869895935 0.00125199556350708
0.012887738645076752 0.020111501216888428 0.0
0.018605053424835205 0.03163279592990875 0.0
0.0062015727162361145 0.03073984384536743 0.0
0.007923774421215057 0.008093565702438354 0.0
0.0032899007201194763 0.0 0.003350377082824707
0.0032859593629837036 0.0 0.02638554573059082
0.007952332496643066 0.0016425400972366333 0.036857426166534424
0.011454015970230103 0.010312676429748535 0.029225409030914307
0.010813847184181213 0.02133709192276001 0.017982184886932373
0.008865304291248322 0.017897099256515503 0.001354217529296875
0.02344178408384323 0.039487406611442566 0.0
0.03359968215227127 0.06364019215106964 0.0
0.042025089263916016 0.052154213190078735 0.0
0.02764211595058441 0.04230600595474243 0.0
0.008121222257614136 0.00860661268234253 0.0
0.0 0.0 0.0
0.0 0.0 0.0
0.0 0.0 0.0023878812789916992
0.0 0.0 0.012495279312133789
0.0 0.0 0.012478172779083252
0.0 0.0 0.022566139698028564
0.0 0.0 0.033921122550964355
0.0 0.0 0.035354673862457275
0.0 0.0 0.04579263925552368
0.0 0.0 0.06124967336654663
0.0 0.0 0.07071506977081299
0.0 0.0 0.06723225116729736
0.023202478885650635 0.02933332324028015 0.05597883462905884
0.035942770540714264 0.05937302112579346 0.013114511966705322
0.05534938722848892 0.08753722906112671 0.0
0.061783984303474426 0.11853200197219849 0.0
0.08647145330905914 0.11809307336807251 0.0
0.07787579298019409 0.1029491126537323 0.0
0.05864091217517853 0.07305991649627686 0.0
0.0397929921746254 0.03591492772102356 0.0
0.0333733931183815 0.007304102182388306 0.0
0.02367056906223297 0.0 0.0
0.01373589038848877 0.0 0.0
0.0003021359443664551 0.0 0.0
0.0020097345113754272 0.0008948445320129395 0.0
0.0 0.008117914199829102 0.007761657238006592
0.0 0.008289575576782227 0.01100015640258789
0.0 0.012168973684310913 0.012103259563446045
0.0 0.0 0.00900048017501831
0.0 0.0 0.01008838415145874
0.0 0.0 0.017709791660308838
0.0 0.0 0.018914878368377686
0.0 0.0 0.013607561588287354
0.0 0.0 0.016833066940307617
0.0 0.0 0.020476460456848145
0.0 0.0 0.020521938800811768
0.0 0.0 0.023248493671417236
0.0 0.0 0.021857142448425293
0.0 0.0 0.02053236961364746
0.0 0.0 0.02017521858215332
0.004188790917396545 0.006441295146942139 0.020052850246429443
0.011508122086524963 0.010518193244934082 0.010761737823486328
0.0183866024017334 0.016040712594985962 0.0002161860466003418
0.028984099626541138 0.029681384563446045 0.0
0.04610607028007507 0.03799590468406677 0.0
0.04964417219161987 0.05137825012207031 0.0
0.06115692853927612 0.06805995106697083 0.0
0.061792269349098206 0.06528669595718384 0.0
0.05221480131149292 0.06448614597320557 0.0
0.034900516271591187 0.04209306836128235 0.0
0.027727216482162476 0.03118896484375 0.0
0.026510223746299744 0.02155977487564087 0.003690183162689209
0.01605948805809021 0.0185280442237854 0.00322723388671875
0.0010237693786621094 0.009943395853042603 0.0
0.0 0.0011344552040100098 0.0
0.0 0.0 0.004378318786621094
0.0 0.0 0.012286126613616943
0.0 0.0 0.01731795072555542
0.0 0.0 0.01593017578125
0.0 0.0 0.023032426834106445
0.0 0.0 0.0252377986907959
0.0 0.0 0.021527469158172607
0.0 0.0 0.019505977630615234
0.0 0.0 0.025567352771759033
0.0 0.0 0.022077322006225586
0.0 0.0 0.02305680513381958
0.0 0.0 0.016686439514160156
0.0 0.0 0.007673799991607666
0.0 0.0 0.008864402770996094
0.0 0.008458435535430908 0.01384955644607544
0.0 0.006630748510360718 0.012683510780334473
0.0 0.006695926189422607 0.013629615306854248
0.0036280155181884766 0.0 0.015212059020996094
0.011352509260177612 0.00936242938041687 0.013139188289642334
0.019565895199775696 0.020143330097198486 0.004860520362854004
0.025509193539619446 0.028546631336212158 0.0
0.03018292784690857 0.03911489248275757 0.0
0.03379315137863159 0.045665860176086426 0.0
0.040765613317489624 0.049332767724990845 0.0
0.04044447839260101 0.033378273248672485 0.0
0.03537780046463013 0.02454519271850586 0.0
0.02793733775615692 0.015871047973632812 0.0
0.017887964844703674 0.012980490922927856 0.0
0.014005348086357117 0.013748079538345337 0.0
0.0169525146484375 0.00913974642753601 0.00655287504196167
0.01151837408542633 0.006591320037841797 0.010466456413269043
0.000825732946395874 0.0018988251686096191 0.010972321033477783
0.0 0.0005213618278503418 0.014596939086914062
0.0 0.0019679367542266846 0.016205668449401855
0.0 0.0015201568603515625 0.012063086032867432
0.0 0.0 0.0111733078956604
0.0 0.0 0.017053604125976562
0.0 0.0 0.013673663139343262
0.0 0.0 0.012323498725891113
0.0 0.0 0.014189660549163818
0.0 0.0 0.01645439863204956
0.0 0.0 0.011917412281036377
0.0 0.0 0.010876357555389404
0.0 0.0 0.010622978210449219
0.0 0.0 0.013259410858154297
0.0 0.0 0.012798726558685303
0.0 0.0 0.011964023113250732
0.0 0.0 0.013138830661773682
0.0 0.0 0.01528257131576538
0.0 0.010262727737426758 0.01334834098815918
0.0 0.016420751810073853 0.009894073009490967
0.0006232559680938721 0.010765105485916138 0.0065000057220458984
0.00915539264678955 0.015369504690170288 0.0026816725730895996
0.015312567353248596 0.016985535621643066 0.0033110380172729492
0.019322484731674194 0.02205348014831543 0.0
0.026831015944480896 0.03214043378829956 0.0
0.0356946736574173 0.03843432664871216 0.0
0.03482925891876221 0.03690794110298157 0.0
0.03149010241031647 0.03599992394447327 0.0
0.018378272652626038 0.027672618627548218 0.0
0.01369546353816986 0.014075815677642822 0.0
0.015096694231033325 0.008926838636398315 0.0
0.011014759540557861 0.0 0.0
0.005780339241027832 0.0 0.0
0.0023718327283859253 0.0 0.0016432404518127441
0.0 0.0 0.006344497203826904
0.0 0.0 0.007867515087127686
0.0 0.0 0.00889599323272705
0.0 0.0 0.009378552436828613
0.0 0.0 0.0116385817527771
0.0 0.0 0.014939725399017334
0.0 0.0 0.018178045749664307
0.0 0.005081504583358765 0.0178755521774292
0.0 0.007303833961486816 0.01707988977432251
0.0 0.010311245918273926 0.01757502555847168
0.0 0.005673259496688843 0.01243889331817627
0.0 0.007667839527130127 0.00856006145477295
0.0 0.0028775036334991455 0.0005906820297241211
0.0 0.0010218322277069092 0.0020996928215026855
0.0 0.000168532133102417 0.0007215142250061035
0.0 0.0 0.0009780526161193848
0.0 0.0 0.0
0.0 0.0 0.0
0.0 0.0 0.001226663589477539
0.00223618745803833 0.002704709768295288 0.0037044882774353027
0.001229599118232727 0.003551006317138672 0.007053673267364502
0.0007716268301010132 0.0015788078308105469 0.0052002668380737305
0.0 0.0034192800521850586 0.007150471210479736
0.002850666642189026 0.0 0.010608673095703125
0.0 0.0 0.008831381797790527
0.0 0.0 0.005267798900604248
0.0 0.0 0.0018143057823181152
0.004362702369689941 0.001270294189453125 0.006146788597106934
0.0015541315078735352 0.0034228861331939697 0.0024268627166748047
0.0028513669967651367 0.003283888101577759 0.006372034549713135
0.0 0.005116462707519531 0.0009705424308776855
0.0 0.0065672993659973145 0.003443479537963867
0.002242833375930786 0.0014988481998443604 0.00685352087020874
0.0 0.0 0.005404472351074219
0.0 0.0 0.0
0.0 0.0 0.0
0.0 0.0 0.0
0.0 0.0006307661533355713 0.0012539029121398926
0.0014410614967346191 0.008219867944717407 0.0
0.004811212420463562 0.015333294868469238 0.0012989044189453125
0.009302332997322083 0.016907870769500732 0.008825361728668213
0.00639498233795166 0.012402921915054321 0.012420296669006348
0.006171420216560364 0.01022493839263916 0.013261854648590088
0.006619781255722046 0.01320543885231018 0.010113239288330078
0.006851956248283386 0.013974994421005249 0.01089388132095337
0.006590738892555237 0.010754317045211792 0.007348418235778809
0.0 0.006153672933578491 0.0014665722846984863
0.0012371540069580078 0.006249576807022095 0.006353259086608887
0.0 0.0015216469764709473 0.004953324794769287
0.0 0.0 0.005807220935821533
0.0 0.0040988922119140625 0.008140206336975098
0.0013991892337799072 0.0 0.005955040454864502
0.0 0.0 0.00920093059539795
0.0 0.0 0.010168075561523438
0.0 0.0 0.007982075214385986
0.0 0.0 0.008868098258972168
0.0007412433624267578 0.0 0.00789487361907959
0.0 0.0 0.0023322701454162598
0.0 0.0 0.00033545494079589844
0.0 0.0 0.006905257701873779
0.0 0.0 0.0066645145416259766
0.0016043782234191895 0.0 0.012835144996643066
0.0037167370319366455 0.0034378767013549805 0.010362088680267334
0.007471412420272827 0.010834753513336182 0.00997614860534668
0.008830755949020386 0.021094828844070435 0.0006015896797180176
0.009714096784591675 0.022082239389419556 0.0
0.007870227098464966 0.019343018531799316 0.0
0.004275783896446228 0.007405459880828857 0.0
0.0016855746507644653 0.0012266337871551514 0.0
0.003508955240249634 0.001413583755493164 0.0038919448852539062
0.003967344760894775 0.0015642046928405762 0.0036470890045166016
0.0015532523393630981 0.0024926066398620605 0.0013478398323059082
0.0 0.0008927881717681885 0.006266355514526367
0.00041687488555908203 0.0021064579486846924 0.009788930416107178
0.0 0.0 0.00976651906967163
0.0 0.0 0.011571288108825684
0.0 0.00010386109352111816 0.018010497093200684
0.0 0.0 0.008793950080871582
0.0 0.005595803260803223 0.0012683272361755371
0.004046514630317688 0.010859549045562744 0.0
0.0 0.003127485513687134 0.0
0.001084551215171814 0.003252089023590088 0.0
0.002106025815010071 0.0018424391746520996 0.0
0.0 0.0 0.0002567768096923828
0.0 0.0 0.005595684051513672
0.0020701736211776733 0.003913938999176025 0.012223541736602783
0.0 0.0029311180114746094 0.00647503137588501
0.0 0.003007858991622925 0.009616613388061523
0.0021973401308059692 0.0038285255432128906 0.01761537790298462
0.0021049082279205322 0.0029562413692474365 0.012913882732391357
0.0 0.0 0.0025595426559448242
0.0 0.0 0.011440455913543701
0.0 0.0 0.022417545318603516
0.0005755871534347534 0.0 0.021875321865081787
0.0 0.0 0.015403032302856445
0.0 0.0 0.012962102890014648
0.0 0.0 0.008894205093383789
0.0 0.005046918988227844 0.04533505439758301
0.014074236154556274 0.0 0.09007841348648071
0.025701135396957397 0.009574413299560547 0.0793958306312561
0.015427559614181519 0.06028655171394348 0.053828299045562744
0.06479117274284363 0.13797080516815186 0.0
0.19735178351402283 0.18286177515983582 0.0
0.16023632884025574 0.24044588208198547 0.0
0.08649253845214844 0.29899418354034424 0.0
0.04596507549285889 0.34625962376594543 0.0
0.04067045450210571 0.3146072328090668 0.0
0.027783632278442383 0.17471686005592346 0.0
0.0 0.3144127428531647 0.0
0.0 0.19452640414237976 0.0
0.0 0.0 0.0
0.0 0.0 0.0
0.0 0.0 0.009023547172546387
0.0 0.0 0.4196739196777344
0.0 0.0 0.5727077722549438
0.0 0.08516961336135864 0.3905196189880371
0.0 0.29918166995048523 0.1747419834136963
0.0 0.322948694229126 0.08114707469940186
0.0 0.24679231643676758 0.053376972675323486
0.0 0.2089431881904602 0.14551788568496704
0.0 0.16969943046569824 0.2914665937423706
0.0 0.20989814400672913 0.371086061000824
0.0 0.33641862869262695 0.3708992004394531
0.0 0.35959887504577637 0.36233967542648315
0.0 0.32683318853378296 0.3672406077384949
0.0 0.21465647220611572 0.37112849950790405
0.0 0.20915895700454712 0.33647871017456055
0.0 0.24572086334228516 0.2993965148925781
0.0 0.3024599552154541 0.2586476802825928
0.0 0.28369462490081787 0.2789265513420105
0.0 0.26221179962158203 0.3098597526550293
0.0 0.27799487113952637 0.315393328666687
0.0 0.3101270794868469 0.2644996643066406
0.0 0.3293887972831726 0.21501612663269043
0.0 0.2915131449699402 0.22118866443634033
0.0 0.22772318124771118 0.17460572719573975
0.026457175612449646 0.22529840469360352 0.15124058723449707
0.025884181261062622 0.22381097078323364 0.14855492115020752
0.028842493891716003 0.23431211709976196 0.10807162523269653
0.049761876463890076 0.21824735403060913 0.04758810997009277
0.06062689423561096 0.2055608630180359 0.0
0.04622894525527954 0.16702350974082947 0.0
0.04566776752471924 0.12784448266029358 0.0
0.052934370934963226 0.09582117199897766 0.0
0.04969637095928192 0.09141954779624939 0.0
0.03184007853269577 0.0736357569694519 0.0
0.029497653245925903 0.07632997632026672 0.0
0.039278771728277206 0.08117589354515076 0.0
0.07058113813400269 0.0790494978427887 0.0
0.06883923709392548 0.07416512072086334 0.0
0.035600099712610245 0.05583852529525757 0.0
0.024247366935014725 0.0442587286233902 0.0
0.02408001199364662 0.03425043821334839 0.0
0.02699354663491249 0.02341786026954651 0.0
0.024266565218567848 0.023228034377098083 0.0
0.018781576305627823 0.02215687930583954 0.0
0.021322673186659813 0.016632914543151855 0.0
0.022644879296422005 0.01348482072353363 0.0
0.01797630451619625 0.01806563138961792 0.0
0.013744443655014038 0.008882015943527222 0.0
0.007088597863912582 0.01219145953655243 0.0
0.006619881838560104 0.00942087173461914 0.0
0.005276493728160858 0.011913657188415527 0.0
0.004304613918066025 0.0039032548666000366 0.0
0.0 0.0 0.0
0.0 0.0 0.003038763999938965
0.0 0.0 0.008620798587799072
0.0 0.0 0.009191453456878662
0.0 0.0002776235342025757 0.008126020431518555
0.0 0.00605541467666626 0.006044328212738037
0.0 0.01059374213218689 0.01520460844039917
0.0 0.01589544117450714 0.02205437421798706
0.003367207944393158 0.016449838876724243 0.022273719310760498
0.0058144740760326385 0.01026308536529541 0.027420759201049805
0.005790624767541885 0.008226394653320312 0.029606759548187256
0.0006697215139865875 0.008813992142677307 0.03193378448486328
0.0 0.005213752388954163 0.03320348262786865
0.0 0.006218358874320984 0.031897783279418945
0.0 0.003142029047012329 0.020750999450683594
0.0 0.0013410001993179321 0.015177488327026367
0.0 0.0049753934144973755 0.0
0.008102163672447205 0.00854523479938507 0.0
0.0 0.029525548219680786 0.0
0.0 0.026762202382087708 0.0
0.0 0.010909691452980042 0.0
0.0 0.0015307962894439697 0.0
0.010627657175064087 0.0 0.0
0.0 0.006381034851074219 0.0
0.0 0.004766643047332764 0.0
0.0 0.015819311141967773 0.0
0.0 0.022666871547698975 0.0
0.0 0.024433553218841553 0.0
0.0 0.03524523973464966 0.0
0.00490647554397583 0.040056705474853516 0.02202141284942627
0.0 0.03814998269081116 0.033480823040008545
0.0005571097135543823 0.029356181621551514 0.050720930099487305
0.00025038421154022217 0.02811330556869507 0.06853711605072021
0.006390862166881561 0.026755839586257935 0.08366769552230835
0.008081294596195221 0.026539474725723267 0.09609323740005493
0.0038865916430950165 0.021464020013809204 0.10521471500396729
0.0027766525745391846 0.015165269374847412 0.10991644859313965
0.0027786418795585632 0.012803196907043457 0.11406362056732178
0.0020983144640922546 0.008978664875030518 0.10411429405212402
0.00486387312412262 0.01537749171257019 0.09263402223587036
0.0049847811460494995 0.012947767972946167 0.08384442329406738
0.005468372255563736 0.009146958589553833 0.07891058921813965
0.0 0.0 0.06637948751449585
0.0 0.0 0.049238502979278564
0.0 0.0 0.040246665477752686
0.0 0.0 0.027937769889831543
0.0 0.0 0.016404926776885986
0.0 0.0 0.0
0.0 0.0 0.0
0.0 0.0 0.0
0.0 0.0 0.0
0.0 0.0021680593490600586 0.0
0.0 0.00279843807220459 0.0
0.0 0.0033210813999176025 0.0
0.0023572295904159546 0.002175629138946533 0.0
0.001962125301361084 0.0014762282371520996 0.0
0.0 0.009377717971801758 0.0
0.0 0.012221112847328186 0.0
0.0 0.006924688816070557 0.0
0.0 0.015840783715248108 0.0
0.007169745862483978 0.009746596217155457 0.0
0.0 0.012400463223457336 0.0
0.0 0.014748811721801758 0.0
0.0 0.028742313385009766 0.0
0.001773342490196228 0.021308153867721558 0.0
0.004987478256225586 0.019042015075683594 0.0040125250816345215
0.0037742778658866882 0.02284720540046692 0.015454590320587158
0.004284918308258057 0.024935632944107056 0.02155756950378418
0.006047733128070831 0.0283811092376709 0.03368568420410156
0.00737733393907547 0.03038915991783142 0.04269099235534668
0.007243558764457703 0.026420950889587402 0.04369634389877319
0.008389800786972046 0.026650607585906982 0.042160987854003906
0.0056412965059280396 0.01933842897415161 0.04543876647949219
0.0015402287244796753 0.011617451906204224 0.055892884731292725
0.0 0.0023202896118164062 0.06313759088516235
0.0 0.0 0.06085383892059326
0.0 0.0 0.06364762783050537
0.0 0.0 0.05485880374908447
0.0 0.004570871591567993 0.04457062482833862
0.0 0.009578436613082886 0.0280303955078125
0.0 0.009564995765686035 0.015059173107147217
0.0 0.00921165943145752 0.0033305883407592773
0.0001697540283203125 0.0021420419216156006 0.0
0.0 0.0061269402503967285 0.0
0.0 0.0038314759731292725 0.0
0.0 0.003255516290664673 0.0
0.0 0.0 0.0
0.0 0.0 0.0
0.0 0.0 0.0
0.0 0.0 0.0
0.0 0.0 0.0
0.0 0.0 0.0
0.0 0.007372230291366577 0.010035395622253418
0.0 0.007633477449417114 0.012913405895233154
0.0019763708114624023 0.008069455623626709 0.017502188682556152
0.0035611987113952637 0.006476342678070068 0.018775880336761475
0.0038106516003608704 0.00998738408088684 0.015201807022094727
0.005236014723777771 0.011282414197921753 0.010379612445831299
0.0012296363711357117 0.00741046667098999 0.008828043937683105
0.0 0.004606842994689941 0.00408482551574707
0.0 0.007519811391830444 0.0018867254257202148
0.0 0.007343769073486328 0.004472851753234863
0.0012209787964820862 0.00855293869972229 0.011131346225738525
0.0031801611185073853 0.0073001086711883545 0.011094272136688232
0.0017917975783348083 0.008283138275146484 0.010401666164398193
0.0024172812700271606 0.007738083600997925 0.01791238784790039
0.0037044882774353027 0.004799783229827881 0.025583267211914062
0.002400636672973633 0.006169259548187256 0.023725450038909912
0.001654312014579773 0.008549511432647705 0.024768829345703125
0.002408653497695923 0.004011422395706177 0.03020024299621582
0.0 0.008118510246276855 0.04110008478164673
0.0 0.0 0.05433797836303711
0.0014935135841369629 0.0022918283939361572 0.06372267007827759
0.003188677132129669 0.0 0.06499093770980835
0.003985866904258728 0.0 0.06092715263366699
0.0 0.0 0.038157522678375244
0.0 0.0 0.012994706630706787
0.0 0.0 0.0
0.0 0.0005287528038024902 0.0
0.0 0.0003537982702255249 0.0
0.0 0.0003916025161743164 0.0
0.0 0.002123728394508362 0.0
0.0 0.0103837251663208 0.0
0.002530492842197418 0.018198758363723755 0.0
0.006306953728199005 0.03336544334888458 0.0
0.010747574269771576 0.02607649564743042 0.0
0.014773070812225342 0.030238419771194458 0.0
0.003995180130004883 0.033915042877197266 0.0
0.0 0.030733317136764526 0.0
0.0 0.03463321924209595 0.0
0.0 0.047424882650375366 0.0
0.0 0.05003315210342407 0.010788679122924805
0.0012224242091178894 0.0047986507415771484 0.052026450634002686
0.0 0.009393155574798584 0.0853239893913269
0.002224847674369812 0.0062302350997924805 0.10919445753097534
0.001078687608242035 0.005748748779296875 0.11886191368103027
0.0007812753319740295 0.01414269208908081 0.12093901634216309
0.0034102201461791992 0.015533536672592163 0.12241655588150024
0.0 0.01612946391105652 0.11005347967147827
0.0 0.008589059114456177 0.09935498237609863
0.0 0.005337327718734741 0.08929497003555298
0.0 0.0038938522338867188 0.07724916934967041
0.0 0.0 0.06747788190841675
0.0 0.0 0.055200815200805664
0.0 0.0 0.04484522342681885
0.0 0.0 0.03278946876525879
0.0 0.0 0.01509922742843628
0.0 0.0017561167478561401 0.0
0.0 0.005401492118835449 0.0
0.0 0.014415979385375977 0.0
0.005388543009757996 0.02242584526538849 0.0
0.011984772980213165 0.014119744300842285 0.0
0.008381985127925873 0.009718373417854309 0.0
0.009822815656661987 0.00807085633277893 0.0
0.028744354844093323 0.01805223524570465 0.0
0.02707773447036743 0.04654902219772339 0.0
0.033159926533699036 0.05256932973861694 0.0
0.016299858689308167 0.0477217435836792 0.0
0.00438883900642395 0.03244087100028992 0.0
0.0011453777551651 0.025879740715026855 0.0
0.0 0.018619954586029053 0.0023003220558166504
0.0 0.01708260178565979 0.03294694423675537
0.004302084445953369 0.01791292428970337 0.05792969465255737
0.0 0.020965903997421265 0.05206531286239624
0.0 0.02459704875946045 0.04142320156097412
0.0 0.028048843145370483 0.0425107479095459
0.0 0.016598671674728394 0.04542058706283569
0.0 0.01609402894973755 0.06501829624176025
0.0 0.006689250469207764 0.08622711896896362
0.00010854005813598633 0.0026085376739501953 0.09792238473892212
0.0 0.0 0.09434831142425537
0.0 0.0 0.07613331079483032
0.0 0.0 0.05494946241378784
0.0 0.0 0.054004788398742676
0.0 0.0 0.042785823345184326
0.0 0.0 0.046739041805267334
0.0 0.0 0.030510425567626953
0.0 0.0 0.019627809524536133
0.0 0.0 0.008552134037017822
0.0 0.004699498414993286 0.0
0.007810860872268677 0.011690422892570496 0.0
0.004048272967338562 0.017527982592582703 0.0
0.006902389228343964 0.009677127003669739 0.0
0.0003875941038131714 0.01110561192035675 0.0
0.00692073255777359 0.00899556279182434 0.0
0.010612472891807556 0.013034045696258545 0.0
0.012057498097419739 0.015112265944480896 0.0
0.011025741696357727 0.011850923299789429 0.0
0.009218528866767883 0.010700047016143799 0.0
0.016895398497581482 0.02451290190219879 0.0
0.034423984587192535 0.039342403411865234 0.0
0.024571523070335388 0.04256713390350342 0.0
0.012636885046958923 0.034766435623168945 0.0
0.008513376116752625 0.02364411950111389 0.0
0.0 0.020274490118026733 0.0
0.009905323386192322 0.024116605520248413 0.030590415000915527
0.011227861046791077 0.02278047800064087 0.04659241437911987
0.007620528340339661 0.03909444808959961 0.03818744421005249
0.014674946665763855 0.028478562831878662 0.026134014129638672
0.003266260027885437 0.025570154190063477 0.01039111614227295
0.002383112907409668 0.016564548015594482 0.005240440368652344
0.0 0.01377972960472107 0.017226576805114746
0.0 0.004175305366516113 0.033831894397735596
0.0 0.0023162364959716797 0.04736661911010742
0.0 0.0 0.06010854244232178
0.0 0.0 0.06875038146972656
0.0 0.0 0.05792337656021118
0.0 0.0 0.052684783935546875
0.0 0.0 0.0473637580871582
0.0 0.0 0.04068213701248169
0.0 0.0 0.035347044467926025
0.0 0.0 0.032553017139434814
0.0 0.0024155080318450928 0.04183471202850342
0.0 0.0 0.0548061728477478
0.00019405782222747803 0.0 0.05992978811264038
0.0 0.0 0.048478901386260986
0.0 0.0 0.021899104118347168
0.0 0.0 0.0
0.0 0.0 0.0
0.0 0.0 0.0
0.004109293222427368 0.0 0.0
0.011753365397453308 0.003067716956138611 0.0
0.00967434048652649 0.007789969444274902 0.0
0.013707160949707031 0.009515956044197083 0.0
0.01032167673110962 0.010105416178703308 0.0
0.011663034558296204 0.019701942801475525 0.0
0.01775386929512024 0.02286437153816223 0.0
0.010645061731338501 0.02265171706676483 0.0
0.00047551095485687256 0.02449357509613037 0.0
0.007168188691139221 0.014161810278892517 0.0
0.0 0.013110384345054626 0.0
0.0020089447498321533 0.009541705250740051 0.0
0.011500701308250427 0.02115786075592041 0.0
0.014558523893356323 0.02534341812133789 0.0
0.00035771727561950684 0.02391234040260315 0.0
0.0 0.023668110370635986 0.0
0.003081411123275757 0.014225244522094727 0.005948305130004883
0.004938438534736633 0.01447761058807373 0.027409076690673828
0.002759307622909546 0.012931287288665771 0.042407095432281494
0.004401788115501404 0.01333644986152649 0.05184453725814819
0.005287066102027893 0.008203774690628052 0.049677491188049316
0.0 0.0010342001914978027 0.03937721252441406
0.0 0.003875166177749634 0.027601778507232666
0.0 0.005894362926483154 0.023656129837036133
0.0 0.010243326425552368 0.017655670642852783
0.0 0.007451117038726807 0.012306034564971924
0.0 0.006152689456939697 0.0
0.0 0.0074443519115448 0.004696846008300781
0.0 0.003787308931350708 0.0028753280639648438
0.0006353706121444702 0.005105078220367432 0.0038343071937561035
0.0008603483438491821 0.0031815171241760254 0.0
0.0 0.0064178407192230225 0.0
0.0 0.005232185125350952 0.0
0.0 0.0036481916904449463 0.0
0.0 0.004549175500869751 0.0
0.0 0.003946214914321899 0.0
0.0 0.004098027944564819 0.0
0.0 0.0042327940464019775 0.0003647804260253906
0.0 0.0062216222286224365 0.006145358085632324
0.0 0.00588303804397583 0.01574528217315674
0.0 0.010754704475402832 0.01757723093032837
0.003652632236480713 0.010129749774932861 0.013676822185516357
0.0 0.01161128282546997 0.0009760260581970215
0.0 0.013605833053588867 0.0016859769821166992
0.001405462622642517 0.012134015560150146 0.008366286754608154
0.0 0.007004141807556152 0.005483031272888184
0.0 0.000774770975112915 0.0019953250885009766
0.0 0.00275421142578125 0.005566239356994629
0.005912259221076965 0.007375091314315796 0.011861026287078857
0.003153592348098755 0.0048934221267700195 0.010232985019683838
0.0 0.0014781057834625244 0.001132965087890625
0.0 0.004578977823257446 0.0
0.0014719367027282715 0.005924850702285767 0.0
0.0031200051307678223 0.0029582083225250244 0.0008172392845153809
0.004094138741493225 0.0083484947681427 0.0
0.005106225609779358 0.011301636695861816 0.0
0.0037521421909332275 0.013546347618103027 0.0
0.0035692155361175537 0.011755436658859253 0.0
0.004117131233215332 0.01095592975616455 0.0
0.0037717819213867188 0.0068132877349853516 0.0036829710006713867
0.001672700047492981 0.005327433347702026 0.005546629428863525
0.003218352794647217 0.006322681903839111 0.008263647556304932
0.001892685890197754 0.006157636642456055 0.009056925773620605
0.0 0.005023300647735596 0.0016997456550598145
0.0 0.0047428905963897705 0.0069425106048583984
0.0 0.008199542760848999 0.013732492923736572
0.0 0.003942131996154785 0.017448008060455322
0.0 0.0 0.019690752029418945
0.0 0.0 0.011885523796081543
0.0 0.004133403301239014 0.0
0.0 0.004923403263092041 0.0
0.0 0.008382260799407959 0.0
0.0 0.011073678731918335 0.0
0.0 0.01297008991241455 0.0
0.0015147030353546143 0.010735392570495605 0.0009404420852661133
0.0 0.007331758737564087 0.002066314220428467
0.0 0.00861850380897522 0.0023708343505859375
0.0 0.010781854391098022 0.004205822944641113
0.0 0.007895112037658691 0.004565894603729248
0.0011083781719207764 0.0061782002449035645 0.012150466442108154
0.0024066120386123657 0.008883655071258545 0.014914333820343018
0.0035842061042785645 0.004924684762954712 0.01670604944229126
0.0 0.005549132823944092 0.01396101713180542
0.00019524991512298584 0.004902243614196777 0.012503623962402344
0.002943873405456543 0.008220285177230835 0.010459959506988525
0.0021784603595733643 0.006278723478317261 0.0028482675552368164
0.0010760128498077393 0.007787048816680908 0.0016840100288391113
0.0038086026906967163 0.00899738073348999 0.0
0.004689961671829224 0.010988324880599976 0.0
0.0009169131517410278 0.004694879055023193 0.0
0.003538578748703003 0.007795363664627075 0.0007519721984863281
0.006020024418830872 0.0110931396484375 0.0008524656295776367
0.004854157567024231 0.011691451072692871 0.002955317497253418
0.0 0.0078715980052948 0.0054759979248046875
0.0 0.0008445084095001221 0.008821070194244385
0.0 0.0018370747566223145 0.012027382850646973
0.00011782348155975342 0.003917098045349121 0.013488411903381348
0.0 0.005432397127151489 0.008568823337554932
0.0 0.008741706609725952 0.0041487812995910645
0.0 0.01333722472190857 0.004537999629974365
0.0 0.010924845933914185 0.0015244483947753906
0.0 0.007579892873764038 0.0011730790138244629
0.0 0.0074784159660339355 0.0057242512702941895
0.0 0.0030702054500579834 0.005127906799316406
0.0 0.0 0.0
0.0 0.0 0.0
0.0 0.0005325376987457275 0.0
0.0006988644599914551 0.008243471384048462 0.0011897683143615723
0.0 0.008502662181854248 0.0
0.0 0.009478569030761719 0.0
0.007784366607666016 0.013095080852508545 0.0
0.011463060975074768 0.011528044939041138 0.0
0.008993595838546753 0.005412101745605469 0.0
0.002489253878593445 0.0 0.0
0.0 0.0 0.0
0.0 0.0 0.0014885663986206055
0.0 0.0 0.006567597389221191
0.0 0.0 0.014489173889160156
0.0 0.024720579385757446 0.039811670780181885
0.0500044971704483 0.06351351737976074 0.04898148775100708
0.08992290496826172 0.0963006317615509 0.0
0.09888693690299988 0.15435832738876343 0.0
0.04591399431228638 0.17938745021820068 0.0
0.12221419811248779 0.22846144437789917 0.0
0.08426463603973389 0.23357701301574707 0.0
0.0379219651222229 0.19510263204574585 0.0
0.0 0.24143773317337036 0.0
0.0 0.1690816879272461 0.0
0.0 0.08886289596557617 0.0
0.0 0.05677327513694763 0.0
0.0 0.0 0.0
0.0 0.0 0.05412936210632324
0.0 0.0 0.3307058811187744
0.0 0.0 0.322817325592041
0.0 0.08182892203330994 0.25319111347198486
0.0 0.29398781061172485 0.14510583877563477
0.0 0.308193176984787 0.15000677108764648
0.0 0.2643817067146301 0.23667943477630615
0.0 0.18425577878952026 0.3538973331451416
0.0 0.19633495807647705 0.4038028120994568
0.0 0.2832428216934204 0.38258761167526245
0.0 0.3679656684398651 0.33293455839157104
0.0 0.36133259534835815 0.3006194233894348
0.0 0.29409486055374146 0.3114185333251953
0.0 0.3024279475212097 0.28883832693099976
0.0 0.37934762239456177 0.1956261396408081
0.0 0.3267662525177002 0.12746202945709229
0.0 0.24497509002685547 0.14270305633544922
0.012907028198242188 0.17046117782592773 0.1744234561920166
0.060846149921417236 0.2109367847442627 0.13408130407333374
0.06004112958908081 0.22061771154403687 0.12075072526931763
0.06500822305679321 0.22311198711395264 0.07346254587173462
0.10107091069221497 0.18374067544937134 0.04961878061294556
0.09001889824867249 0.10766172409057617 0.02880626916885376
0.060955315828323364 0.10092520713806152 0.028873741626739502
0.07593393325805664 0.10281610488891602 0.023692011833190918
0.0619235634803772 0.04773759841918945 0.03582733869552612
0.03555464744567871 0.028819918632507324 0.025910615921020508
0.015124261379241943 0.0 0.06151711940765381
0.0 0.0 0.11591148376464844
0.0 0.03738737106323242 0.12997674942016602
0.0 0.06909596920013428 0.12638670206069946
0.0 0.12231200933456421 0.06791472434997559
0.0 0.10516995191574097 0.03434664011001587
0.0 0.049612224102020264 0.09755313396453857
0.004292190074920654 0.07859277725219727 0.1348029375076294
0.0029279738664627075 0.07493698596954346 0.157600998878479
0.0 0.11286312341690063 0.154954195022583
0.0 0.12501293420791626 0.20560097694396973
0.00872144103050232 0.15773019194602966 0.19362550973892212
0.013622134923934937 0.14999452233314514 0.08314156532287598
0.02253250777721405 0.1392364203929901 0.0
0.04972255229949951 0.12626861035823822 0.0
0.05726778879761696 0.09658128023147583 0.0
0.049376413226127625 0.05027249455451965 0.0
0.045804984867572784 0.02975603938102722 0.0
0.03983968496322632 0.00867222249507904 0.0
0.03334805369377136 0.0 0.0
0.010078996419906616 0.0 0.0
0.0 0.0 0.0
0.0 0.010502755641937256 0.0
0.0 0.03794945776462555 0.0
0.0 0.047091394662857056 0.0
0.0 0.0491955429315567 0.0
0.010131828486919403 0.03515380620956421 0.0
0.014195285737514496 0.015451282262802124 0.0
0.025399457663297653 0.0018859058618545532 0.006698429584503174
0.024124786257743835 0.0004148036241531372 0.017934978008270264
0.014910075813531876 0.013887837529182434 0.022545278072357178
0.0 0.02704283595085144 0.022725403308868408
0.0 0.026929408311843872 0.02034151554107666
0.0 0.019931748509407043 0.012811005115509033
0.0 0.0 0.02027451992034912
0.0 0.0 0.0277860164642334
0.0 0.0 0.022515177726745605
0.0 0.0 0.01675856113433838
0.0 0.0 0.009660303592681885
0.0 0.00901755690574646 0.002314925193786621
0.0 0.014334380626678467 0.0
0.0 0.01687610149383545 0.0
0.0 0.021105661988258362 0.0
0.004690341651439667 0.017769724130630493 0.0021622180938720703
0.009215742349624634 0.010297536849975586 0.011797726154327393
0.005657799541950226 0.0060775429010391235 0.013409972190856934
0.0036152340471744537 0.006445080041885376 0.009570598602294922
0.0 0.012634903192520142 0.002934277057647705
0.0007404088973999023 0.01078103482723236 0.0
0.005196433514356613 0.023302093148231506 0.0
0.004638548940420151 0.01719076931476593 0.005289435386657715
0.002572856843471527 0.015200138092041016 0.0025458931922912598
0.002897195518016815 0.010437384247779846 0.00448232889175415
0.0020712167024612427 0.011216655373573303 0.010228276252746582
0.00016620755195617676 0.007421359419822693 0.011648952960968018
0.0 0.009355366230010986 0.009954094886779785
0.0 0.012928500771522522 0.004943490028381348
0.0019638054072856903 0.012080267071723938 0.004816293716430664
0.0031780973076820374 0.011441364884376526 0.006134331226348877
0.0028613917529582977 0.009019002318382263 0.006197988986968994
0.0037949252873659134 0.012627944350242615 0.0037013888359069824
0.0011884532868862152 0.009328275918960571 0.003978312015533447
0.0 0.009054481983184814 0.009948551654815674
0.0 0.010876372456550598 0.007837653160095215
0.0 0.010287225246429443 0.008006453514099121
0.0074134692549705505 0.011142045259475708 0.014248251914978027
0.0048880670219659805 0.015282303094863892 0.011475682258605957
0.0 0.010198399424552917 0.008742809295654297
0.0 0.002910137176513672 0.005456209182739258
0.0 0.0 0.005573749542236328
0.0 0.0 0.0
0.0 0.0 0.0
0.0 0.002804100513458252 0.0
0.0 0.01138719916343689 0.005740463733673096
0.0 0.006732821464538574 0.0030015110969543457
0.0 0.007474794983863831 0.006147027015686035
0.0 0.013461783528327942 0.0030695199966430664
0.0 0.009147748351097107 0.007291257381439209
0.0 0.01147402822971344 0.0075460076332092285
0.0 0.010245636105537415 0.0028177499771118164
0.0 0.007503002882003784 0.004790365695953369
0.00821850448846817 0.0045804232358932495 0.010813891887664795
0.00940031185746193 0.0 0.009469866752624512
0.010189592838287354 0.004228949546813965 0.006231725215911865
0.01388528198003769 0.01819796860218048 0.0
0.013767659664154053 0.01695704460144043 0.0
0.007744289934635162 0.018725916743278503 0.0
0.0 0.018128961324691772 0.0
0.0035235658288002014 0.016507700085639954 0.0011810660362243652
0.002630263566970825 0.02050304412841797 0.008693397045135498
0.0 0.012512370944023132 0.007264912128448486
0.0 0.005389809608459473 0.0102691650390625
0.0 0.0010089129209518433 0.020224273204803467
0.0 0.0 0.020203769207000732
0.0 0.0006989836692810059 0.011804342269897461
0.0 0.007711619138717651 0.004067122936248779
0.004735663533210754 0.0130586177110672 0.0
0.004355147480964661 0.020306572318077087 0.0
0.0065671466290950775 0.015321090817451477 0.0
0.0019531026482582092 0.014734223484992981 0.0
0.0022790804505348206 0.008919522166252136 0.0
0.0 0.0021736323833465576 0.0
0.0 0.0037233084440231323 0.0
0.0 0.0018728375434875488 0.0015677213668823242
0.0 0.006106555461883545 0.0029480457305908203
0.0 0.005221426486968994 0.004243671894073486
0.0 0.006068751215934753 0.0027074813842773438
0.0 0.007189661264419556 0.010418117046356201
0.00011102855205535889 0.010629117488861084 0.016137897968292236
0.00224371999502182 0.009701073169708252 0.01779717206954956
0.0 0.00595875084400177 0.010263025760650635
0.003607664257287979 0.003949761390686035 0.008299827575683594
0.011039584875106812 0.009998366236686707 0.014576077461242676
0.012080565094947815 0.006051152944564819 0.01364368200302124
0.0025134943425655365 0.0027107149362564087 0.004718422889709473
0.0007631853222846985 0.008379116654396057 0.00036770105361938477
0.0018786601722240448 0.00587037205696106 0.009035110473632812
0.0 0.005250602960586548 0.004380524158477783
0.0 0.012954071164131165 0.007596492767333984
0.0 0.019144579768180847 0.0024694204330444336
0.0 0.022393733263015747 0.0
0.008018694818019867 0.01934373378753662 0.0
0.017317011952400208 0.03009684383869171 0.0
0.017013609409332275 0.03131881356239319 0.0
0.0 0.04034373164176941 0.0
0.01000387966632843 0.028715908527374268 0.0
0.013507507741451263 0.018196672201156616 0.0
0.01990094780921936 0.021566957235336304 0.0
0.014493376016616821 0.025775104761123657 0.0
0.011808127164840698 0.031797558069229126 0.013501405715942383
0.0 0.030458122491836548 0.02455037832260132
0.0 0.032721102237701416 0.0489351749420166
0.0 0.03423246741294861 0.06855404376983643
0.0 0.03158685564994812 0.07645463943481445
0.0 0.020459622144699097 0.09228622913360596
0.0 0.008835852146148682 0.10223513841629028
0.0 0.0 0.11380034685134888
0.0 0.0 0.10657435655593872
0.0 0.0 0.10389828681945801
0.0 0.0 0.10010677576065063
0.0 0.0 0.08635377883911133
0.0 0.0 0.08238792419433594
0.0 0.0 0.046466946601867676
0.0 0.004858434200286865 0.019755244255065918
0.0 0.006437927484512329 0.0
0.0 0.022700339555740356 0.0
0.005076177418231964 0.018333107233047485 0.0
0.002294301986694336 0.01011747121810913 0.0
0.00763528048992157 0.008362352848052979 0.0
0.0 0.008936122059822083 0.0
0.0 0.012799650430679321 0.0
0.0037715882062911987 0.003139019012451172 0.0
0.0 0.00935371220111847 0.0
0.006454631686210632 0.023791342973709106 0.0
0.0053976550698280334 0.027798712253570557 0.0
0.0 0.025343656539916992 0.0
0.0 0.017102330923080444 0.0
0.0 0.012569725513458252 0.0
0.0 0.013737708330154419 0.0
0.0 0.013200551271438599 0.01498425006866455
0.0 0.011034399271011353 0.031099796295166016
0.0 0.013545572757720947 0.04927760362625122
0.0 0.019984394311904907 0.06644415855407715
0.0029223784804344177 0.01688307523727417 0.07500380277633667
0.0024451613426208496 0.011094421148300171 0.0721389651298523
0.005698174238204956 0.0077149271965026855 0.07865101099014282
0.0061723217368125916 0.00514596700668335 0.07972007989883423
0.003459163010120392 0.007254272699356079 0.07346457242965698
0.00569114089012146 0.0027339160442352295 0.0718342661857605
0.0010405033826828003 0.007515043020248413 0.0586506724357605
0.0047643184661865234 0.00749516487121582 0.05781066417694092
0.0014955401420593262 0.006386876106262207 0.04658341407775879
0.0 0.003474980592727661 0.03572624921798706
0.0008627027273178101 0.011380672454833984 0.020775318145751953
0.004499621689319611 0.012361735105514526 0.004644036293029785
0.0013968124985694885 0.00938078761100769 0.0
0.006025731563568115 0.01120421290397644 0.0
0.0057452768087387085 0.008139967918395996 0.0
0.004430919885635376 0.0056236982345581055 0.0
0.00801558792591095 0.004923969507217407 0.0
0.0 0.009193986654281616 0.0
0.0 0.006167560815811157 0.0
0.0 0.009074479341506958 0.0
0.0009959787130355835 0.00414612889289856 0.0
0.0 0.007456660270690918 0.0
0.0 0.008389651775360107 0.0
0.0 0.008082479238510132 0.0
0.0 0.02458968758583069 0.0
0.006398946046829224 0.030156254768371582 0.0
0.013586178421974182 0.03623628616333008 0.0
0.009839892387390137 0.041184842586517334 0.0
0.009984925389289856 0.034110426902770996 0.0
0.013752579689025879 0.03934606909751892 0.0
0.014744371175765991 0.025571346282958984 0.004267632961273193
0.0 0.004750549793243408 0.0
0.0 0.0 0.005016148090362549
0.0 0.0 0.04194462299346924
0.0 0.0 0.08565127849578857
0.0 0.002949357032775879 0.11280554533004761
0.0 0.0023356080055236816 0.12189257144927979
0.0 0.006777524948120117 0.10398775339126587
0.0 0.008613348007202148 0.0740770697593689
0.0 0.0015806853771209717 0.04650616645812988
0.0 0.0 0.024790048599243164
0.0 0.0 0.02584528923034668
0.0 0.0 0.029500603675842285
0.0 0.0 0.018045485019683838
0.0 0.0 0.006225228309631348
0.0 0.004582464694976807 0.0
0.005635909736156464 0.008115559816360474 0.0
0.006646886467933655 0.012473434209823608 0.0
0.01763247698545456 0.013247579336166382 0.0
0.0216522216796875 0.01809576153755188 0.0
0.017285488545894623 0.018340259790420532 0.0
0.005519546568393707 0.019584953784942627 0.0
0.0038192570209503174 0.017825663089752197 0.0
0.0 0.010744601488113403 0.0
0.0 0.013543039560317993 0.0
0.003979519009590149 0.015326440334320068 0.0
0.008295275270938873 0.019992083311080933 0.0
0.004440329968929291 0.024080485105514526 0.0
0.00666104257106781 0.024829089641571045 0.0
0.008799165487289429 0.026913970708847046 0.0
0.01432541012763977 0.03176295757293701 0.0
0.006595581769943237 0.018561065196990967 0.0
0.0 0.012250393629074097 0.0
0.0016969889402389526 0.010417908430099487 0.0
0.0 0.009523987770080566 0.0009239315986633301
0.0006982237100601196 0.012726962566375732 0.014062941074371338
0.0 0.015248805284500122 0.02768397331237793
0.0 0.01493796706199646 0.038274526596069336
0.0 0.008580595254898071 0.051656365394592285
0.0 0.006638944149017334 0.07771068811416626
0.0 0.001544266939163208 0.09446483850479126
0.0 0.0 0.09657448530197144
0.0 0.0 0.0917322039604187
0.0 0.0 0.07562285661697388
0.0 0.0 0.06931602954864502
0.0 0.0 0.06043529510498047
0.003410249948501587 0.010215908288955688 0.04986661672592163
0.006555348634719849 0.011920034885406494 0.025003135204315186
0.011407598853111267 0.016813665628433228 0.003771543502807617
0.019965611398220062 0.015340536832809448 0.0
0.01950240135192871 0.022196263074874878 0.0
0.021549195051193237 0.02124062180519104 0.0
0.019032597541809082 0.022484689950942993 0.0
0.01491505652666092 0.005842864513397217 0.0
0.0017477869987487793 0.0024459362030029297 0.0
0.0 0.0018768608570098877 0.0037899017333984375
0.0 0.0 0.0008577704429626465
0.0 0.0 0.0
0.0 0.0 0.0
0.0 0.0 0.0
0.0 0.0 0.0
0.0 0.0 0.0
0.0 0.0 0.0
0.0 0.0010641515254974365 0.0
0.0 0.010432213544845581 0.0
0.0 0.015728771686553955 0.0
0.0 0.01844140887260437 0.0
0.0 0.02267932891845703 0.0
0.004266977310180664 0.021621376276016235 0.0
0.007354110479354858 0.017853915691375732 0.004015564918518066
0.00528600811958313 0.012293964624404907 0.0036607980728149414
0.001712515950202942 0.011603832244873047 0.0
0.0023624002933502197 0.011949986219406128 0.003894507884979248
0.007162719964981079 0.014251023530960083 0.01625955104827881
0.012647688388824463 0.019336551427841187 0.03376877307891846
0.011213675141334534 0.020205587148666382 0.04889500141143799
0.010007992386817932 0.0217512845993042 0.04891711473464966
0.0034648478031158447 0.02516689896583557 0.03684192895889282
0.009957164525985718 0.02547481656074524 0.0347324013710022
0.013824045658111572 0.01642748713493347 0.032508671283721924
0.012571662664413452 0.005672246217727661 0.03354519605636597
0.004384472966194153 0.0 0.03481537103652954
0.00813688337802887 0.0027163922786712646 0.040900468826293945
0.009645119309425354 0.009878367185592651 0.045979857444763184
0.0063412487506866455 0.01394990086555481 0.05019468069076538
0.0 0.012360304594039917 0.047395169734954834
0.0 0.012256383895874023 0.03182852268218994
0.0 0.01164931058883667 0.02665466070175171
0.005833223462104797 0.016265809535980225 0.024915635585784912
0.008650720119476318 0.01073157787322998 0.02013915777206421
0.004988238215446472 0.0004336535930633545 0.013376772403717041
0.0 0.0 0.0
0.0 0.0 0.0
0.0 0.0 0.0
0.0 0.0 0.0
0.0 0.0 0.0
0.0 0.0 0.0
0.0 0.0 0.0
0.0 0.0 0.0
0.0 0.0 0.0
0.0 0.014968574047088623 0.0
0.0 0.02582639455795288 0.0
0.0 0.024064630270004272 0.0
0.0 0.023106485605239868 0.0
0.0 0.014251381158828735 0.0
0.0 0.01769903302192688 0.0
0.0 0.02075028419494629 0.0036284923553466797
0.0007087141275405884 0.019855260848999023 0.03820061683654785
0.00015382468700408936 0.01823282241821289 0.06206023693084717
0.0 0.018382102251052856 0.07496559619903564
0.0002898871898651123 0.01283353567123413 0.07798731327056885
0.0 0.011974900960922241 0.07275182008743286
0.0 0.002221733331680298 0.06069701910018921
0.0 0.0007236003875732422 0.05246156454086304
0.004412665963172913 0.007482320070266724 0.04053908586502075
0.009579211473464966 0.009055376052856445 0.034941911697387695
0.009608685970306396 0.01347467303276062 0.040181517601013184
0.004672214388847351 0.004546552896499634 0.043994009494781494
0.0055597275495529175 0.007611960172653198 0.057720184326171875
0.011670634150505066 0.009598582983016968 0.07863563299179077
0.015312299132347107 0.014677435159683228 0.09089827537536621
0.010185472667217255 0.019942253828048706 0.0803828239440918
0.004387021064758301 0.017862468957901 0.04881006479263306
0.00022689998149871826 0.013419538736343384 0.013492882251739502
0.0 0.015892714262008667 0.0
0.009719185531139374 0.010053843259811401 0.0
0.007974810898303986 0.0030246078968048096 0.0
0.0002344176173210144 0.0 0.0
0.0 0.0 0.0
0.0 0.0 0.0
0.0 0.0 0.0
0.0 0.0 0.0
0.0 0.001526758074760437 0.0
0.0 0.007133468985557556 0.0
0.0 0.007002472877502441 0.0
0.0 0.01744559407234192 0.0
0.0 0.027364581823349 0.0
0.0 0.023850858211517334 0.0
0.0 0.015505790710449219 0.0
0.0 0.016290247440338135 0.0
0.0016174763441085815 0.017163485288619995 0.0
0.008843287825584412 0.025601476430892944 0.03250199556350708
0.005467653274536133 0.021042466163635254 0.05390113592147827
0.0 0.020453989505767822 0.05135530233383179
0.0 0.021409720182418823 0.052838027477264404
0.0019143670797348022 0.02300247550010681 0.07093995809555054
0.010033249855041504 0.02368009090423584 0.09064877033233643
0.009020775556564331 0.018897265195846558 0.09033358097076416
0.006811648607254028 0.013634294271469116 0.08349204063415527
0.006905287504196167 0.007069230079650879 0.07102209329605103
0.0 0.005424082279205322 0.050224900245666504
0.002594485878944397 0.009316504001617432 0.04002106189727783
0.006681405007839203 0.00807034969329834 0.04210519790649414
0.007674321532249451 0.012792050838470459 0.0311276912689209
0.008811160922050476 0.014788299798965454 0.01495218276977539
0.006747342646121979 0.014345407485961914 0.0
0.0049487873911857605 0.010650634765625 0.0
0.005275711417198181 0.008596807718276978 0.0
0.006524816155433655 0.007141143083572388 0.0
0.007227607071399689 0.009860694408416748 0.0
0.0030599087476730347 0.010486781597137451 0.0
0.0 0.007113605737686157 0.0
0.0 0.0017035901546478271 0.0
0.0 0.0006369948387145996 0.0
0.0 0.0 0.0
0.0 0.00878208875656128 0.0
0.0029270052909851074 0.011568635702133179 0.0026044249534606934
0.0 0.004523515701293945 0.0
0.0 0.0012708306312561035 0.0
0.0 0.006720513105392456 0.0
0.0009401887655258179 0.013618171215057373 0.0
0.004938095808029175 0.020346909761428833 0.0
0.003991752862930298 0.020820528268814087 0.0
0.0 0.01493006944656372 0.0
0.0 0.01230737566947937 0.0
0.0 0.012204885482788086 0.007139086723327637
0.0006946325302124023 0.011562168598175049 0.02829456329345703
0.0 0.009820550680160522 0.034210264682769775
0.0 0.01154753565788269 0.03901708126068115
0.0 0.00916406512260437 0.04290008544921875
0.0 0.008703917264938354 0.04214954376220703
0.0007014274597167969 0.01137453317642212 0.04205620288848877
0.0061652809381484985 0.011559933423995972 0.03586775064468384
0.0016299337148666382 0.008943885564804077 0.014490365982055664
0.0015888363122940063 0.0053164660930633545 0.004018902778625488
0.005595296621322632 0.0021628141403198242 0.0013284087181091309
0.006058797240257263 0.004211485385894775 0.0
0.001834571361541748 0.008477658033370972 0.0
0.0015024542808532715 0.01181599497795105 0.0
0.0 0.012470602989196777 0.0
0.0 0.01296311616897583 0.0
0.0 0.0070278942584991455 0.0
0.0 0.002764463424682617 0.00471872091293335
0.0 0.0 0.005287051200866699
0.0 0.0 0.005961000919342041
0.0 0.0 0.007810473442077637
0.0 0.0026530325412750244 0.009211421012878418
0.0011101514101028442 0.008229762315750122 0.010877013206481934
0.007608935236930847 0.016193270683288574 0.00732266902923584
0.008814245462417603 0.017312198877334595 0.001729130744934082
0.006470292806625366 0.01587200164794922 0.0003954768180847168
0.0034201443195343018 0.014190435409545898 0.0001035928726196289
0.0024430304765701294 0.01062864065170288 0.0
0.0008641034364700317 0.011167079210281372 0.0
0.0015577077865600586 0.007134824991226196 0.0012697577476501465
0.0 0.004414916038513184 0.0006740093231201172
0.0 0.004204303026199341 0.003434419631958008
0.0 0.006033390760421753 0.008756518363952637
0.0 0.009117484092712402 0.00809013843536377
0.0 0.003062039613723755 0.002233743667602539
0.0 0.0033510029315948486 0.0
0.0 0.0061941444873809814 0.0
0.0 0.009416729211807251 0.0018053054809570312
0.0 0.009309768676757812 0.0058972835540771484
0.0 0.004694610834121704 0.007331967353820801
0.0 0.009115219116210938 0.010455727577209473
0.0006432086229324341 0.008647739887237549 0.004980862140655518
0.0 0.01083722710609436 0.0
0.0 0.009484052658081055 0.0
0.0005797296762466431 0.011564016342163086 0.0
0.005342617630958557 0.010425657033920288 0.006529092788696289
0.0 0.007755577564239502 0.004717528820037842
0.0 0.011526554822921753 0.0
0.0 0.01326712965965271 0.0008855462074279785
0.0 0.011589646339416504 0.009628593921661377
0.0 0.008500397205352783 0.01312708854675293
0.0 0.0057027339935302734 0.008847653865814209
0.0 0.00018745660781860352 0.006815075874328613
0.0 0.0 0.007183432579040527
0.0 0.0 0.004923343658447266
0.0 0.0 0.004536151885986328
0.0 0.0 0.002227962017059326
0.0 0.0014282166957855225 0.0030584335327148438
0.0 0.007007420063018799 0.009120404720306396
0.0 0.005792677402496338 0.025991380214691162
0.0 0.0056916773319244385 0.026238679885864258
0.07768674194812775 0.037177443504333496 0.026006996631622314
0.061522603034973145 0.08970800042152405 0.029911041259765625
0.067697674036026 0.07722273468971252 0.009986937046051025
0.04777422547340393 0.09349325299263 0.0
0.05070123076438904 0.1400909423828125 0.0
0.11888527870178223 0.17852729558944702 0.0
0.10075032711029053 0.09651976823806763 0.0
0.0 0.1309119462966919 0.0
0.0 0.10212916135787964 0.0
0.0 0.12782520055770874 0.0
0.0 0.1285455822944641 0.0
0.0 0.011301517486572266 0.0
0.0 0.0 0.0
0.0 0.029182463884353638 0.0
0.0 0.020470082759857178 0.0
0.0 0.0 0.18820929527282715
0.0 0.0 0.23691010475158691
0.0 0.000786125659942627 0.1844937801361084
0.0 0.1463051438331604 0.14658117294311523
0.0 0.16424205899238586 0.20016813278198242
0.0 0.11924487352371216 0.30216288566589355
0.0 0.13504299521446228 0.4024353623390198
0.0 0.2442988157272339 0.3949698805809021
0.0 0.33260083198547363 0.36442065238952637
0.0 0.31350886821746826 0.37736886739730835
0.0 0.261738657951355 0.4215999245643616
0.0 0.30410999059677124 0.3849838972091675
0.0 0.3424965739250183 0.31248754262924194
0.0 0.2636566162109375 0.32551902532577515
0.0 0.24086618423461914 0.3203731179237366
0.0 0.2564901113510132 0.3015454411506653
0.0 0.2997848391532898 0.31314659118652344
0.0 0.3072304129600525 0.3149062395095825
0.0 0.2588002681732178 0.274799644947052
0.0 0.20169919729232788 0.251775860786438
0.0 0.1737179160118103 0.2127983570098877
0.0 0.18291741609573364 0.19581949710845947
0.0 0.22545397281646729 0.14177334308624268
0.0 0.2216467261314392 0.11349314451217651
0.0 0.22940027713775635 0.097023606300354
0.0 0.24096018075942993 0.10013341903686523
0.03398863971233368 0.23765766620635986 0.10073167085647583
0.0567503422498703 0.2509712278842926 0.09241831302642822
0.06715289503335953 0.25342419743537903 0.022381842136383057
0.07692273706197739 0.2702440023422241 0.0
0.12989813089370728 0.24544565379619598 0.0
0.12557698786258698 0.20785360038280487 0.0
0.1203552857041359 0.14863869547843933 0.0
0.07997593283653259 0.07706914842128754 0.0
0.05745707079768181 0.021584466099739075 0.0
0.03144226223230362 0.0 0.0
0.011527057737112045 0.0 0.0
0.0 0.007957741618156433 0.0
0.0 0.02585110068321228 0.0
0.0 0.0400516539812088 0.0
0.0 0.05082593858242035 0.0
0.0 0.05467543005943298 0.0
0.0 0.04706369340419769 0.014356493949890137
0.0 0.03155902028083801 0.026852965354919434
0.0 0.01686018705368042 0.03735947608947754
0.0 0.006336137652397156 0.030433714389801025
0.0020115897059440613 0.0 0.019511640071868896
0.0 0.0 0.01495283842086792
0.012050464749336243 0.0 0.01835620403289795
0.009851939976215363 0.0 0.0142897367477417
0.004720903933048248 0.003552541136741638 0.0
0.003826344385743141 0.010592252016067505 0.0
0.0031545981764793396 0.013818278908729553 0.0
0.002117311581969261 0.016495853662490845 0.0
0.0 0.014437675476074219 0.0
0.0 0.007497832179069519 0.005659222602844238
0.0 0.011251673102378845 0.005079030990600586
0.0 0.016241103410720825 0.0
0.0 0.015008360147476196 0.0
0.0 0.013941526412963867 0.006061911582946777
0.0 0.0037223398685455322 0.013840198516845703
0.0 0.0 0.02243506908416748
0.0 0.001759454607963562 0.023673415184020996
0.0024337414652109146 0.006200745701789856 0.01609647274017334
0.0024594534188508987 0.014254972338676453 0.000367581844329834
0.0 0.012916728854179382 0.0
0.0 0.015945211052894592 0.0
0.0007465705275535583 0.01216919720172882 0.0
0.0009803622961044312 0.016839295625686646 0.0
0.0 0.012459442019462585 0.0
0.0 0.013537958264350891 0.0048427581787109375
0.0 0.01187559962272644 0.006050050258636475
0.0 0.009012147784233093 0.014703989028930664
0.0 0.013738349080085754 0.016817092895507812
0.0017196163535118103 0.015172570943832397 0.014086902141571045
0.001420324668288231 0.012203335762023926 0.007280290126800537
0.0008291415870189667 0.011052578687667847 0.006995260715484619
0.0014220736920833588 0.007726132869720459 0.013455450534820557
0.0 0.0049562156200408936 0.015054702758789062
0.0 0.008452370762825012 0.0114937424659729
0.0 0.011205881834030151 0.0022321343421936035
0.003661844879388809 0.015176311135292053 0.002633035182952881
0.0 0.01698949933052063 0.0009216666221618652
0.00018088147044181824 0.020551443099975586 0.00894320011138916
0.0 0.015916869044303894 0.005220234394073486
0.0 0.014336317777633667 0.005798161029815674
0.0004843808710575104 0.0027276575565338135 0.00943213701248169
0.0 0.01520448923110962 0.009534060955047607
0.02551540732383728 0.03156287968158722 0.011315643787384033
0.003717489540576935 0.02046644687652588 0.0
0.010111652314662933 0.017771705985069275 0.006562530994415283
0.006852343678474426 0.0 0.02800774574279785
0.011205106973648071 0.04391889274120331 0.0
0.024175457656383514 0.0 0.009651362895965576
0.0 0.0 0.018607497215270996
0.018420040607452393 0.00016012787818908691 0.0
0.0 0.011957228183746338 0.0
0.0 0.0037248730659484863 0.0
0.0 0.0 0.0
0.0 0.08193008601665497 0.006378233432769775
0.017874136567115784 0.04133597016334534 0.0
0.0 0.0366949588060379 0.006903171539306641
0.0 0.02669169008731842 0.01976323127746582
0.011619865894317627 0.0 0.024425804615020752
0.028716355562210083 0.0035895109176635742 0.01688969135284424
0.01792667806148529 0.0 0.006846487522125244
0.026248455047607422 0.0 0.0
0.0 0.009113863110542297 0.0
0.0 0.032697856426239014 0.018140017986297607
0.005613580346107483 0.03481549024581909 0.0
0.0 0.022589027881622314 0.010244309902191162
0.00043793022632598877 0.018130868673324585 0.009210646152496338
0.0 0.011633306741714478 0.008752048015594482
0.0 0.019908949732780457 0.02686488628387451
0.012549519538879395 0.009223178029060364 0.007221341133117676
0.011641114950180054 0.01918300986289978 0.015511691570281982
0.0005157738924026489 0.020225927233695984 0.0
0.0 0.011780038475990295 0.0
0.0 0.017590641975402832 0.0
0.0 0.0 0.0
0.007148906588554382 0.007107838988304138 0.0
0.0 0.004162222146987915 0.0
0.0 0.0 0.015409409999847412
0.0 0.0 0.01572650671005249
0.0 0.015288233757019043 0.02209651470184326
0.0 0.014855682849884033 0.010542631149291992
0.0 0.025431230664253235 0.01695561408996582
0.00372236967086792 0.021463394165039062 0.019599318504333496
0.004741832613945007 0.003664180636405945 0.007795155048370361
0.0 0.0 0.0
0.0 0.0 0.0
0.0 0.000619545578956604 0.0
0.002433270215988159 0.005123332142829895 0.0023897886276245117
0.0021967440843582153 0.017212212085723877 0.0
0.0 0.011281400918960571 0.0
0.0 0.0008877217769622803 0.0
0.0 0.003143787384033203 0.004682958126068115
0.046495236456394196 0.03442488610744476 0.08442491292953491
0.02353869378566742 0.0 0.0
0.0 0.02208550274372101 0.0
0.0 0.008087947964668274 0.0
0.0 0.012253612279891968 0.0
0.0 0.01068827509880066 0.0
0.0 0.04292762279510498 0.0
