0.0 0.0 0.02097010612487793
0.0 0.0 0.015916943550109863
0.0 0.0 0.02042233943939209
0.0 0.0 0.027217209339141846
0.0 0.0 0.02788674831390381
0.01230698823928833 0.0 0.0001812577247619629
0.020574480295181274 0.0005470216274261475 0.0
0.01588919758796692 0.011817485094070435 0.005330264568328857
0.0 0.026490390300750732 0.0006736516952514648
0.0 0.0773760974407196 0.0
0.0039752572774887085 0.034663885831832886 0.04429429769515991
0.008528053760528564 0.0 0.0
0.0 0.0 0.0
0.0 0.0 0.0
0.0 0.015390545129776001 0.0
0.0 0.03542459011077881 0.014609098434448242
0.0 0.029802292585372925 0.017725884914398193
0.0 0.03895747661590576 0.039911866188049316
0.0 0.04004058241844177 0.026888906955718994
0.0 0.014705091714859009 0.009512364864349365
0.02455832064151764 0.017414748668670654 0.029392540454864502
0.028730101883411407 0.043371766805648804 0.04309356212615967
0.010266989469528198 0.05919864773750305 0.039657533168792725
0.0 0.057700544595718384 0.013571441173553467
0.0 0.04522252082824707 0.0
0.0 0.02544340491294861 0.0
0.0 0.012551337480545044 0.0
0.0 0.01531246304512024 0.0
0.0 0.02322670817375183 0.019566893577575684
0.0 0.015272915363311768 0.02850484848022461
0.0 0.0 0.01711219549179077
0.0 0.0 0.0
0.0 0.0009737312793731689 0.006887078285217285
0.0 0.0067619383335113525 0.01778244972229004
0.0 0.009633898735046387 0.011076271533966064
0.0 0.011657774448394775 0.0
0.0 0.01955568790435791 0.0
0.0 0.015889137983322144 0.014074087142944336
0.0 0.013862282037734985 0.0
0.0 0.01245608925819397 0.006582140922546387
0.0 0.01312178373336792 0.010845601558685303
0.0 0.0073646605014801025 0.0
0.0 0.010062038898468018 0.01295483112335205
0.0 0.010021120309829712 0.0
0.0 0.002367556095123291 0.0
0.0 0.002988845109939575 0.007471621036529541
0.0 0.0 0.0
0.0 0.0 0.0102463960647583
0.0 0.003980040550231934 0.0
0.0 0.023835599422454834 0.0
0.0 0.031727880239486694 0.0
0.0 0.0 0.0
0.0 0.0 0.0
0.0 0.0005158185958862305 0.0
0.00698513351380825 0.045026928186416626 0.008614957332611084
0.0 0.009653300046920776 0.0
0.0 0.012152671813964844 0.0
0.0 0.04014328122138977 0.0
0.023575522005558014 0.05044792592525482 0.027523040771484375
0.24134469032287598 0.0402388721704483 0.08021390438079834
0.14624641835689545 0.0 0.0
0.0 0.0 0.036877214908599854
0.0 0.0 0.04436326026916504
0.0 0.0 0.04057127237319946
0.0 0.017504364252090454 0.05463528633117676
0.0 0.030591487884521484 0.05453300476074219
0.003335393965244293 0.02228046953678131 0.04625833034515381
0.018159739673137665 0.027120843529701233 0.04418623447418213
0.0 0.015987709164619446 0.04737842082977295
0.0 0.013260096311569214 0.03925120830535889
0.0 0.009886100888252258 0.03539067506790161
0.006535038352012634 0.0014958828687667847 0.018044471740722656
0.0 0.003118842840194702 0.004788100719451904
0.0 0.010143086314201355 0.005711555480957031
0.0 0.017388105392456055 0.0006346702575683594
0.0 0.006930619478225708 0.00025403499603271484
0.006390102207660675 0.007678598165512085 0.0038402676582336426
0.0 0.010494962334632874 0.0
0.0 0.01522335410118103 0.0
0.0 0.010512307286262512 0.0
0.0 0.0067171454429626465 0.0
0.0 0.007240116596221924 0.0
0.0 0.0012313425540924072 0.003511369228363037
0.0 0.003169447183609009 0.009768247604370117
0.0 0.0030709058046340942 0.013588309288024902
0.0 0.010833486914634705 0.012269020080566406
0.00024339556694030762 0.013253733515739441 0.01906144618988037
0.0 0.010820373892784119 0.024083971977233887
0.0 0.007760360836982727 0.02625453472137451
0.0 0.005819365382194519 0.022808372974395752
0.00039495527744293213 0.010601118206977844 0.015913665294647217
0.002722226083278656 0.012021660804748535 0.01232975721359253
0.011563926935195923 0.015797987580299377 0.013629555702209473
0.01447489857673645 0.015595957636833191 0.011232972145080566
0.008134663105010986 0.013781547546386719 0.01165783405303955
0.0 0.0067249685525894165 0.0033904314041137695
0.0 0.005470737814903259 0.00824648141860962
0.0057077184319496155 0.012554511427879333 0.012624144554138184
0.00979587435722351 0.016254901885986328 0.012096285820007324
0.0004261285066604614 0.011082246899604797 0.00951606035232544
0.0 0.007631927728652954 0.004839837551116943
0.0 0.0037585049867630005 0.007225513458251953
0.0 0.0006559640169143677 0.008782804012298584
0.0 0.0033541321754455566 0.01053529977798462
0.0 0.00449979305267334 0.0070258378982543945
0.0 0.00609801709651947 0.0
0.0 0.004716992378234863 0.00037419795989990234
0.0 0.010649889707565308 0.007589459419250488
0.003482423722743988 0.014914974570274353 0.0020594000816345215
0.006433308124542236 0.027389168739318848 0.0017458200454711914
0.02814439684152603 0.021066531538963318 0.0
0.03020799160003662 0.016489610075950623 0.0
0.0112476646900177 0.010697722434997559 0.0
0.0007655024528503418 0.001391977071762085 0.0
0.0 0.0 0.014355003833770752
0.0 0.0008243471384048462 0.02002573013305664
0.0 0.0 0.020407557487487793
0.0 0.001151442527770996 0.015862584114074707
0.0 0.0073429495096206665 0.01709228754043579
0.0013595521450042725 0.01044955849647522 0.019125044345855713
0.006528735160827637 0.012166544795036316 0.01290959119796753
0.0030381232500076294 0.011183127760887146 0.010828852653503418
0.0 0.007267698645591736 0.003786146640777588
0.0 0.00741945207118988 0.004513859748840332
0.003973737359046936 0.0060440897941589355 0.001857459545135498
0.0038726329803466797 0.010030731558799744 0.0056056976318359375
0.0 0.006650745868682861 0.005019724369049072
0.0 0.003907069563865662 0.006312251091003418
0.0 0.004036203026771545 0.0052297115325927734
0.0 0.007412135601043701 0.0047490596771240234
0.0 0.006934762001037598 0.0089569091796875
0.0 0.007611408829689026 0.01220482587814331
0.012210384011268616 0.0095004141330719 0.01796060800552368
0.007853731513023376 0.005176156759262085 0.010101556777954102
0.0 0.0009861737489700317 0.004669368267059326
0.0 0.005208566784858704 0.004396378993988037
0.006199650466442108 0.0077280402183532715 0.0026653409004211426
0.0 0.00628150999546051 0.0
0.0 0.007553979754447937 0.0
0.001038879156112671 0.0063516199588775635 0.0037340521812438965
0.003552637994289398 0.0 0.006462693214416504
0.0015541762113571167 0.003517165780067444 0.003720402717590332
0.0 0.010243162512779236 0.004394412040710449
0.005588851869106293 0.013244912028312683 0.007520079612731934
0.006483547389507294 0.013516128063201904 0.001989424228668213
0.0034219250082969666 0.013539806008338928 0.011129558086395264
0.008879266679286957 0.009003669023513794 0.010667562484741211
0.0018701925873756409 0.0068869441747665405 0.010002851486206055
0.0 0.006612569093704224 0.004620194435119629
0.0 0.006670445203781128 0.006146490573883057
0.0 0.003350555896759033 0.008143246173858643
0.0 0.003084331750869751 0.00817960500717163
0.0 0.0027085840702056885 0.011973142623901367
0.0 0.001068711280822754 0.01230776309967041
0.00024453550577163696 0.006103157997131348 0.007796287536621094
0.0 0.005627840757369995 0.003386378288269043
0.0027944594621658325 0.009748175740242004 0.004485726356506348
0.006678067147731781 0.007670760154724121 0.003977000713348389
0.0 0.006728321313858032 0.0037570595741271973
0.0 0.0 0.010575175285339355
0.004013843834400177 0.0 0.006743013858795166
0.004932701587677002 0.002190813422203064 0.00023311376571655273
0.0 0.009090051054954529 0.0
0.0 0.011559456586837769 0.0
0.0 0.005840107798576355 0.0
0.0017680227756500244 0.0068591684103012085 0.00434565544128418
0.0 0.007702648639678955 0.0070136189460754395
0.0 0.00952005386352539 0.004848480224609375
0.002261616289615631 0.006908059120178223 0.011953592300415039
0.009660325944423676 0.006685778498649597 0.017635703086853027
0.005578681826591492 0.006193429231643677 0.017377734184265137
0.002247944474220276 0.009789705276489258 0.013281106948852539
0.007689386606216431 0.012124687433242798 0.017331719398498535
0.005169413983821869 0.008386760950088501 0.013320744037628174
0.0 0.004474282264709473 0.007811903953552246
0.0 0.0029210299253463745 0.005058705806732178
0.0001086890697479248 0.0006941854953765869 0.00807952880859375
0.0022072233259677887 0.001438334584236145 0.010544657707214355
0.0 0.0018426328897476196 0.008465170860290527
0.0 0.0051771849393844604 0.005510210990905762
0.0 0.004929080605506897 0.006730437278747559
0.0 0.006773710250854492 0.006156444549560547
0.0011189505457878113 0.0036965906620025635 0.006672501564025879
0.0 0.0042568594217300415 0.006170690059661865
0.0 0.004721611738204956 0.011046111583709717
0.0008386075496673584 0.005966365337371826 0.009423434734344482
0.0032897889614105225 0.0068089962005615234 0.01003938913345337
0.005554884672164917 0.007950708270072937 0.008445918560028076
0.0025282762944698334 0.007058635354042053 0.007287502288818359
0.00234222412109375 0.0036863982677459717 0.004435420036315918
0.003339085727930069 0.0046003758907318115 0.0
0.0003591477870941162 0.007201015949249268 0.0
0.0008784681558609009 0.01030518114566803 0.0
0.005691856145858765 0.008842214941978455 0.004130184650421143
0.0 0.0049259960651397705 0.005188047885894775
0.0 0.006749168038368225 0.008620381355285645
0.0022593848407268524 0.004071742296218872 0.01630347967147827
0.0 0.0025025159120559692 0.017126917839050293
0.0 0.004190757870674133 0.01180410385131836
0.0 0.0040779560804367065 0.013678789138793945
0.0032149069011211395 0.0034242570400238037 0.012679874897003174
0.0024896375834941864 0.0022078603506088257 0.005236685276031494
0.002771656960248947 0.0030874907970428467 0.0023477673530578613
0.0027814656496047974 0.005663171410560608 0.0011118650436401367
0.0 0.004724249243736267 0.0
0.0010853186249732971 0.008727476000785828 0.0
0.0022946111857891083 0.004257097840309143 0.005486428737640381
0.0 0.006730899214744568 0.005337417125701904
0.0 0.007321000099182129 0.011886060237884521
0.0009531304240226746 0.006684884428977966 0.010351240634918213
0.0 0.0069899410009384155 0.007911384105682373
0.0007721446454524994 0.010684564709663391 0.004569113254547119
0.0025075823068618774 0.009491682052612305 0.007245898246765137
0.0 0.0024910718202590942 0.004642784595489502
0.0 0.0 0.0037133097648620605
0.0 0.0011081397533416748 0.004617094993591309
0.0010405480861663818 0.0034880638122558594 0.008589863777160645
0.0 0.003360658884048462 0.008841872215270996
0.0006954595446586609 0.005000174045562744 0.010484099388122559
0.006674997508525848 0.0063471198081970215 0.014211058616638184
0.003216274082660675 0.005640089511871338 0.011379837989807129
0.0 0.0039087384939193726 0.0091094970703125
0.0 0.003438606858253479 0.009288251399993896
0.0033930130302906036 0.005871430039405823 0.007032454013824463
0.0 0.004157200455665588 0.004123389720916748
0.003264743834733963 0.003606453537940979 0.005315959453582764
0.0018453523516654968 0.003704950213432312 0.004600167274475098
0.0 0.006982654333114624 0.0022469758987426758
0.001605689525604248 0.007124319672584534 0.0017183423042297363
0.0 0.003951340913772583 0.0009146928787231445
0.0 0.002300634980201721 0.002974092960357666
0.0 0.005834534764289856 0.008234500885009766
0.0 0.012515455484390259 0.016379117965698242
0.0 0.007078453898429871 0.011641621589660645
0.005208276212215424 0.014171987771987915 0.00965207815170288
0.0110044926404953 0.0014936774969100952 0.0
0.002808954566717148 0.007085531949996948 0.0014295578002929688
0.007286034524440765 0.005873575806617737 0.00983506441116333
0.008403521031141281 0.00530657172203064 0.010702013969421387
0.009748097509145737 0.005485311150550842 0.012453973293304443
0.01036011427640915 0.011437147855758667 0.013161838054656982
0.005659319460391998 0.0012098252773284912 0.0
0.0035058781504631042 0.0 0.0
0.0 0.002141118049621582 0.0
0.0056807249784469604 0.006781518459320068 0.0
0.0 0.015502214431762695 0.0
0.005306951701641083 0.0 0.013505935668945312
0.0 0.0 0.005531489849090576
0.0 0.00462166965007782 0.011843979358673096
0.0008604377508163452 0.010667800903320312 0.013897180557250977
0.006073489785194397 0.009068414568901062 0.016119778156280518
0.0 0.009217128157615662 0.009785056114196777
0.0 0.003337845206260681 0.010700345039367676
0.0006717368960380554 0.0 0.01710611581802368
0.004005953669548035 0.0005794614553451538 0.011957645416259766
0.002657979726791382 0.0035466253757476807 0.0048667192459106445
0.0 0.0048708319664001465 0.0
0.0 0.006628111004829407 0.0
0.0035317018628120422 0.0032750219106674194 0.0
0.0004690438508987427 0.005200594663619995 0.0
0.0 0.002507805824279785 0.0
0.0 0.003491222858428955 0.0049877166748046875
0.0035247988998889923 0.0 0.01458042860031128
0.0039481595158576965 0.0 0.0156286358833313
0.0 0.0021908581256866455 0.021778106689453125
0.003711707890033722 0.005234584212303162 0.01942342519760132
0.004342410713434219 0.006583735346794128 0.020132720470428467
0.007240511476993561 0.005358308553695679 0.016608238220214844
0.005946174263954163 0.004902243614196777 0.013289988040924072
0.00176248699426651 0.006031632423400879 0.00589299201965332
0.001737002283334732 0.008168995380401611 0.0
0.006609693169593811 0.011101633310317993 0.0
0.004550255835056305 0.011139005422592163 0.0
0.0 0.0087851881980896 0.0
0.0 0.004777207970619202 0.002602100372314453
0.0011878572404384613 0.004610151052474976 0.008531630039215088
0.00014188885688781738 0.004794657230377197 0.009824633598327637
0.0 0.0014879554510116577 0.011153697967529297
0.0 0.0009084790945053101 0.010654628276824951
0.0014650560915470123 0.0018380582332611084 0.013278603553771973
0.003785744309425354 0.0 0.01465451717376709
0.0006665214896202087 0.0035545825958251953 0.010982751846313477
0.0 0.009165212512016296 0.00310361385345459
0.0061049871146678925 0.011220261454582214 0.005030512809753418
0.007479608058929443 0.0052245259284973145 0.010197877883911133
0.003691941499710083 0.003770008683204651 0.007133007049560547
0.0 0.004501134157180786 0.0047539472579956055
0.0011213533580303192 0.0052596330642700195 0.0058443546295166016
0.002317197620868683 0.004605874419212341 0.009974479675292969
0.0 0.0029702335596084595 0.008616924285888672
0.0 0.0018032491207122803 0.00585860013961792
0.0 0.0025204718112945557 0.004370629787445068
0.0 0.0 0.00600963830947876
0.0 0.0 0.007943809032440186
0.0 0.0 0.007729232311248779
0.0 0.004164576530456543 0.005974709987640381
0.0023342184722423553 0.008543148636817932 0.005729258060455322
0.0 0.00704878568649292 0.0051934123039245605
0.0 0.004880785942077637 0.0057250261306762695
0.0 0.004543274641036987 0.004812836647033691
0.00035202503204345703 0.0021937042474746704 0.006817042827606201
0.004149336367845535 0.002499505877494812 0.008050799369812012
0.005612250417470932 0.004986822605133057 0.003219306468963623
0.0040297731757164 0.008129507303237915 0.0002828836441040039
0.005072694271802902 0.00859639048576355 0.004758775234222412
0.012601260095834732 0.010587334632873535 0.009519040584564209
0.011848241090774536 0.014146789908409119 0.013880014419555664
0.011798910796642303 0.012634232640266418 0.019597351551055908
0.012661587446928024 0.008261188864707947 0.019216418266296387
0.009008243680000305 0.006072133779525757 0.014427602291107178
0.0012623108923435211 0.009194880723953247 0.002299964427947998
0.002631641924381256 0.008616030216217041 0.001793503761291504
0.0021916478872299194 0.0035306960344314575 0.004094958305358887
0.0 0.0 0.006342649459838867
0.0 0.0 0.003929018974304199
0.0 0.00040446221828460693 0.004248499870300293
0.013793259859085083 0.010441899299621582 0.0
0.029197435826063156 0.02429167926311493 0.0
0.04778626933693886 0.0355372279882431 0.0
0.05037473887205124 0.03762921690940857 0.0
0.04551374167203903 0.0386957973241806 0.0
0.06790684908628464 0.038849979639053345 0.0
0.06728658080101013 0.08090060949325562 0.0
0.04232536256313324 0.07117584347724915 0.0
0.037654198706150055 0.04737207293510437 0.0
0.023057185113430023 0.04339843988418579 0.002749919891357422
0.0800134539604187 0.07234708964824677 0.004169106483459473
0.1012764647603035 0.08398644626140594 0.005094170570373535
0.10596132278442383 0.10773304104804993 0.005364894866943359
0.11162672936916351 0.13266713917255402 0.022651255130767822
0.06905592978000641 0.13688847422599792 0.03750497102737427
0.09256398677825928 0.1275966912508011 0.03273564577102661
0.03513112664222717 0.06618848443031311 0.02527552843093872
0.0 0.03415345400571823 0.03023552894592285
0.0 0.0 0.0582430362701416
0.0 0.0 0.026129603385925293
0.0 0.0 0.008742928504943848
0.0 0.0 0.0
0.0 0.0 0.0
0.0 0.0 0.0
0.0 0.0 0.0
0.0 0.0 0.01621723175048828
0.0 0.0 0.012911319732666016
0.0 0.0 0.01566922664642334
0.0 0.01304200291633606 0.02751481533050537
0.0 0.0372086763381958 0.04862600564956665
0.0 0.07977955788373947 0.07898616790771484
0.0 0.13019365072250366 0.10942971706390381
0.0 0.17593887448310852 0.10101866722106934
0.0 0.20786643028259277 0.08261728286743164
0.0 0.20337200164794922 0.054538071155548096
0.00914720818400383 0.17599204182624817 0.0398443341255188
0.07716293632984161 0.13446153700351715 0.042461514472961426
0.10310851037502289 0.09931483119726181 0.03270822763442993
0.1186826229095459 0.10600937902927399 0.01923990249633789
0.13840335607528687 0.13785859942436218 0.0
0.18320807814598083 0.14380371570587158 0.0
0.18310269713401794 0.1532948911190033 0.0
0.1861342340707779 0.13986214995384216 0.0
0.19613726437091827 0.16056349873542786 0.0
0.18264111876487732 0.14808297157287598 0.0
0.1333477795124054 0.16466842591762543 0.0
0.12030685693025589 0.1367284506559372 0.0
0.09756267815828323 0.12075060606002808 0.0
0.09139687567949295 0.10628578066825867 0.0
0.10013527423143387 0.08452605456113815 0.0
0.09973642975091934 0.059699174016714096 0.0033251047134399414
0.09564687311649323 0.05696988105773926 0.015723705291748047
0.06755372881889343 0.06590400636196136 0.01691371202468872
0.02803214266896248 0.09743617475032806 0.0
0.0 0.09382534772157669 0.0
0.0 0.08993198722600937 0.0
0.0 0.05833738297224045 0.0
0.006896167993545532 0.03310108184814453 0.009185552597045898
0.00904785841703415 0.029922805726528168 0.008272826671600342
0.0 0.03862553834915161 0.0
0.0 0.05031900852918625 0.0
0.0 0.04514111578464508 0.0073449015617370605
0.0 0.02573428303003311 0.03339189291000366
0.0 0.01856052875518799 0.038039326667785645
0.0 0.024932891130447388 0.02693033218383789
0.0 0.04369538277387619 0.026969552040100098
0.0 0.04499109089374542 0.0482027530670166
0.0 0.04444940388202667 0.040676772594451904
0.0 0.002642899751663208 0.03225821256637573
0.0 0.007460668683052063 0.03553640842437744
0.0 0.010252773761749268 0.04559069871902466
0.0 0.0 0.04038798809051514
0.0 0.0 0.02475559711456299
0.0 0.0 0.013517975807189941
0.0 0.0 0.00849771499633789
0.0 0.0 0.0
0.0 0.0 0.0
0.0 0.0 0.0050016045570373535
0.0 0.0 0.01749277114868164
0.0 0.0 0.02721041440963745
0.0 0.0 0.026774942874908447
0.0 0.0 0.022935092449188232
0.0 0.0 0.013328790664672852
0.0 0.0 0.03131270408630371
0.0 0.0 0.037913978099823
0.0 0.0 0.05307042598724365
0.0 0.022622913122177124 0.05510306358337402
0.0 0.031656280159950256 0.06570148468017578
0.0 0.04209469258785248 0.07591414451599121
0.0 0.08740507811307907 0.0814557671546936
0.0 0.11404487490653992 0.07326942682266235
0.0 0.10944347083568573 0.05771994590759277
0.0 0.10363946110010147 0.04097205400466919
0.009469419717788696 0.09979788959026337 0.022566497325897217
0.03223139047622681 0.0934218317270279 0.0
0.051591359078884125 0.10122460126876831 0.0
0.09244169294834137 0.1021704375743866 0.0
0.11842375993728638 0.10896837711334229 0.0
0.1475560963153839 0.124577596783638 0.0
0.16069573163986206 0.1338132917881012 0.0
0.18632912635803223 0.13836757838726044 0.0
0.1958499252796173 0.13284578919410706 0.0
0.1732979416847229 0.13526436686515808 0.0
0.14976103603839874 0.12673619389533997 0.010098278522491455
0.1216355562210083 0.11262153089046478 0.0036690831184387207
0.1007222831249237 0.10944162309169769 0.005509138107299805
0.10336819291114807 0.09378840029239655 0.0027489066123962402
0.09248339384794235 0.07310199737548828 0.005924046039581299
0.0626048818230629 0.0780385211110115 0.0
0.04645074903964996 0.08993428945541382 0.0
0.008592411875724792 0.1094159185886383 0.0
0.0 0.10396182537078857 0.0
0.0 0.03241730481386185 0.0
0.01262594759464264 0.0 0.0
0.0 0.00495031476020813 0.008159339427947998
0.0 0.036223702132701874 0.022223234176635742
0.0 0.03416944295167923 0.016340196132659912
0.0 0.0401601642370224 0.02295386791229248
0.0 0.030182063579559326 0.03557330369949341
0.0 0.015361711382865906 0.04052090644836426
0.0 0.013988032937049866 0.0286104679107666
0.0 0.0 0.03388947248458862
0.0 0.0 0.04038494825363159
0.0 0.0 0.04271984100341797
0.0 0.0 0.023755788803100586
0.0 0.0 0.016120195388793945
0.0 0.0 0.00925976037979126
0.0 0.0 0.010362386703491211
0.0 0.0 0.005577802658081055
0.0 0.0 0.014302194118499756
0.0 0.0 0.02017432451248169
0.0 0.0 0.0287935733795166
0.0 0.0 0.03367125988006592
0.0 0.0 0.04696136713027954
0.0 0.0 0.06430262327194214
0.0 0.0 0.06792610883712769
0.0 0.03218429535627365 0.0650143027305603
0.0 0.04058557748794556 0.04713529348373413
0.0 0.05274695158004761 0.027353227138519287
0.0 0.06165839731693268 0.01529991626739502
0.0 0.05673123896121979 0.014096677303314209
0.0 0.07511984556913376 0.01908499002456665
0.01413068175315857 0.07364553958177567 0.020396649837493896
0.03335419297218323 0.0689716637134552 0.00798124074935913
0.04143819212913513 0.05496124178171158 0.00850754976272583
0.029816627502441406 0.05086520314216614 0.004914283752441406
0.03409615159034729 0.058913033455610275 0.012174248695373535
0.05363477021455765 0.06601278483867645 0.017220795154571533
0.07471437752246857 0.07691043615341187 0.012398898601531982
0.09908977895975113 0.07557188719511032 0.010426580905914307
0.12946423888206482 0.08832854777574539 0.0
0.11418091505765915 0.10463020950555801 0.0
0.09554293006658554 0.11483955383300781 0.0
0.09148924052715302 0.12371629476547241 0.0
0.10891272127628326 0.1318691223859787 0.0
0.11965107917785645 0.12940365076065063 0.0
0.09574383497238159 0.11937518417835236 0.0
0.07657888531684875 0.08991166204214096 0.0
0.06024644523859024 0.08630254864692688 0.0
0.03788752853870392 0.09076163917779922 0.0
0.03115590661764145 0.08067306876182556 0.0
0.06011442840099335 0.07692761719226837 0.0
0.09247405081987381 0.05374326556921005 0.0
0.0348476767539978 0.04138915240764618 0.005081772804260254
0.0 0.03326238691806793 0.015962421894073486
0.013342693448066711 0.03569922596216202 0.03290170431137085
0.0 0.048334717750549316 0.0157395601272583
0.0 0.04727800935506821 0.005009174346923828
0.0 0.031607381999492645 0.002570807933807373
0.0 0.030246049165725708 0.005852043628692627
0.0 0.025084950029850006 0.0034313201904296875
0.0 0.024558499455451965 0.0
0.0 0.012057580053806305 0.00427323579788208
0.0 0.02112540602684021 0.004989027976989746
0.0 0.0 0.003133237361907959
0.0 0.0 0.008748888969421387
0.0 0.0 0.029136717319488525
0.0 0.0 0.03726458549499512
0.0 0.0 0.02643340826034546
0.0 0.0 0.024420559406280518
0.0 0.0 0.022460639476776123
0.0 0.0 0.029840588569641113
0.0 0.0 0.03160220384597778
0.0 0.0 0.05166083574295044
0.0 0.0 0.0644499659538269
0.0 0.0 0.07933402061462402
0.0 0.0 0.08621525764465332
0.0 0.0 0.08442109823226929
0.0 0.0 0.0897517204284668
0.0 0.020592115819454193 0.08361995220184326
0.0 0.051606208086013794 0.06686598062515259
0.0 0.06046079844236374 0.044819772243499756
0.0 0.05918005853891373 0.029714584350585938
0.0 0.0685858279466629 0.016986489295959473
0.0 0.06632722169160843 0.0
0.0022695213556289673 0.06448701024055481 0.0
0.016510017216205597 0.07356519997119904 0.0
0.037641674280166626 0.08219513297080994 0.0
0.04793888330459595 0.08114863932132721 0.0
0.0704413652420044 0.08611735701560974 0.0
0.10143578797578812 0.09714707732200623 0.0
0.1022842600941658 0.1015067771077156 0.0
0.10519826412200928 0.09832912683486938 0.0004956722259521484
0.11694110929965973 0.10007563978433609 0.00034368038177490234
0.14289891719818115 0.10669327527284622 0.007898807525634766
0.15712709724903107 0.1157502830028534 0.008950293064117432
0.1495053917169571 0.11884844303131104 0.0
0.09943483769893646 0.1151772290468216 0.0
0.05584542080760002 0.10147911310195923 0.0
0.07417358458042145 0.08852037787437439 0.0
0.10450026392936707 0.06908318400382996 0.0
0.09651363641023636 0.070510633289814 0.0
0.08086410164833069 0.07167680561542511 0.0
0.05123252794146538 0.05603167787194252 0.0
0.010503321886062622 0.05508369579911232 0.0
0.012494906783103943 0.05118201673030853 0.013698756694793701
0.030013829469680786 0.03677234798669815 0.023991525173187256
0.016623497009277344 0.036735229194164276 0.020148098468780518
0.0 0.04296417534351349 0.002451598644256592
0.0 0.04306533932685852 0.00794309377670288
0.0 0.03748326003551483 0.01139909029006958
0.0 0.03681473433971405 0.016229450702667236
0.0 0.049183689057826996 0.021929621696472168
0.0 0.05946497619152069 0.01469731330871582
0.0 0.030183807015419006 0.0
0.0 0.014373332262039185 0.003183305263519287
0.0 0.0 0.011379122734069824
0.0 0.0023669302463531494 0.023301422595977783
0.0 0.0020980387926101685 0.03041011095046997
0.0 0.0 0.027927815914154053
0.0 0.0 0.02818673849105835
0.0 0.0 0.020907461643218994
0.0 0.0 0.022289037704467773
0.0 0.0 0.016536176204681396
0.0 0.0 0.017905771732330322
0.0 0.0 0.01744520664215088
0.0 0.0 0.023465514183044434
0.0 0.0 0.034513235092163086
0.0 0.0 0.033982276916503906
0.0 0.0 0.03923952579498291
0.0 0.0 0.04294663667678833
0.0 0.0 0.060667991638183594
0.0 0.01969972625374794 0.06998646259307861
0.0 0.04233024641871452 0.08699381351470947
0.0 0.05522189289331436 0.09095227718353271
0.0 0.06623512506484985 0.07964366674423218
0.0 0.062167417258024216 0.07442373037338257
0.0 0.08039861917495728 0.07126808166503906
0.013113707304000854 0.0830095037817955 0.04634296894073486
0.02057601511478424 0.075079545378685 0.02960193157196045
0.04163443297147751 0.10421571135520935 0.002422511577606201
0.06961117684841156 0.12020362168550491 0.0
0.08876609802246094 0.13653355836868286 0.0
0.10876410454511642 0.153530091047287 0.0
0.1152879148721695 0.15726709365844727 0.0
0.11822304129600525 0.15916046500205994 0.0
0.12093731760978699 0.15474443137645721 0.0
0.1186317652463913 0.1395217627286911 0.0
0.11674240976572037 0.1269497126340866 0.0
0.08752216398715973 0.10296965390443802 0.0
0.060360074043273926 0.08244750648736954 0.0
0.04241649806499481 0.07983258366584778 0.0
0.022641383111476898 0.09552520513534546 0.0009788274765014648
0.007383979856967926 0.11285482347011566 0.0
0.014205887913703918 0.09483799338340759 0.0
0.011242181062698364 0.05075298249721527 0.0
0.01922355592250824 0.03172998130321503 0.0
0.04058391600847244 0.0 0.024527549743652344
0.03921310603618622 0.0 0.023551762104034424
0.02029769867658615 0.0 0.03262746334075928
0.0 0.0005677416920661926 0.023133277893066406
0.0 0.0 0.016216754913330078
0.0 0.0 0.013603746891021729
0.0 0.0 0.013609170913696289
0.0 0.0 0.009917736053466797
0.0 0.0 0.009023129940032959
0.0 0.0 0.005672574043273926
0.0 0.0 0.0036209821701049805
0.0 0.0 0.007508575916290283
0.0 0.0 0.015667080879211426
0.0 0.0 0.023199737071990967
0.0 0.0 0.022477328777313232
0.0 0.0009570196270942688 0.017701387405395508
0.0 0.0 0.021339714527130127
0.0 0.0 0.02754521369934082
0.0 0.0 0.028336524963378906
0.0 0.0 0.02489548921585083
0.0 0.0 0.024156630039215088
0.0 0.0 0.019198358058929443
0.0025849342346191406 0.0012151971459388733 0.01598578691482544
0.013262704014778137 0.0049676671624183655 0.01567012071609497
0.019731789827346802 0.003944762051105499 0.017360270023345947
0.017204180359840393 0.0039221495389938354 0.012671411037445068
0.0209788978099823 0.007797136902809143 0.008604466915130615
0.013256534934043884 0.015154078602790833 0.0051860809326171875
0.010667279362678528 0.012684375047683716 0.0032395124435424805
0.004854649305343628 0.008690271526575089 0.0034114718437194824
0.0034677237272262573 0.00920434296131134 0.003539562225341797
0.006265297532081604 0.009551230818033218 0.005320429801940918
0.0 0.005941752344369888 0.0
0.0 0.011522285640239716 0.0036994218826293945
0.0 0.004280738532543182 0.004302263259887695
0.0 0.0009039193391799927 0.006314218044281006
0.0 0.0011040866374969482 0.007771849632263184
0.006623372435569763 0.00281398743391037 0.00299072265625
0.006759539246559143 0.004533611238002777 0.005369246006011963
0.001272737979888916 0.01017490029335022 0.0015139579772949219
0.004609838128089905 0.010667417198419571 0.0004553794860839844
0.00618763267993927 0.007592521607875824 0.009637594223022461
0.010142222046852112 0.0036929138004779816 0.017997026443481445
0.007436484098434448 0.003048136830329895 0.020102202892303467
0.0017519891262054443 0.0 0.018767952919006348
0.0 0.0 0.019991636276245117
0.010259605944156647 0.0032157786190509796 0.022674620151519775
0.011381655931472778 0.0 0.0255279541015625
0.005934923887252808 0.0010168999433517456 0.025406241416931152
0.002012088894844055 0.003800123929977417 0.01142263412475586
0.0 0.012549333274364471 0.0
0.0 0.004978671669960022 0.0
0.0 0.014208495616912842 0.0
0.0 0.00850655511021614 0.0
0.0011196881532669067 0.00787423551082611 0.0
0.0 0.005585983395576477 0.0
0.0 0.005075618624687195 0.0
0.0 0.0030485279858112335 0.0022019147872924805
0.0014539361000061035 0.00641481950879097 0.011550724506378174
0.005180105566978455 0.005891729146242142 0.008696019649505615
0.003099784255027771 0.005172140896320343 0.0059441328048706055
0.0021302253007888794 0.005347121506929398 0.009343326091766357
0.005463957786560059 0.0026416704058647156 0.01764857769012451
0.010342597961425781 0.004255518317222595 0.020724713802337646
0.011376306414604187 0.0057118795812129974 0.01762557029724121
0.003631412982940674 0.007693871855735779 0.012245237827301025
0.0014621317386627197 0.004261121153831482 0.0
0.0 0.01202666386961937 0.0
0.0 0.023286450654268265 0.0
0.0 0.048485346138477325 0.0
0.00531962513923645 0.06342720240354538 0.0
0.010032981634140015 0.0675085186958313 0.0
0.023246929049491882 0.09958857297897339 0.0
0.00797775387763977 0.11143387854099274 0.0
0.0 0.10691455006599426 0.0
0.0 0.11290350556373596 0.0
0.0 0.10033422708511353 0.0
0.0 0.09449449181556702 0.0
0.0 0.10728198289871216 0.0
0.024064868688583374 0.11368381977081299 0.022380530834197998
0.041411787271499634 0.07086777687072754 0.13717925548553467
0.06637617945671082 0.0521811842918396 0.21451342105865479
0.04263924062252045 0.029200255870819092 0.2615309953689575
0.025379642844200134 0.029708921909332275 0.2811843156814575
0.03568673133850098 0.04175513982772827 0.3077155351638794
0.03418901562690735 0.02735733985900879 0.3191860318183899
0.018602073192596436 0.02826833724975586 0.32563692331314087
0.01036205142736435 0.01782703399658203 0.30405908823013306
0.01913490891456604 0.0 0.28368300199508667
0.03158385306596756 0.0 0.233109712600708
0.026969440281391144 0.0038414299488067627 0.27553993463516235
0.019819997251033783 0.0 0.2593810558319092
0.015259206295013428 0.0 0.24833106994628906
0.018874332308769226 0.015921711921691895 0.23025012016296387
0.01732446253299713 0.03469483554363251 0.1805124282836914
0.055829644203186035 0.07762891054153442 0.03983110189437866
0.012215286493301392 0.0743408277630806 0.0
0.0 0.0534549281001091 0.0
0.0 0.08308588713407516 0.0
0.0 0.0251300185918808 0.0
0.0 0.04400315880775452 0.0
0.0 0.0427287220954895 0.0
0.0 0.08851771056652069 0.0
0.0 0.13149157166481018 0.0
0.0 0.1562228500843048 0.0
0.0 0.13968507945537567 0.0
0.0 0.11477969586849213 0.0
0.0 0.10514180362224579 0.0
0.0 0.16045647859573364 0.0
0.013407394289970398 0.14644542336463928 0.0
0.0025264471769332886 0.12965619564056396 0.0
0.0 0.09213051199913025 0.0
0.0 0.11961321532726288 0.0
0.0 0.2090028077363968 0.0
0.0 0.1795772910118103 0.06762474775314331
0.0 0.12357810139656067 0.019316256046295166
0.027400940656661987 0.047416895627975464 0.0
0.05454471707344055 0.08243408799171448 0.0707862377166748
0.0 0.09570229053497314 0.07182013988494873
0.0036234334111213684 0.10228216648101807 0.09581351280212402
0.025915056467056274 0.07705336809158325 0.12885737419128418
0.04591968655586243 0.03154265880584717 0.15041470527648926
0.050416819751262665 0.025902509689331055 0.18637198209762573
0.019539088010787964 0.006921172142028809 0.18998539447784424
0.0 0.0031790733337402344 0.2069718837738037
0.0 0.0 0.230366051197052
0.0 0.0 0.24332165718078613
0.0037290826439857483 0.0 0.2278677225112915
0.053075432777404785 0.0 0.1732822060585022
0.038710951805114746 0.005717456340789795 0.16833895444869995
0.0016367733478546143 0.03440171480178833 0.1513965129852295
0.0 0.005121558904647827 0.14564383029937744
0.010125085711479187 0.0 0.15501940250396729
0.024438321590423584 0.0 0.171980082988739
0.024004414677619934 0.0 0.18534529209136963
0.03980541229248047 0.01045447587966919 0.17952167987823486
0.03299964964389801 0.030230551958084106 0.064869225025177
0.0 0.01930726319551468 0.0
0.0 0.05648807808756828 0.0
0.016602367162704468 0.06741363555192947 0.0
0.04014267027378082 0.052471794188022614 0.0
0.037675097584724426 0.003950275480747223 0.0
0.024277567863464355 0.01822732388973236 0.0
0.0 0.045896515250205994 0.0
0.0 0.053293824195861816 0.0
0.0011713802814483643 0.06815928220748901 0.0
0.008840218186378479 0.06403833627700806 0.0
0.0 0.04194009304046631 0.0
0.0 0.0396018922328949 0.0
0.0 0.04526586830615997 0.0
0.0 0.06573526561260223 0.0
0.0 0.0628187507390976 0.0
0.0 0.07596418261528015 0.0
0.0 0.08119063079357147 0.0
0.0 0.09715034067630768 0.0
0.0 0.11375248432159424 0.0
0.0028630048036575317 0.10751469433307648 0.0
0.02878016233444214 0.09795160591602325 0.0
0.01243428885936737 0.10295423865318298 0.0
0.0013145506381988525 0.10769204795360565 0.00926142930984497
0.0007579028606414795 0.11470863223075867 0.014653980731964111
0.019154995679855347 0.10771188139915466 0.0
0.05371817946434021 0.10376584529876709 0.025957763195037842
0.03912775218486786 0.08637538552284241 0.0412524938583374
0.004106968641281128 0.023561954498291016 0.0
0.03016647696495056 0.01312178373336792 0.028528988361358643
0.013897433876991272 0.02886831760406494 0.08895885944366455
0.00011946260929107666 0.0328865647315979 0.12491333484649658
0.01842173933982849 0.03141731023788452 0.16179406642913818
0.01684284210205078 0.02433723211288452 0.16903555393218994
0.023499369621276855 0.02601039409637451 0.18378067016601562
0.009848833084106445 0.018133878707885742 0.17803806066513062
0.003964245319366455 0.010398507118225098 0.1869661808013916
0.0 0.0008929967880249023 0.17310857772827148
0.0 0.0 0.18363559246063232
0.00830298662185669 0.0 0.1558293104171753
0.013230741024017334 0.0 0.15607339143753052
0.007031545042991638 0.0 0.15013396739959717
0.01896435022354126 0.0 0.12892544269561768
0.019805848598480225 0.0 0.12476527690887451
0.0053991228342056274 0.0 0.11317890882492065
0.0 0.0 0.07291829586029053
0.0 0.0 0.005208909511566162
0.0 0.002915993332862854 0.0
0.0 0.0 0.0
0.017230838537216187 0.009261155501008034 0.0
0.03203137218952179 0.0315956175327301 0.0
0.015001460909843445 0.03262031823396683 0.0
0.005807027220726013 0.05386483669281006 0.0
0.008210018277168274 0.049739763140678406 0.0
0.0 0.04527192562818527 0.0
0.0 0.045615389943122864 0.0
0.0 0.0402674525976181 0.0
0.0 0.04487092047929764 0.0
0.0 0.05444684624671936 0.0
0.0 0.06412282586097717 0.0
0.0 0.09057673066854477 0.0
0.016649514436721802 0.10376780480146408 0.0
0.0 0.10863735526800156 0.0
0.0 0.06678837537765503 0.0
0.0 0.053342655301094055 0.019230306148529053
0.0 0.056899815797805786 0.0
0.0 0.10283127427101135 0.0939103364944458
0.017587974667549133 0.12200236320495605 0.05712699890136719
0.0 0.06220903992652893 0.07446098327636719
0.0 0.053125619888305664 0.025611460208892822
0.0 0.32272911071777344 0.11058777570724487
0.048405975103378296 0.02511119842529297 0.0
0.26479372382164 0.0 0.004067063331604004
0.09171880781650543 0.0 0.13413721323013306
0.019432634115219116 0.042303502559661865 0.09111112356185913
0.006546802818775177 0.03929358720779419 0.04407358169555664
0.04848711937665939 0.03927278518676758 0.045714378356933594
0.05801890045404434 0.040443360805511475 0.06822562217712402
0.024414896965026855 0.03768885135650635 0.10307514667510986
0.014071598649024963 0.007745146751403809 0.02419424057006836
0.03186379373073578 0.009077310562133789 0.12756574153900146
0.017847299575805664 0.010677516460418701 0.10380864143371582
0.0 0.011582255363464355 0.11652421951293945
0.0 0.012123942375183105 0.06952369213104248
0.0 0.022726505994796753 0.12529832124710083
0.0 0.0 0.061644673347473145
0.0 0.0 0.09371727705001831
0.006419271230697632 0.0 0.11667299270629883
0.019519686698913574 0.0 0.1056520938873291
0.0 0.0 0.08936679363250732
0.0 0.05888751149177551 0.0
0.0 0.0 0.0
0.01079857349395752 0.0 0.0
0.019226819276809692 0.0 0.0
0.04404596984386444 0.0 0.0
0.009060069918632507 0.0 0.0
0.0 0.03514544665813446 0.0
0.0 0.025388270616531372 0.0
0.008663848042488098 0.03748847544193268 0.0
0.0 0.05024494230747223 0.0
0.0 0.043697014451026917 0.0
0.0 0.04012055695056915 0.0
0.0 0.05234000086784363 0.0
0.0 0.06301313638687134 0.0
0.0010222643613815308 0.10243517905473709 0.0
0.0 0.10823438316583633 0.0
0.0008927136659622192 0.1287575215101242 0.0
0.0 0.07101032137870789 0.0
0.0 0.06340678036212921 0.0
0.0 0.10252001881599426 0.0
0.0 0.11374720931053162 0.0
0.002120882272720337 0.1124599277973175 0.0
0.02375316619873047 0.04522472620010376 0.0
0.01784256100654602 0.03042423725128174 0.0
0.0 0.0 0.0
0.06948480010032654 0.14403998851776123 0.13905131816864014
0.0 0.0912662148475647 0.05672520399093628
0.04071235656738281 0.05566048622131348 0.13282501697540283
0.08111006021499634 0.06390881538391113 0.15490877628326416
0.045347124338150024 0.04564756155014038 0.16034185886383057
0.038418203592300415 0.04236537218093872 0.1280689239501953
0.03779113292694092 0.04747414588928223 0.12703543901443481
0.032474204897880554 0.052580833435058594 0.14590680599212646
0.0551505982875824 0.046773552894592285 0.1869584321975708
0.05662909150123596 0.037334561347961426 0.20721197128295898
0.05875018239021301 0.03514981269836426 0.2251582145690918
0.018415510654449463 0.04665142297744751 0.22025913000106812
0.008898943662643433 0.007398664951324463 0.18843978643417358
0.0 0.0026586055755615234 0.14301419258117676
0.01800839602947235 0.029147744178771973 0.14970922470092773
0.008360803127288818 0.0 0.15476995706558228
0.0003409385681152344 0.0 0.14473938941955566
0.008479520678520203 0.0 0.1312633752822876
0.0 0.0062483251094818115 0.11079424619674683
0.0 0.0 0.028014421463012695
0.0 0.039279282093048096 0.0
0.0 0.0527547150850296 0.0
0.0 0.02979983389377594 0.0
0.03184303641319275 0.0061513930559158325 0.0
0.030627712607383728 0.0072001442313194275 0.0
0.01479184627532959 0.027331925928592682 0.0
0.0 0.049428850412368774 0.0
0.0 0.055045150220394135 0.0
0.0 0.05599505454301834 0.0
0.0 0.0473017618060112 0.0
0.0 0.04859992861747742 0.0
0.0 0.03692557290196419 0.0
0.0 0.03143025189638138 0.0
0.0 0.015503577888011932 0.0
0.0 0.012836005538702011 0.0
0.0 0.013643153011798859 0.01839900016784668
0.0 0.017477698624134064 0.028906643390655518
0.0 0.012393176555633545 0.0
0.0 0.02743661403656006 0.001304328441619873
0.014907583594322205 0.0363185852766037 0.020968616008758545
0.03709946572780609 0.012582056224346161 0.028973042964935303
0.03084614872932434 0.006552562117576599 0.03131645917892456
0.017362266778945923 0.00486406683921814 0.02389228343963623
0.008121922612190247 0.011417925357818604 0.03559368848800659
0.003468543291091919 0.01809188723564148 0.038447022438049316
0.00865200161933899 0.013902872800827026 0.02632373571395874
0.014033779501914978 0.013967245817184448 0.011863648891448975
0.020758166909217834 0.015198156237602234 0.015168607234954834
0.021274805068969727 0.0061538368463516235 0.016146421432495117
0.005234137177467346 0.0 0.023702919483184814
0.0 0.0 0.033349037170410156
0.0 0.0 0.03453713655471802
0.002524346113204956 0.0 0.032727837562561035
0.0004872530698776245 0.002094566822052002 0.029967069625854492
0.0 0.00620037317276001 0.020097851753234863
0.0 0.007561519742012024 0.0093153715133667
0.0 0.009473264217376709 0.0
0.0 0.006997421383857727 0.0
0.003435105085372925 0.007292568683624268 0.0
0.00894126296043396 0.002947211265563965 0.0
0.007543668150901794 0.007193863391876221 0.0
0.0 0.005651801824569702 0.000707089900970459
0.0 0.003054112195968628 0.0
0.0 0.008760973811149597 0.008278250694274902
0.0033112168312072754 0.012029603123664856 0.011163949966430664
0.00800544023513794 0.008201703429222107 0.0073258280754089355
0.008146032691001892 0.007423117756843567 0.013183355331420898
0.006067186594009399 0.0 0.011433899402618408
0.005188554525375366 0.00033789873123168945 0.010595321655273438
0.004620000720024109 0.004932671785354614 0.010710597038269043
0.008298560976982117 0.003480464220046997 0.010268568992614746
0.003291219472885132 0.007661908864974976 0.00040531158447265625
0.006794869899749756 0.01283121109008789 0.0035206079483032227
0.006348222494125366 0.013990223407745361 0.007182121276855469
0.00035081803798675537 0.0062725841999053955 0.002053201198577881
0.0022723525762557983 0.004949554800987244 0.00393068790435791
0.007074728608131409 0.004801511764526367 0.005006551742553711
0.0023998916149139404 0.00718747079372406 0.005190014839172363
0.0 0.007956132292747498 0.0004474520683288574
0.0 0.0036058127880096436 0.00019741058349609375
0.0 0.007311269640922546 0.0036808252334594727
0.0034033358097076416 0.004440531134605408 0.00719982385635376
0.0 0.0010559111833572388 0.005561232566833496
0.0 0.003107398748397827 0.004664003849029541
0.0 0.003359004855155945 0.005289554595947266
0.0 0.006087988615036011 0.0041159987449646
0.007346898317337036 0.004537031054496765 0.010465800762176514
0.0021595805883407593 0.0035477280616760254 0.013589143753051758
0.0 0.00434383749961853 0.015272021293640137
0.0 0.0035257339477539062 0.016155123710632324
0.0042329877614974976 0.0036409497261047363 0.019812345504760742
0.004583686590194702 0.0032830089330673218 0.019342780113220215
0.0035529881715774536 0.0030440092086791992 0.018752574920654297
0.006083637475967407 0.0028797388076782227 0.011412441730499268
0.009009316563606262 0.009789615869522095 0.0058214664459228516
0.012851089239120483 0.011374488472938538 0.0
0.00975152850151062 0.012946605682373047 0.0
0.00023834407329559326 0.010511338710784912 0.0
0.006070315837860107 0.007487669587135315 0.0
0.004211515188217163 0.006514430046081543 0.0
0.0005421340465545654 0.006123945116996765 0.0
0.0011107772588729858 0.007988780736923218 0.0
0.0029031336307525635 0.00978754460811615 0.0
0.0008515268564224243 0.010511532425880432 0.0025566816329956055
0.0007372051477432251 0.00808890163898468 0.008528947830200195
0.0 0.005252361297607422 0.01426076889038086
0.0 0.00037986040115356445 0.01443016529083252
0.0 0.0 0.012515604496002197
0.0 0.001237228512763977 0.010364174842834473
0.0014114975929260254 0.0052347928285598755 0.006392300128936768
0.005734279751777649 0.003944173455238342 0.005006670951843262
0.005704328417778015 0.00904206931591034 0.00444340705871582
0.0037655234336853027 0.006792306900024414 0.0023280978202819824
0.0018507987260818481 0.004197165369987488 0.0019835233688354492
0.004341781139373779 0.0036337971687316895 0.006769061088562012
0.008032500743865967 0.009472280740737915 0.009977936744689941
0.010598421096801758 0.010309204459190369 0.010165274143218994
0.0025239884853363037 0.007213518023490906 0.004410803318023682
0.0019724518060684204 0.0068198442459106445 0.003981530666351318
0.0 0.00423741340637207 0.006891489028930664
0.0011048614978790283 0.0008444339036941528 0.002965569496154785
0.0 0.0006271302700042725 0.002686142921447754
0.0 0.003407105803489685 0.0022336840629577637
0.0005013048648834229 0.005958631634712219 0.0013263225555419922
0.001674935221672058 0.006753876805305481 0.0002886056900024414
0.0013893842697143555 0.00619131326675415 0.00605320930480957
0.002959728240966797 0.005844220519065857 0.008684515953063965
0.0 0.005858927965164185 0.012864172458648682
0.0 0.004127427935600281 0.015270650386810303
0.0 0.00624355673789978 0.011910200119018555
0.0 0.002246871590614319 0.007445931434631348
0.006704866886138916 0.0071191489696502686 0.009643733501434326
0.009742602705955505 0.00796942412853241 0.0027663111686706543
0.0068584829568862915 0.006139636039733887 0.0015260577201843262
0.009623989462852478 0.00583513081073761 0.0034897327423095703
0.004407703876495361 0.0046983808279037476 0.0038120150566101074
0.0013159960508346558 0.006840348243713379 0.0
0.007598862051963806 0.00867384672164917 0.007128417491912842
0.010265827178955078 0.007832154631614685 0.012882411479949951
0.003005117177963257 0.004700496792793274 0.008128821849822998
0.0 0.008921608328819275 0.0028142333030700684
0.0032550394535064697 0.005882382392883301 0.0017472505569458008
0.007410138845443726 0.007878825068473816 0.005681455135345459
0.0006928741931915283 0.0032326579093933105 0.0035040974617004395
0.0 0.0008554011583328247 0.0
0.0008487850427627563 0.0022585391998291016 0.00934302806854248
0.005773365497589111 0.00386597216129303 0.01185905933380127
0.002890259027481079 0.008534789085388184 0.005896270275115967
0.0 0.008311629295349121 0.0009940266609191895
0.0020674914121627808 0.007981762290000916 0.004172027111053467
0.0027831047773361206 0.006600692868232727 0.00793612003326416
0.0 0.0044203102588653564 0.007593214511871338
0.0 0.0 0.005053997039794922
0.0 0.0009815096855163574 0.005074977874755859
0.0036580413579940796 0.0025038421154022217 0.002219974994659424
0.0018611401319503784 0.0056373924016952515 0.003736257553100586
0.002953439950942993 0.004404380917549133 0.0024704337120056152
0.0037895143032073975 0.004891037940979004 0.006425321102142334
0.0029674917459487915 0.004689693450927734 0.007882833480834961
0.006247565150260925 0.005435958504676819 0.008474588394165039
0.0007214248180389404 0.010325953364372253 0.006819725036621094
0.00482863187789917 0.007095590233802795 0.009524106979370117
0.003156796097755432 0.01075570285320282 0.0038205981254577637
0.0041084736585617065 0.007803961634635925 0.006456732749938965
0.005544424057006836 0.0041697025299072266 0.007697880268096924
0.0 0.0022807270288467407 0.007991015911102295
0.002148747444152832 0.0027970075607299805 0.0057222843170166016
0.0039840638637542725 0.003805100917816162 0.0054648518562316895
0.0 0.004810124635696411 0.0009940862655639648
0.00016783177852630615 0.004215985536575317 0.0035990476608276367
0.006945937871932983 0.006835728883743286 0.0093611478805542
0.00927494466304779 0.007217243313789368 0.006298065185546875
0.0022363662719726562 0.0067438483238220215 0.003957927227020264
0.003560274839401245 0.0073216259479522705 0.006019294261932373
0.0007337182760238647 0.006583079695701599 0.005293905735015869
0.004243731498718262 0.007691323757171631 0.007592320442199707
0.003271743655204773 0.005800560116767883 0.00921177864074707
0.004150331020355225 0.009268641471862793 0.008886754512786865
0.0023189187049865723 0.008871063590049744 0.0073999762535095215
0.00048220157623291016 0.008351370692253113 0.007868528366088867
0.00513826310634613 0.004210233688354492 0.006108760833740234
0.002684488892555237 0.0023839473724365234 0.002263963222503662
0.00425836443901062 0.00178450345993042 0.00041031837463378906
0.0030820220708847046 0.004833966493606567 0.0020525455474853516
0.0 0.0027789026498794556 0.0027716755867004395
0.0007632076740264893 0.0029947012662887573 0.004320740699768066
0.0020703375339508057 0.00504264235496521 0.00506138801574707
0.0029774755239486694 0.003288775682449341 0.004546105861663818
0.0010830163955688477 0.0073768943548202515 0.008492648601531982
0.004565924406051636 0.0087662935256958 0.00811302661895752
0.004127323627471924 0.010394096374511719 0.009893238544464111
0.0 0.009225159883499146 0.0008797645568847656
0.0 0.005240738391876221 0.0023366808891296387
0.001422971487045288 0.003923773765563965 0.009788334369659424
0.0015668869018554688 0.0036808550357818604 0.007552742958068848
0.0 0.004242807626724243 0.004468858242034912
0.002266496419906616 0.00516141951084137 0.003713250160217285
0.007545918226242065 0.0051062703132629395 0.004132270812988281
0.0017605423927307129 0.0021916478872299194 0.0021792054176330566
0.0 0.0013427585363388062 0.0024953484535217285
0.000536993145942688 0.003530755639076233 0.004974842071533203
0.0056211501359939575 0.007519260048866272 0.006647229194641113
0.0004311800003051758 0.006581664085388184 0.00750124454498291
0.007116109132766724 0.005788668990135193 0.010813593864440918
0.008934155106544495 0.00860258936882019 0.013166606426239014
0.0042946189641952515 0.007508575916290283 0.011271893978118896
0.0 0.005086824297904968 0.00904017686843872
0.0 0.003137454390525818 0.006155729293823242
0.00043505430221557617 0.00643584132194519 0.0038806796073913574
0.003780066967010498 0.005855381488800049 0.007338464260101318
0.005850151181221008 0.004243940114974976 0.005913853645324707
0.0002801269292831421 0.004539698362350464 0.0019401907920837402
0.0 0.004298299551010132 0.0008000731468200684
0.00550900399684906 0.005949825048446655 0.00306624174118042
0.0022495388984680176 0.00785277783870697 0.0015761256217956543
0.00029255449771881104 0.007709681987762451 0.005558967590332031
0.00367109477519989 0.0016043633222579956 0.008844256401062012
0.00011494755744934082 0.004561722278594971 0.009448885917663574
0.0 0.004503905773162842 0.008097648620605469
0.003826051950454712 0.00897003710269928 0.009338617324829102
0.006918817758560181 0.006502360105514526 0.011731624603271484
0.001724153757095337 0.004068300127983093 0.006934225559234619
0.00029183924198150635 0.005414858460426331 0.0045735836029052734
0.008178740739822388 0.00506611168384552 0.0012589097023010254
0.000666305422782898 0.0032545775175094604 0.0
0.0 0.0037238746881484985 0.0
0.0 0.0050990283489227295 0.0
0.0007588118314743042 0.005594462156295776 0.00072479248046875
0.0025891661643981934 0.0069631487131118774 0.0031569600105285645
0.0 0.005084484815597534 0.00927436351776123
0.002383306622505188 0.004736080765724182 0.01229715347290039
0.002544224262237549 0.007502377033233643 0.01306605339050293
0.004231005907058716 0.0056851208209991455 0.011876404285430908
0.004211485385894775 0.00725787878036499 0.010819554328918457
0.0038209855556488037 0.0039611756801605225 0.011018872261047363
0.00218181312084198 0.00224931538105011 0.007786214351654053
0.0 0.0012046843767166138 0.005444049835205078
0.0015622824430465698 0.002193257212638855 0.00422978401184082
0.0012328773736953735 0.005282297730445862 0.0030046701431274414
0.0039020776748657227 0.0060220807790756226 0.0
0.004491567611694336 0.006747916340827942 0.0
0.0017468184232711792 0.008987560868263245 0.0
0.0074447691440582275 0.008931070566177368 0.005396008491516113
0.0036092251539230347 0.005648121237754822 0.006296098232269287
0.0 0.0027751922607421875 0.006337523460388184
0.0 0.004170238971710205 0.0066713690757751465
0.0027275532484054565 0.0061782896518707275 0.009980857372283936
0.006946742534637451 0.01011645793914795 0.007938981056213379
0.0023015588521957397 0.008428335189819336 0.0018110275268554688
0.0 0.002536401152610779 0.011263728141784668
0.0013184398412704468 0.0016690641641616821 0.006870925426483154
0.005836367607116699 0.0027382373809814453 0.00991910696029663
0.006326109170913696 0.0024179071187973022 0.009432077407836914
0.006994709372520447 0.006612032651901245 0.00554811954498291
0.006613776087760925 0.006957545876502991 0.00544363260269165
0.0044959187507629395 0.0062765032052993774 0.006556689739227295
0.003579467535018921 0.0037025511264801025 0.012643694877624512
0.0 0.003889024257659912 0.016773879528045654
0.00023955106735229492 0.001750558614730835 0.01449805498123169
0.0 0.0037799030542373657 0.009352385997772217
0.0 0.0045468807220458984 0.0039171576499938965
0.00022223591804504395 0.005862027406692505 0.005054295063018799
0.0028084367513656616 0.006334900856018066 0.002905607223510742
0.005640178918838501 0.005909174680709839 0.0020483732223510742
0.004918724298477173 0.005335167050361633 0.0019118189811706543
0.004329979419708252 0.008055895566940308 0.0
0.001660376787185669 0.007783293724060059 0.0
0.0052318274974823 0.008339643478393555 0.0
0.004455134272575378 0.007650479674339294 0.0
0.0 0.004973948001861572 0.0
0.0 0.002382323145866394 0.0
0.0012936592102050781 0.002963319420814514 0.0078029632568359375
0.0 0.0038475096225738525 0.012100696563720703
0.0003070831298828125 0.005290985107421875 0.013802409172058105
0.0007131099700927734 0.008041992783546448 0.011400818824768066
0.0043410807847976685 0.007664322853088379 0.008778631687164307
0.0017815828323364258 0.008460506796836853 0.011206567287445068
0.003578200936317444 0.0029068291187286377 0.013401210308074951
0.0023250728845596313 0.002191498875617981 0.01206827163696289
0.0023156851530075073 0.0007489770650863647 0.003141641616821289
0.0008813738822937012 0.005343183875083923 0.0
0.0 0.0050371140241622925 0.0
0.0003584921360015869 0.00525839626789093 0.0
0.0008647739887237549 0.006703436374664307 0.0
0.00033169984817504883 0.005899682641029358 0.0
0.004565984010696411 0.006139323115348816 0.004565119743347168
0.0015737712383270264 0.002096116542816162 0.00791311264038086
0.0 0.0011535584926605225 0.01327294111251831
0.0 0.002190336585044861 0.018230736255645752
0.003988012671470642 0.004189491271972656 0.019960105419158936
0.0035127103328704834 0.006457597017288208 0.01772129535675049
0.003365248441696167 0.005959257483482361 0.01821237802505493
0.00620703399181366 0.00563773512840271 0.017611682415008545
0.00798538327217102 0.005339890718460083 0.009811878204345703
0.0029479265213012695 0.004853442311286926 0.0
0.0028030872344970703 0.005937561392784119 0.0
0.006275281310081482 0.008423909544944763 0.0
0.0044287145137786865 0.00821782648563385 0.0
0.006505414843559265 0.007465824484825134 0.0
0.0019311457872390747 0.007661446928977966 0.0
0.00089283287525177 0.004793375730514526 0.0004246830940246582
0.0017148405313491821 0.005092397332191467 0.006850540637969971
0.0 0.0031307190656661987 0.009861469268798828
0.0010038018226623535 0.001056566834449768 0.011301696300506592
0.0 0.0023669302463531494 0.0137900710105896
0.0009418725967407227 0.0052796900272369385 0.014414668083190918
0.005427509546279907 0.00823599100112915 0.014594793319702148
0.005889147520065308 0.00730663537979126 0.014226317405700684
0.006615638732910156 0.003742307424545288 0.009468257427215576
0.00018708407878875732 0.005385488271713257 0.0
0.00572417676448822 0.007798582315444946 0.0
0.005749136209487915 0.00782853364944458 0.0
0.0019541680812835693 0.0035590380430221558 0.0
0.0 0.002502545714378357 0.002999424934387207
0.002074196934700012 0.003775477409362793 0.007361888885498047
0.0005301237106323242 0.004936575889587402 0.006403803825378418
0.0005103796720504761 0.0063352882862091064 0.007081151008605957
0.0 0.004220783710479736 0.009763002395629883
0.0 0.00869816541671753 0.008703231811523438
0.00017879903316497803 0.00804227590560913 0.006845951080322266
0.003798961639404297 0.008831962943077087 0.007251560688018799
0.004411265254020691 0.005053669214248657 0.012514829635620117
0.0005761981010437012 0.0015790760517120361 0.007488906383514404
0.0 0.0004589557647705078 0.0033600330352783203
0.0010822117328643799 0.003226548433303833 0.0025556087493896484
0.002810955047607422 0.0048537105321884155 0.004414260387420654
0.0 0.00293026864528656 0.0003197193145751953
0.001127287745475769 0.0051448047161102295 0.002811729907989502
0.006512165069580078 0.005106791853904724 0.001495659351348877
0.004972010850906372 0.010128915309906006 0.0021848082542419434
0.005104154348373413 0.008096843957901001 0.0039520263671875
0.003974795341491699 0.004674866795539856 0.005649209022521973
0.0007142871618270874 0.007442057132720947 0.0071967244148254395
0.001548171043395996 0.005262479186058044 0.0068405866622924805
0.0042352378368377686 0.006675809621810913 0.011706769466400146
0.0031778961420059204 0.004294633865356445 0.013130426406860352
0.0 0.002073541283607483 0.012053728103637695
0.0 0.0053961873054504395 0.010396003723144531
0.0 0.0032674968242645264 0.0062634944915771484
0.00407719612121582 0.0048652589321136475 0.0046958327293396
0.0032244622707366943 0.003621011972427368 0.004873812198638916
0.0008215755224227905 0.0018290132284164429 0.007232546806335449
0.005862101912498474 0.0056103914976119995 0.0
0.005448922514915466 0.007039263844490051 0.005831301212310791
0.0037067681550979614 0.010540574789047241 0.0025027990341186523
0.003724008798599243 0.008615583181381226 0.004134058952331543
0.00022789835929870605 0.00467565655708313 0.008045673370361328
0.0 0.0024644583463668823 0.007093608379364014
0.0 0.0030082017183303833 0.004755616188049316
0.0020888149738311768 0.005807310342788696 0.0006970763206481934
0.0 0.01414218544960022 0.0
0.0 0.008537739515304565 0.017081737518310547
0.00937683880329132 0.0 0.008450329303741455
0.002710402011871338 0.0018149614334106445 0.02050405740737915
0.0 0.0 0.0
0.0 0.011020347476005554 0.004985213279724121
0.010725229978561401 0.018677249550819397 0.009189188480377197
0.008496105670928955 0.007367879152297974 0.015348613262176514
0.010215550661087036 0.007602065801620483 0.003117084503173828
0.000845491886138916 0.006167709827423096 0.005999863147735596
0.0 0.00135137140750885 0.00948244333267212
0.00026047229766845703 0.0 0.014348208904266357
0.011650681495666504 0.0 0.01971602439880371
0.006645411252975464 0.0020556002855300903 0.01989811658859253
0.012618035078048706 0.005200415849685669 0.0096207857131958
0.014199808239936829 0.007555454969406128 0.0
0.0 0.014160439372062683 0.0
0.0012904107570648193 0.013237833976745605 0.0
0.005844086408615112 0.004368886351585388 0.00942528247833252
0.0016793608665466309 0.0016738325357437134 0.01429760456085205
0.0 0.0010321438312530518 0.008249163627624512
0.0 0.006986081600189209 0.006192147731781006
0.0 0.01315172016620636 0.008062362670898438
0.0 0.016001030802726746 0.005719780921936035
0.004094988107681274 0.009353727102279663 0.0003642439842224121
0.0 0.005912989377975464 0.0
0.0 0.0 0.0
0.0 0.0 0.0
0.0 0.0 0.00014537572860717773
0.0014710724353790283 0.00025738775730133057 0.0
0.00156460702419281 0.00702473521232605 0.012583792209625244
0.005818545818328857 0.0037719011306762695 0.013726890087127686
0.003801196813583374 0.0011968612670898438 0.021072208881378174
0.003997832536697388 0.002109020948410034 0.02124345302581787
0.007621407508850098 0.0036547034978866577 0.018406331539154053
0.004265278577804565 0.008584454655647278 0.01804882287979126
0.0041648149490356445 0.008246883749961853 0.018221259117126465
0.0021481364965438843 0.010085001587867737 0.006066322326660156
0.0019101500511169434 0.002558410167694092 0.0
0.005475640296936035 0.0033970922231674194 0.0
0.004004046320915222 0.007803767919540405 0.0
0.002407759428024292 0.007792621850967407 0.0
0.0 0.00733068585395813 0.0
0.0 0.0036527514457702637 0.0
0.0 0.0033016055822372437 0.0007091164588928223
0.0 0.0 0.006948888301849365
0.0 0.0016660243272781372 0.00851142406463623
0.0 0.005214288830757141 0.01074838638305664
0.0 0.006014406681060791 0.01054835319519043
0.0 0.008064046502113342 0.014687597751617432
0.005130991339683533 0.004155278205871582 0.016065597534179688
0.0007769763469696045 0.0 0.013217806816101074
0.0 0.0002375394105911255 0.010423898696899414
0.001637876033782959 0.00025513768196105957 0.014413595199584961
0.007160067558288574 0.006066799163818359 0.008315086364746094
0.011824831366539001 0.011454567313194275 0.003284454345703125
0.011370927095413208 0.01555854082107544 0.0008562207221984863
0.009747147560119629 0.011101946234703064 0.0
0.01281118392944336 0.007939010858535767 0.006074488162994385
0.0035414397716522217 0.0026161521673202515 0.007240653038024902
0.004718005657196045 0.005074977874755859 0.009674668312072754
0.004725784063339233 0.008348673582077026 0.007731735706329346
0.0008062124252319336 0.009838074445724487 0.008277297019958496
0.00021673738956451416 0.007154926657676697 0.004228174686431885
0.0007790327072143555 0.0019655823707580566 0.008732616901397705
0.0 0.0019186437129974365 0.008806288242340088
0.0 0.0 0.005002260208129883
0.0 0.005197569727897644 0.004875004291534424
0.006145790219306946 0.002480804920196533 0.0028194189071655273
0.0 0.00344693660736084 0.0049839019775390625
0.0 0.0 0.003629028797149658
0.0034248679876327515 0.009274259209632874 0.007928907871246338
0.006512314081192017 0.00292360782623291 0.00952368974685669
0.001956760883331299 0.00910899043083191 0.0011439323425292969
0.0 0.007024317979812622 0.005749225616455078
0.0 0.005092203617095947 0.01013094186782837
0.0 0.0018669664859771729 0.01842319965362549
0.0016488730907440186 0.002566888928413391 0.015503883361816406
0.0054366737604141235 0.006437480449676514 0.010256350040435791
0.003499329090118408 0.012560620903968811 0.002674996852874756
0.008998095989227295 0.014756172895431519 0.013830959796905518
0.018664121627807617 0.00804746150970459 0.007233023643493652
0.008874744176864624 0.0 0.007057905197143555
0.013228386640548706 0.008160382509231567 0.0
0.014287129044532776 0.009477376937866211 0.0
0.0 0.006445974111557007 0.0
0.007565751671791077 0.011548817157745361 0.002806425094604492
0.001691281795501709 0.004622429609298706 0.008980929851531982
0.0 0.00598125159740448 0.0035551786422729492
0.0 0.015382513403892517 0.03406929969787598
0.013632416725158691 0.0 0.00967717170715332
0.0 0.006766319274902344 0.01169973611831665
0.0 0.0064163655042648315 0.0
0.0 0.0019497126340866089 0.0
0.0 0.00925898551940918 0.0
