0.0008587837219238281 0.0 0.027342617511749268
0.003928406164050102 0.0 0.02176600694656372
0.004853427410125732 0.011580675840377808 0.028299450874328613
0.014169985428452492 0.009240001440048218 0.03221607208251953
0.01339716836810112 0.005499035120010376 0.022529125213623047
0.0 0.02685368061065674 0.010674595832824707
0.0 0.010608434677124023 0.008289217948913574
0.0 0.005375117063522339 0.0033923983573913574
0.0 0.0 0.0006806254386901855
0.0 0.0 0.0
0.0 0.0 0.0
0.0 0.0 0.0010905861854553223
0.0 0.0 0.004383683204650879
0.0 0.0 0.0014042854309082031
0.0 0.0 0.00525212287902832
0.0 0.0042175352573394775 0.008380770683288574
0.005504317581653595 0.008235692977905273 0.009497463703155518
0.004287976771593094 0.014759629964828491 0.01570749282836914
0.002552557736635208 0.008961468935012817 0.009655773639678955
0.007800746709108353 0.00806516408920288 0.011888742446899414
0.012041967362165451 0.010553061962127686 0.007494688034057617
0.008814562112092972 0.005497783422470093 0.002000272274017334
0.0049797967076301575 0.000939488410949707 0.009255409240722656
0.009791117161512375 0.0030642449855804443 0.01137453317642212
0.003879126161336899 0.005192995071411133 0.010785460472106934
0.002110108733177185 0.006643205881118774 0.01527935266494751
0.004587262868881226 0.005019038915634155 0.0180017352104187
0.004296544939279556 0.0050796568393707275 0.018401026725769043
0.0025043264031410217 0.0015739798545837402 0.014391899108886719
0.0056185051798820496 0.0056733787059783936 0.009887099266052246
0.004736609756946564 0.011301249265670776 0.004770755767822266
0.004283063113689423 0.007574528455734253 0.0
0.0014673732221126556 0.0054447948932647705 0.0
0.0 0.0013264119625091553 0.0
0.0 0.0014623403549194336 0.0
0.0 0.0 0.0
0.0 0.0 0.0039784908294677734
0.0 0.0 0.01092076301574707
0.0 0.0 0.026827454566955566
0.0 0.0 0.031092822551727295
0.0 0.0032207071781158447 0.03890258073806763
0.010242380201816559 0.005834639072418213 0.0419011116027832
0.010254088789224625 0.004737794399261475 0.03562110662460327
0.0037675276398658752 0.0007747113704681396 0.026173770427703857
0.007215414196252823 0.001479417085647583 0.015329837799072266
0.013223335146903992 0.00610002875328064 0.005286991596221924
0.010143138468265533 0.01386350393295288 0.0
0.00983334332704544 0.01614055037498474 0.0
0.013192456215620041 0.018456459045410156 0.0
0.01161586120724678 0.014474332332611084 0.0
0.0058493539690971375 0.00740361213684082 0.0
0.001468796283006668 0.0015290379524230957 0.0
0.0 0.0 0.0033916234970092773
0.0 0.0 0.011715888977050781
0.0 0.0 0.022147715091705322
0.0 0.0 0.028606891632080078
0.0 0.0 0.022906482219696045
0.0 0.0 0.029988408088684082
0.0 0.0 0.027051866054534912
0.0 0.0 0.01989227533340454
0.0 0.0 0.019159376621246338
0.0 0.0 0.011990070343017578
0.0 0.006943821907043457 0.003203451633453369
0.0 0.009869217872619629 0.0
0.0 0.004221230745315552 0.0
0.0 0.006530165672302246 0.0
0.0 0.005989789962768555 0.0
0.0002490133047103882 0.007964223623275757 0.0
0.0 0.003980040550231934 0.0
0.0 0.0008705258369445801 0.00024706125259399414
0.0 0.0012187957763671875 0.009914875030517578
0.0 0.000830531120300293 0.020154297351837158
0.0037815868854522705 0.00040850043296813965 0.018869221210479736
0.0 0.0 0.02200639247894287
0.0 0.0 0.02802145481109619
0.0 0.0 0.02611619234085083
0.009286221116781235 0.0 0.02858579158782959
0.01164926216006279 0.008247047662734985 0.019374370574951172
0.004391029477119446 0.006745129823684692 0.0
0.0 0.01449236273765564 0.0
0.01131947711110115 0.006621599197387695 0.0
0.0026103071868419647 0.0046447813510894775 0.0
0.0 0.011505037546157837 0.0
0.0018420815467834473 0.009301930665969849 0.0
0.0023733824491500854 0.0031877756118774414 0.0013982653617858887
0.0 0.0019050836563110352 0.004460692405700684
0.0 0.0 0.008521616458892822
0.0 0.0 0.023655712604522705
0.0 0.0 0.026577353477478027
0.0 0.0 0.024724304676055908
0.0 0.0 0.022105813026428223
0.0 0.0 0.010312259197235107
0.009599968791007996 0.0 0.022926688194274902
0.009502353146672249 0.006123244762420654 0.014302313327789307
0.020414289087057114 0.013370275497436523 0.016448915004730225
0.02841503918170929 0.012887358665466309 0.004984736442565918
0.021752407774329185 0.01996716856956482 0.0032805204391479492
0.023285508155822754 0.022876471281051636 0.0
0.024264585226774216 0.019700825214385986 0.0
0.021882738918066025 0.014542430639266968 0.0
0.008326107636094093 0.016069531440734863 0.0
0.008327443152666092 0.017774194478988647 0.0
0.0013346895575523376 0.012814760208129883 0.0
0.0026740841567516327 0.009705990552902222 0.007686197757720947
0.0 0.0007605254650115967 0.002947688102722168
0.0 0.0 0.004603683948516846
0.0 0.0 0.0028243064880371094
0.0 0.0 0.007305502891540527
0.0 0.0010204017162322998 0.0076754093170166016
0.0 0.0 0.005051076412200928
0.0 0.00148850679397583 0.0013227462768554688
0.0 0.0016099214553833008 0.005228936672210693
0.0 0.0027073919773101807 0.003384828567504883
0.0 0.0 0.00242769718170166
0.0 0.010446131229400635 0.0028014183044433594
0.003911446779966354 0.005019128322601318 0.008153319358825684
0.005928985774517059 0.0 0.008969604969024658
0.0 0.0055588483810424805 0.013695955276489258
0.002494797110557556 0.004368901252746582 0.013884544372558594
0.0009209588170051575 0.004820138216018677 0.01152956485748291
0.004540853202342987 0.007506519556045532 0.012199699878692627
0.0071564167737960815 0.005992263555526733 0.010347485542297363
0.004694551229476929 0.0021378397941589355 0.005122661590576172
0.0028928183019161224 0.0003699660301208496 0.0
0.0 0.003131657838821411 0.0
0.0 0.004096388816833496 0.0
0.0 0.005468219518661499 0.0
0.0 0.006301790475845337 0.0
0.0 0.002082258462905884 0.0
0.0 0.0044272541999816895 0.007375359535217285
0.0 0.004020273685455322 0.005222916603088379
0.0 0.0 0.0099220871925354
0.0 0.0 0.01216214895248413
0.0016538351774215698 0.0 0.010009586811065674
0.0 0.003491640090942383 0.009052932262420654
0.005738303065299988 0.0075078606605529785 0.008117258548736572
0.003612115979194641 0.0093211829662323 0.006549358367919922
0.006177432835102081 0.006764918565750122 0.005192220211029053
0.008135329931974411 0.006906241178512573 0.005997121334075928
0.00330561026930809 0.006697028875350952 0.00018936395645141602
0.0 0.002402007579803467 0.002353191375732422
0.0028815194964408875 0.0015742480754852295 0.004409134387969971
0.004059944301843643 0.005539953708648682 0.0073043107986450195
0.0 0.0043249428272247314 0.0
0.0 0.0037453770637512207 0.003607034683227539
0.0015272274613380432 0.0 0.0069092512130737305
0.0 0.004139572381973267 0.0050694942474365234
0.0 0.002337813377380371 0.0030867457389831543
0.0 0.0 0.007603645324707031
0.0019224360585212708 0.001479506492614746 0.010694026947021484
0.0 0.0032612383365631104 0.01167970895767212
0.0 0.003648817539215088 0.008797168731689453
0.0 0.004690676927566528 0.00941312313079834
0.0030722208321094513 0.0016060173511505127 0.008677542209625244
0.004237104207277298 0.005006343126296997 0.008861064910888672
0.004390690475702286 0.003677964210510254 0.003730297088623047
0.004230663180351257 0.006306499242782593 0.0035735368728637695
0.0019583813846111298 0.005184948444366455 0.0022003650665283203
0.0046688951551914215 0.004690825939178467 0.004951357841491699
0.0019172057509422302 0.0024183988571166992 0.0001831650733947754
0.00040332600474357605 0.004637032747268677 0.002477586269378662
0.0005467012524604797 0.00695878267288208 0.008265674114227295
0.0017896145582199097 0.0037222206592559814 0.014200687408447266
0.006471265107393265 0.002522021532058716 0.011884689331054688
0.005599290132522583 0.005868315696716309 0.009805619716644287
0.002535823732614517 0.0066291093826293945 0.008147776126861572
0.0 0.004881352186203003 0.008203983306884766
0.0 0.0008477270603179932 0.013932943344116211
0.0 0.0 0.013138294219970703
0.0 0.0 0.010423004627227783
0.0 0.0 0.0016459226608276367
0.0 0.0034248530864715576 0.0
0.0 0.0010943710803985596 0.0
0.0 0.002477586269378662 0.0
0.0 0.0 0.002501547336578369
0.0034079477190971375 0.0023397505283355713 0.008432209491729736
0.004011325538158417 0.005263566970825195 0.009213447570800781
0.006099529564380646 0.009690791368484497 0.007296204566955566
0.003955714404582977 0.013655424118041992 0.009340047836303711
0.0036046095192432404 0.011994928121566772 0.0028101205825805664
0.005440853536128998 0.008574217557907104 0.0006056427955627441
0.0008256770670413971 0.007063776254653931 0.0
0.0 0.0024621188640594482 0.0
0.0 0.0 0.0
0.0 0.0 0.0
0.0 0.0032349824905395508 0.00046706199645996094
0.0 0.004864037036895752 0.0018343925476074219
0.0 0.004496514797210693 0.011682510375976562
0.0 0.0022108852863311768 0.013260424137115479
0.0008930787444114685 0.0019116103649139404 0.013410687446594238
0.0 0.0005196630954742432 0.007286965847015381
0.003082461655139923 0.0 0.015202045440673828
0.004869125783443451 0.00014904141426086426 0.01845782995223999
0.005558960139751434 0.0034959614276885986 0.013311147689819336
0.0053263455629348755 0.0034995675086975098 0.011897921562194824
0.005642931908369064 0.005342632532119751 0.010758519172668457
0.0 0.0008445084095001221 0.00990438461303711
0.0 0.003800302743911743 0.006415009498596191
0.0 0.00470048189163208 0.0033452510833740234
0.0 0.0018436014652252197 0.006678879261016846
0.0 0.006014704704284668 0.006130814552307129
0.0033599063754081726 0.0 0.0058647990226745605
0.0 0.003230452537536621 0.006552994251251221
0.0 0.0 0.01203620433807373
0.0 0.0 0.00596165657043457
0.0 0.0 0.0006859302520751953
0.0 0.0 0.0
0.0 0.0 0.01186758279800415
0.0 0.0 0.01269465684890747
0.0 0.0 0.022686243057250977
0.0 0.0 0.06488955020904541
0.0 0.0 0.08822548389434814
0.0 0.0 0.11365479230880737
0.06757684797048569 0.04995691776275635 0.12839794158935547
0.12613067030906677 0.13591095805168152 0.0
0.20194073021411896 0.20628702640533447 0.0
0.2722872793674469 0.4311780631542206 0.0
0.32489898800849915 0.6486340761184692 0.0
0.31634706258773804 0.6433509588241577 0.0
0.09620779752731323 0.4616934061050415 0.0
0.0 0.48404884338378906 0.0
0.0 0.11071765422821045 0.0
0.026117920875549316 0.2622421383857727 0.0
0.0 0.1252809464931488 0.0
0.0 0.0 0.0
0.0 0.0 0.3068125247955322
0.0 0.0 0.4186592102050781
0.0 0.10448676347732544 0.3418755531311035
0.0 0.5466392040252686 0.3292940855026245
0.0 0.7366081476211548 0.49325501918792725
0.0 0.5156667232513428 0.7768857479095459
0.0 0.32229387760162354 0.8800351619720459
0.0 0.6816517114639282 0.732699990272522
0.0 1.2764285802841187 0.5901665687561035
0.0 0.798431932926178 0.39967024326324463
0.0 0.5167497992515564 0.47535014152526855
0.0 0.40130650997161865 0.5233708620071411
0.0 0.4184730648994446 0.46739745140075684
0.0 0.7224928736686707 0.36577677726745605
0.056588560342788696 0.5892102718353271 0.5020269155502319
0.11191360652446747 0.5510150790214539 0.46155011653900146
0.09952807426452637 0.4485764503479004 0.48788386583328247
0.020982354879379272 0.43216878175735474 0.4188811779022217
0.0 0.400254487991333 0.3900015950202942
0.0 0.4388096332550049 0.35524982213974
0.0 0.4482027292251587 0.33652162551879883
0.0 0.40370601415634155 0.40086841583251953
0.0 0.4061875343322754 0.32780206203460693
0.0 0.474966824054718 0.2110804319381714
0.0 0.5785617232322693 0.0
0.0943065881729126 0.5482999086380005 0.0
0.08253979682922363 0.47000735998153687 0.0
0.025851134210824966 0.36388447880744934 0.0
0.0 0.28750690817832947 0.0
0.0 0.1682182401418686 0.0
0.0 0.06844957172870636 0.0
0.0 0.032838866114616394 0.0
0.0 0.037720292806625366 0.0
0.0 0.06827941536903381 0.0
0.0 0.07597625255584717 0.0
0.0 0.06893771886825562 0.00018709897994995117
0.0 0.05255809426307678 0.06369996070861816
0.0 0.029906123876571655 0.10596871376037598
0.009802967309951782 0.00809413194656372 0.12150722742080688
0.022218525409698486 0.0 0.1142125129699707
0.03361979499459267 0.0 0.08986318111419678
0.03936005011200905 0.0 0.0696721076965332
0.05450388789176941 0.0 0.060660481452941895
0.033772826194763184 0.00023812055587768555 0.04610186815261841
0.021454814821481705 0.00022107362747192383 0.031308889389038086
0.01892061159014702 0.0 0.029140710830688477
0.0059106722474098206 0.0 0.025180816650390625
0.0 0.003719806671142578 0.01702296733856201
0.0 0.00970199704170227 0.004595041275024414
0.0 0.023916631937026978 0.0
0.0 0.020205438137054443 0.0
0.0 0.01551392674446106 0.0
0.0 0.01181948184967041 0.0
0.0 0.002945244312286377 0.0
0.0 0.0036809146404266357 0.0
0.0 0.006120890378952026 0.0
0.0 0.00404706597328186 0.0
0.0 0.00704839825630188 0.0008112192153930664
0.0 0.008330881595611572 0.008994698524475098
0.0024100132286548615 0.015273988246917725 0.01709616184234619
0.004449639469385147 0.013285070657730103 0.013916850090026855
0.005682080984115601 0.01291501522064209 0.014619231224060059
0.004493188112974167 0.005233407020568848 0.008936703205108643
0.003955336287617683 0.005163520574569702 0.006903409957885742
0.011583536863327026 0.008295655250549316 0.006500542163848877
0.009745020419359207 0.006260693073272705 0.0
0.011806793510913849 0.008963555097579956 0.0069921016693115234
0.00797545537352562 0.012641668319702148 0.007858574390411377
0.0 0.01507878303527832 0.009318709373474121
0.0 0.010625332593917847 0.007526814937591553
0.0 0.010671943426132202 0.011158585548400879
0.0011001266539096832 0.010762572288513184 0.013049185276031494
0.0 0.009358644485473633 0.012518167495727539
0.0 0.00674128532409668 0.010175645351409912
0.0007282979786396027 0.009221971035003662 0.002923429012298584
0.004140559583902359 0.006111860275268555 0.002135038375854492
0.0 0.0065559446811676025 0.0
0.0021778643131256104 0.006259500980377197 0.0
0.0011552423238754272 0.006783396005630493 0.0
0.0 0.009762167930603027 0.0
0.0 0.007647156715393066 0.0
0.0 0.011047929525375366 0.0
0.0 0.008330672979354858 0.008970022201538086
0.0 0.003060460090637207 0.008733570575714111
0.0 0.005891621112823486 0.007553279399871826
0.0 0.0010328590869903564 0.00196915864944458
0.0 0.0056885480880737305 0.009276151657104492
0.0 0.006301850080490112 0.00838613510131836
0.0 0.007622241973876953 0.005651593208312988
0.004157401621341705 0.008351266384124756 0.011209607124328613
0.0 0.006491422653198242 0.003403782844543457
0.0 0.00475233793258667 0.0
0.0 0.005023449659347534 0.004941821098327637
0.0 0.011317223310470581 0.008378386497497559
0.0005550980567932129 0.007680177688598633 0.0015118122100830078
0.004145245999097824 0.007740616798400879 0.0
0.005044855177402496 0.012930482625961304 0.0
0.0 0.01868438720703125 0.0
0.0 0.02800142765045166 0.0
0.010509707033634186 0.06612658500671387 0.0
0.09397172927856445 0.07694095373153687 0.0
0.08715066313743591 0.08401912450790405 0.0
0.08162014186382294 0.09926468133926392 0.0
0.11797702312469482 0.10113471746444702 0.0
0.12026455998420715 0.10063484311103821 0.000647425651550293
0.13956281542778015 0.09639415144920349 0.01643085479736328
0.1170150563120842 0.10187110304832458 0.00513148307800293
0.03866325318813324 0.08061808347702026 0.0
0.012436658143997192 0.06886562705039978 0.0
0.03662508726119995 0.058079540729522705 0.0
0.0 0.028596580028533936 0.0
0.0 0.0 0.0
0.0 0.0 0.008370637893676758
0.0 0.0 0.029964089393615723
0.0 0.0 0.014561951160430908
0.0 0.0 0.052777767181396484
0.0 0.0 0.07389754056930542
0.0 0.0 0.09714770317077637
0.0 0.0 0.1287754774093628
0.0 0.0 0.12396514415740967
0.0 0.0 0.1264047622680664
0.0 0.0 0.15690618753433228
0.0 0.05306720733642578 0.12197613716125488
0.0 0.07527056336402893 0.09891378879547119
0.0 0.09516525268554688 0.09240531921386719
0.013474840670824051 0.06902357935905457 0.028125405311584473
0.06818051636219025 0.07035934925079346 0.0
0.0980055183172226 0.08635616302490234 0.0
0.1423415243625641 0.1351696252822876 0.0
0.20238932967185974 0.1742645800113678 0.0
0.20263554155826569 0.18616905808448792 0.0
0.1905546635389328 0.19303137063980103 0.0
0.18892723321914673 0.16286540031433105 0.0
0.19256088137626648 0.15061601996421814 0.0
0.18122386932373047 0.14481940865516663 0.0
0.16508300602436066 0.1554359793663025 0.0
0.1517738401889801 0.16585877537727356 0.0
0.09235595166683197 0.1599128246307373 0.0
0.051115527749061584 0.1541094183921814 0.0
0.10036107897758484 0.14660406112670898 0.0
0.04877261817455292 0.14663735032081604 0.0
0.0 0.13258743286132812 0.0
0.0 0.04501676559448242 0.0
0.0 0.0026831626892089844 0.03078383207321167
0.0 0.0 0.04060482978820801
0.0 0.0 0.048673391342163086
0.0 0.0 0.07695156335830688
0.0 0.0 0.11450743675231934
0.0 0.0 0.1191338300704956
0.0 0.0 0.11044830083847046
0.0 0.0 0.09309256076812744
0.0 0.0 0.082919180393219
0.0 0.0 0.08769702911376953
0.0 0.0 0.0718238353729248
0.0 0.0 0.06840360164642334
0.0 0.0 0.053941547870635986
0.0 0.030196160078048706 0.046552062034606934
0.0 0.056324154138565063 0.032596588134765625
0.0 0.0477144718170166 0.01551365852355957
0.020086079835891724 0.050564348697662354 0.0
0.0445222407579422 0.06522548198699951 0.0
0.06892549991607666 0.0681992769241333 0.0
0.07425123453140259 0.07646903395652771 0.0
0.07004906237125397 0.08633995056152344 0.0
0.0706276148557663 0.0967462956905365 0.0
0.08462976664304733 0.10000130534172058 0.0002320408821105957
0.11595536768436432 0.09956616163253784 0.0
0.15336954593658447 0.11917319893836975 0.0
0.15841516852378845 0.12109127640724182 0.0
0.13455292582511902 0.10950842499732971 0.0
0.11139591038227081 0.0955914855003357 0.0
0.12460363656282425 0.1148281991481781 0.0
0.14090363681316376 0.11162135004997253 0.0
0.13634495437145233 0.09034013748168945 0.0
0.050156742334365845 0.07828408479690552 0.0
0.0 0.07249626517295837 0.0
0.0011434555053710938 0.026452362537384033 0.0
0.021884635090827942 0.007319420576095581 0.0
0.006076261401176453 0.005575031042098999 0.0
0.0 0.011448264122009277 0.006383419036865234
0.0 0.0017956793308258057 0.0
0.0 0.0084933340549469 0.0
0.0 0.026363462209701538 0.0
0.0 0.023845970630645752 0.0060332417488098145
0.0 0.02715909481048584 0.006454586982727051
0.0 0.0 0.016294360160827637
0.0 0.0 0.017366886138916016
0.0 0.0 0.022624611854553223
0.0 0.0 0.04154539108276367
0.0 0.0 0.05574601888656616
0.0 0.0 0.06957221031188965
0.0 0.0 0.07465064525604248
0.0 0.0 0.0837411880493164
0.0 0.0 0.07669723033905029
0.0 0.0 0.07950490713119507
0.0 0.0 0.07819199562072754
0.0 0.0 0.0678400993347168
0.0 0.0 0.06439381837844849
0.0 0.0 0.06762921810150146
0.0 0.010606318712234497 0.06466090679168701
0.0 0.03115057945251465 0.06032747030258179
0.0 0.05074414610862732 0.054637134075164795
0.02497909963130951 0.06575995683670044 0.036808550357818604
0.06484702229499817 0.08317166566848755 0.01494133472442627
0.0684233158826828 0.09030812978744507 0.0
0.08630916476249695 0.0864948034286499 0.0
0.10504497587680817 0.09162113070487976 0.0
0.12791064381599426 0.11023017764091492 0.0
0.15453681349754333 0.12392571568489075 0.0
0.15264251828193665 0.12055808305740356 0.0
0.1299372762441635 0.11711624264717102 0.0
0.09319601953029633 0.10144594311714172 0.0
0.06887231767177582 0.07433325052261353 0.0
0.07753057777881622 0.06657913327217102 0.0
0.0779445469379425 0.057043492794036865 0.0
0.06602519750595093 0.045455217361450195 0.0
0.04413486272096634 0.05414280295372009 0.0
0.010246649384498596 0.060206085443496704 0.0
0.0026975423097610474 0.05462747812271118 0.0
0.022466585040092468 0.0613936185836792 0.0
0.006228789687156677 0.05065673589706421 0.0020195841789245605
0.0 0.019841432571411133 0.0
0.0 0.008893311023712158 0.0
0.0 0.0037741363048553467 0.005324304103851318
0.0 0.00509411096572876 0.011422991752624512
0.0 0.015786945819854736 0.010721862316131592
0.0 0.021340250968933105 0.0035595297813415527
0.0 0.014554142951965332 0.0103074312210083
0.0 0.0 0.0
0.0 0.008098363876342773 0.0
0.0 0.009631812572479248 0.0
0.0 0.008570969104766846 0.0
0.0 0.0 0.0
0.0 0.0 0.0
0.0 0.0 0.018676459789276123
0.0 0.0 0.023430228233337402
0.0 0.0 0.03321272134780884
0.0 0.0 0.033640265464782715
0.0 0.0 0.05125844478607178
0.0 0.0 0.05873817205429077
0.0 0.0 0.06727814674377441
0.0 0.0 0.0765036940574646
0.0 0.0 0.07806527614593506
0.0 0.0 0.07101625204086304
0.0 0.0 0.06582367420196533
0.0 0.04030519723892212 0.06140315532684326
0.0 0.0533139705657959 0.05208021402359009
0.0 0.05079448223114014 0.04065173864364624
0.009229212999343872 0.049757301807403564 0.02211737632751465
0.02455076575279236 0.05321487784385681 0.013016581535339355
0.018558412790298462 0.04734224081039429 0.008778214454650879
0.06090359389781952 0.051294535398483276 0.0
0.08586128056049347 0.05810907483100891 0.0
0.08633171021938324 0.07857561111450195 0.0
0.07692576944828033 0.06651383638381958 0.0
0.0869581550359726 0.06507331132888794 0.0
0.0821872130036354 0.07212156057357788 0.0
0.09523140639066696 0.07309770584106445 0.0
0.11095473170280457 0.07870608568191528 0.0
0.08307060599327087 0.0913725197315216 0.0
0.05510444939136505 0.0789819061756134 0.0
0.051236897706985474 0.05077564716339111 0.0
0.046398915350437164 0.0458640456199646 0.0
0.0518602579832077 0.051025390625 0.0
0.020065516233444214 0.04113742709159851 0.0
0.0 0.013566076755523682 0.0
0.0 0.0 0.00882810354232788
0.0 0.0 0.03139585256576538
0.0 0.0 0.0442233681678772
0.0 0.0 0.026955127716064453
0.0 0.0 0.021361231803894043
0.0 0.0 0.02650928497314453
0.0 0.0 0.028651118278503418
0.0 0.0 0.02747511863708496
0.0 0.0 0.0232999324798584
0.0 0.0 0.012470364570617676
0.0 0.0 0.0110398530960083
0.0 0.0 0.012679815292358398
0.0 0.0011317729949951172 0.011944174766540527
0.0 0.005822569131851196 0.0034044384956359863
0.0 0.010502368211746216 0.0
0.0 0.00948941707611084 0.0
0.002350732684135437 0.012305527925491333 0.0
0.0 0.00556519627571106 0.0
0.008039742708206177 0.008345931768417358 0.0
0.010802790522575378 0.011559814214706421 0.0
0.012444943189620972 0.011251896619796753 0.0
0.005666404962539673 0.015283048152923584 0.0007714629173278809
0.011354640126228333 0.010481595993041992 0.0024400949478149414
0.010508120059967041 0.01719367504119873 0.014232337474822998
0.008744224905967712 0.0119551420211792 0.005091190338134766
0.0027363449335098267 0.013806521892547607 0.010624527931213379
0.00023758411407470703 0.009285569190979004 0.012169480323791504
0.0 0.0 0.01491934061050415
0.0 0.0 0.011568427085876465
0.0 0.0 0.01154780387878418
0.0 0.0 0.011715710163116455
0.0 0.0 0.006222426891326904
0.0 0.0 0.0064015984535217285
0.0 0.0 0.006687164306640625
0.0 0.0 0.0
0.0 0.0 0.0
0.0 0.0 0.05309838056564331
0.0 0.0 0.06348562240600586
0.0 0.0 0.0692782998085022
0.0 0.0 0.05523794889450073
0.0 0.023355334997177124 0.04869765043258667
0.041177213191986084 0.02670741081237793 0.08384478092193604
0.10154508054256439 0.09567263722419739 0.031422972679138184
0.13592670857906342 0.1551734209060669 0.0
0.24781006574630737 0.25109580159187317 0.0
0.4227679967880249 0.3594297766685486 0.0
0.34291496872901917 0.47783535718917847 0.0
0.35591012239456177 0.6139024496078491 0.0
0.3022634983062744 0.5398897528648376 0.0
0.16160213947296143 0.40009787678718567 0.0
0.006594836711883545 0.5719080567359924 0.0
0.0 0.0 0.0
0.0 0.0 0.0
0.0 0.018572896718978882 0.0
0.0 0.0 0.23980951309204102
0.0 0.0 0.7080037593841553
0.0 0.04232165217399597 0.8355984687805176
0.0 0.36836472153663635 0.6294878721237183
0.0 0.5304282307624817 0.4674537181854248
0.0 0.479728639125824 0.4490394592285156
0.0 0.46195435523986816 0.441051721572876
0.0 0.42798060178756714 0.48390138149261475
0.0 0.593803346157074 0.49533331394195557
0.0 0.7049421668052673 0.5673985481262207
0.0 0.7322262525558472 0.5598718523979187
0.0 0.7119177579879761 0.6013286709785461
0.0 0.6683632135391235 0.5363929867744446
0.0 0.547863245010376 0.4998354911804199
0.0 0.5512805581092834 0.42725664377212524
0.0 0.41268783807754517 0.4036245346069336
0.045765966176986694 0.29565179347991943 0.4353260397911072
0.05041708052158356 0.27781206369400024 0.4081884026527405
0.0742354542016983 0.2770807147026062 0.3749880790710449
0.053654953837394714 0.2603911757469177 0.3138453960418701
0.03907136619091034 0.2712620496749878 0.22810351848602295
0.06247657537460327 0.29509949684143066 0.16834622621536255
0.08819156885147095 0.3184688091278076 0.08246839046478271
0.10802139341831207 0.33165425062179565 0.0
0.07085174322128296 0.34799936413764954 0.0
0.07261224091053009 0.3104291558265686 0.0
0.06762173771858215 0.25250956416130066 0.0
0.05319036915898323 0.19786548614501953 0.0
0.0 0.15446937084197998 0.0
0.0 0.12321719527244568 0.0
0.0 0.09029808640480042 0.0
0.0 0.07195180654525757 0.0
0.0 0.058649539947509766 0.0
0.0 0.03834050893783569 0.0
0.0 0.03887876868247986 0.0
0.0 0.04281875491142273 0.0
0.0 0.02196463942527771 0.04553729295730591
0.0 0.007708102464675903 0.07868391275405884
0.0014388132840394974 0.0 0.0898512601852417
0.0136895552277565 0.0 0.08980429172515869
0.032267093658447266 0.0 0.08736509084701538
0.043969832360744476 0.003768444061279297 0.07704043388366699
0.04068739339709282 0.013746142387390137 0.08175384998321533
0.0365404337644577 0.016859859228134155 0.05619537830352783
0.019547440111637115 0.01959449052810669 0.040786683559417725
0.020504239946603775 0.009966850280761719 0.03206920623779297
0.022217432036995888 0.008543968200683594 0.01975637674331665
0.010217785835266113 0.009703576564788818 0.0
0.008806752040982246 0.009985357522964478 0.0
0.01613948866724968 0.021927297115325928 0.0
0.005929635837674141 0.025661200284957886 0.0
0.0 0.01889711618423462 0.0
0.0 0.012808263301849365 0.0
0.0 0.006977707147598267 0.0
0.0 0.005966216325759888 0.0
0.0 0.00608372688293457 0.0
0.0 0.006563782691955566 0.0026383399963378906
0.0 0.002588629722595215 0.0
0.0 0.008192867040634155 0.0
0.0 0.006696760654449463 0.0021692514419555664
0.0 0.0035845041275024414 0.0055252909660339355
0.0 0.00507807731628418 0.0012270808219909668
0.0 0.005641728639602661 0.0
0.009712032973766327 0.012481093406677246 0.0
0.0 0.00899919867515564 0.0
0.0 0.009381085634231567 0.001631021499633789
0.0 0.009390383958816528 0.009946465492248535
0.0007936581969261169 0.011740177869796753 0.009467840194702148
0.0 0.01594218611717224 0.01931530237197876
0.003982972353696823 0.010075390338897705 0.017576873302459717
0.008281517773866653 0.007872283458709717 0.016175150871276855
0.010434158146381378 0.010748028755187988 0.02112269401550293
0.004570621997117996 0.005555927753448486 0.012105882167816162
0.010468550026416779 0.010158717632293701 0.020540297031402588
0.017770711332559586 0.015190094709396362 0.022541821002960205
0.012641221284866333 0.018238693475723267 0.018709778785705566
0.0061534494161605835 0.015771180391311646 0.009833931922912598
0.01079791784286499 0.014660120010375977 0.005053818225860596
0.008951649069786072 0.013352960348129272 0.00683826208114624
0.0 0.004555046558380127 0.003010869026184082
0.0 0.004823654890060425 0.005759596824645996
0.002437777817249298 0.005926221609115601 0.019398629665374756
0.004321150481700897 0.0019086897373199463 0.023895978927612305
0.0 0.0026127099990844727 0.01640033721923828
0.0 0.0023079216480255127 0.011114299297332764
0.0 0.012074649333953857 0.0013017654418945312
0.0 0.015739858150482178 0.0
0.0 0.02542683482170105 0.0
0.0 0.041288942098617554 0.0
0.0 0.045524150133132935 0.0
0.0 0.047775477170944214 0.0
0.0 0.04580304026603699 0.0
0.0 0.054615139961242676 0.0
0.0 0.07092610001564026 0.0
0.0 0.05929180979728699 0.0
0.0 0.06144231557846069 0.0
0.0 0.05556917190551758 0.0
0.0 0.07342368364334106 0.0
0.0 0.06556689739227295 0.0
0.0 0.06176197528839111 0.05732649564743042
0.0 0.0500568151473999 0.10784745216369629
0.00804147869348526 0.03163546323776245 0.16378557682037354
0.0 0.003690361976623535 0.21461111307144165
0.013341024518013 0.0 0.2567623257637024
0.014837879687547684 0.0 0.2736133933067322
0.027012087404727936 0.0 0.27775514125823975
0.03827551752328873 0.0 0.2735316753387451
0.033051151782274246 0.0 0.25130826234817505
0.02711070328950882 0.0 0.2246658205986023
0.025066126137971878 0.0 0.1857290267944336
0.011400267481803894 0.0 0.1436566710472107
0.00961725041270256 0.0 0.0935826301574707
0.007969822734594345 0.0 0.037031710147857666
0.0 0.0 0.0
0.0 0.02487844228744507 0.0
0.00971194077283144 0.040881603956222534 0.0
0.008409794420003891 0.04775819182395935 0.0
0.0 0.05170968174934387 0.0
0.0 0.04859444499015808 0.0
0.0 0.07056483626365662 0.0
0.0 0.08600272238254547 0.0
0.012769818305969238 0.0919342190027237 0.0
0.0 0.0853387713432312 0.0
0.01890287548303604 0.07253873348236084 0.0
0.008124642074108124 0.06714901328086853 0.0
0.004304289817810059 0.07073995471000671 0.0
0.0024522393941879272 0.06659093499183655 0.0
0.0144692063331604 0.08832412958145142 0.0
0.010327443480491638 0.10920238494873047 0.0
0.03104172646999359 0.09704220294952393 0.0
0.022152528166770935 0.08461809158325195 0.026122689247131348
0.017293184995651245 0.06683105230331421 0.0675322413444519
0.0 0.03981506824493408 0.11863958835601807
0.0 0.02238941192626953 0.13545215129852295
0.012974709272384644 0.0 0.16071534156799316
0.01373569667339325 0.0 0.1546872854232788
0.003749355673789978 0.0 0.15745854377746582
0.0 0.0 0.14622557163238525
0.0 0.0 0.13855832815170288
0.0 0.0 0.14004731178283691
0.0 0.0 0.12406337261199951
0.0 0.0 0.134421706199646
0.0 0.0 0.1295703649520874
0.0 0.0 0.1203913688659668
0.0 0.0 0.09045511484146118
0.0 0.0 0.04566812515258789
0.0 0.0 0.007955670356750488
0.0 0.002572953701019287 0.0
0.0 0.012763649225234985 0.0
0.009913444519042969 0.0298231840133667 0.0
0.017405658960342407 0.03834468126296997 0.0
0.009880751371383667 0.04575178027153015 0.0
0.017230451107025146 0.05737903714179993 0.0
0.03363686800003052 0.07405927777290344 0.0
0.03578128665685654 0.08725443482398987 0.0
0.003901757299900055 0.08145546913146973 0.0
0.0 0.05974918603897095 0.0
0.0021007508039474487 0.04776841402053833 0.0
0.004807703197002411 0.06838732957839966 0.0
0.029812976717948914 0.07731658220291138 0.0
0.0177365243434906 0.08042436838150024 0.0
0.0 0.06261229515075684 0.0
0.0 0.05137366056442261 0.0
0.0 0.04714149236679077 0.014953136444091797
0.0 0.03911268711090088 0.0401378870010376
0.006520316004753113 0.027293682098388672 0.04769772291183472
0.003390207886695862 0.03026127815246582 0.07412326335906982
0.00437985360622406 0.021026790142059326 0.1007726788520813
0.010100513696670532 0.006251633167266846 0.11642336845397949
0.018990665674209595 0.0 0.13557028770446777
0.020120948553085327 0.0 0.16195136308670044
0.02502824366092682 0.0 0.17414438724517822
0.01608651876449585 0.0 0.1621769666671753
0.013798892498016357 0.0 0.1452246904373169
0.017098084092140198 0.0 0.14354372024536133
0.011746890842914581 0.0 0.12810945510864258
0.005993247032165527 0.0 0.12590235471725464
0.006434820592403412 0.0 0.12384790182113647
0.007877305150032043 0.006613373756408691 0.1016542911529541
0.0008082538843154907 0.009758591651916504 0.06374293565750122
0.0 0.010953038930892944 0.019115805625915527
0.0 0.010873973369598389 0.0
0.0 0.0074040889739990234 0.0
0.0 0.010755091905593872 0.0
0.0 0.012466490268707275 0.0
0.0 0.024946212768554688 0.0
0.0 0.03545641899108887 0.0
0.007007502019405365 0.04764339327812195 0.0
0.00012330710887908936 0.050433069467544556 0.0
0.0 0.05067366361618042 0.0
0.0030572786927223206 0.05502578616142273 0.0
0.005724698305130005 0.05930525064468384 0.0
0.0 0.06645455956459045 0.0
0.0032721757888793945 0.06759679317474365 0.0
0.003852277994155884 0.05108112096786499 0.0
0.0 0.037161052227020264 0.0
0.0 0.03712853789329529 0.0
0.0 0.032400310039520264 0.032615602016448975
0.0 0.02574571967124939 0.06181877851486206
0.005149476230144501 0.011814981698989868 0.08409786224365234
0.0006090626120567322 0.004553675651550293 0.08333873748779297
0.003438800573348999 0.0 0.0851370096206665
0.006032034754753113 0.0 0.08813869953155518
0.003808043897151947 0.0 0.0980226993560791
0.008766666054725647 0.0 0.09892022609710693
0.007430464029312134 0.0 0.10286235809326172
0.005168989300727844 0.0 0.08649128675460815
0.014896593987941742 0.0026069283485412598 0.06418955326080322
0.011364184319972992 0.002229750156402588 0.04471993446350098
0.002125069499015808 0.0018932521343231201 0.014058470726013184
0.0 0.0018883943557739258 0.0
0.0 0.007097214460372925 0.0
0.0 0.020813733339309692 0.0
0.0026820674538612366 0.02689465880393982 0.0
0.0 0.02608734369277954 0.0
0.0 0.02097463607788086 0.0
0.0 0.023330479860305786 0.0
0.00024197250604629517 0.02134910225868225 0.0
0.00045102089643478394 0.015162885189056396 0.0
0.0 0.01608559489250183 0.012282490730285645
0.0 0.009413182735443115 0.012619853019714355
0.0 0.007207304239273071 0.009793460369110107
0.0 0.003060072660446167 0.012989342212677002
0.0002232864499092102 0.005769997835159302 0.01397252082824707
0.003370627760887146 0.008381068706512451 0.01499849557876587
0.004292517900466919 0.010923892259597778 0.010538876056671143
0.00038129836320877075 0.010038763284683228 0.007541477680206299
0.0008111298084259033 0.00758814811706543 0.010496973991394043
0.002240613102912903 0.006309211254119873 0.01039266586303711
0.004511319100856781 0.005763322114944458 0.009251832962036133
0.0016838908195495605 0.008104890584945679 0.01180732250213623
0.0022377818822860718 0.013230592012405396 0.009778201580047607
0.00451207160949707 0.01603490114212036 0.00475621223449707
0.008261829614639282 0.017192959785461426 0.0
0.00321236252784729 0.017738372087478638 0.0
0.0 0.01607966423034668 0.0
0.0 0.004936903715133667 0.0
0.0 0.006923675537109375 0.0
0.005679085850715637 0.006387770175933838 0.0
0.002586469054222107 0.0 0.0
0.0 0.007240951061248779 0.0
0.0 0.0 0.0
0.0 0.0 0.020212948322296143
0.0 0.00017938017845153809 0.02275758981704712
0.0 0.0 0.03882551193237305
0.0 0.0 0.04215341806411743
0.0 0.0 0.055356621742248535
0.0 0.0 0.09207922220230103
0.0 0.0 0.09624660015106201
0.0 0.0 0.06245625019073486
0.0 0.0 0.08246290683746338
0.0 0.055824726819992065 0.10278165340423584
0.07934755086898804 0.09323698282241821 0.017442643642425537
0.20968608558177948 0.19584181904792786 0.0
0.3701722025871277 0.276890367269516 0.0
0.4129151999950409 0.44600555300712585 0.0
0.4054311513900757 0.561835527420044 0.0
0.30260729789733887 0.6000171303749084 0.0
0.2318311333656311 0.5919254422187805 0.0
0.13622331619262695 0.5768297910690308 0.0
0.0 0.3470248281955719 0.0
0.0 0.0 0.0
0.0 0.0 0.0
0.0 0.021317124366760254 0.0
0.0 0.0 0.12565922737121582
0.0 0.057007938623428345 0.39961397647857666
0.0 0.0 0.7191561460494995
0.0 0.15336334705352783 0.7536473274230957
0.0 0.2953530251979828 0.5582726001739502
0.0 0.3591546416282654 0.39979124069213867
0.0 0.2601991295814514 0.48799753189086914
0.0 0.19423997402191162 0.569090723991394
0.0 0.4236665964126587 0.6537750959396362
0.0 0.789389431476593 0.5648967027664185
0.0 0.796220064163208 0.5996502041816711
0.0 0.6525353789329529 0.5901080965995789
0.04334363341331482 0.44521695375442505 0.5179832577705383
0.0 0.3634282350540161 0.4403539299964905
0.0 0.34681910276412964 0.41422128677368164
0.009833723306655884 0.3423888087272644 0.4104759693145752
0.09291613101959229 0.32581931352615356 0.41206681728363037
0.14610955119132996 0.3135518431663513 0.3766508102416992
0.14750123023986816 0.25677138566970825 0.328838586807251
0.14583224058151245 0.23437035083770752 0.2688159942626953
0.13138160109519958 0.2410672903060913 0.23182153701782227
0.11126038432121277 0.2581535577774048 0.16136682033538818
0.10756206512451172 0.2848285436630249 0.05696070194244385
0.0797983855009079 0.29728832840919495 0.0
0.07595165073871613 0.2442200779914856 0.0
0.05625142529606819 0.20506590604782104 0.0
0.00806136429309845 0.18407046794891357 0.0
0.0 0.15218612551689148 0.0
0.0 0.12908071279525757 0.0
0.0 0.11852556467056274 0.0
0.0 0.10417726635932922 0.0
0.0 0.07870447635650635 0.0
0.0 0.06409642100334167 0.0
0.0 0.05540698766708374 0.0
0.0 0.040977030992507935 0.0
0.0 0.029699355363845825 0.0
0.0 0.022068023681640625 0.011671364307403564
0.0 0.009018629789352417 0.04415923357009888
0.02328220009803772 0.0044896602630615234 0.0733676552772522
0.025716062635183334 0.0 0.07542961835861206
0.031616419553756714 0.014663279056549072 0.08470267057418823
0.05384461209177971 0.023989081382751465 0.0887519121170044
0.03523111343383789 0.027836382389068604 0.07585406303405762
0.037347495555877686 0.0222206711769104 0.06134074926376343
0.026811562478542328 0.017977088689804077 0.05452758073806763
0.01918991655111313 0.011783868074417114 0.031631290912628174
0.02070195972919464 0.009054780006408691 0.01417231559753418
0.01768764853477478 0.010958850383758545 0.005134224891662598
0.009078048169612885 0.013715028762817383 0.0
0.0 0.02124515175819397 0.0
0.0 0.019466161727905273 0.0
0.002388767898082733 0.023261278867721558 0.0
0.0 0.013910084962844849 0.0
0.0 0.0120927095413208 0.0
0.0 0.013041257858276367 0.0
0.0 0.006106048822402954 0.0
0.0 0.010631591081619263 0.0
0.0 0.014117449522018433 0.0
0.0 0.017956703901290894 0.0015134215354919434
0.0 0.013318002223968506 0.0012240409851074219
0.0 0.011898607015609741 0.004147827625274658
0.0 0.011947542428970337 0.008522510528564453
0.002186916768550873 0.013209253549575806 0.014155328273773193
0.011883802711963654 0.013856202363967896 0.015652000904083252
0.016492709517478943 0.01605895161628723 0.014777600765228271
0.01240590214729309 0.014628678560256958 0.014756739139556885
0.0015839263796806335 0.011772871017456055 0.010328114032745361
0.0023580342531204224 0.012717247009277344 0.005725562572479248
0.00030209124088287354 0.011533170938491821 0.004494071006774902
0.006110891699790955 0.01597645878791809 0.006195724010467529
0.010146409273147583 0.022091984748840332 0.011069774627685547
0.015973493456840515 0.023503243923187256 0.004756331443786621
0.012593083083629608 0.022737771272659302 0.0
0.017978988587856293 0.028818786144256592 0.001091599464416504
0.027898035943508148 0.03002747893333435 0.0071800947189331055
0.03345145285129547 0.030712664127349854 0.00450587272644043
0.037906959652900696 0.030170589685440063 0.003172457218170166
0.03888530284166336 0.028159886598587036 0.0
0.058196261525154114 0.04253748059272766 0.0
0.047068461775779724 0.06746751070022583 0.003926277160644531
0.062460049986839294 0.07914912700653076 0.0
0.04501470923423767 0.05844593048095703 0.0
0.03347991406917572 0.05886468291282654 0.0
0.03869257867336273 0.03159412741661072 0.0
0.016370579600334167 0.03841206431388855 0.0
0.026196539402008057 0.025208234786987305 0.0
0.02255833148956299 0.032220929861068726 0.0
0.0 0.04273936152458191 0.018245995044708252
0.0 0.042637526988983154 0.0251467227935791
0.013352945446968079 0.037341415882110596 0.01857227087020874
0.0 0.05053567886352539 0.0
0.0 0.036073237657547 0.0
0.0 0.0 0.0
0.0 0.0 0.0
0.0 0.0 0.0
0.0 0.0 0.0
0.0 0.0 0.0
0.0 0.0 0.0012339353561401367
0.0 0.0 0.02177053689956665
0.0 0.0 0.02373260259628296
0.0 0.0 0.03481954336166382
0.0 0.0 0.052608489990234375
0.0 0.0 0.07049137353897095
0.0 0.0 0.0764419436454773
0.0 0.0 0.07489264011383057
0.0 0.017370879650115967 0.08618366718292236
0.01796475052833557 0.03878793120384216 0.08800101280212402
0.029527366161346436 0.04577985405921936 0.0887652039527893
0.03937901556491852 0.052250176668167114 0.07785916328430176
0.04856368899345398 0.055878281593322754 0.045587778091430664
0.0724487379193306 0.06539499759674072 0.015596151351928711
0.11543577909469604 0.08923730254173279 0.0
0.13521221280097961 0.10885730385780334 0.0
0.1583663374185562 0.13574612140655518 0.0
0.13689222931861877 0.13149157166481018 0.0
0.09787502884864807 0.11671146750450134 0.0
0.09444020688533783 0.11688736081123352 0.0
0.0924384742975235 0.10033941268920898 0.0
0.07333214581012726 0.08646991848945618 0.0
0.05135218799114227 0.07003408670425415 0.0
0.04290005564689636 0.06038358807563782 0.0
0.025937378406524658 0.060316771268844604 0.0
0.01894974708557129 0.05549192428588867 0.0
0.0 0.046559661626815796 0.0
0.0 0.01860952377319336 0.0
0.0 0.0 0.0
0.0 0.0 0.011477768421173096
0.0 0.0 0.015964746475219727
0.0 0.008308380842208862 0.012886404991149902
0.0 0.0 0.0
0.0 0.0 0.0006718635559082031
0.0 0.0 0.02702862024307251
0.0 0.0 0.03476470708847046
0.0 0.0 0.038606882095336914
0.0 0.0 0.03256368637084961
0.0 0.0 0.0413053035736084
0.0 0.0 0.05240142345428467
0.0 0.0 0.06661474704742432
0.0 0.0 0.07467758655548096
0.0 0.027853161096572876 0.07263082265853882
0.0 0.008257478475570679 0.06400519609451294
0.0 0.0022108852863311768 0.060403406620025635
0.0 0.00045242905616760254 0.07180583477020264
0.00440332293510437 0.022225379943847656 0.06613743305206299
0.021833375096321106 0.038072407245635986 0.051529526710510254
0.01788167655467987 0.058702707290649414 0.0294533371925354
0.0613626092672348 0.07198277115821838 0.010638177394866943
0.09729628264904022 0.08828994631767273 0.0
0.116370290517807 0.10665562748908997 0.0
0.13284239172935486 0.13109734654426575 0.0
0.14430183172225952 0.13379281759262085 0.0
0.13051854074001312 0.12346601486206055 0.0
0.09740924090147018 0.11228933930397034 0.0
0.09437460452318192 0.09110891819000244 0.0
0.0864676907658577 0.08014979958534241 0.0
0.08981439471244812 0.09659773111343384 0.0
0.08740143477916718 0.100029855966568 0.0
0.06697328388690948 0.09007087349891663 0.0
0.02122582495212555 0.08656895160675049 0.0
0.008656516671180725 0.05585736036300659 0.0
0.010888338088989258 0.03956356644630432 0.00028973817825317383
0.0022845417261123657 0.048864781856536865 0.00688701868057251
0.0 0.04396834969520569 0.005634784698486328
0.0 0.032102227210998535 0.0
0.0 0.013585031032562256 0.0002931356430053711
0.0 0.013322055339813232 0.020313739776611328
0.0 0.024580806493759155 0.022309601306915283
0.0 0.015458613634109497 0.019869089126586914
0.0 0.0 0.01127856969833374
0.0 0.0 0.0232236385345459
0.0 0.0 0.03621816635131836
0.0 0.0 0.048796772956848145
0.0 0.0 0.06003129482269287
0.0 0.0 0.05284315347671509
0.0 0.0 0.04560732841491699
0.0 0.0 0.05082005262374878
0.0 0.0 0.05889439582824707
0.0 0.0 0.06403237581253052
0.0 0.0 0.07004165649414062
0.0 0.0 0.06687134504318237
0.0 0.0 0.07320058345794678
0.0 0.0008927881717681885 0.07833999395370483
0.0 0.038632750511169434 0.07240700721740723
0.0 0.0547509491443634 0.0790938138961792
0.028086110949516296 0.06290915608406067 0.06707763671875
0.06030812859535217 0.07484430074691772 0.028415381908416748
0.09259842336177826 0.0872284471988678 0.0036996006965637207
0.10804671049118042 0.09953755140304565 0.0
0.12169397622346878 0.1151793897151947 0.0
0.13791774213314056 0.12866023182868958 0.0
0.15083672106266022 0.13923460245132446 0.0
0.14446517825126648 0.13801774382591248 0.0
0.11520186066627502 0.13078728318214417 0.0
0.09119068086147308 0.12052160501480103 0.0
0.07980874180793762 0.10371133685112 0.0
0.07961989939212799 0.09822773933410645 0.0
0.0820576548576355 0.0894801914691925 0.0
0.054051369428634644 0.08412116765975952 0.0
0.02069060504436493 0.08154073357582092 0.0
0.010614126920700073 0.07334831357002258 0.00025397539138793945
0.0032440125942230225 0.05089268088340759 0.008752405643463135
0.002801865339279175 0.03519943356513977 0.01456308364868164
0.0 0.027542710304260254 0.018337726593017578
0.0 0.0214061439037323 0.021501898765563965
0.0 0.008206486701965332 0.019460737705230713
0.0 0.0 0.008903086185455322
0.0 0.0 0.017500638961791992
0.0 0.0 0.04599970579147339
0.0 0.0 0.060878098011016846
0.0 0.0 0.06818187236785889
0.0 0.0 0.06543374061584473
0.0 0.0 0.0634186863899231
0.0 0.0 0.0624847412109375
0.0 0.0 0.06534123420715332
0.0 0.0 0.06142628192901611
0.0 0.00048482418060302734 0.049871981143951416
0.0 0.012413591146469116 0.03758150339126587
0.0003274977207183838 0.0183524489402771 0.019483447074890137
0.011457547545433044 0.022798150777816772 0.0013728737831115723
0.03168343007564545 0.03003031015396118 0.0
0.05141511559486389 0.04073163866996765 0.0
0.051729410886764526 0.04234984517097473 0.0
0.0503065288066864 0.03847020864486694 0.0
0.05157110095024109 0.04498416185379028 0.0
0.04975472390651703 0.055081695318222046 0.0
0.05462317168712616 0.05782929062843323 0.0
0.055139586329460144 0.06411027908325195 0.0
0.04628448188304901 0.06518146395683289 0.0
0.020843416452407837 0.04507598280906677 0.0
0.011368155479431152 0.02610662579536438 0.0
0.0013742595911026 0.010121345520019531 0.0
0.0014911890029907227 0.010727375745773315 0.0
0.0 0.011459678411483765 0.0
0.0 0.011577010154724121 0.013266682624816895
0.0 0.01660817861557007 0.017862558364868164
0.0 0.0055398643016815186 0.013728022575378418
0.0 0.0 0.023399829864501953
0.0 0.0007987320423126221 0.021264493465423584
0.007151931524276733 0.008256733417510986 0.01847207546234131
0.006486460566520691 0.012237489223480225 0.006909966468811035
0.008656352758407593 0.025846391916275024 0.004994094371795654
0.012632802128791809 0.02626517415046692 0.0011273622512817383
0.009479179978370667 0.019776135683059692 0.0
0.006626039743423462 0.021365970373153687 0.0
0.012216255068778992 0.02037125825881958 0.0
0.01382341980934143 0.014940321445465088 0.0
0.010962799191474915 0.0134524405002594 0.0
0.010140523314476013 0.016137540340423584 0.0006639957427978516
0.0029401034116744995 0.013195991516113281 0.007810235023498535
0.002625778317451477 0.006269365549087524 0.013587474822998047
0.0 0.0007898509502410889 0.018170952796936035
0.0 0.0 0.01784217357635498
0.0 0.0 0.022281289100646973
0.0 0.0 0.025985896587371826
0.0 0.0 0.008974432945251465
0.0 0.0014410614967346191 0.012884080410003662
0.0 0.0 0.0
0.007049724459648132 0.03181380033493042 0.0
0.09178589284420013 0.06852161884307861 0.0
0.0860830545425415 0.09359672665596008 0.0
0.0662299394607544 0.13786518573760986 0.0
0.07611921429634094 0.1992674469947815 0.0
0.1732618808746338 0.24789559841156006 0.0
0.3001297116279602 0.21277374029159546 0.0
0.2460423707962036 0.2930006980895996 0.0
0.0627373456954956 0.31195735931396484 0.0
0.0 0.30076080560684204 0.0
0.0 0.22078710794448853 0.0
0.0 0.15926194190979004 0.0
0.0 0.15359604358673096 0.0
0.0 0.0 0.0
0.0 0.0 0.020567655563354492
0.0 0.0 0.39087581634521484
0.0 0.0 0.35072875022888184
0.0 0.023740530014038086 0.289699912071228
0.0 0.16686883568763733 0.3326050043106079
0.0 0.2158811390399933 0.362825870513916
0.0 0.15009671449661255 0.4963487386703491
0.0 0.2660442590713501 0.529296875
0.0 0.398826003074646 0.6075761318206787
0.0 0.5257696509361267 0.7348486185073853
0.0 0.5707504153251648 0.7260169982910156
0.0 0.5252010226249695 0.7168509364128113
0.0 0.44966959953308105 0.7061036825180054
0.0 0.5214771032333374 0.5871098637580872
0.0 0.5204065442085266 0.5391815900802612
0.0 0.4673442244529724 0.5421338081359863
0.0 0.39357197284698486 0.5060755610466003
0.0 0.34181320667266846 0.4883432388305664
0.0 0.35756272077560425 0.44182419776916504
0.0 0.3443397283554077 0.3597913980484009
0.0 0.38193458318710327 0.23666155338287354
0.0 0.4062168002128601 0.0538143515586853
0.050834715366363525 0.41114941239356995 0.0
0.1798584759235382 0.43888670206069946 0.0
0.20334871113300323 0.3688308894634247 0.0
0.15758202970027924 0.24958741664886475 0.0
0.03372582048177719 0.15965041518211365 0.0
0.0 0.16424447298049927 0.0
0.0 0.15365710854530334 0.0
0.0 0.1507866084575653 0.0
0.0 0.12667781114578247 0.0
0.0 0.09707161784172058 0.0
0.0 0.07754138112068176 0.0
0.0 0.03679773211479187 0.0
0.0 0.020479679107666016 0.02039414644241333
0.0 0.002770721912384033 0.04149138927459717
0.0 0.0 0.048760414123535156
0.0 0.0 0.052858173847198486
0.0013082511723041534 0.0 0.05164206027984619
0.011293409392237663 0.004076570272445679 0.05578935146331787
0.023827871307730675 0.008689671754837036 0.05833560228347778
0.022522097453475 0.020352572202682495 0.05493122339248657
0.01996280811727047 0.020005792379379272 0.046136677265167236
0.00957992859184742 0.022601544857025146 0.03038853406906128
0.0 0.01831585168838501 0.005185186862945557
0.0 0.011191368103027344 0.0
0.0 0.00870940089225769 0.0
0.002442188560962677 0.014551728963851929 0.0
0.007659588009119034 0.016804277896881104 0.0
0.0 0.021815598011016846 0.0
0.001914922147989273 0.02595701813697815 0.0
0.007456570863723755 0.031396180391311646 0.0
0.0014737322926521301 0.030666261911392212 0.0
0.0 0.028335928916931152 0.0
0.0 0.025156021118164062 0.0
0.008126165717840195 0.020902693271636963 0.0
0.0031743794679641724 0.012029707431793213 0.0
0.0 0.016179382801055908 0.0
0.0009625554084777832 0.014850646257400513 0.0
0.0010897479951381683 0.014491051435470581 0.0037392377853393555
0.0 0.017492085695266724 0.0017036199569702148
0.0 0.01971307396888733 0.0032963156700134277
0.0 0.019556879997253418 0.0
0.0 0.012853950262069702 0.0
0.0 0.010658800601959229 0.0
0.002992521971464157 0.02037760615348816 0.003419041633605957
0.004345308989286423 0.018177002668380737 0.003014981746673584
0.004057195037603378 0.016962528228759766 0.004677951335906982
0.00929412990808487 0.01723921298980713 0.0038754940032958984
0.0037193670868873596 0.022982537746429443 0.003135859966278076
0.00719471275806427 0.022425860166549683 0.0035544633865356445
0.005176827311515808 0.02694353461265564 0.009969353675842285
0.011999882757663727 0.02118256688117981 0.019481301307678223
0.013026315718889236 0.019949287176132202 0.027087867259979248
0.01601283997297287 0.016355067491531372 0.03001028299331665
0.016218002885580063 0.019607514142990112 0.02336353063583374
0.013442784547805786 0.028648167848587036 0.01771366596221924
0.022366821765899658 0.030930817127227783 0.01885664463043213
0.030344977974891663 0.046778202056884766 0.03834402561187744
0.0372491180896759 0.05216208100318909 0.050781846046447754
0.019493311643600464 0.03932330012321472 0.0062157511711120605
0.003761507570743561 0.02103021740913391 0.0
0.0 0.022570699453353882 0.0
0.0 0.009370476007461548 0.0
0.0 0.011846393346786499 0.0
0.0 0.012740075588226318 0.0
0.0 0.010593175888061523 0.0
0.0 0.024195611476898193 0.0
0.0 0.04764494299888611 0.0
0.0 0.0698869526386261 0.0
0.0 0.06863433122634888 0.0
0.0 0.09015589952468872 0.0
0.0 0.09399574995040894 0.0
0.0 0.08407527208328247 0.0
0.0 0.09200620651245117 0.005069851875305176
0.00016319751739501953 0.082927405834198 0.1092793345451355
0.03823520988225937 0.06565344333648682 0.21423214673995972
0.031623661518096924 0.03160029649734497 0.2646232843399048
0.02796207368373871 0.03229701519012451 0.30207329988479614
0.04581974446773529 0.03098464012145996 0.33094412088394165
0.051442790776491165 0.01748126745223999 0.3045194149017334
0.04601717367768288 0.02252054214477539 0.27471625804901123
0.027808837592601776 0.010199189186096191 0.2411881685256958
0.02034606784582138 0.014823615550994873 0.19633644819259644
0.02190825343132019 0.0 0.16021406650543213
0.024987194687128067 0.0 0.142564058303833
0.013732779771089554 0.0021326541900634766 0.11278754472732544
0.0013900566846132278 0.01822611689567566 0.07528358697891235
0.0 0.027773022651672363 0.02733403444290161
0.0 0.04512938857078552 0.0
0.0 0.05020299553871155 0.0
0.0 0.047229886054992676 0.0
0.0 0.052360355854034424 0.0
0.0 0.05522698163986206 0.0
0.0 0.060805439949035645 0.0
0.0 0.07726907730102539 0.0
0.0 0.07468253374099731 0.0
0.0 0.07260376214981079 0.0
0.010036040097475052 0.0782829225063324 0.0
0.0 0.08685740828514099 0.0
0.0 0.12370574474334717 0.0
0.0 0.07566064596176147 0.0
0.0 0.05603921413421631 0.0
0.0 0.052609384059906006 0.0
0.0 0.09483528137207031 0.0167086124420166
0.0 0.08538854122161865 0.09104025363922119
0.0 0.06478643417358398 0.1376504898071289
0.015370365232229233 0.035719454288482666 0.19796258211135864
0.013749472796916962 0.015281319618225098 0.22668075561523438
0.013841617852449417 0.007720291614532471 0.2563832998275757
0.01840772107243538 0.0 0.26151204109191895
0.03460179269313812 0.0 0.2613457441329956
0.04177350550889969 0.002133488655090332 0.25363022089004517
0.03431415557861328 0.011317908763885498 0.21167445182800293
0.02434198185801506 0.0052245259284973145 0.1793053150177002
0.006152946501970291 0.003560304641723633 0.13153868913650513
0.01086709275841713 0.00783836841583252 0.09889334440231323
0.011930018663406372 0.004309117794036865 0.06837213039398193
0.005696278065443039 0.01642894744873047 0.01333916187286377
0.015071459114551544 0.024412602186203003 0.0
0.016801491379737854 0.04711127281188965 0.0
0.0 0.0602087676525116 0.0
0.0 0.06569752097129822 0.0
0.0 0.060170978307724 0.0
0.0 0.057839006185531616 0.0
0.0 0.051567524671554565 0.0
0.0 0.06061774492263794 0.0
0.0 0.06234806776046753 0.0
0.0 0.07970201969146729 0.0
0.0 0.0905526876449585 0.0
0.004318520426750183 0.11047643423080444 0.0
0.0 0.089103102684021 0.0
0.0 0.06395816802978516 0.0
0.0 0.05666452646255493 0.0
0.0 0.050596415996551514 0.0
0.0033973529934883118 0.05952560901641846 0.03511101007461548
0.01569107547402382 0.045528948307037354 0.07220017910003662
0.012365341186523438 0.03234940767288208 0.10110515356063843
0.0 0.03280240297317505 0.12341773509979248
0.0 0.02691352367401123 0.12727630138397217
0.0 0.015410304069519043 0.14460068941116333
0.007694840431213379 0.0 0.17281591892242432
0.025118574500083923 0.0 0.18818426132202148
0.008077491074800491 0.0 0.20658838748931885
0.0 0.0 0.1816185712814331
0.0 0.0 0.15368324518203735
0.0049811601638793945 0.0 0.14810281991958618
0.006909837946295738 0.0 0.13472652435302734
0.014294233173131943 0.0 0.11705166101455688
0.02726970985531807 0.014460355043411255 0.059408366680145264
0.03138060122728348 0.027623504400253296 0.005749344825744629
0.03149348497390747 0.019050240516662598 0.0
0.0 0.03729698061943054 0.0
0.0 0.051922619342803955 0.0
0.0 0.04576250910758972 0.0
0.0 0.05090437829494476 0.0
0.0 0.06959894299507141 0.0
0.0 0.07789161801338196 0.0
0.0 0.08246996998786926 0.0
0.0055237263441085815 0.08371523022651672 0.0
0.0 0.08180618286132812 0.0
0.0 0.08103951811790466 0.0
0.0 0.07925331592559814 0.0
0.029926486313343048 0.07073947787284851 0.0
0.005685329437255859 0.065797358751297 0.0
0.0 0.053613364696502686 0.0
0.0 0.0765080451965332 0.0
0.0 0.08441871404647827 0.04047858715057373
0.0 0.06162762641906738 0.09332740306854248
0.003306310623884201 0.0325588583946228 0.13154268264770508
0.0 0.020956099033355713 0.14928841590881348
0.0 0.0041277408599853516 0.1734212040901184
0.0 0.0 0.18471485376358032
0.003347691148519516 0.0 0.1847100853919983
0.02638053148984909 0.0 0.16419434547424316
0.014097653329372406 0.00058746337890625 0.1228683590888977
0.006653103977441788 0.014876186847686768 0.09360969066619873
0.00532158836722374 0.006500601768493652 0.04618072509765625
0.011005271226167679 0.0008449554443359375 0.026116609573364258
0.004089441150426865 0.0024800896644592285 0.017854809761047363
0.0 0.0 0.019236385822296143
0.00588579848408699 0.014511287212371826 0.03238391876220703
0.01516636647284031 0.019067108631134033 0.04858654737472534
0.02015831135213375 0.03451770544052124 0.051473259925842285
0.013528220355510712 0.03668829798698425 0.043236613273620605
0.011526204645633698 0.03152093291282654 0.013648629188537598
0.006872288882732391 0.010264545679092407 0.0
0.00401778519153595 0.0012331008911132812 0.0
0.005910120904445648 0.005214899778366089 0.0
0.0049971044063568115 0.011287450790405273 0.0
0.012800104916095734 0.026690661907196045 0.0
0.020236745476722717 0.02711579203605652 0.0
0.007592007517814636 0.028491109609603882 0.0
0.0 0.0298137366771698 0.0
0.0 0.03184056282043457 0.0
0.0 0.037043601274490356 0.0
0.0 0.030348896980285645 0.0
0.0 0.029376477003097534 0.0
0.0 0.02524825930595398 0.0
0.0 0.0137748122215271 0.0
0.0 0.025212079286575317 0.0
0.0 0.0445062518119812 0.0
0.0 0.05753394961357117 0.0
0.0 0.052367597818374634 0.0
0.0 0.047732800245285034 0.0
0.0 0.045331358909606934 0.0
0.011416710913181305 0.03568202257156372 0.0252189040184021
0.023916661739349365 0.03348630666732788 0.044834136962890625
0.022762000560760498 0.02308446168899536 0.05255168676376343
0.011290475726127625 0.02075016498565674 0.05508524179458618
0.004325926303863525 0.021280229091644287 0.06231874227523804
0.013625837862491608 0.014679104089736938 0.07196205854415894
0.014174848794937134 0.008729785680770874 0.07466250658035278
0.01696576178073883 0.005112737417221069 0.07294940948486328
0.016002178192138672 0.0025201737880706787 0.03172588348388672
0.0015342459082603455 0.011907964944839478 0.028475582599639893
0.004643052816390991 0.011932462453842163 0.017758190631866455
0.007197156548500061 0.007683485746383667 0.0144575834274292
0.0 0.007378488779067993 0.0
0.0 0.015122413635253906 0.0
0.004001639783382416 0.019756346940994263 0.0
0.0 0.027317851781845093 0.0
0.0 0.021178096532821655 0.0
0.0 0.022533118724822998 0.0
0.0 0.020228803157806396 0.0
0.0 0.017524272203445435 0.0
0.0006271228194236755 0.016343742609024048 0.0
0.0 0.0154590904712677 0.0
0.0 0.010157972574234009 0.002614319324493408
0.0 0.004764914512634277 0.0023882389068603516
0.0 0.0111922025680542 0.007403969764709473
0.00048260390758514404 0.01777172088623047 0.012233138084411621
0.0 0.012980073690414429 0.009746909141540527
0.0 0.013572275638580322 0.01024407148361206
0.0 0.01658320426940918 0.0034264326095581055
0.0014439672231674194 0.013716906309127808 0.0
0.00496065616607666 0.01886346936225891 0.0
0.0 0.02094253897666931 0.0
0.0 0.014612644910812378 0.0
0.0 0.0 0.004320800304412842
0.0 0.0 0.0
0.0 0.0 0.021316230297088623
0.0 0.0 0.03827095031738281
0.0 0.0 0.09783053398132324
0.0 0.0 0.09583920240402222
0.0 0.01296764612197876 0.0967702865600586
0.047823838889598846 0.051935553550720215 0.03331100940704346
0.1446971744298935 0.12084874510765076 0.0
0.1831274926662445 0.18731391429901123 0.0
0.22247642278671265 0.2206191122531891 0.0
0.22345513105392456 0.36916056275367737 0.0
0.25162947177886963 0.3909589350223541 0.0
0.28066086769104004 0.5384416580200195 0.0
0.2479475736618042 0.588317334651947 0.0
0.21094506978988647 0.5474398136138916 0.0
0.0 0.3224526643753052 0.0
0.0 0.0 0.0
0.0 0.0 0.0
0.0 0.0 0.0
0.0 0.0 0.0
0.0 0.04075217247009277 0.4726182222366333
0.0 0.0 0.6954094171524048
0.0 0.22880607843399048 0.7079038619995117
0.0 0.4295048713684082 0.503197193145752
0.0 0.44088006019592285 0.34701108932495117
0.0 0.4683048725128174 0.18584537506103516
0.0 0.34962576627731323 0.20486140251159668
0.0 0.22255146503448486 0.3566563129425049
0.0 0.32938772439956665 0.4706922769546509
0.0 0.6008694171905518 0.3870553970336914
0.0 0.5585943460464478 0.37781190872192383
0.020611584186553955 0.39039480686187744 0.4948294758796692
0.0 0.33865928649902344 0.5483788847923279
0.0 0.4662318229675293 0.4840288758277893
0.0 0.4673116207122803 0.40649932622909546
0.01293732225894928 0.4379007816314697 0.39507657289505005
0.12237168848514557 0.3668094873428345 0.42424046993255615
0.08994591236114502 0.3368394374847412 0.41812098026275635
0.0847095251083374 0.3074154257774353 0.32465070486068726
0.07126933336257935 0.30605143308639526 0.14509892463684082
0.0756801962852478 0.3012017011642456 0.04205888509750366
0.12786373496055603 0.249897301197052 0.08427155017852783
0.18439167737960815 0.22461998462677002 0.18035966157913208
0.1272023618221283 0.18742191791534424 0.10709738731384277
0.0 0.26746147871017456 0.0
0.0 0.3099040985107422 0.0
0.08202431350946426 0.2471224069595337 0.0
0.11167704313993454 0.09190723299980164 0.0
0.013882964849472046 0.1521815061569214 0.0
0.0 0.10229277610778809 0.0
0.0 0.0 0.0
0.0 0.012693464756011963 0.0
0.0 0.058568716049194336 0.0
0.0 0.02650311589241028 0.0
0.0 0.04960256814956665 0.0
0.0 0.0477985143661499 0.0
0.0 0.030519485473632812 0.0
0.0 0.043404966592788696 0.0
0.0 0.04197549819946289 0.0
0.019228465855121613 0.0006472766399383545 0.005938708782196045
0.0 0.018011480569839478 0.02233433723449707
0.0 0.03165513277053833 0.003917515277862549
0.041743919253349304 0.027819573879241943 0.0
0.05053432285785675 0.033645421266555786 0.01927560567855835
0.05122985690832138 0.029000312089920044 0.047767698764801025
0.04581281542778015 0.014256328344345093 0.05205810070037842
0.007200971245765686 0.021444231271743774 0.02892237901687622
0.0 0.028707653284072876 0.025682449340820312
0.027462609112262726 0.021270722150802612 0.026477396488189697
0.016134850680828094 0.03913670778274536 0.02464395761489868
0.02565819025039673 0.0247805118560791 0.0
0.004440151154994965 0.029010742902755737 0.0
0.0 0.018701493740081787 0.0
0.0 0.02104446291923523 0.0
0.00705525279045105 0.030769526958465576 0.0
0.02547255903482437 0.01654931902885437 0.002460956573486328
0.0 0.02442285418510437 0.0009437203407287598
0.0 0.023474663496017456 0.012952446937561035
0.0 0.017218053340911865 0.004795372486114502
0.0 0.02431049942970276 0.0
0.004817463457584381 0.03040093183517456 0.0
0.01073138415813446 0.019656121730804443 0.0
0.0 0.01884138584136963 0.0
0.0 0.01926124095916748 0.0
0.0 0.02740621566772461 0.0
0.0 0.029818713665008545 0.0013289451599121094
0.016372889280319214 0.021797269582748413 0.0
0.0 0.015574485063552856 0.008537769317626953
0.0 0.017647773027420044 0.008101463317871094
0.0017871260643005371 0.01260104775428772 0.011562168598175049
0.005785606801509857 0.024990826845169067 0.025350630283355713
0.027312710881233215 0.017163366079330444 0.016740381717681885
0.03409276157617569 0.02387106418609619 0.008363842964172363
0.03685116022825241 0.016849279403686523 0.038564443588256836
0.0 0.0018042027950286865 0.0
0.0 0.028869032859802246 0.0
0.0 0.06710484623908997 0.0
0.010591693222522736 0.023461371660232544 0.0
0.03412085771560669 0.04555127024650574 0.03735911846160889
