0.04055991768836975 0.07482767105102539 0.02169501781463623
0.06030476093292236 0.04121369123458862 0.0003427863121032715
0.04172646999359131 0.015595197677612305 0.0
0.032996661961078644 0.01708853244781494 0.0
0.017177686095237732 0.009228944778442383 0.0
0.0 0.0 0.0
0.0 0.0 0.0
0.0 0.0 0.0
0.0 0.008851081132888794 0.0
0.0 0.0 0.02253437042236328
0.0 0.0 0.03725820779800415
0.0 0.0 0.04724329710006714
0.0 0.0 0.047370076179504395
0.0 0.0 0.06845104694366455
0.0 0.010081201791763306 0.05848193168640137
0.0 0.021560966968536377 0.037311553955078125
0.0 0.021002113819122314 0.04493504762649536
0.0 0.03555065393447876 0.0464211106300354
0.0 0.02958667278289795 0.01652836799621582
0.0 0.01808685064315796 0.001911938190460205
0.0 0.025035738945007324 0.011931538581848145
0.010097667574882507 0.013511419296264648 0.0
0.0 0.0029329657554626465 0.0008908510208129883
0.0 0.010719776153564453 0.010959029197692871
0.0 0.01800978183746338 0.007976531982421875
0.0 0.021873056888580322 0.008065462112426758
0.0 0.011935710906982422 0.015206098556518555
0.0 0.01703643798828125 0.029464125633239746
0.0 0.025228261947631836 0.03364741802215576
0.0 0.017074406147003174 0.021158277988433838
0.0 0.00587695837020874 0.008342146873474121
0.0 0.0 0.011765658855438232
0.0 0.0 0.004611849784851074
0.0 0.0 0.0
0.0 0.008316457271575928 0.0
0.0 0.0 0.0
0.0 0.0 0.0
0.0 0.007070183753967285 0.0027707815170288086
0.0 0.010771512985229492 0.0012043118476867676
0.0 0.007868051528930664 0.001526474952697754
0.0 0.008954107761383057 0.0
0.0 0.004302382469177246 0.0
0.0 0.0008646845817565918 0.011644423007965088
0.0 0.0 0.0030899643898010254
0.0 0.012554526329040527 0.021018028259277344
0.0 0.0 0.0
0.0 0.0 0.02810823917388916
0.0 0.00490182638168335 0.02424246072769165
0.0 0.00301322340965271 0.028568685054779053
0.0 0.0031402409076690674 0.01797729730606079
0.0 0.018896818161010742 0.007059574127197266
0.0 0.007358908653259277 0.0
0.0 0.016867607831954956 0.024692058563232422
0.0 0.04121425747871399 0.0
0.0 0.04419386386871338 0.0
0.0 0.1172018051147461 0.0
0.493899405002594 0.07274407148361206 0.0
0.08708255738019943 0.0 0.026024818420410156
0.04135436564683914 0.006468594074249268 0.0
0.0 0.015074014663696289 0.0
0.002463221549987793 0.023591667413711548 0.0
0.011392384767532349 0.011829286813735962 0.0
0.004106655716896057 0.01798960566520691 0.0
0.002787180244922638 0.008425503969192505 0.0
0.0 0.01227182149887085 0.011908352375030518
0.0 0.020070552825927734 0.00790417194366455
0.0 0.026663988828659058 0.011812388896942139
0.0 0.016814768314361572 0.02927154302597046
0.0 0.012898117303848267 0.012870609760284424
0.0 0.011821329593658447 0.007901251316070557
0.0 0.0015155971050262451 0.012200593948364258
0.0 0.016807854175567627 0.017192721366882324
0.0 0.011448293924331665 0.012292087078094482
0.0 0.01261293888092041 0.011300086975097656
0.0 0.0170651376247406 0.0
0.0 0.01031351089477539 0.00989377498626709
0.0 0.013841778039932251 0.009070098400115967
0.0 0.010350644588470459 0.00048673152923583984
0.0 0.052324920892715454 0.003384411334991455
0.003222040832042694 0.040149986743927 0.0003291964530944824
0.04982501268386841 0.0 0.0
0.0022580325603485107 0.00835949182510376 0.02165764570236206
0.0 0.018728673458099365 0.008432924747467041
0.003197029232978821 0.010644972324371338 0.0
0.004703953862190247 0.010675877332687378 0.0
0.0 0.01253807544708252 0.0
0.0 0.014910459518432617 0.0
0.0 0.01684364676475525 0.0004616975784301758
0.0 0.015568464994430542 0.0002117156982421875
0.0 0.006512999534606934 0.01380014419555664
0.0 0.01205095648765564 0.012899458408355713
0.0 0.012062668800354004 0.007048249244689941
0.0 0.015583276748657227 0.011058032512664795
0.0 0.014187395572662354 0.0146370530128479
0.0 0.013897538185119629 0.010761380195617676
0.0 0.008315980434417725 0.007962226867675781
0.0 0.0038374662399291992 0.005834460258483887
0.0 0.011350005865097046 0.0
0.0 0.010207384824752808 0.0
0.0 0.009757757186889648 0.0
0.0 0.014065027236938477 0.0
0.0 0.010207980871200562 0.005119621753692627
0.0 0.008344799280166626 0.0
0.0 0.0018131732940673828 0.0020999908447265625
0.0 0.00412479043006897 0.010135054588317871
0.0 0.006629854440689087 0.01663309335708618
0.0 0.008272379636764526 0.012268781661987305
0.0 0.010511666536331177 0.011713087558746338
0.0 0.013271570205688477 0.0036292672157287598
0.0 0.010410130023956299 0.0012292861938476562
0.0 0.01011684536933899 0.0018582940101623535
0.0 0.010910570621490479 0.0
0.0 0.005587935447692871 0.0
0.0 0.004688441753387451 0.0
0.0 0.006455957889556885 0.0082474946975708
0.002565436065196991 0.010705649852752686 0.015839099884033203
0.0 0.013055920600891113 0.013294458389282227
0.006311789155006409 0.010821700096130371 0.015190541744232178
0.002059340476989746 0.013309299945831299 0.008724570274353027
0.002221614122390747 0.012309491634368896 0.009188413619995117
0.005362085998058319 0.014267295598983765 0.006809711456298828
0.002078108489513397 0.013355672359466553 0.002492368221282959
0.0 0.010368913412094116 0.0
0.0 0.004126250743865967 0.0
0.0 0.0032729506492614746 0.003380417823791504
0.0 0.005942344665527344 0.005335390567779541
0.0 0.006361514329910278 0.004297196865081787
0.0 0.006678342819213867 0.0023682713508605957
0.0 0.005907505750656128 0.003168046474456787
0.0 0.01095232367515564 0.005801677703857422
0.0 0.009595364332199097 0.0019534826278686523
0.0 0.007717311382293701 0.005364358425140381
0.0 0.0075518786907196045 0.00460892915725708
0.0 0.00468096137046814 0.0027595162391662598
0.0 0.009204119443893433 0.0037303566932678223
0.0032562613487243652 0.013274073600769043 0.004187524318695068
0.002452276647090912 0.012844681739807129 0.0027338266372680664
0.0 0.0131283700466156 0.0008435249328613281
0.0 0.011324077844619751 0.00017595291137695312
0.0 0.008759945631027222 0.0031756162643432617
0.0 0.005326002836227417 0.003138899803161621
0.0 0.0026639997959136963 0.004961371421813965
0.0 0.005055278539657593 0.006503701210021973
0.0 0.010512769222259521 0.0042955875396728516
0.0 0.010278254747390747 0.005605816841125488
0.0002621263265609741 0.007910460233688354 0.00989532470703125
0.0 0.00754198431968689 0.011861622333526611
0.0005043074488639832 0.007628023624420166 0.009304285049438477
0.0016307681798934937 0.007889479398727417 0.01096731424331665
0.0 0.008049368858337402 0.005282700061798096
0.0 0.007565140724182129 0.004540205001831055
0.0 0.005531668663024902 0.001340627670288086
0.0 0.005092799663543701 0.0013159513473510742
0.0 0.008408457040786743 0.0017566084861755371
0.0 0.010862112045288086 0.0
0.0 0.007527798414230347 0.0
0.0 0.007269471883773804 0.0024576187133789062
0.0 0.005546152591705322 0.00561290979385376
0.0004794374108314514 0.007109969854354858 0.008871972560882568
0.0 0.008832573890686035 0.006592869758605957
0.0 0.008582919836044312 0.003673851490020752
0.0 0.009737461805343628 0.0023360848426818848
0.0004858449101448059 0.010782510042190552 0.002772390842437744
0.0033627748489379883 0.012712568044662476 0.005368173122406006
0.0 0.007694900035858154 0.0046083927154541016
0.0 0.0018633902072906494 0.0037537813186645508
0.0 0.0 0.003409147262573242
0.0 0.0042321085929870605 0.005123794078826904
0.0 0.011212527751922607 0.007862210273742676
0.0021930336952209473 0.012077361345291138 0.007189750671386719
0.0021919459104537964 0.010289818048477173 0.00792163610458374
0.00033180415630340576 0.010596930980682373 0.008711099624633789
0.0 0.012845665216445923 0.004349350929260254
0.0 0.01232042908668518 0.0
0.0 0.008790314197540283 0.0
0.0 0.0013138055801391602 0.003537416458129883
0.0 0.0 0.008111417293548584
0.0 0.0 0.008827805519104004
0.0 0.001258939504623413 0.01426398754119873
0.0 0.006006151437759399 0.012497425079345703
0.0 0.00842440128326416 0.014246761798858643
0.0 0.013666808605194092 0.0095597505569458
0.0006453618407249451 0.014753133058547974 0.011445760726928711
0.0016839206218719482 0.012333273887634277 0.003312349319458008
0.0 0.007538914680480957 0.0
0.0002989470958709717 0.003392934799194336 0.0
0.0 0.004640519618988037 0.0
0.0 0.004843592643737793 0.0
0.0 0.009802103042602539 0.0
0.0 0.008800506591796875 0.0008004903793334961
0.0 0.0063201189041137695 0.006034970283508301
0.0 0.0037640929222106934 0.006097197532653809
0.0 0.0030058324337005615 0.008848786354064941
0.0 0.002305954694747925 0.007115185260772705
0.0 0.00734400749206543 0.005995273590087891
0.0041322261095047 0.011161595582962036 0.008336305618286133
0.006723850965499878 0.013133823871612549 0.01007002592086792
0.006741836667060852 0.013811200857162476 0.009744763374328613
0.000657103955745697 0.010359495878219604 0.004708051681518555
0.0 0.006465286016464233 0.0
0.0 0.007963895797729492 0.0
0.0 0.0044196248054504395 0.0010693669319152832
0.0 0.004967808723449707 0.003314077854156494
0.0 0.003392130136489868 0.0029096007347106934
0.0 0.0027227401733398438 0.008122920989990234
0.0 0.006074875593185425 0.007554113864898682
0.0 0.006073415279388428 0.010715007781982422
0.0 0.0072453320026397705 0.008104264736175537
0.0 0.002354443073272705 0.0056496262550354
0.0 0.0016909241676330566 0.005896210670471191
0.0016414746642112732 0.00278666615486145 0.007518351078033447
0.0013451650738716125 0.007516622543334961 0.0038132071495056152
0.004246920347213745 0.00862663984298706 0.007554054260253906
0.004745654761791229 0.013170868158340454 0.004746615886688232
0.0017203539609909058 0.011824816465377808 0.004008650779724121
0.0013279169797897339 0.010165423154830933 0.003933131694793701
0.0 0.008235067129135132 0.0028728842735290527
0.0 0.006168663501739502 0.0027205944061279297
0.00011993199586868286 0.0070993900299072266 0.0040549635887146
0.0 0.006964892148971558 0.00369870662689209
0.0 0.005880564451217651 0.0009534358978271484
0.0 0.004049807786941528 0.0021718740463256836
0.0 0.004420250654220581 0.003364264965057373
0.0 0.006318777799606323 0.006390631198883057
0.0 0.004007697105407715 0.005571544170379639
0.0 0.0045430660247802734 0.005742251873016357
0.0 0.004278093576431274 0.00754779577255249
0.0 0.005357623100280762 0.00732654333114624
0.001842983067035675 0.008775651454925537 0.008746147155761719
0.0028488188982009888 0.009709566831588745 0.00355374813079834
0.0 0.008118391036987305 0.007177174091339111
0.0 0.005667984485626221 0.0038806796073913574
0.0 0.007057785987854004 0.007822871208190918
0.00043313950300216675 0.007607907056808472 0.006563842296600342
0.0 0.0060623884201049805 0.006651878356933594
0.0 0.004994302988052368 0.0025910139083862305
0.0 0.0030382275581359863 0.00588458776473999
0.0 0.004550546407699585 0.0005870461463928223
0.0 0.0043831467628479 0.0
0.00019183754920959473 0.005385994911193848 0.0028647184371948242
0.0025362521409988403 0.007957011461257935 0.0067983269691467285
0.002001255750656128 0.010733097791671753 0.007279872894287109
0.000496208667755127 0.007887005805969238 0.011346399784088135
0.0 0.006036520004272461 0.010780394077301025
0.0 0.007655590772628784 0.006966233253479004
0.0011659115552902222 0.00821298360824585 0.006946742534637451
0.00287773460149765 0.006981998682022095 0.0055408477783203125
0.0006384849548339844 0.0048704445362091064 0.00397491455078125
0.0 0.0023400485515594482 0.004690289497375488
0.0 0.0033173859119415283 0.005490779876708984
0.0 0.0035660266876220703 0.004306316375732422
0.00018453598022460938 0.0065035223960876465 0.005877494812011719
0.0 0.005656033754348755 0.006357550621032715
0.0 0.004477381706237793 0.0033533573150634766
0.0 0.005303025245666504 0.004088640213012695
0.0 0.009372025728225708 0.002418041229248047
0.00029271095991134644 0.008966624736785889 0.0036154985427856445
0.0007317513227462769 0.00886756181716919 0.0059397220611572266
0.0 0.0052430033683776855 0.005993664264678955
0.0 0.004585325717926025 0.005269110202789307
0.002247847616672516 0.006390810012817383 0.005852758884429932
0.0 0.009141713380813599 0.0008533596992492676
0.0021380260586738586 0.00657278299331665 0.002633988857269287
0.0015693604946136475 0.005875200033187866 0.004920601844787598
0.0 0.005589991807937622 0.003489255905151367
0.0 0.003268420696258545 0.0046201348304748535
0.0 0.005735278129577637 0.004266679286956787
0.0 0.005545079708099365 0.007619082927703857
0.0 0.003861546516418457 0.008740782737731934
0.0 0.00498431921005249 0.006404101848602295
0.0 0.006228357553482056 0.006491184234619141
0.00046387314796447754 0.007814019918441772 0.0074811577796936035
0.001501128077507019 0.009313821792602539 0.005351722240447998
0.00329570472240448 0.006507426500320435 0.010983765125274658
0.004175879061222076 0.004929453134536743 0.00802755355834961
0.000983208417892456 0.009306937456130981 0.0055373311042785645
0.0 0.01226016879081726 0.005132615566253662
0.0035810917615890503 0.006297498941421509 0.005973756313323975
0.0 0.006904572248458862 0.0018467903137207031
0.0 0.002827674150466919 0.0027231574058532715
0.0 0.0009346604347229004 0.0008806586265563965
0.0 0.004477560520172119 0.004210531711578369
0.001065187156200409 0.006710618734359741 0.005837678909301758
0.0 0.007413536310195923 0.003702521324157715
0.0 0.008351802825927734 0.004734218120574951
0.000395849347114563 0.008968889713287354 0.009210586547851562
0.004742614924907684 0.007817566394805908 0.010430634021759033
0.002238526940345764 0.006836354732513428 0.006195724010467529
0.0 0.0065277814865112305 0.004343569278717041
0.0 0.007351487874984741 0.0034338831901550293
0.0 0.008870720863342285 0.0027220845222473145
0.005713634192943573 0.0080985426902771 0.0045975446701049805
0.003430888056755066 0.006270170211791992 0.005884230136871338
0.0 0.004783064126968384 0.005426287651062012
0.0 0.0010630488395690918 0.008540511131286621
0.0 0.0013172030448913574 0.007986783981323242
0.0 0.00433272123336792 0.005214095115661621
0.0 0.006754100322723389 0.0037467479705810547
0.0 0.00750163197517395 0.00536423921585083
0.0037802159786224365 0.00658869743347168 0.00498509407043457
0.0 0.005231201648712158 0.00027811527252197266
0.0 0.0022139251232147217 0.002138495445251465
0.0 0.006530344486236572 0.007584095001220703
0.004448361694812775 0.0 0.010120213031768799
0.0 0.0 0.008992910385131836
0.0 0.009925544261932373 0.004112064838409424
0.0004923492670059204 0.013997197151184082 0.002054274082183838
0.0021753832697868347 0.011265367269515991 0.005731821060180664
0.0036139190196990967 0.005546629428863525 0.001730203628540039
0.0 0.006760656833648682 0.0030645132064819336
0.0 0.008490681648254395 0.0028719305992126465
0.002544872462749481 0.005645185708999634 0.0028612613677978516
0.0 0.004838049411773682 0.0051847100257873535
0.0016663074493408203 0.0067487359046936035 0.007218539714813232
0.0008730590343475342 0.00948670506477356 0.009459733963012695
0.0031596794724464417 0.004610300064086914 0.01398378610610962
0.001969762146472931 0.0058119893074035645 0.014956474304199219
0.0 0.008550256490707397 0.009725511074066162
0.0 0.008956491947174072 0.00888139009475708
0.0 0.004413306713104248 0.009205102920532227
0.0 0.0022067129611968994 0.0024102330207824707
0.0 0.001459568738937378 0.0
0.0 0.003156721591949463 0.0
0.0 0.005568414926528931 0.0
0.0014966577291488647 0.007584363222122192 0.0014587640762329102
0.001980505883693695 0.010290831327438354 0.0035042166709899902
0.0006624460220336914 0.008327782154083252 0.008305847644805908
0.0005687028169631958 0.006596595048904419 0.011939644813537598
0.0012507438659667969 0.006375819444656372 0.014164566993713379
0.0 0.0077745020389556885 0.010127246379852295
0.0 0.005111068487167358 0.006978750228881836
0.0 0.0074457526206970215 0.006600737571716309
0.0 0.00552600622177124 0.001924276351928711
0.0012663975358009338 0.005354076623916626 0.0036698579788208008
0.0014543980360031128 0.0032150447368621826 0.003498256206512451
0.0 0.0022651851177215576 0.0023027658462524414
0.0 0.00011166930198669434 0.006653010845184326
0.0 0.0045791566371917725 0.00553286075592041
0.0 0.007629483938217163 0.0018528103828430176
0.0003429800271987915 0.006646305322647095 0.008186936378479004
0.0 0.004923313856124878 0.008369922637939453
0.0 0.006003826856613159 0.005633294582366943
0.0 0.005478113889694214 0.007694065570831299
0.0023100972175598145 0.008468657732009888 0.005892693996429443
0.0008604899048805237 0.010736972093582153 0.004136979579925537
0.0023001879453659058 0.00523144006729126 0.005539000034332275
0.0 0.004035651683807373 0.009306132793426514
0.0 0.007321864366531372 0.004000723361968994
0.0 0.007477909326553345 0.002805173397064209
0.0 0.005950748920440674 0.00028020143508911133
0.0 0.007748395204544067 0.002269566059112549
0.0012877359986305237 0.0026381611824035645 0.005807340145111084
0.0 0.0028913915157318115 0.00338900089263916
0.0 0.004332184791564941 0.0042372941970825195
0.0 0.0030785202980041504 0.008948922157287598
0.001831836998462677 0.006999224424362183 0.01113516092300415
0.0007301568984985352 0.009860455989837646 0.009167134761810303
0.0060691237449646 0.008941411972045898 0.008765339851379395
0.005992867052555084 0.006970822811126709 0.011485755443572998
0.000690065324306488 0.008609771728515625 0.006500720977783203
0.0 0.0030091702938079834 0.0
0.0 0.006557077169418335 0.0
0.0 0.0087432861328125 0.001431882381439209
0.0 0.0036425888538360596 0.002682805061340332
0.0 0.004532068967819214 0.002652466297149658
0.0 0.003349393606185913 0.004377007484436035
0.0 0.004571020603179932 0.006330966949462891
0.0 0.0032490789890289307 0.007888615131378174
0.0 0.00518915057182312 0.004555344581604004
0.0 0.0063047707080841064 0.0061872005462646484
0.00569944828748703 0.008468955755233765 0.0060179829597473145
0.002008378505706787 0.008600950241088867 0.003414332866668701
0.0 0.004107743501663208 0.007108330726623535
0.0022852569818496704 0.0034741759300231934 0.009741485118865967
0.004054255783557892 0.006150484085083008 0.008106708526611328
0.0037644505500793457 0.00905582308769226 0.005758821964263916
0.0017607510089874268 0.00837203860282898 0.006118834018707275
0.0 0.007671058177947998 0.007104933261871338
0.0 0.0037296712398529053 0.005412280559539795
0.0 0.0019826292991638184 0.0059272050857543945
0.0 0.002293914556503296 0.004900336265563965
0.0 0.004283934831619263 0.004631459712982178
0.0 0.0013665258884429932 0.00325697660446167
0.0 0.0002931356430053711 0.006340384483337402
0.0 0.004600584506988525 0.011838018894195557
0.0 0.006970614194869995 0.008368432521820068
0.0 0.0013602375984191895 0.011551976203918457
0.005935922265052795 0.00802585482597351 0.0039389729499816895
0.054751038551330566 0.02276870608329773 0.0
0.06866505742073059 0.03922295570373535 0.0
0.12868085503578186 0.06641459465026855 0.0
0.1817454993724823 0.12885555624961853 0.0
0.23783767223358154 0.158017098903656 0.0
0.19173133373260498 0.19885408878326416 0.0
0.203664630651474 0.2281244397163391 0.0
0.20689621567726135 0.14330846071243286 0.0
0.20043522119522095 0.09330838918685913 0.0
0.1771984100341797 0.1259397268295288 0.0
0.08901536464691162 0.16424453258514404 0.0
0.03945702314376831 0.24920064210891724 0.0
0.0 0.2547479271888733 0.0
0.0 0.39645063877105713 0.0
0.0 0.29603248834609985 0.0
0.0 0.07753276824951172 0.0
0.0 0.0 0.04110383987426758
0.0 0.13953512907028198 0.22606301307678223
0.0 0.0952458381652832 0.2480146884918213
0.0 0.18270504474639893 0.2924213409423828
0.0 0.22186869382858276 0.26744937896728516
0.0 0.23852777481079102 0.23173409700393677
0.0 0.1791456937789917 0.1695117950439453
0.0 0.16996866464614868 0.15736019611358643
0.0 0.16951531171798706 0.20094430446624756
0.0 0.2118457555770874 0.2691608667373657
0.0 0.20734935998916626 0.3115537166595459
0.0 0.2515994906425476 0.3045237064361572
0.0 0.2744300961494446 0.28614747524261475
0.0 0.29234105348587036 0.23754143714904785
0.0 0.3409469723701477 0.24260032176971436
0.0 0.3139418959617615 0.23989498615264893
0.0 0.30381864309310913 0.26164281368255615
0.0 0.2872089743614197 0.2889719009399414
0.0 0.30445700883865356 0.31346315145492554
0.0 0.30073434114456177 0.3418422341346741
0.0 0.33655238151550293 0.3499990701675415
0.0 0.3555416464805603 0.2679727077484131
0.01389940083026886 0.3190625309944153 0.22841346263885498
0.0 0.32406753301620483 0.21533876657485962
0.0 0.2590939402580261 0.21990561485290527
0.0 0.28405117988586426 0.2092236876487732
0.0 0.3537343144416809 0.15384095907211304
0.09905131161212921 0.3022388219833374 0.10159265995025635
0.12243559956550598 0.2182525396347046 0.07226896286010742
0.04283708333969116 0.19991832971572876 0.0
0.044461414217948914 0.13607704639434814 0.0
0.03775947540998459 0.14063423871994019 0.0
0.0 0.117889404296875 0.0
0.0 0.11889573931694031 0.0
0.0 0.13040801882743835 0.0
0.015192685648798943 0.1278599500656128 0.0
0.02435356006026268 0.10087871551513672 0.0
0.01569041796028614 0.06915619969367981 0.0
0.0 0.039588481187820435 0.0
0.0 0.0322093665599823 0.0
0.0 0.030410677194595337 0.0
0.0 0.025609463453292847 0.0
0.0 0.02809968590736389 0.0
0.0 0.01970958709716797 0.0
0.0 0.020994514226913452 0.0
0.0 0.014454692602157593 0.013832271099090576
0.0 0.020199626684188843 0.035354673862457275
0.015658218413591385 0.011252760887145996 0.036085546016693115
0.006355643272399902 0.00992274284362793 0.03866320848464966
0.00022330880165100098 0.003367006778717041 0.0352400541305542
0.007424548268318176 0.006557285785675049 0.026984333992004395
0.010852180421352386 0.013060659170150757 0.020984411239624023
0.013618342578411102 0.010224342346191406 0.01594632863998413
0.0 0.005106866359710693 0.012852489948272705
0.0 0.002496480941772461 0.002476811408996582
0.0002975091338157654 0.0038733482360839844 0.005659878253936768
0.0069917961955070496 0.004547685384750366 0.008889436721801758
0.0 0.003456324338912964 0.00287020206451416
0.0 0.0033352673053741455 0.004611670970916748
0.0020250603556632996 0.006914407014846802 0.010574579238891602
0.0 0.007491588592529297 0.011707007884979248
0.0 0.013386636972427368 0.010219395160675049
0.0 0.009200721979141235 0.004853546619415283
0.0 0.009671568870544434 0.0
0.0 0.010278016328811646 0.0021499991416931152
0.0 0.011069834232330322 0.0020471811294555664
0.0023164302110671997 0.009178340435028076 0.0004762411117553711
0.0 0.010289967060089111 0.0
0.0 0.006964892148971558 0.0
0.00247308611869812 0.008511722087860107 0.00505143404006958
0.0023921430110931396 0.011804550886154175 0.011194944381713867
0.0 0.006741255521774292 0.01076972484588623
0.0 0.0044429004192352295 0.010578036308288574
0.0 0.011379003524780273 0.008221089839935303
0.0 0.00785982608795166 0.005080521106719971
0.0 0.00692632794380188 0.0057299137115478516
0.0 0.007149696350097656 0.002779066562652588
0.0 0.006126046180725098 0.0
0.0 0.008727312088012695 0.0
0.0 0.008727341890335083 0.0
0.0 0.008555293083190918 0.0006886720657348633
0.003506496548652649 0.0086459219455719 0.0012047290802001953
0.0024671703577041626 0.005856305360794067 0.004644870758056641
0.0 0.003497004508972168 0.010856986045837402
0.0 0.0066384971141815186 0.010441899299621582
0.000647619366645813 0.006660580635070801 0.011072397232055664
0.005023092031478882 0.00998726487159729 0.007717132568359375
0.0 0.009630709886550903 0.006635546684265137
0.0 0.009066343307495117 0.0017600655555725098
0.0 0.01070314645767212 0.0
0.0026448294520378113 0.013053715229034424 0.0
0.0046557411551475525 0.015437126159667969 0.0
0.0 0.010054975748062134 0.0
0.0 0.008572816848754883 0.0
0.0022089481353759766 0.009089052677154541 0.004174947738647461
0.0007838234305381775 0.00619053840637207 0.010537028312683105
0.0 0.003367125988006592 0.018420815467834473
0.0 0.003092169761657715 0.02242100238800049
0.0 0.006745964288711548 0.016860604286193848
0.0 0.0037620961666107178 0.014137625694274902
0.0 0.002308398485183716 0.013739943504333496
0.0 0.006483644247055054 0.010710954666137695
0.00031228363513946533 0.004911631345748901 0.006382286548614502
0.0 0.00566139817237854 0.002574324607849121
0.0 0.004924893379211426 0.0
0.0 0.010425686836242676 0.0
0.000681951642036438 0.011009693145751953 0.0
0.0 0.00854906439781189 0.0
0.0 0.005746722221374512 0.0
0.0 0.003427654504776001 0.0
0.0 0.00483173131942749 0.001404404640197754
0.0 0.006099075078964233 0.006047487258911133
0.0 0.0071988701820373535 0.00824129581451416
0.0 0.008508473634719849 0.006381392478942871
0.0 0.008488446474075317 0.006283938884735107
0.0 0.008927881717681885 0.00358736515045166
0.0 0.006881594657897949 0.002062678337097168
0.0 0.005713999271392822 0.001073002815246582
0.0 0.004990249872207642 0.0008324384689331055
0.0 0.007102847099304199 0.0004265904426574707
0.0030640512704849243 0.007595092058181763 0.0027418136596679688
0.0037075281143188477 0.009282022714614868 0.0037525296211242676
0.0 0.008877724409103394 0.008276224136352539
0.0 0.009364008903503418 0.009326457977294922
0.0 0.011522531509399414 0.007508039474487305
0.0019074603915214539 0.013229966163635254 0.006546616554260254
0.002771615982055664 0.010953128337860107 0.009884893894195557
0.0015099197626113892 0.010846972465515137 0.008133292198181152
0.0 0.008143573999404907 0.0031874775886535645
0.0 0.0049263834953308105 0.0
0.0 0.003928124904632568 0.0023074746131896973
0.0 0.0026189088821411133 0.007273674011230469
0.0 0.002197444438934326 0.007884621620178223
0.0 0.0 0.009681165218353271
0.0 0.002228975296020508 0.012208342552185059
0.0020914599299430847 0.006623804569244385 0.016543805599212646
0.005745813250541687 0.010300159454345703 0.019716262817382812
0.014895506203174591 0.01779395341873169 0.015484094619750977
0.06270722299814224 0.04384303092956543 0.0
0.06661131978034973 0.08570647239685059 0.0
0.09624046087265015 0.089327871799469 0.0
0.14853253960609436 0.10454022884368896 0.0
0.144708514213562 0.11565092206001282 0.0
0.1600048542022705 0.14433202147483826 0.0
0.14336930215358734 0.15522420406341553 0.0
0.11991101503372192 0.1458052098751068 0.0
0.09931136667728424 0.10455715656280518 0.0
0.050310343503952026 0.08101946115493774 0.0
0.008184105157852173 0.06135866045951843 0.0
0.0 0.028489679098129272 0.0
0.0 0.004670619964599609 0.0
0.0 0.0 0.0
0.0 0.0 0.015307307243347168
0.0 0.0 0.028830230236053467
0.0 0.0 0.04231405258178711
0.0 0.0 0.05340230464935303
0.0 0.0 0.060143232345581055
0.0 0.0 0.07541483640670776
0.0 0.0 0.08948636054992676
0.0 0.0 0.08858519792556763
0.0 0.0 0.08164042234420776
0.0 0.0 0.07584792375564575
0.0 0.0 0.07243305444717407
0.0 0.0 0.05950367450714111
0.0 0.0 0.0640265941619873
0.0 0.007757991552352905 0.048927903175354004
0.0 0.024971455335617065 0.03363555669784546
0.0 0.058521777391433716 0.0221250057220459
0.0 0.07850438356399536 0.01474684476852417
0.0 0.059472084045410156 0.006438195705413818
0.0 0.06236982345581055 0.007259368896484375
0.0 0.08014142513275146 0.0060086846351623535
0.017008379101753235 0.07844117283821106 0.0071593523025512695
0.012380890548229218 0.07296812534332275 0.0013339519500732422
0.03732047975063324 0.08150094747543335 0.005209565162658691
0.04763808846473694 0.08858180046081543 0.0037502050399780273
0.08582717180252075 0.0907764732837677 0.004119455814361572
0.09608453512191772 0.09690225124359131 0.0
0.09071439504623413 0.10080304741859436 0.0
0.11216220259666443 0.10781344771385193 0.0
0.14245477318763733 0.1159205436706543 0.0
0.16283120214939117 0.120307058095932 0.0
0.16760769486427307 0.12337222695350647 0.0
0.1556534767150879 0.12335053086280823 0.0
0.11250649392604828 0.12880545854568481 0.0
0.07654625177383423 0.11530730128288269 0.0
0.09472590684890747 0.08851787447929382 0.0
0.10417477041482925 0.07662108540534973 0.0
0.09241649508476257 0.07940638065338135 0.0
0.08794163167476654 0.0847519040107727 0.0
0.05308402329683304 0.0797751247882843 0.0
0.013318374752998352 0.078512042760849 0.0
0.03508661687374115 0.08040794730186462 0.0
0.05034193396568298 0.0821773111820221 0.0
0.02490215003490448 0.0816279947757721 0.0
0.0 0.05505266785621643 0.0
0.0 0.034295856952667236 0.0
0.0 0.026504069566726685 0.0
0.0 0.042027443647384644 0.010225296020507812
0.0 0.05066606402397156 0.014324963092803955
0.0 0.033370643854141235 0.0
0.0 0.018348902463912964 0.009357452392578125
0.0 0.02721896767616272 0.010933637619018555
0.0 0.023202598094940186 0.01947551965713501
0.0 0.0 0.017324209213256836
0.0 0.0 0.013993024826049805
0.0 0.0 0.024715721607208252
0.0 0.0 0.035519421100616455
0.0 0.0 0.054995059967041016
0.0 0.0 0.06140488386154175
0.0 0.0 0.08229231834411621
0.0 0.0 0.07897031307220459
0.0 0.0 0.07642656564712524
0.0 0.0 0.07318562269210815
0.0 0.0 0.06898099184036255
0.0 0.0 0.07002627849578857
0.0 0.0 0.06766152381896973
0.0 0.0005798637866973877 0.0649532675743103
0.0 0.0037865042686462402 0.06412672996520996
0.0 0.02434539794921875 0.0549197793006897
0.0 0.02516913414001465 0.0477597713470459
0.0 0.04634097218513489 0.03714030981063843
0.0 0.0603463351726532 0.030039310455322266
0.0 0.06739494204521179 0.013765573501586914
0.0 0.06641814112663269 0.010829627513885498
0.017733052372932434 0.0797797441482544 0.0
0.023067966103553772 0.1023029088973999 0.0
0.04211832582950592 0.11037060618400574 0.0
0.09591994434595108 0.1104746162891388 0.0
0.11897391080856323 0.11602210998535156 0.0
0.13212746381759644 0.1161106526851654 0.0
0.1351575255393982 0.12380272150039673 0.0
0.14219479262828827 0.12851864099502563 0.0
0.1640489548444748 0.13026946783065796 0.0
0.17084456980228424 0.1237325370311737 0.0
0.1539555937051773 0.11922389268875122 0.0
0.10537441074848175 0.1113305389881134 0.0
0.058711133897304535 0.09669038653373718 0.0
0.0701097846031189 0.08614116907119751 0.0
0.06549197435379028 0.06251025199890137 0.0
0.053701892495155334 0.05130717158317566 0.0
0.03655602037906647 0.031881123781204224 0.0019272565841674805
0.006558932363986969 0.023747175931930542 0.008094727993011475
0.0026917606592178345 0.021664351224899292 0.02384018898010254
0.001664876937866211 0.008689820766448975 0.026514768600463867
0.0 0.015585392713546753 0.02206110954284668
0.0 0.019556522369384766 0.015626072883605957
0.0 0.018473178148269653 0.001922011375427246
0.0 0.0029414594173431396 0.0
0.01692834496498108 0.006473422050476074 0.0
0.05203580856323242 0.03693956136703491 0.0
0.051018670201301575 0.07356268167495728 0.0
0.05421483516693115 0.0811801552772522 0.0
0.04319146275520325 0.07792961597442627 0.0
0.027072012424468994 0.10634782910346985 0.0
0.04088678956031799 0.0631977915763855 0.0
0.0 0.02802148461341858 0.0
0.0 0.01695626974105835 0.0
0.0 0.0 0.023175477981567383
0.0 0.0 0.027828097343444824
0.0 0.0 0.03805887699127197
0.0 0.0 0.03767019510269165
0.0 0.0 0.04961133003234863
0.0 0.0 0.04653745889663696
0.0 0.0 0.04712545871734619
0.0 0.0 0.04647022485733032
0.0 0.0 0.0390775203704834
0.0 0.0 0.03973376750946045
0.0 0.0 0.05049121379852295
0.0 0.0 0.06892865896224976
0.0 0.0 0.07441991567611694
0.0 0.0 0.06280839443206787
0.0 0.002848982810974121 0.07182091474533081
0.0 0.014944136142730713 0.07128846645355225
0.0 0.019495129585266113 0.06518441438674927
0.0 0.04461026191711426 0.06338739395141602
0.0 0.07124602794647217 0.05621349811553955
0.0 0.093035489320755 0.02189338207244873
0.0 0.10551586747169495 0.0
0.07975292950868607 0.10856935381889343 0.0
0.09178147464990616 0.10776934027671814 0.0
0.11104761064052582 0.10862381756305695 0.0
0.11690834909677505 0.11206427216529846 0.0
0.10296323895454407 0.1224612146615982 0.0
0.11887226998806 0.13326403498649597 0.0
0.13871514797210693 0.14235104620456696 0.0
0.14429157972335815 0.13440653681755066 0.0
0.13692894577980042 0.12893910706043243 0.0
0.13091617822647095 0.11737060546875 0.0
0.09544087201356888 0.11012853682041168 0.0
0.07063942402601242 0.09782519936561584 0.0
0.06785354018211365 0.08191177248954773 0.0
0.09496329724788666 0.07598979771137238 0.0
0.09648767113685608 0.07505704462528229 0.0
0.06258642673492432 0.07258227467536926 0.0
0.0 0.05124744772911072 0.0
0.0 0.05292753875255585 0.0
0.0 0.04318569600582123 0.0
0.012781873345375061 0.02508053183555603 0.0
0.0 0.01575055718421936 0.0
0.0 0.014498844742774963 0.007210910320281982
0.0 0.0 0.00871807336807251
0.0 0.0 0.020134270191192627
0.0 0.0 0.02747654914855957
0.0 0.0 0.02811187505722046
0.0 0.0 0.03612023591995239
0.0 0.0 0.03966081142425537
0.0 0.0 0.0334162712097168
0.0 0.0 0.032079875469207764
0.0 0.0 0.030767381191253662
0.0 0.0 0.02941375970840454
0.0 0.0 0.02510744333267212
0.0 0.0 0.01909691095352173
0.0 0.0 0.012455582618713379
0.0 0.0 0.007944703102111816
0.0 0.002125978469848633 0.007228374481201172
0.0006828755140304565 0.01041191816329956 0.0
0.0 0.016879677772521973 0.0
0.012709707021713257 0.016122877597808838 0.0
0.017621338367462158 0.018156379461288452 0.0
0.01354353129863739 0.019428610801696777 0.0
0.010364115238189697 0.0155717134475708 0.0014241933822631836
0.011252522468566895 0.01757889986038208 0.0033110976219177246
0.011049717664718628 0.01419481635093689 0.004863381385803223
0.014479190111160278 0.0172005295753479 0.0005545616149902344
0.012252211570739746 0.014216780662536621 0.0
0.0030059814453125 0.015665709972381592 0.0
0.005034029483795166 0.014142930507659912 0.003085911273956299
0.008288800716400146 0.013795226812362671 0.006243765354156494
0.010320529341697693 0.014757215976715088 0.00826728343963623
0.002943471074104309 0.011980235576629639 0.008170664310455322
0.0 0.009248226881027222 0.006093025207519531
0.0 0.005294978618621826 0.006933093070983887
0.0035420656204223633 0.007025301456451416 0.006475925445556641
0.0 0.0048045814037323 0.004037380218505859
0.0 0.009023457765579224 0.003048539161682129
0.0 0.00801965594291687 0.0048490166664123535
0.0 0.007829785346984863 0.005527615547180176
0.0 0.006458580493927002 0.005402624607086182
0.0036744624376296997 0.007813096046447754 0.007428586483001709
0.004709377884864807 0.011007517576217651 0.0038796067237854004
0.0015360265970230103 0.010904312133789062 0.004880130290985107
0.002992779016494751 0.013663679361343384 0.005113363265991211
0.00958135724067688 0.015369147062301636 0.00536656379699707
0.007522061467170715 0.012559235095977783 0.0051351189613342285
0.002502262592315674 0.009129196405410767 0.008823513984680176
0.0006962567567825317 0.009704291820526123 0.005114853382110596
0.0 0.001256704330444336 0.004897594451904297
0.0 0.002954840660095215 0.008398056030273438
0.0 0.015676259994506836 0.004975557327270508
0.02343633770942688 0.007527559995651245 0.0
0.017204120755195618 0.03038284182548523 0.0
0.02847672998905182 0.055120766162872314 0.002515077590942383
0.048839837312698364 0.06151583790779114 0.0
0.1412094235420227 0.08579972386360168 0.0
0.18423998355865479 0.1575142741203308 0.0
0.2076278030872345 0.22113028168678284 0.0
0.2678198516368866 0.17998570203781128 0.0
0.2481204867362976 0.14994263648986816 0.0
0.25354766845703125 0.22760546207427979 0.0
0.2301974892616272 0.258872926235199 0.0
0.16707926988601685 0.22686481475830078 0.0
0.06994473934173584 0.13845860958099365 0.0
0.0 0.2604437470436096 0.0
0.0 0.1733294129371643 0.0
0.0 0.09596782922744751 0.0
0.0 0.1290748119354248 0.0
0.0 0.15187442302703857 0.1713120937347412
0.0 0.08771026134490967 0.4105187654495239
0.0 0.1372683048248291 0.5660327672958374
0.0 0.2032865285873413 0.5072245597839355
0.0 0.2780926823616028 0.4669189453125
0.0 0.23697423934936523 0.47207820415496826
0.0 0.22540712356567383 0.5584793090820312
0.0 0.21382415294647217 0.5678068399429321
0.0 0.2734227776527405 0.5043243765830994
0.0 0.37171363830566406 0.42804884910583496
0.0 0.4030882716178894 0.3025525212287903
0.0 0.3916146159172058 0.23412078619003296
0.0 0.37804633378982544 0.1957920789718628
0.0 0.3549952507019043 0.19846516847610474
0.01687099039554596 0.29478514194488525 0.18774396181106567
0.041704773902893066 0.29377424716949463 0.07629811763763428
0.08358198404312134 0.25515496730804443 0.07500672340393066
0.1131727397441864 0.20613181591033936 0.12004214525222778
0.10789605975151062 0.15134263038635254 0.20220154523849487
0.03986173868179321 0.1653059720993042 0.20608842372894287
0.004630863666534424 0.19022750854492188 0.10075300931930542
0.0024547427892684937 0.18158072233200073 0.058802247047424316
0.004726409912109375 0.2020363211631775 0.09154057502746582
0.01401442289352417 0.18204480409622192 0.11062836647033691
0.04559464752674103 0.14087283611297607 0.11414724588394165
0.0715353712439537 0.12755820155143738 0.10181987285614014
0.08109185099601746 0.15644174814224243 0.05768024921417236
0.06415455788373947 0.18543404340744019 0.0
0.08181993663311005 0.19293548166751862 0.0
0.09222590923309326 0.15371188521385193 0.0
0.0641239657998085 0.12258103489875793 0.0
0.030643083155155182 0.08496004343032837 0.0
0.0 0.0692799985408783 0.0
0.0 0.06583812832832336 0.0
0.0 0.05876590311527252 0.0
0.0 0.05440317094326019 0.0
0.0 0.050441741943359375 0.0
0.0 0.04179205000400543 0.0
0.0 0.02505911886692047 0.039832234382629395
0.0 0.008681267499923706 0.07902318239212036
0.0 0.0 0.09969168901443481
0.0 0.0 0.105135977268219
0.016481921076774597 0.0 0.10758459568023682
0.023664318025112152 0.0 0.08757007122039795
0.023366466164588928 0.0005463510751724243 0.07362616062164307
0.009929768741130829 0.0016510933637619019 0.0499119758605957
0.014456100761890411 0.0023097097873687744 0.033454954624176025
0.021556533873081207 0.008311808109283447 0.018034696578979492
0.014904618263244629 0.008227884769439697 0.0
0.004062056541442871 0.009971663355827332 0.0
0.0 0.008088082075119019 0.0
0.0 0.012279286980628967 0.0
0.0 0.016010388731956482 0.0
0.0 0.011476084589958191 0.0
0.0 0.008541062474250793 0.0
0.0 0.009976178407669067 0.0
0.0 0.004752814769744873 0.0032926201820373535
0.0 0.008899286389350891 0.0
0.0006891340017318726 0.013518363237380981 0.0
0.0 0.014576390385627747 0.0
0.0 0.015405774116516113 0.0
0.0 0.011523798108100891 0.003149867057800293
0.0 0.012455374002456665 0.0019149184226989746
0.0 0.012182250618934631 0.0019791722297668457
0.0 0.010975688695907593 0.0
0.0 0.013143986463546753 0.0
0.0 0.015091121196746826 0.005155682563781738
0.005333825945854187 0.013882458209991455 0.009333252906799316
0.0031089186668395996 0.015156000852584839 0.010686993598937988
0.004008114337921143 0.01135098934173584 0.010071635246276855
0.005925849080085754 0.010200977325439453 0.015609800815582275
0.00631222128868103 0.011530160903930664 0.018870413303375244
0.0116242915391922 0.011128813028335571 0.017730414867401123
0.00661526620388031 0.012371212244033813 0.01591116189956665
0.000865444540977478 0.011631220579147339 0.010285794734954834
0.003391832113265991 0.011831283569335938 0.009511351585388184
0.0007884204387664795 0.012339770793914795 0.008687317371368408
0.0 0.01480451226234436 0.005279421806335449
0.0005128979682922363 0.013260513544082642 0.0047997236251831055
0.0 0.015916675329208374 0.0006191730499267578
0.0028667300939559937 0.0115889310836792 0.0
0.0 0.012680351734161377 0.0
0.0 0.007399559020996094 0.0
0.0 0.00966981053352356 0.0
0.0 0.008086919784545898 0.0
0.0 0.006757467985153198 0.0
0.0 0.0065503716468811035 0.0
0.0 0.007120996713638306 0.004436314105987549
0.0 0.006574451923370361 0.0056018829345703125
0.0 0.007365196943283081 0.008201301097869873
0.0 0.010367244482040405 0.011278212070465088
0.0 0.011385321617126465 0.010352730751037598
0.0022490769624710083 0.008202284574508667 0.012452363967895508
0.0021310746669769287 0.008596986532211304 0.014077305793762207
0.003100261092185974 0.010455697774887085 0.015071094036102295
0.002739951014518738 0.011742174625396729 0.0131034255027771
0.005360320210456848 0.012471258640289307 0.010664701461791992
0.0011427998542785645 0.011942356824874878 0.0036702752113342285
0.0 0.012873649597167969 0.0023827552795410156
0.0 0.011851102113723755 0.0003058910369873047
0.0 0.012440353631973267 0.0
0.0 0.014193475246429443 0.0
0.0 0.014628231525421143 0.0
0.0 0.013062149286270142 0.0
0.0 0.012119084596633911 0.0
0.0 0.009732544422149658 0.0
0.0 0.00821155309677124 0.0
0.0 0.009653210639953613 0.004182696342468262
0.0032380670309066772 0.013280868530273438 0.012616097927093506
0.0 0.009810447692871094 0.017763376235961914
0.0 0.006813466548919678 0.018195152282714844
0.0 0.007480829954147339 0.015870869159698486
0.0 0.008118391036987305 0.012830853462219238
0.0 0.005453675985336304 0.013340651988983154
0.0 0.0033077597618103027 0.004346907138824463
0.0 0.004381090402603149 0.008216023445129395
0.0 0.006643146276473999 0.005492210388183594
0.0 0.010691285133361816 0.005103588104248047
0.0 0.011229366064071655 0.003183722496032715
0.0035178959369659424 0.01138979196548462 0.005522310733795166
0.0 0.007921665906906128 0.006554365158081055
0.0 0.004734307527542114 0.007435321807861328
0.0 0.01244509220123291 0.0065724849700927734
0.0030288398265838623 0.015675455331802368 0.003797590732574463
0.008873030543327332 0.017439723014831543 0.005407869815826416
0.01207628846168518 0.01757591962814331 0.014477312564849854
0.006007552146911621 0.014355391263961792 0.020647287368774414
0.009439259767532349 0.01340562105178833 0.010146796703338623
0.015394896268844604 0.010786950588226318 0.014480531215667725
0.0024940967559814453 0.014026731252670288 0.0019330382347106934
0.0 0.006484180688858032 0.006243765354156494
0.0 0.005143165588378906 0.007246911525726318
0.0 0.013219952583312988 0.0031795501708984375
0.005400046706199646 0.019123613834381104 0.0
0.0 0.017401963472366333 0.0
0.0 0.014477193355560303 0.0
0.0 0.009943246841430664 0.0
0.0 0.00906398892402649 0.0
0.0 0.0029073357582092285 0.00618135929107666
0.0 0.004000753164291382 0.023976683616638184
0.0 0.0 0.032963693141937256
0.0 0.0017420649528503418 0.04374885559082031
0.0 0.001061946153640747 0.03885483741760254
0.0 0.0017342865467071533 0.030480623245239258
0.0 0.005754292011260986 0.01803445816040039
0.0022538751363754272 0.009045779705047607 0.006014704704284668
0.005540862679481506 0.01009058952331543 0.0
0.001365557312965393 0.011175572872161865 0.0
0.0026569515466690063 0.014874637126922607 0.0
0.0019733309745788574 0.014294564723968506 0.0
0.001298859715461731 0.013119429349899292 0.0
0.003088817000389099 0.017777740955352783 0.0
0.003985390067100525 0.013983845710754395 0.00020653009414672852
0.0 0.009915083646774292 0.002161860466003418
0.0 0.006769508123397827 0.009767770767211914
0.0 0.003577679395675659 0.013981521129608154
0.0 0.002273261547088623 0.014672160148620605
0.0 0.005245715379714966 0.01571279764175415
0.0 0.007627427577972412 0.012536704540252686
0.0 0.0060600340366363525 0.013302087783813477
0.001667618751525879 0.008965998888015747 0.0060770511627197266
0.0007795393466949463 0.012471526861190796 0.0008269548416137695
0.0 0.01066705584526062 0.0
0.0 0.017263025045394897 0.0
0.01730985939502716 0.023375242948532104 0.0
0.01736217737197876 0.05005168914794922 0.0
0.0 0.07083451747894287 0.0
0.0 0.05886712670326233 0.0
0.0 0.07723745703697205 0.0
0.0 0.07740518450737 0.0
0.0 0.09052813053131104 0.0
0.0 0.14975029230117798 0.0
0.0 0.21680718660354614 0.0
0.04423756152391434 0.26969820261001587 0.0
0.0 0.20163846015930176 0.0
0.027279406785964966 0.3271436095237732 0.07094335556030273
0.0 0.27671104669570923 0.142531156539917
0.0026078224182128906 0.2690047025680542 0.19377785921096802
0.011302262544631958 0.25438642501831055 0.24242335557937622
0.032865628600120544 0.18502861261367798 0.3245866894721985
0.061618492007255554 0.0877872109413147 0.37948113679885864
0.03234854340553284 0.10730099678039551 0.4021611213684082
0.0 0.1454453468322754 0.38769590854644775
0.0 0.15520644187927246 0.39439696073532104
0.0 0.11865079402923584 0.38076531887054443
0.0 0.10134893655776978 0.36831796169281006
0.0 0.08335483074188232 0.35968923568725586
0.0 0.07753372192382812 0.3409472107887268
0.0 0.04022854566574097 0.2950010895729065
0.0 0.05761486291885376 0.17954248189926147
0.0 0.04983788728713989 0.1519087553024292
0.0 0.07061070203781128 0.14567255973815918
0.0 0.03420621156692505 0.141440749168396
0.0 0.036553025245666504 0.13409459590911865
0.0 0.07531195878982544 0.11186963319778442
0.0 0.09400969743728638 0.04698306322097778
0.0 0.08064615726470947 0.0
0.0 0.07020482420921326 0.0
0.01731710135936737 0.040918171405792236 0.0
0.04493728280067444 0.03582262992858887 0.0
0.03682473301887512 0.04216901957988739 0.0
0.006710469722747803 0.04970984160900116 0.0
0.0 0.06389379501342773 0.0
0.0 0.0825241208076477 0.0
0.0 0.09792618453502655 0.0
0.0 0.11264011263847351 0.0
0.0 0.10813744366168976 0.0
0.0 0.10730540752410889 0.0
0.0 0.10091882944107056 0.0
0.0 0.12205001711845398 0.0
0.0 0.1309332549571991 0.0
0.0 0.1254986822605133 0.0
0.0 0.1339351236820221 0.0
0.0 0.16233927011489868 0.0
0.0 0.15970873832702637 0.0
0.0 0.1356847882270813 0.0
0.0 0.11190253496170044 0.0
0.016493059694767 0.162339985370636 0.04347360134124756
0.0 0.12742984294891357 0.055469512939453125
0.0015572607517242432 0.14129698276519775 0.06373071670532227
0.037859365344047546 0.1412203311920166 0.0774039626121521
0.04270757734775543 0.12957680225372314 0.1135302186012268
0.026730313897132874 0.07355117797851562 0.13947975635528564
0.013693973422050476 0.06841921806335449 0.15452665090560913
0.01276039332151413 0.052836060523986816 0.1651684045791626
0.0 0.04155820608139038 0.1868169903755188
0.021263405680656433 0.05437260866165161 0.22144871950149536
0.01942257583141327 0.0461043119430542 0.25367170572280884
0.006005957722663879 0.05192399024963379 0.25920289754867554
0.0 0.060012757778167725 0.21857982873916626
0.0 0.06340306997299194 0.18508648872375488
0.0 0.051605045795440674 0.16782784461975098
0.0 0.02922123670578003 0.1834580898284912
0.0 0.0 0.20977485179901123
0.0 0.0 0.1653984785079956
0.0 0.0 0.16357719898223877
0.0 0.0175168514251709 0.12409305572509766
0.0 0.0549967885017395 0.09657752513885498
0.0 0.01974552869796753 0.0022025108337402344
0.0 0.038596510887145996 0.018674135208129883
0.0 0.034316062927246094 0.015010058879852295
0.00806882232427597 0.023386746644973755 0.009895861148834229
0.034097202122211456 0.021461158990859985 0.026999831199645996
0.016923606395721436 0.022983074188232422 0.00019729137420654297
0.0 0.02784597873687744 0.0
0.0 0.03431650996208191 0.0
0.015957944095134735 0.027244657278060913 0.0
0.009325489401817322 0.009294569492340088 0.0
0.001539275050163269 0.004659891128540039 0.0
0.0 0.016554057598114014 0.0
0.0 0.034935012459754944 0.0
0.0 0.03814011812210083 0.0
0.0 0.04909518361091614 0.0
0.0 0.05837066471576691 0.0
0.0 0.07114206254482269 0.0
0.018350154161453247 0.05891920626163483 0.0
0.0011265277862548828 0.0910041481256485 0.0
0.0 0.11804711818695068 0.0
0.0 0.11368978023529053 0.0
0.0 0.1137542724609375 0.0
0.0 0.083676278591156 0.0
0.0 0.11999115347862244 0.0
0.0 0.12290024757385254 0.0
0.0 0.09174865484237671 0.015498995780944824
0.0 0.10068786144256592 0.06399744749069214
0.0 0.08026444911956787 0.1203843355178833
0.0 0.03717988729476929 0.04263472557067871
0.0 0.1450851559638977 0.12688255310058594
0.016978975385427475 0.0975881814956665 0.10351741313934326
0.03620896860957146 0.05756545066833496 0.12719321250915527
0.0073410943150520325 0.05414241552352905 0.1190035343170166
0.0 0.025526225566864014 0.13667148351669312
0.003244459629058838 0.027183115482330322 0.15078067779541016
0.003695562481880188 0.03030860424041748 0.17119860649108887
0.0 0.02770906686782837 0.19101595878601074
0.0 0.028434038162231445 0.19148826599121094
0.0 0.02937924861907959 0.18520450592041016
0.0 0.03171181678771973 0.16892600059509277
0.0 0.01997852325439453 0.15884315967559814
0.0 0.01164090633392334 0.1671481728553772
0.0 0.0 0.16092026233673096
0.0 0.0 0.05426812171936035
0.0 0.0 0.048675358295440674
0.0 0.0 0.032881081104278564
0.01973816007375717 0.027769029140472412 0.06972533464431763
0.020219840109348297 0.017219185829162598 0.08640366792678833
0.016556844115257263 0.0 0.059715867042541504
0.0 0.0018492639064788818 0.021426260471343994
0.0 0.01903858780860901 0.010798931121826172
0.003995358943939209 0.024522632360458374 0.0
0.029947102069854736 0.010066449642181396 0.0
0.03631095588207245 0.0 0.0
0.020029112696647644 0.004330724477767944 0.0
0.0 0.005701333284378052 0.0
0.0 0.01619720458984375 0.0
0.0 0.038207799196243286 0.0
0.0 0.056734248995780945 0.0
0.0 0.05491630733013153 0.0
0.0 0.05220061540603638 0.0
0.0 0.057906895875930786 0.0
0.0 0.07590675354003906 0.0
0.0 0.09867623448371887 0.0
0.0 0.11764129996299744 0.0
0.0 0.09881797432899475 0.0
0.0 0.09722909331321716 0.0
0.0 0.08381325006484985 0.0
0.0 0.10036242008209229 0.0
0.0 0.10836303234100342 0.0
0.0 0.09418720006942749 0.0
0.0 0.09897935390472412 0.0
0.029991082847118378 0.12119615077972412 0.059525132179260254
0.021648071706295013 0.06607568264007568 0.05311399698257446
0.0005467608571052551 0.0972777009010315 0.06802046298980713
0.022112183272838593 0.09632319211959839 0.09981155395507812
0.026943422853946686 0.0523449182510376 0.11856460571289062
0.01865549385547638 0.03480333089828491 0.1350482702255249
0.01252024620771408 0.04551851749420166 0.14037930965423584
0.022731304168701172 0.04540073871612549 0.15427792072296143
0.006868146359920502 0.03818917274475098 0.16513019800186157
0.0 0.03843194246292114 0.18043363094329834
0.0 0.031738102436065674 0.18106025457382202
0.0 0.03205692768096924 0.18367290496826172
0.0 0.03681105375289917 0.19605767726898193
0.0 0.02369821071624756 0.19689702987670898
0.0 0.00917971134185791 0.1588585376739502
0.0 0.013020098209381104 0.1284814476966858
0.0 0.03332364559173584 0.11829864978790283
0.0 0.011566996574401855 0.11525356769561768
0.0 0.0 0.12179720401763916
0.0 0.0 0.1319591999053955
0.0 0.014898478984832764 0.12099748849868774
0.0 0.023725688457489014 0.056810975074768066
0.0 0.01639387011528015 0.035274386405944824
0.018221989274024963 0.024381130933761597 0.018301188945770264
0.02768664062023163 0.007152974605560303 0.0
0.017326831817626953 0.009503275156021118 0.0
0.012289956212043762 0.006548404693603516 0.0
0.0 0.016511783003807068 0.0
0.0 0.03598102927207947 0.0
0.0 0.06272010505199432 0.0
0.0 0.0790770947933197 0.0
0.0 0.09247609227895737 0.0
0.0 0.10211740434169769 0.0
0.0 0.0820179432630539 0.0
0.0 0.07956129312515259 0.0
0.0 0.08144249022006989 0.0
0.0 0.08933329582214355 0.0
0.0 0.09867337346076965 0.0
0.0 0.08539694547653198 0.0
0.0 0.07396203279495239 0.0
0.0 0.1027633547782898 0.0
0.0 0.11534088850021362 0.0
0.0 0.033520638942718506 0.0
0.015519112348556519 0.1269652247428894 0.0037592053413391113
0.0 0.11869174242019653 0.004431426525115967
0.006621882319450378 0.08050680160522461 0.03263294696807861
0.024119272828102112 0.08265864849090576 0.04213762283325195
0.017150193452835083 0.06970357894897461 0.06453800201416016
0.0145263671875 0.06694555282592773 0.06956958770751953
0.009237095713615417 0.0713152289390564 0.08666783571243286
0.02697843313217163 0.05040252208709717 0.10743653774261475
0.024372681975364685 0.03799307346343994 0.11304771900177002
0.01169431209564209 0.05164074897766113 0.10173523426055908
0.021884143352508545 0.061543285846710205 0.11207318305969238
0.024207204580307007 0.051976025104522705 0.12715113162994385
0.030442312359809875 0.042907893657684326 0.14844930171966553
0.0003196597099304199 0.03117150068283081 0.1486278772354126
0.0 0.033867478370666504 0.15536612272262573
0.0 0.025661051273345947 0.16233283281326294
0.0 0.011035740375518799 0.15652906894683838
0.0 0.006311237812042236 0.11957526206970215
0.0 0.01656818389892578 0.09278249740600586
0.0 0.006560206413269043 0.09194290637969971
0.0 0.0 0.06604969501495361
0.0 0.0 0.05392622947692871
0.0 0.0 0.056396484375
0.0 0.0027167201042175293 0.058725714683532715
0.02625276893377304 0.014388203620910645 0.07581818103790283
0.02514469623565674 0.027994394302368164 0.09043699502944946
0.0 0.01079791784286499 0.012237250804901123
0.0 0.027389317750930786 0.0
0.0033962801098823547 0.041676849126815796 0.02699333429336548
0.03854229301214218 0.020969688892364502 0.03440326452255249
0.06508670747280121 0.0 0.032718658447265625
0.06867633014917374 0.0 0.026069164276123047
0.040991172194480896 0.00784999132156372 0.0
0.007311522960662842 0.029952123761177063 0.0
0.0 0.03141774237155914 0.0
0.0 0.022169694304466248 0.0
0.0034222304821014404 0.010601028800010681 0.0
0.0 0.013438761234283447 0.0
0.0 0.01996852457523346 0.0
0.0 0.031977951526641846 0.0
0.0 0.045375049114227295 0.0
0.0 0.05153290927410126 0.0
0.0 0.042177796363830566 0.0
0.0 0.044051870703697205 0.0
0.0 0.04184955358505249 0.0
0.0 0.04582671821117401 0.0
0.01961156725883484 0.049707189202308655 0.0
0.0 0.08701348304748535 0.0
0.0 0.08405837416648865 0.0
0.007960930466651917 0.052890658378601074 0.0
0.0 0.06032535433769226 0.0
0.0 0.062216490507125854 0.0017646551132202148
0.0 0.051572710275650024 0.01769101619720459
0.003458857536315918 0.05090796947479248 0.04140132665634155
0.0073767900466918945 0.035842955112457275 0.08118706941604614
0.01849958300590515 0.01913440227508545 0.10560542345046997
0.013688743114471436 0.007975518703460693 0.12231910228729248
0.0 0.005612850189208984 0.12569963932037354
0.0 0.004549860954284668 0.12469452619552612
0.0 0.0047037601470947266 0.10685300827026367
0.0 0.0 0.07586407661437988
0.0 0.011364251375198364 0.06593096256256104
0.0 0.010310500860214233 0.0481337308883667
0.0 0.0 0.032665252685546875
0.0 0.0 0.009062767028808594
0.0 0.0 0.0
0.0 0.009516119956970215 0.0
0.0 0.005326181650161743 0.0
0.0 0.00412362813949585 0.0
0.0 0.00782671570777893 0.0
0.0 0.014502555131912231 0.0
0.011877626180648804 0.018164724111557007 0.0
0.016918599605560303 0.017713278532028198 0.0
0.010525301098823547 0.020140647888183594 0.001448512077331543
0.0111064612865448 0.019408822059631348 0.0110551118850708
0.004752397537231445 0.010551929473876953 0.0
0.0 0.017604172229766846 0.009282708168029785
0.00844167172908783 0.01286664605140686 0.006209075450897217
0.003742799162864685 0.012076199054718018 0.0
0.0 0.013008832931518555 0.0
0.0 0.01050075888633728 0.0
0.0 0.003048807382583618 0.0
0.0 0.0022485852241516113 0.0
0.0 0.0006570816040039062 0.0027729272842407227
0.0 0.005968958139419556 0.004558086395263672
0.0 0.010187208652496338 0.005076885223388672
0.0 0.009695500135421753 0.006445407867431641
0.0 0.010191351175308228 0.00799262523651123
0.0 0.0078026652336120605 0.008301138877868652
0.0 0.012181997299194336 0.009954452514648438
0.0 0.013356387615203857 0.012212038040161133
0.003889530897140503 0.017182260751724243 0.008812904357910156
0.0034696459770202637 0.010603129863739014 0.004330754280090332
0.0 0.010084003210067749 0.0022614002227783203
0.0 0.011963754892349243 0.001224219799041748
0.0 0.008320927619934082 0.006160855293273926
0.0 0.007007420063018799 0.0068915486335754395
0.0 0.0069653987884521484 0.0008668899536132812
0.0 0.008328765630722046 0.0018467307090759277
0.004574000835418701 0.010871529579162598 0.006196796894073486
0.012797504663467407 0.010780245065689087 0.0039424896240234375
0.015036940574645996 0.02181941270828247 0.021967589855194092
0.019396737217903137 0.041259586811065674 0.028403878211975098
0.0428214967250824 0.05534520745277405 0.0
0.09466016292572021 0.08095008134841919 0.0
0.11352545022964478 0.11266672611236572 0.0
0.12564128637313843 0.13417989015579224 0.0
0.267009437084198 0.1383325457572937 0.0
0.11692386865615845 0.1036691665649414 0.0
0.12013137340545654 0.08593517541885376 0.0
0.17710936069488525 0.12956219911575317 0.0
0.09277141094207764 0.12418252229690552 0.0
0.010870754718780518 0.16681057214736938 0.0
0.0 0.2294815182685852 0.0
0.0 0.18052959442138672 0.0
0.0 0.1368665099143982 0.0
0.0 0.07484883069992065 0.0
0.0 0.03263592720031738 0.0
0.0 0.01313924789428711 0.10225796699523926
0.0 0.04101288318634033 0.13240361213684082
0.0 0.05569642782211304 0.13893425464630127
0.0 0.03944659233093262 0.18844807147979736
0.0 0.06568628549575806 0.25347936153411865
0.0 0.16051477193832397 0.3349705934524536
0.0 0.24900221824645996 0.3611717224121094
0.0 0.3249126672744751 0.3494906425476074
0.0 0.33710235357284546 0.3328077793121338
0.0 0.3237340450286865 0.36780285835266113
0.0 0.3213932514190674 0.3963392972946167
0.0 0.3194516897201538 0.42904889583587646
0.0 0.338695228099823 0.39470911026000977
0.0 0.3653242588043213 0.34803128242492676
0.0 0.4028558135032654 0.31979334354400635
0.0 0.4219021797180176 0.353904664516449
0.0 0.41670817136764526 0.3712390065193176
0.0 0.3942340612411499 0.3707970380783081
0.0 0.4047635793685913 0.322879433631897
0.0 0.3882860541343689 0.2753949761390686
0.0 0.367551326751709 0.2227541208267212
0.0 0.3568750023841858 0.27654731273651123
0.03044643998146057 0.2984902858734131 0.23191535472869873
0.0 0.279721200466156 0.2297813892364502
0.0 0.2875780463218689 0.200361967086792
0.015354946255683899 0.2825832962989807 0.12204217910766602
0.0 0.26408928632736206 0.0
0.015908807516098022 0.23802703619003296 0.0
0.09557977318763733 0.21970447897911072 0.0
0.13190506398677826 0.22771185636520386 0.0
0.08144300431013107 0.20277386903762817 0.0
0.05468691885471344 0.14110128581523895 0.0
0.04178079962730408 0.13507328927516937 0.0
0.05243760347366333 0.13139928877353668 0.0
0.02989993989467621 0.10915921628475189 0.0
0.0 0.09529879689216614 0.0
0.0 0.07852903008460999 0.0
0.0 0.05955469608306885 0.0
0.0 0.0630648136138916 0.0
0.0 0.06055349111557007 0.021648526191711426
0.0 0.02797567844390869 0.05674690008163452
0.0 0.013530313968658447 0.0779266357421875
0.0 0.0042066872119903564 0.08912014961242676
0.01148795336484909 0.00012350082397460938 0.10428518056869507
0.00894424319267273 0.0 0.09524542093276978
0.006108522415161133 0.004721164703369141 0.07897061109542847
0.005815088748931885 0.0073203444480896 0.06780880689620972
0.0 0.001742035150527954 0.05888664722442627
0.0 0.0 0.03513079881668091
0.0 0.0 0.02999591827392578
0.0 0.0 0.006089389324188232
0.0 0.0 0.0
0.0 0.005624055862426758 0.003518044948577881
0.0 0.0025950074195861816 0.0
0.0 0.007325321435928345 0.0
0.0 0.013609915971755981 0.0
0.0 0.013295024633407593 0.0
0.0 0.0192737877368927 0.0
0.0 0.017659276723861694 0.0
0.0 0.020943105220794678 0.0
0.0 0.016491860151290894 0.0
0.00013330578804016113 0.020861715078353882 0.0
0.008768483996391296 0.02365317940711975 0.0
0.0025674104690551758 0.016293883323669434 0.0
0.0 0.014553844928741455 0.0
0.0 0.011713027954101562 0.0
0.0014993101358413696 0.017325997352600098 0.0009553432464599609
0.0018041282892227173 0.018286138772964478 0.0030257105827331543
0.0 0.01799243688583374 0.007856190204620361
0.0 0.012761175632476807 0.012972474098205566
0.0 0.01307600736618042 0.013165950775146484
0.0 0.011757373809814453 0.017162084579467773
0.0 0.01041954755783081 0.007343649864196777
0.005273014307022095 0.011134982109069824 0.012529611587524414
0.0 0.009193629026412964 0.009007871150970459
0.0 0.007023036479949951 0.0044890642166137695
0.0 0.012863188982009888 0.006784677505493164
0.0 0.009398460388183594 0.0
0.0 0.013677150011062622 0.0
0.003123462200164795 0.016875416040420532 0.0014574527740478516
0.0004051774740219116 0.01206672191619873 0.002010166645050049
0.0 0.01227077841758728 0.0
0.0 0.013004064559936523 0.003837108612060547
0.0 0.0142936110496521 0.006887197494506836
0.0 0.015301316976547241 0.008912742137908936
0.0 0.016990333795547485 0.003644585609436035
0.0 0.013071268796920776 0.006839632987976074
0.0 0.009436696767807007 0.005098938941955566
0.0 0.009715259075164795 0.008023858070373535
0.0 0.008992969989776611 0.003919422626495361
0.0 0.007714509963989258 0.0
0.0 0.009308546781539917 0.0024474263191223145
0.0 0.012687981128692627 0.004353523254394531
0.0 0.014332562685012817 0.007922530174255371
0.0 0.013416528701782227 0.006743490695953369
0.0 0.014980316162109375 0.006892025470733643
0.0 0.012358695268630981 0.005006194114685059
0.0 0.015060633420944214 0.004189133644104004
0.0 0.014120221138000488 0.0027930140495300293
0.0 0.012574642896652222 0.000659942626953125
0.0 0.012790411710739136 0.0
0.0 0.01531076431274414 0.002307415008544922
0.0 0.013721108436584473 0.0024910569190979004
0.0 0.014431595802307129 0.003331303596496582
0.0 0.01077607274055481 0.0015488862991333008
0.0 0.01372438669204712 0.0
0.0 0.012368172407150269 0.0038768649101257324
0.0 0.010702192783355713 0.003558635711669922
0.0 0.010608553886413574 0.004976928234100342
0.0 0.008672833442687988 0.002185046672821045
0.0 0.008715003728866577 0.0035161972045898438
0.0 0.009648740291595459 0.0038100481033325195
0.0 0.01045641303062439 0.007250308990478516
0.0 0.01160779595375061 0.008190274238586426
0.00016608834266662598 0.013870686292648315 0.007476449012756348
0.0 0.011182844638824463 0.006326735019683838
0.0 0.010088354349136353 0.001980125904083252
0.0 0.010263979434967041 0.006288111209869385
0.0 0.011756539344787598 0.0025458335876464844
0.0 0.011350631713867188 0.0039691925048828125
0.0 0.011131495237350464 0.001016378402709961
0.0 0.012943625450134277 0.0015368461608886719
0.0026740580797195435 0.016112059354782104 0.0005218386650085449
0.005005106329917908 0.016956835985183716 0.0011487007141113281
0.005469515919685364 0.020621269941329956 0.0024535059928894043
0.0034822821617126465 0.018944084644317627 0.0034782886505126953
0.0 0.012672215700149536 0.0018162131309509277
0.0 0.007316261529922485 0.007207155227661133
0.0 0.008073031902313232 0.005773186683654785
0.0 0.010106414556503296 0.007823944091796875
0.0 0.012943238019943237 0.00801694393157959
0.0 0.010339975357055664 0.004184126853942871
0.0 0.019693315029144287 0.003940105438232422
0.005321666598320007 0.02042129635810852 0.008918225765228271
0.0 0.010154694318771362 0.0
0.0 0.01395481824874878 0.0
0.0 0.0 0.04197663068771362
0.05617059767246246 0.0 0.03862297534942627
0.0 0.00952768325805664 0.019802987575531006
0.0 0.02336934208869934 0.0
0.0 0.003309279680252075 0.0
0.0 0.04954555630683899 0.004342079162597656
0.0055831074714660645 0.034472882747650146 0.010346591472625732
0.007777184247970581 0.026707470417022705 0.009082674980163574
0.0 0.03603968024253845 0.03557664155960083
0.0 0.030927389860153198 0.01467674970626831
0.0 0.007755964994430542 0.009438812732696533
0.0 0.019139975309371948 0.015413165092468262
0.027823016047477722 0.0 0.01248389482498169
0.019798636436462402 0.0 0.01247626543045044
0.0 0.004946798086166382 0.006215274333953857
0.0 0.011999934911727905 0.003890693187713623
0.0 0.019824892282485962 0.01584005355834961
0.0018821805715560913 0.02572423219680786 0.008322715759277344
0.0 0.020781278610229492 0.01563549041748047
0.001956045627593994 0.012846618890762329 0.01513516902923584
0.0022528618574142456 0.014361947774887085 0.0
0.0 0.029265761375427246 0.0
0.007244333624839783 0.019189298152923584 0.0
0.0018996000289916992 0.007088959217071533 0.007453203201293945
0.009360015392303467 0.00708848237991333 0.02295374870300293
0.02637069672346115 0.00426909327507019 0.021962642669677734
0.01065075397491455 0.02502375841140747 0.0
0.01293252408504486 0.021418482065200806 0.009633660316467285
0.006333276629447937 0.031400203704833984 0.0
0.0 0.01163548231124878 0.0
0.0 0.009395033121109009 0.0
0.0 0.0 0.0
0.0 0.013977527618408203 0.008359253406524658
