0.03804733604192734 0.023537427186965942 0.04855114221572876
0.00950573943555355 0.016084522008895874 0.008698642253875732
0.0 0.010338664054870605 0.0
0.0 0.012677639722824097 0.0
0.0 0.011766225099563599 0.0
0.0 0.006816297769546509 0.00757831335067749
0.004384003579616547 0.003625333309173584 0.01337134838104248
0.017756283283233643 0.00023868680000305176 0.016701459884643555
0.012440759688615799 0.0 0.016604483127593994
0.011155940592288971 0.005772501230239868 0.0034822821617126465
0.0 0.0 0.007925093173980713
0.0 0.0 0.012274086475372314
0.008024766109883785 0.0 0.014233767986297607
0.011782475747168064 0.0070115625858306885 0.00034564733505249023
0.0035643968731164932 0.002007603645324707 0.005696415901184082
0.0 0.0011985599994659424 0.009338974952697754
0.0 0.0 0.00200653076171875
0.02203485369682312 0.0 0.0
0.049052998423576355 0.0 0.0
0.03636805713176727 0.0 0.0
0.0 0.0 0.0
0.0 0.011952906847000122 0.0
0.0 0.025708645582199097 0.0
0.0 0.048368245363235474 0.0
0.0 0.0 0.0
0.0 0.0 0.0
0.0 0.008773714303970337 0.0578189492225647
0.0 0.03959338366985321 0.09140044450759888
0.0 0.03559577465057373 0.06321161985397339
0.0 0.0020586252212524414 0.0006206035614013672
0.01633257232606411 0.0 0.0360947847366333
0.02799665369093418 0.012515842914581299 0.09426438808441162
0.014784869737923145 0.010280683636665344 0.07977437973022461
0.0 0.0 0.04235529899597168
0.0 0.003837212920188904 0.05011916160583496
0.008412592113018036 0.003332570195198059 0.048932015895843506
0.026680979877710342 0.0 0.004239857196807861
0.033905163407325745 0.008817851543426514 0.0
0.0 0.017866477370262146 0.0
0.0 0.01825892925262451 0.0
0.0199916772544384 0.02392248809337616 0.0
0.007159736007452011 0.024884089827537537 0.004301786422729492
0.0 0.03539799153804779 0.0
0.0 0.025027111172676086 0.0
0.0 0.024351149797439575 0.0
0.0 0.012080535292625427 0.0014989972114562988
0.0 0.0 0.0
0.016975726932287216 0.0 0.0
0.02129252254962921 0.0 0.028826534748077393
0.0 0.0 0.02647477388381958
0.0 0.0 0.019962012767791748
0.0 0.0 0.02410280704498291
0.0 0.0 0.012438714504241943
0.0 0.0029325634241104126 0.020444154739379883
0.0 0.010442018508911133 0.020734786987304688
0.0 0.014774739742279053 0.0036439895629882812
0.0 0.015259146690368652 0.0
0.0 0.02250121533870697 0.0
0.006605587899684906 0.010824978351593018 0.006042063236236572
0.028658393770456314 0.0012901723384857178 0.0
0.04068753495812416 0.006550148129463196 0.00237959623336792
0.029377181082963943 0.006351560354232788 0.012256324291229248
0.004210762679576874 0.010669469833374023 0.00541996955871582
0.00036551058292388916 0.011283829808235168 0.008361220359802246
0.0106099434196949 0.0010599344968795776 0.013517558574676514
0.010872174054384232 0.0 0.013440072536468506
0.0 0.0019569993019104004 0.013988852500915527
0.0 0.005374535918235779 0.011493563652038574
0.004274856299161911 0.004939630627632141 0.010518431663513184
0.0035210922360420227 0.009946867823600769 0.010250866413116455
0.006074491888284683 0.007339909672737122 0.018870055675506592
0.0 0.0035283416509628296 0.011930644512176514
0.0 0.007491260766983032 0.00903230905532837
0.006597511470317841 0.0 0.004239559173583984
0.0043396055698394775 0.002783268690109253 0.004482924938201904
0.0 0.0077254027128219604 0.0
0.0012922286987304688 0.001359701156616211 0.0027886629104614258
0.0 0.0018173754215240479 0.0
0.0 0.0 0.0019592642784118652
0.0 0.00831921398639679 0.004610836505889893
0.0016310997307300568 0.0 0.0
0.0008823797106742859 0.013529077172279358 0.002955198287963867
0.004817970097064972 0.0 0.0015743374824523926
0.0 0.0 0.010700464248657227
0.0 0.007674813270568848 0.02273327112197876
0.0 0.00770944356918335 0.0
0.007106132805347443 0.007754683494567871 0.018440663814544678
0.0 0.004576623439788818 0.0015988349914550781
0.0 0.011569023132324219 0.0
0.024356979876756668 0.010302573442459106 0.0009511113166809082
0.04980071634054184 0.0 0.01767754554748535
0.05240406095981598 0.0 0.0
0.06966864317655563 0.015812039375305176 0.0
0.07083623111248016 0.08294844627380371 0.03417724370956421
0.10516039282083511 0.11096298694610596 0.0
0.2533451318740845 0.13639873266220093 0.0
0.2787797152996063 0.1887306571006775 0.0
0.1109158843755722 0.22718822956085205 0.0
0.0 0.30964332818984985 0.006302177906036377
0.1305396854877472 0.2087159901857376 0.0
0.09592622518539429 0.09614680707454681 0.01335906982421875
0.0 0.0 0.06244933605194092
0.0 0.0 0.038762688636779785
0.0 0.0 0.024514436721801758
0.0 0.0 0.009146451950073242
0.0 0.0 0.054199934005737305
0.0 0.0 0.0405542254447937
0.0 0.0 0.03997844457626343
0.0 0.0 0.026838958263397217
0.0 0.0 0.08522987365722656
0.0 0.0 0.11803865432739258
0.0 0.0 0.09282183647155762
0.0 0.13631568849086761 0.1450352668762207
0.0 0.11294569820165634 0.12400275468826294
0.0 0.1232810690999031 0.08138483762741089
0.020183414220809937 0.15215761959552765 0.03181052207946777
0.05850464105606079 0.13017447292804718 0.0
0.05365545675158501 0.1480119824409485 0.0
0.06815299391746521 0.1420481652021408 0.0
0.14304600656032562 0.13962015509605408 0.0
0.23370423913002014 0.15390390157699585 0.0
0.21740175783634186 0.16371458768844604 0.0
0.18629087507724762 0.2240789532661438 0.0
0.13786271214485168 0.19020777940750122 0.0
0.010502275079488754 0.2645692825317383 0.0
0.0 0.18275244534015656 0.0
0.31642359495162964 0.03528907895088196 0.0733574628829956
0.2281797230243683 0.11144325137138367 0.0
0.009327054023742676 0.0 0.0
0.007678769528865814 0.05095289647579193 0.11441159248352051
0.0 0.031890809535980225 0.0
0.0 0.12350256741046906 0.044691622257232666
0.0 0.11289261281490326 0.0
0.0 0.0 0.024764060974121094
0.0 0.0 0.0
0.0 0.0 0.0
0.0 0.0 0.09699785709381104
0.0 0.0 0.08115124702453613
0.0 0.0 0.13353818655014038
0.0 0.0 0.16239571571350098
0.0 0.0 0.17975598573684692
0.0 0.0 0.1336873173713684
0.0 0.0 0.0
0.0 0.0 0.04619753360748291
0.0 0.0020119398832321167 0.07738649845123291
0.0 0.030705392360687256 0.05905371904373169
0.0 0.04730407893657684 0.05005866289138794
0.0 0.06881746649742126 0.014445185661315918
0.0 0.064374178647995 0.007836759090423584
0.05661292001605034 0.06109905242919922 0.0
0.11753714084625244 0.06627143174409866 0.0
0.09726586937904358 0.11416922509670258 0.023657262325286865
0.08941464871168137 0.11758241057395935 0.0
0.24357923865318298 0.06444230675697327 0.0
0.28267887234687805 0.1865326315164566 0.0
0.2293270230293274 0.15837138891220093 0.03927403688430786
0.19740845263004303 0.18932685256004333 0.040730834007263184
0.09005433320999146 0.13268989324569702 0.019475221633911133
0.08561196178197861 0.10458758473396301 0.043921589851379395
0.17152157425880432 0.13716408610343933 0.053941428661346436
0.1964038610458374 0.187583327293396 0.126847505569458
0.1485998034477234 0.17020031809806824 0.0001944899559020996
0.056101538240909576 0.07018788158893585 0.0
0.035397231578826904 0.045486241579055786 0.0
0.0255957692861557 0.04197864234447479 0.010835647583007812
0.060446158051490784 0.07435855269432068 0.03073108196258545
0.0 0.048164576292037964 0.0
0.0 0.009326040744781494 0.02079242467880249
0.0 0.0 0.00598597526550293
0.0 0.0 0.014843106269836426
0.0 0.0 0.0
0.0 0.0 0.0
0.0 0.0 0.0
0.0 0.0 0.0
0.0 0.0 0.0
0.0 0.0 0.028886616230010986
0.0 0.0 0.047067105770111084
0.0 0.0 0.06242638826370239
0.0 0.0 0.07654273509979248
0.0 0.0 0.07301253080368042
0.0 0.00722137838602066 0.10243505239486694
0.0 0.06761772185564041 0.10417616367340088
0.0 0.07946964353322983 0.0951998233795166
0.0 0.07216158509254456 0.09270244836807251
0.07237143069505692 0.08274050056934357 0.038379788398742676
0.06617479771375656 0.07568632811307907 0.0
0.10284995287656784 0.07496801018714905 0.0
0.13200712203979492 0.07931773364543915 0.0
0.13387206196784973 0.11818002164363861 0.0
0.16655658185482025 0.14222966134548187 0.0
0.19528673589229584 0.1564932018518448 0.0
0.15835851430892944 0.16027219593524933 0.0
0.13931912183761597 0.14957895874977112 0.0
0.12952439486980438 0.1408335119485855 0.0
0.1356705278158188 0.11695576459169388 0.0
0.147330641746521 0.10305990278720856 0.004208385944366455
0.09314262866973877 0.08231890201568604 0.0
0.04336383193731308 0.08706963062286377 0.0
0.05525147169828415 0.06914672255516052 0.005415201187133789
0.05374588817358017 0.05540655180811882 0.0023880600929260254
0.04298114776611328 0.05640128254890442 0.01455223560333252
0.0 0.060258448123931885 0.015863656997680664
0.0 0.05685214698314667 0.02397918701171875
0.0 0.0307655930519104 0.012923598289489746
0.0 0.002188079059123993 0.013303518295288086
0.0 0.0 0.02457249164581299
0.0 0.0 0.02099376916885376
0.0 0.0 0.013786733150482178
0.0 0.0 0.027446329593658447
0.0 0.0 0.047372400760650635
0.0 0.0 0.07357597351074219
0.0 0.0 0.08625119924545288
0.0 0.0 0.07492274045944214
0.0 0.0 0.07971298694610596
0.0 0.0 0.07363438606262207
0.0 0.0 0.05997061729431152
0.0 0.0 0.05086028575897217
0.0 0.02129495143890381 0.07111865282058716
0.0 0.06551268696784973 0.053964436054229736
0.0 0.10473522543907166 0.04430675506591797
0.04876194894313812 0.13453948497772217 0.006325781345367432
0.08826512098312378 0.13475830852985382 0.0
0.1414504051208496 0.1305154263973236 0.0
0.17508940398693085 0.13568724691867828 0.0
0.1747053861618042 0.15193170309066772 0.0
0.18512599170207977 0.17306749522686005 0.0
0.20481550693511963 0.17435583472251892 0.0
0.24839824438095093 0.15723639726638794 0.0
0.2517067790031433 0.14438718557357788 0.0
0.18120503425598145 0.15496966242790222 0.0
0.10306504368782043 0.16004326939582825 0.0
0.09542340040206909 0.13721977174282074 0.012165307998657227
0.12308796495199203 0.0886913612484932 0.027499794960021973
0.12215247750282288 0.08583354949951172 0.016677379608154297
0.03157632052898407 0.07127219438552856 0.03393071889877319
0.0 0.07379523664712906 0.009698987007141113
0.0 0.062017589807510376 0.0
0.0 0.03770765662193298 0.0
0.0 0.0004960596561431885 0.005017876625061035
0.0 0.0 0.0051427483558654785
0.0 0.0 0.02946650981903076
0.0 0.0 0.04307073354721069
0.0 0.0 0.049508631229400635
0.0 0.0 0.012691259384155273
0.0 0.0 0.013854920864105225
0.0 0.0 0.023011386394500732
0.0 0.0 0.05049532651901245
0.0 0.0 0.06539970636367798
0.0 0.0 0.06299406290054321
0.0 0.0 0.07627642154693604
0.0 0.0 0.0648602843284607
0.0 0.0 0.07187533378601074
0.0 0.009150058031082153 0.08226382732391357
0.0 0.021994397044181824 0.0884745717048645
0.0 0.042128778994083405 0.07145416736602783
0.0 0.06363723427057266 0.04750889539718628
0.005750492215156555 0.06516450643539429 0.007470309734344482
0.06562770158052444 0.06303124129772186 0.0
0.12402992695569992 0.0800398588180542 0.0
0.10948622971773148 0.12035627663135529 0.0
0.08779901266098022 0.14164794981479645 0.0
0.12547335028648376 0.15057888627052307 0.0
0.18057864904403687 0.16095030307769775 0.0
0.2300577461719513 0.16889223456382751 0.0
0.20750848948955536 0.1768375188112259 0.0
0.13217884302139282 0.17595668137073517 0.0
0.066627636551857 0.14922651648521423 0.0
0.09034529328346252 0.12244248390197754 0.0
0.13538864254951477 0.09265804290771484 0.010245740413665771
0.14719387888908386 0.08560647815465927 0.026962578296661377
0.038439348340034485 0.07800844311714172 0.0
0.0 0.07785159349441528 0.0
0.0 0.05421741306781769 0.0
0.00981944054365158 0.014355473220348358 0.04493826627731323
0.06146756559610367 0.005776941776275635 0.050891876220703125
0.0 0.021715037524700165 0.0
0.0 0.031065084040164948 0.0053667426109313965
0.0 0.0013385117053985596 0.011043310165405273
0.0 0.0 0.048747718334198
0.0 0.0 0.05202370882034302
0.0 0.0 0.05723094940185547
0.0 0.0 0.06693947315216064
0.0 0.0 0.0741848349571228
0.0 0.0 0.08138835430145264
0.0 0.0 0.07454085350036621
0.0 0.0 0.0682229995727539
0.0 0.0 0.0748816728591919
0.0 0.0 0.08935040235519409
0.0 0.0 0.1023598313331604
0.0 0.0 0.06956177949905396
0.0 0.019574925303459167 0.03638726472854614
0.0 0.02860897034406662 0.010225057601928711
0.0 0.05709874629974365 0.0
0.00330469012260437 0.07579588890075684 0.0
0.043804824352264404 0.07332982867956161 0.0
0.049822673201560974 0.06718987226486206 0.0
0.09365365654230118 0.07594515383243561 0.0
0.1250249147415161 0.0881853997707367 0.0
0.1450129747390747 0.10974714159965515 0.0
0.15022039413452148 0.12856799364089966 0.0
0.15100334584712982 0.14037570357322693 0.0
0.1502147614955902 0.15909157693386078 0.0
0.12865930795669556 0.1665494740009308 0.0
0.142961323261261 0.14329543709754944 0.0
0.12612412869930267 0.12839066982269287 0.0
0.11733261495828629 0.10004255920648575 0.0
0.12274377048015594 0.08485980331897736 0.0
0.0773167759180069 0.09290362149477005 0.0
0.01539420336484909 0.10206007957458496 0.0
0.02373061329126358 0.09083181619644165 0.0
0.07903759181499481 0.04451630637049675 0.0057402849197387695
0.03933144360780716 0.02444000542163849 0.014138400554656982
0.0 0.04346251115202904 0.0
0.0 0.020102664828300476 0.022026002407073975
0.0 0.0 0.054020583629608154
0.0 0.01132027804851532 0.04961949586868286
0.0 0.007932230830192566 0.04136955738067627
0.0 0.0 0.052174150943756104
0.0 0.0 0.04527842998504639
0.0 0.0 0.054839372634887695
0.0 0.0 0.04371386766433716
0.0 0.0 0.01753026247024536
0.0 0.0 0.003506302833557129
0.0 0.0 0.0
0.0 0.0 0.0
0.0 0.0 0.033454954624176025
0.0 0.0 0.04713749885559082
0.0 0.0 0.06846487522125244
0.0 0.0 0.05818849802017212
0.0 0.0 0.051338374614715576
0.0 0.015118110924959183 0.029099762439727783
0.0 0.01390111818909645 0.025370001792907715
0.0 0.0005183853209018707 0.01397019624710083
0.0 0.009194880723953247 0.02325570583343506
0.009773753583431244 0.037845298647880554 0.027486741542816162
0.040930941700935364 0.06603637337684631 0.02319967746734619
0.06773725897073746 0.07025916129350662 0.0
0.0947929099202156 0.07116255164146423 0.0
0.10772894322872162 0.07987476885318756 0.0
0.10681235790252686 0.08353490382432938 0.0
0.10916895419359207 0.07497722655534744 0.0
0.11318608373403549 0.06419029086828232 0.0
0.10842737555503845 0.058247145265340805 0.0
0.0706004798412323 0.055450908839702606 0.0
0.024660028517246246 0.027215685695409775 0.0
0.02035907655954361 0.007544998079538345 0.0024532079696655273
0.016909152269363403 0.0028289929032325745 0.02602076530456543
0.0 0.010417778044939041 0.030419468879699707
0.0 0.0 0.025810182094573975
0.0 0.0 0.017613470554351807
0.0 0.0 0.024371623992919922
0.0 0.0 0.03299665451049805
0.0 0.0 0.02825772762298584
0.0 0.0 0.016663849353790283
0.0 0.0 0.007488429546356201
0.0 0.0036431849002838135 0.0007115006446838379
0.0 0.0 0.0
0.0 0.0 0.0
0.016311168670654297 0.0 0.006109178066253662
0.010446414351463318 0.0070321932435035706 0.0023769140243530273
0.0 0.013228468596935272 0.0
0.0 0.006801404058933258 0.0
0.0 0.0025938786566257477 0.0
0.005379915237426758 0.0029966533184051514 0.0059247612953186035
0.00841938704252243 0.005734875798225403 0.005319118499755859
0.004279807209968567 0.0058328211307525635 0.00862032175064087
0.0 0.0 0.0041048526763916016
0.0011751651763916016 0.0 0.00469130277633667
0.00450664758682251 0.0 0.01310962438583374
0.006881251931190491 0.0 0.0143699049949646
0.0 0.016530480235815048 0.012820601463317871
0.0 0.018474135547876358 0.02501070499420166
0.004876986145973206 0.0 0.020870625972747803
0.0 0.0 0.0
0.0 0.0 0.0
0.0 0.016982734203338623 0.0013625621795654297
0.0035591423511505127 0.0 0.0
0.010998301208019257 0.0 0.0
0.0 0.0 0.003978848457336426
0.0 0.012342140078544617 0.007490038871765137
0.0018474236130714417 0.002668626606464386 0.015040695667266846
0.005045674741268158 0.001512087881565094 0.010341227054595947
0.0 0.0 0.014228999614715576
0.0 0.0 0.012105047702789307
0.0 0.0 0.009359478950500488
0.0004458799958229065 0.0009244158864021301 0.010122120380401611
0.0 0.008545361459255219 0.00493931770324707
0.0 0.0 0.010483205318450928
0.0 0.0 0.008349895477294922
0.0 0.0 0.0139540433883667
0.0016989707946777344 0.0014850348234176636 0.004104971885681152
0.0 0.0024047084152698517 0.0004245638847351074
0.0 0.0 0.0
0.005075328052043915 0.0 0.0024558305740356445
0.0005819797515869141 0.003543578088283539 0.0027843117713928223
0.0 0.003644987940788269 0.0037484169006347656
0.0 0.0 0.0027111172676086426
0.004611499607563019 0.0 0.011797070503234863
0.0 0.002562105655670166 0.006849467754364014
0.0 0.0 0.0063266754150390625
0.0 0.0 0.00459665060043335
0.0 0.0 0.014909803867340088
0.0016444027423858643 0.006648652255535126 0.00941532850265503
0.0 0.0 0.0016402602195739746
0.0 0.0007421188056468964 0.005876421928405762
0.001277923583984375 0.0016014352440834045 0.0028070807456970215
0.0 0.0 0.009299099445343018
0.0 0.0 0.0019029974937438965
0.0 0.0 0.0
0.0 0.0 0.0
0.0011157318949699402 0.0011951588094234467 0.0034047365188598633
0.0 0.00350232794880867 0.00783383846282959
0.0 0.0 0.011960804462432861
0.0022958144545555115 0.0 0.02030491828918457
0.0 0.0 0.017505943775177002
0.0 0.0 0.014337003231048584
0.0005316063761711121 0.0 0.010256171226501465
0.0013854503631591797 0.0014380887150764465 0.010185658931732178
0.0 0.003390774130821228 0.0028070807456970215
0.0 0.0 0.0
0.0 0.0 0.0019490718841552734
0.0006985366344451904 0.0 0.0009720325469970703
0.0 0.0003201216459274292 0.0
0.0 0.0 0.004660964012145996
0.0 0.0004125460982322693 0.011295974254608154
0.0 0.0 0.01654219627380371
0.0 0.0 0.013486802577972412
0.00512462854385376 0.0 0.010991096496582031
0.0 0.0 0.0038642287254333496
0.0 0.0030330345034599304 0.001801609992980957
0.0 0.00012375041842460632 0.00892341136932373
0.0 0.0 0.011982262134552002
0.0 0.0 0.0063931941986083984
0.0034364983439445496 0.0 0.011615753173828125
0.005754366517066956 0.0003301277756690979 0.010767698287963867
0.0006152167916297913 0.0 0.00802701711654663
0.003832578659057617 0.0 0.006095528602600098
0.0026655346155166626 0.006071742624044418 0.003136754035949707
0.0 0.014978069812059402 0.011186003684997559
0.0011225193738937378 0.0 0.0
0.0021254420280456543 0.0 0.0
0.0 0.0 0.0
0.0 0.004436228424310684 0.005887329578399658
0.0 0.005098074674606323 0.008395612239837646
0.0 0.0 0.01287168264389038
0.0006996244192123413 0.0 0.00443953275680542
0.0 0.0 0.006932199001312256
0.0 0.0 0.007344722747802734
0.0 0.0 0.012061357498168945
0.0 0.004088696092367172 0.009519398212432861
0.00326324999332428 0.0 0.0099867582321167
0.008294723927974701 0.0 0.004784047603607178
0.0 0.0014549419283866882 0.000583648681640625
0.0 0.003731459379196167 0.004256010055541992
0.0016918778419494629 0.0 0.004064440727233887
0.0 0.0 0.0065667033195495605
0.0030684620141983032 0.0 0.011078119277954102
0.0053258538246154785 0.0 0.024133741855621338
0.0019303858280181885 0.0 0.0
0.02407345175743103 0.0 0.03795802593231201
0.05242997407913208 0.0 0.0
0.013038665056228638 0.0 0.0
0.06751185655593872 0.06656256318092346 0.0
0.07498010993003845 0.1446276307106018 0.0
0.1676592230796814 0.24766752123832703 0.0
0.19605538249015808 0.04689228534698486 0.0
0.0 0.0 0.0
0.24028265476226807 0.3520747721195221 0.0
0.18563640117645264 0.2957475185394287 0.0
0.07191145420074463 0.3336472809314728 0.0
0.002290785312652588 0.2907335162162781 0.0
0.0 0.266846239566803 0.0
0.0 0.2455042004585266 0.0
0.0 0.0511530339717865 0.0
0.0 0.2041909098625183 0.0
0.0 0.06442764401435852 0.0
0.0 0.06475973129272461 0.0
0.0 0.13102084398269653 0.18308895826339722
0.0 0.0 0.5293874740600586
0.0 0.026562631130218506 0.6467487812042236
0.0 0.017150461673736572 0.7163249254226685
0.0 0.10632163286209106 0.6996447443962097
0.0 0.18901824951171875 0.6473540663719177
0.0 0.31021004915237427 0.6161970496177673
0.0 0.3346049189567566 0.5718186497688293
0.0 0.3104022741317749 0.5257201790809631
0.0 0.2585511803627014 0.4685615301132202
0.0 0.3373977541923523 0.426477313041687
0.0 0.366121768951416 0.3535749912261963
0.0 0.2034076452255249 0.33864080905914307
0.0 0.24455684423446655 0.3311474919319153
0.0 0.28498154878616333 0.26780879497528076
0.0 0.23988652229309082 0.17525535821914673
0.0 0.020538330078125 0.09751039743423462
0.0 0.42132967710494995 0.23763811588287354
0.0524250864982605 0.346638023853302 0.07570892572402954
0.13438940048217773 0.35054388642311096 0.013667285442352295
0.17102999985218048 0.3162879943847656 0.0
0.126264750957489 0.25068777799606323 0.0
0.15600159764289856 0.19229131937026978 0.0
0.1708936095237732 0.14281302690505981 0.0
0.1625327318906784 0.0955088809132576 0.0
0.08639925718307495 0.07683420926332474 0.0
0.0 0.08690842986106873 0.0
0.0 0.09005347639322281 0.0
0.005694195628166199 0.07241778075695038 0.0
0.026158034801483154 0.04983603581786156 0.0
0.0 0.029552597552537918 0.0
0.0 0.008042708039283752 0.015697836875915527
0.0 0.0 0.014064610004425049
0.0 0.0 0.017743468284606934
0.0 0.0 0.030761420726776123
0.0 0.0 0.029743552207946777
0.0 0.0 0.03193157911300659
0.0 0.0 0.03394812345504761
0.005858749151229858 0.0 0.048472821712493896
0.019298791885375977 0.0 0.04336905479431152
0.01927819848060608 0.00950092077255249 0.04450809955596924
0.008703112602233887 0.0 0.03337770700454712
0.0 0.0 0.0025095343589782715
0.0 0.0 0.0
0.020014435052871704 0.003085523843765259 0.0
0.010095641016960144 0.0 0.005581021308898926
0.0 0.007254734635353088 0.0
0.0 0.0 0.0
0.0 0.004271268844604492 0.0
0.0 0.002478674054145813 0.0037118196487426758
0.0073304325342178345 0.0 0.015225648880004883
0.0003640502691268921 0.0 0.004419147968292236
0.0 0.001905292272567749 0.00959557294845581
0.0 0.003909453749656677 0.014843165874481201
0.0 0.007010281085968018 0.008056640625
0.017809689044952393 0.0017064660787582397 0.006940722465515137
0.01876583695411682 0.0 0.008110523223876953
0.0 0.0 0.002211928367614746
0.0 0.007388696074485779 0.010569632053375244
0.003660038113594055 0.019802212715148926 0.03166729211807251
0.015260756015777588 0.004033699631690979 0.02746373414993286
0.014649271965026855 0.0 0.020322680473327637
0.0 0.0 0.015079200267791748
0.0 0.0 0.0014255642890930176
0.0 0.0 0.011971473693847656
0.0 0.00844217836856842 0.009423494338989258
0.0006766766309738159 0.010916739702224731 0.0046315789222717285
0.005050361156463623 0.0024447739124298096 0.004263877868652344
0.0 0.0 0.0
0.0 0.0 0.0
0.0019862204790115356 0.006319105625152588 0.0017201900482177734
0.008562073111534119 0.0038201510906219482 0.008249998092651367
0.010438412427902222 0.007598280906677246 0.012601077556610107
0.0 0.004193589091300964 0.011696100234985352
0.0 0.0 0.005848288536071777
0.0024680793285369873 0.0 0.013226568698883057
0.004690125584602356 0.0 0.012737929821014404
0.0022044479846954346 0.0 0.01422804594039917
0.0 0.0014067739248275757 0.017527878284454346
0.0008357465267181396 0.0 0.01823747158050537
0.0 0.0 0.018891215324401855
0.0 0.0 0.0176999568939209
0.0 0.0 0.008059561252593994
0.0 0.0 0.0052880048751831055
0.0 0.0 0.0
0.0 0.0 0.0
0.0 0.0011153817176818848 0.0
0.000925406813621521 0.00749727338552475 0.0
0.004176884889602661 0.015918418765068054 0.0
0.0 0.023310258984565735 0.0
0.0 0.027946993708610535 0.0
0.017107531428337097 0.053536877036094666 0.0
0.010913148522377014 0.06543084979057312 0.0
0.028715938329696655 0.11883172392845154 0.0
0.04557231068611145 0.12444531917572021 0.0
0.0 0.052307307720184326 0.0
0.0 0.10459834337234497 0.0
0.01584891974925995 0.13983607292175293 0.0
0.014851987361907959 0.0998038649559021 0.030870556831359863
0.007602319121360779 0.07770180702209473 0.11424779891967773
0.016173824667930603 0.08960402011871338 0.18434500694274902
0.0 0.030059516429901123 0.22258305549621582
0.0 0.0 0.25655537843704224
0.009939312934875488 0.0 0.2716710567474365
0.014732465147972107 0.0 0.27828121185302734
0.0 0.0 0.23432189226150513
0.0 0.0 0.1903780698776245
0.0 0.0 0.191989004611969
0.0 0.0 0.19434583187103271
0.0 0.0 0.24239343404769897
0.0 0.0 0.24136221408843994
0.0 0.0 0.057965755462646484
0.0452762171626091 0.0 0.02409672737121582
0.021059274673461914 0.06324224174022675 0.1558510661125183
0.0 0.07951939105987549 0.04116910696029663
0.007532328367233276 0.03275766223669052 0.0
0.0 0.004567675292491913 0.0
0.0 0.011925406754016876 0.0
0.0037969648838043213 0.05815082788467407 0.0
0.0 0.07190496474504471 0.0
0.0 0.11599522083997726 0.0
0.0 0.09383897483348846 0.0
0.0 0.07685661315917969 0.0
0.0 0.07691816985607147 0.0
0.0 0.1575823426246643 0.0
0.0 0.14673292636871338 0.0
0.0 0.11205798387527466 0.0
0.00154973566532135 0.15375590324401855 0.0
0.0 0.12797340750694275 0.0042708516120910645
0.0 0.007537245750427246 0.0
0.0 0.04546153545379639 0.0
0.04446087032556534 0.05636793375015259 0.12883728742599487
0.013832628726959229 0.003475010395050049 0.14922863245010376
0.0207848958671093 0.035462260246276855 0.20516455173492432
0.02610902115702629 0.06689327955245972 0.19052547216415405
0.025687530636787415 0.06126368045806885 0.18902212381362915
0.02492809295654297 0.05227303504943848 0.22384881973266602
0.0 0.04121720790863037 0.2927604913711548
0.0 0.06426513195037842 0.19473493099212646
0.0 0.014907479286193848 0.14547747373580933
0.09942331910133362 0.0075920820236206055 0.12600350379943848
0.04767207056283951 0.0 0.17905348539352417
0.0 0.0 0.0882536768913269
0.0 0.16800376772880554 0.2307857871055603
0.0 0.06089577078819275 0.1534358263015747
0.0 0.0 0.13230276107788086
0.1522393822669983 0.0 0.0
0.09253214299678802 0.0 0.0
0.0 0.15290814638137817 0.0
0.0 0.0 0.0
0.0 0.08897009491920471 0.0
0.022402659058570862 0.10254309326410294 0.0
0.07224377989768982 0.00786491297185421 0.0
0.0 0.048911675810813904 0.0
0.0 0.030207723379135132 0.0
0.0 0.08183974027633667 0.0
0.0 0.1047741025686264 0.0
0.0 0.12391193211078644 0.0
0.0 0.16194619238376617 0.0
0.0 0.06933853030204773 0.0
0.01562461256980896 0.06036520004272461 0.0
0.07257094979286194 0.10811358690261841 0.0
0.05923861265182495 0.08200326561927795 0.03528892993927002
0.0 0.07219508290290833 0.07247459888458252
0.0 0.08889085054397583 0.10929012298583984
0.0 0.02239978313446045 0.19146060943603516
0.06506073474884033 0.0 0.25196337699890137
0.04546093940734863 0.0 0.3290661573410034
0.0 0.0 0.2861897349357605
0.0 0.0 0.23574447631835938
0.0 0.014356017112731934 0.1996881365776062
0.019105762243270874 0.0056386590003967285 0.18286865949630737
0.04435527324676514 0.0 0.25189316272735596
0.027327626943588257 0.0 0.2450982928276062
0.0 0.0 0.21126705408096313
0.0 0.0 0.14497435092926025
0.0 0.0 0.09150439500808716
0.03653790056705475 0.01109418272972107 0.03672689199447632
0.016704410314559937 0.015928566455841064 0.0
0.004533305764198303 0.039081841707229614 0.0
0.005609959363937378 0.04702237993478775 0.0
0.0031686127185821533 0.05635205656290054 0.0
0.02676565945148468 0.055983543395996094 0.0
0.0 0.05848417431116104 0.0
0.0 0.06478635221719742 0.0
0.0 0.047627709805965424 0.0
0.0 0.04715472459793091 0.0
0.0 0.04082873463630676 0.0
0.0 0.06683014333248138 0.0
0.0 0.07713198661804199 0.0
0.0 0.02952215075492859 0.0
0.0 0.08085879683494568 0.0
0.0 0.10910347104072571 0.0
0.031114012002944946 0.10531631112098694 0.0
0.0 0.09069785475730896 0.0363469123840332
0.010208845138549805 0.09079298377037048 0.08161330223083496
0.008643075823783875 0.0508425235748291 0.10359364748001099
0.008031189441680908 0.04897028207778931 0.12571293115615845
0.003287389874458313 0.013162493705749512 0.15355592966079712
0.03780141472816467 0.0 0.18505436182022095
0.033079296350479126 0.0 0.20598101615905762
0.013107582926750183 0.0 0.230349600315094
0.0 0.0 0.21434593200683594
0.0 0.0 0.16942524909973145
0.0 0.00808185338973999 0.1656132936477661
0.01036885380744934 0.0 0.15413832664489746
0.023197829723358154 0.0 0.1899259090423584
0.0010925233364105225 0.0 0.18383532762527466
0.0 0.0 0.16279816627502441
0.0 0.0 0.11482197046279907
0.0 0.0 0.0512467622756958
0.0 0.0 0.0035556554794311523
0.0 0.003875643014907837 0.0
0.0 0.04650290310382843 0.0
0.0 0.034621402621269226 0.0
0.01895107328891754 0.006189435720443726 0.0
0.01488552987575531 0.0 0.0
0.05187751352787018 0.052380628883838654 0.0
0.006929025053977966 0.07879108190536499 0.0
0.01552899181842804 0.11159056425094604 0.0
0.010064959526062012 0.0939582884311676 0.0
0.0 0.07868994772434235 0.0
0.0 0.10091352462768555 0.0
0.0 0.08838526904582977 0.0
0.005872100591659546 0.07040137052536011 0.0
0.0 0.08429957926273346 0.0
0.0 0.10539335012435913 0.0
0.0 0.08307856321334839 0.0
0.0 0.06051003932952881 0.0
0.0 0.10702201724052429 0.0
0.0 0.08318597078323364 0.08383464813232422
0.0 0.018437683582305908 0.13039547204971313
0.0 0.008649975061416626 0.20460528135299683
0.012441381812095642 0.0 0.24052214622497559
0.006442435085773468 0.0 0.2399412989616394
0.0 0.0 0.2250533103942871
0.0 0.0 0.23532646894454956
0.0 0.0 0.2485889196395874
0.0 0.0 0.2393617033958435
0.0 0.0 0.2257007360458374
0.0 0.0 0.1383717656135559
0.0 0.0 0.10809165239334106
0.022966593503952026 0.004233658313751221 0.1292402744293213
0.01803421974182129 0.0 0.10707449913024902
0.0 0.0 0.05698162317276001
0.004510924220085144 0.0 0.003529787063598633
0.03438974916934967 0.010482653975486755 0.0
0.06618118286132812 0.018316879868507385 0.0
0.060912296175956726 0.03931654989719391 0.0
0.03159104287624359 0.049992553889751434 0.0
0.002188652753829956 0.0343729630112648 0.0
0.0 0.03191732242703438 0.0
0.0 0.053075455129146576 0.0
0.0 0.0529080405831337 0.0
0.0 0.05594990402460098 0.0
0.0 0.06168650835752487 0.0
0.0 0.06121819466352463 0.0
0.0 0.054225996136665344 0.0
0.0 0.048800550401210785 0.0
0.0 0.06688366830348969 0.0
0.0 0.08101247251033783 0.0
0.0 0.05794578790664673 0.0
0.0 0.062253475189208984 0.0
0.023559510707855225 0.09070804715156555 0.012324035167694092
0.013840213418006897 0.07693111896514893 0.04764115810394287
0.008548133075237274 0.06460458040237427 0.09074670076370239
0.014017879962921143 0.04468566179275513 0.1457502841949463
0.0210748091340065 0.013216495513916016 0.1517496109008789
0.02656150609254837 0.009125858545303345 0.14729547500610352
0.04815634340047836 0.009352028369903564 0.1727408766746521
0.02753419429063797 0.0 0.1893618106842041
0.012143261730670929 0.0 0.20523536205291748
0.0 0.0 0.18717646598815918
0.0 0.0 0.1739712357521057
0.0 0.0 0.16588479280471802
0.0019883662462234497 0.0 0.194602370262146
0.0 0.0 0.20675092935562134
0.0 0.0 0.17259550094604492
0.0 0.0 0.1458902359008789
0.016137748956680298 0.0 0.11683821678161621
0.046625033020973206 0.00047312676906585693 0.08691167831420898
0.022512704133987427 0.02584049105644226 0.07206320762634277
0.0 0.03348517417907715 0.0
0.010015085339546204 0.021357089281082153 0.0
0.02035658061504364 0.017026051878929138 0.0
0.015369027853012085 0.04332452267408371 0.0
0.0 0.0 0.0
0.0 0.027050860226154327 0.0
0.0 0.39604243636131287 0.16323643922805786
0.0026435554027557373 0.10517121106386185 0.0
0.05602286756038666 0.01057976484298706 0.0
0.03143340349197388 0.02749238908290863 0.0
0.0 0.034261494874954224 0.0
0.0 0.04212437570095062 0.0
0.005382344126701355 0.10751461982727051 0.0
0.0 0.1294211745262146 0.0
0.006409317255020142 0.10649028420448303 0.0
0.0 0.02915915846824646 0.0
0.016470730304718018 0.060648560523986816 0.06022447347640991
0.0 0.052311450242996216 0.06398665904998779
0.0022018998861312866 0.06754618883132935 0.1047896146774292
0.03829531371593475 0.044964730739593506 0.14641934633255005
0.02775365114212036 0.0 0.16702008247375488
0.0 0.0 0.17649924755096436
0.0 0.0 0.1898786425590515
0.0 0.0 0.20366007089614868
0.0 0.0 0.2008001208305359
0.0 0.0 0.18983888626098633
0.0 0.0 0.15411192178726196
0.0 0.0 0.13824892044067383
0.0 0.0 0.030499756336212158
0.0 0.0 0.07351428270339966
0.0 0.0 0.11482936143875122
0.0 0.0 0.10767436027526855
0.0054542869329452515 0.0 0.022394955158233643
0.0017011016607284546 0.0014297515153884888 0.0
0.004548683762550354 0.01406770944595337 0.0
0.03012678027153015 0.03080160915851593 0.0
0.026019573211669922 0.026434585452079773 0.0
0.011499166488647461 0.0034359097480773926 0.0
0.011791706085205078 0.028323672711849213 0.0
0.0003665834665298462 0.03794536739587784 0.0
0.0023128241300582886 0.04309862107038498 0.0
0.0 0.03624424338340759 0.0
0.0 0.062491275370121 0.0
0.0 0.05001956969499588 0.0
0.0 0.067928746342659 0.0
0.0 0.057835012674331665 0.0
0.0 0.040919288992881775 0.0
0.0 0.03472962975502014 0.0
0.0 0.05798768997192383 0.0
0.012504220008850098 0.09239831566810608 0.0
0.02486342191696167 0.07227808237075806 0.0
0.040056824684143066 0.08424422144889832 0.02392178773880005
0.023108363151550293 0.05938035249710083 0.045497357845306396
0.01053464412689209 0.03865492343902588 0.08301007747650146
0.0009891688823699951 0.02635204792022705 0.11174231767654419
0.008088350296020508 0.00926363468170166 0.1429758071899414
0.019017860293388367 0.0 0.18488478660583496
0.010965287685394287 0.0 0.22434735298156738
0.0 0.0 0.22543537616729736
0.0 0.0 0.1731705665588379
0.0 0.003306269645690918 0.13976651430130005
0.0 0.0 0.12989670038223267
0.01641744375228882 0.0 0.11067694425582886
0.0 0.0 0.04202234745025635
0.0 0.0 0.01781165599822998
0.0 0.0 0.019901633262634277
0.01969650387763977 0.0024553239345550537 0.043174922466278076
0.01990288496017456 0.0 0.04485428333282471
0.005722537636756897 0.0 0.0
0.0 0.02560451626777649 0.0
0.03293047845363617 0.01918044686317444 0.02272772789001465
0.09225568175315857 0.0 0.0695497989654541
0.042041197419166565 0.0 0.04896789789199829
0.0 0.015105992555618286 0.0
0.0 0.010186217725276947 0.0
0.0 0.004994332790374756 0.0
0.00630362331867218 0.020147114992141724 0.0
0.0 0.019259169697761536 0.0
0.0 0.0479874461889267 0.0
0.0 0.04126420617103577 0.0
0.0 0.04906449466943741 0.0
0.0 0.04440788924694061 0.0
0.0 0.05129833519458771 0.0
0.0 0.03597754240036011 0.0
0.011503919959068298 0.05447474122047424 0.0
0.0 0.02561706304550171 0.0
0.0 0.05962720513343811 0.0
0.004116281867027283 0.08896774053573608 0.011210083961486816
0.0030031949281692505 0.05868440866470337 0.010476350784301758
0.008525043725967407 0.03281259536743164 0.014657199382781982
0.018214315176010132 0.04429137706756592 0.0627371072769165
0.0 0.02053755521774292 0.08966690301895142
0.021043241024017334 0.010711610317230225 0.09449911117553711
0.02358396351337433 0.01549750566482544 0.119107186794281
0.03544354438781738 0.02091163396835327 0.13056212663650513
0.03914007544517517 0.015108764171600342 0.14138948917388916
0.011429354548454285 0.00307542085647583 0.15795916318893433
0.0 0.0 0.14582788944244385
0.0 0.0 0.11702734231948853
0.0 0.0 0.09830182790756226
0.0 0.0 0.08848625421524048
0.0 0.0 0.08945620059967041
0.0 0.0 0.0647420883178711
0.010621324181556702 0.0 0.0025250911712646484
0.007191702723503113 0.0 0.04283642768859863
0.001487046480178833 0.0025712251663208008 0.05368882417678833
0.018545836210250854 0.0 0.07725226879119873
0.008207142353057861 0.0 0.048036396503448486
0.001161143183708191 0.0 0.0
0.0 0.0 0.0
0.0 0.01667715609073639 0.0
0.0351390540599823 0.038476184010505676 0.0
0.016133680939674377 0.020961567759513855 0.0
0.0 0.01844729483127594 0.0
0.0 0.02112419158220291 0.0
0.0 0.024239718914031982 0.0
0.0 0.03232613950967789 0.0
0.0 0.04913480579853058 0.0
0.0 0.04843922704458237 0.0
0.0 0.028539985418319702 0.0
0.0 0.04191190004348755 0.0
0.0005803853273391724 0.023195117712020874 0.0
0.0 0.0 0.0
0.0 0.0441264808177948 0.0
0.0 0.07761505246162415 0.0
0.01673346757888794 0.05363494157791138 0.0
0.03303380310535431 0.07774031162261963 0.027930617332458496
0.03756500780582428 0.06379473209381104 0.019440531730651855
0.0 0.015333950519561768 0.050008177757263184
0.004971891641616821 0.01929527521133423 0.05182957649230957
0.011170148849487305 0.02871173620223999 0.08788728713989258
0.03269276022911072 0.01677262783050537 0.10936737060546875
0.04471081495285034 0.0177575945854187 0.12771141529083252
0.02054774761199951 0.00967717170715332 0.1468360424041748
0.0 0.0 0.13835424184799194
0.0 0.0 0.14510345458984375
0.0 0.0 0.13812798261642456
0.0 0.0 0.12918978929519653
0.0 0.0 0.12368637323379517
0.0 0.0 0.055051207542419434
0.0 0.0 0.0
0.0 0.0 0.02675706148147583
0.00589337944984436 0.013488084077835083 0.024328112602233887
0.014386355876922607 0.00577932596206665 0.01565253734588623
0.0 0.0 0.0
0.004563480615615845 0.0 0.0
0.0011267364025115967 0.0 0.0
0.012960180640220642 0.004622519016265869 0.0
0.00013643503189086914 0.01064726710319519 0.0
0.0 0.022561028599739075 0.0
0.0 0.014762043952941895 0.0
0.010142430663108826 0.005552127957344055 0.0
0.0 0.0013401508331298828 0.0
0.0 0.03150495886802673 0.0
0.001682668924331665 0.01968441903591156 0.0
0.0004684627056121826 0.014662548899650574 0.0
0.0 0.012369245290756226 0.0
0.0 0.006290510296821594 0.0
0.00021767616271972656 0.017836004495620728 0.0
0.012784555554389954 0.022127509117126465 0.0
0.009152054786682129 0.01270410418510437 0.0016825199127197266
0.0 0.005728095769882202 0.009721517562866211
0.0 0.0 0.015943288803100586
0.0 0.0 0.03504467010498047
0.0 0.0 0.06268495321273804
0.0 0.0 0.07872074842453003
0.0 0.0 0.08542907238006592
0.0 0.0 0.05008971691131592
0.0 0.0 0.037255048751831055
0.008895009756088257 0.0 0.036369264125823975
0.0 0.0 0.02038109302520752
0.0 0.0 0.010762989521026611
0.0 0.0 0.00025522708892822266
0.0 0.0 0.0
0.0 0.00030812621116638184 0.0
0.0 0.007625490427017212 0.0
0.001204371452331543 0.005768537521362305 0.0
0.00338156521320343 0.003295332193374634 0.0
0.0 0.002634495496749878 0.0
0.005717575550079346 0.0 0.0
0.00817534327507019 0.0 0.0006315112113952637
0.011026144027709961 0.002097010612487793 0.012459278106689453
0.008331269025802612 0.007156401872634888 0.02406221628189087
0.003516942262649536 0.0069418251514434814 0.025560379028320312
0.0 0.0 0.021419644355773926
0.008329182863235474 0.0 0.024436235427856445
0.0 0.0 0.01656639575958252
0.0 0.0019755661487579346 0.011785387992858887
0.00515708327293396 0.0 0.01526576280593872
0.0 0.0 0.0
0.0 0.0 0.0
0.005646347999572754 0.0 0.0
0.0 0.0003947913646697998 0.0006691813468933105
0.0 0.005207628011703491 0.0
0.0014825910329818726 0.0 0.005552828311920166
0.009942755103111267 0.0 0.009805440902709961
0.0 0.003129631280899048 0.009548306465148926
0.0 0.0018485784530639648 0.014006316661834717
0.006873771548271179 0.0 0.015738606452941895
0.003102228045463562 0.0 0.018931686878204346
0.0 0.003614872694015503 0.005630373954772949
0.0 0.00025093555450439453 0.022838890552520752
0.010101929306983948 0.0 0.015666961669921875
0.0 0.0 0.014806687831878662
0.0 0.0 0.0
0.0013645589351654053 0.0 0.008925676345825195
0.006313592195510864 0.0 0.01517486572265625
0.0 0.0 0.012851297855377197
0.0 0.0 0.012579202651977539
0.0 0.0 0.007693886756896973
0.0 0.0023977160453796387 0.007836341857910156
0.0 0.0001857280731201172 0.0024834871292114258
0.0037983059883117676 0.0 0.011113405227661133
0.001651465892791748 0.0 0.01167452335357666
0.005320847034454346 0.0 0.011621594429016113
0.006490349769592285 0.0 0.013931453227996826
0.0003968924283981323 0.006142020225524902 0.008966386318206787
0.003512650728225708 0.0038448870182037354 0.008642137050628662
0.004172623157501221 0.0 0.00959998369216919
0.0 0.0 0.006211757659912109
0.0 0.0 0.005499482154846191
0.002063661813735962 0.0 0.011721372604370117
0.0 0.0 0.0034235119819641113
0.0 0.0 0.009308815002441406
0.0 0.0 0.008160412311553955
0.0 0.0 0.01826530694961548
0.0 0.0 0.01088935136795044
0.0 0.0 0.01686108112335205
0.0 0.0 0.02168750762939453
0.0 0.0 0.036628127098083496
0.0 0.0 0.06719011068344116
0.01767595112323761 0.0 0.09468698501586914
0.04854026436805725 0.05156619846820831 0.04718130826950073
0.05416572093963623 0.0 0.09506803750991821
0.011335223913192749 0.03446304798126221 0.0
0.015436112880706787 0.1352696716785431 0.0
0.1518566608428955 0.17013022303581238 0.0
0.10345858335494995 0.1549147516489029 0.0
0.10833704471588135 0.21621346473693848 0.0
0.18171393871307373 0.3234604597091675 0.0
0.1688549518585205 0.3514242470264435 0.0
0.06416541337966919 0.28833091259002686 0.0
0.08403199911117554 0.3038402795791626 0.0
0.0 0.36947131156921387 0.0
0.0 0.24163168668746948 0.0
0.0 0.09247443079948425 0.0
0.0 0.1609324812889099 0.0
0.0 0.07842600345611572 0.14652395248413086
0.0 0.0 0.29131340980529785
0.0 0.0 0.4848262071609497
0.0 0.0 0.6088372468948364
0.0 0.004561483860015869 0.6249584555625916
0.0 0.17888540029525757 0.521891176700592
0.0 0.33238691091537476 0.3699489235877991
0.0 0.3471003770828247 0.39936113357543945
0.0 0.30827218294143677 0.42162078619003296
0.0 0.33175867795944214 0.5342304110527039
0.0 0.42610377073287964 0.4605562686920166
0.0 0.4063742160797119 0.3081601858139038
0.0 0.4201769232749939 0.2935793995857239
0.0 0.3531806468963623 0.296427845954895
0.0 0.3707370162010193 0.27842676639556885
0.0 0.45348501205444336 0.3492228388786316
0.0013959109783172607 0.24441075325012207 0.14923739433288574
0.0 0.3159313201904297 0.17838478088378906
0.02831856906414032 0.23100364208221436 0.0
0.08003373444080353 0.2772117257118225 0.0
0.08018320798873901 0.2387707531452179 0.0
0.17102956771850586 0.16060280799865723 0.0
0.07892481982707977 0.15417629480361938 0.0
0.07350338995456696 0.08783724904060364 0.0
0.09353484213352203 0.10697072744369507 0.0
0.10641618072986603 0.08606934547424316 0.0
0.06713176518678665 0.06477896869182587 0.0
0.0 0.08320417255163193 0.0
0.013111934065818787 0.04452228546142578 0.0
0.019820645451545715 0.02077210694551468 0.0
0.0 0.02100740373134613 0.0
0.0 0.007766410708427429 0.0
0.0 0.0 0.0
0.0 0.0 0.0
0.0 0.0 0.01518237590789795
0.0 0.0 0.03741192817687988
0.0 0.0 0.042527079582214355
0.0 0.0 0.02392423152923584
0.0 0.0 0.03432124853134155
0.0 0.0 0.03449732065200806
0.0010160282254219055 0.0 0.04844474792480469
0.0 0.0 0.04227256774902344
0.0017577335238456726 0.0 0.0314444899559021
0.010151773691177368 0.0036201924085617065 0.016377747058868408
0.016991354525089264 0.01285281777381897 0.01765143871307373
0.01945178210735321 0.016130968928337097 0.003297567367553711
0.019168704748153687 0.011554032564163208 0.007753729820251465
0.010649129748344421 0.021804094314575195 0.0043340325355529785
0.014207080006599426 0.012336239218711853 0.0
0.015492528676986694 0.004728749394416809 0.0
0.00897747278213501 0.008863285183906555 0.0
0.003606468439102173 0.004637658596038818 0.0
0.0 0.00620134174823761 0.000889897346496582
0.0 0.0 0.0
0.0016187429428100586 0.0 0.009419143199920654
0.0 0.0021287202835083008 0.013545453548431396
0.0 0.0 0.005157113075256348
0.0 0.0 0.013683080673217773
0.0 0.0 0.011093854904174805
0.0 0.0 0.0
0.0031977593898773193 0.0 0.016225039958953857
0.005728811025619507 0.0029883086681365967 0.0043877363204956055
0.0 0.0016406774520874023 0.012330055236816406
0.0 0.002813175320625305 0.00973355770111084
0.0014898329973220825 0.004662126302719116 0.015131890773773193
0.00436052680015564 0.005768179893493652 0.01376032829284668
0.0015216022729873657 0.005037054419517517 0.016366779804229736
0.0007541775703430176 0.0 0.009822666645050049
0.008458569645881653 0.0 0.009408533573150635
0.0 0.0 0.0068891048431396484
0.0007252097129821777 0.0 0.008443892002105713
0.0 0.003546774387359619 0.008352816104888916
0.0 0.006796196103096008 0.010274350643157959
0.0015267133712768555 0.005198940634727478 0.0052626729011535645
0.0 0.005241692066192627 0.0005480647087097168
0.006387010216712952 0.0 0.006141602993011475
0.0 0.0 0.00930565595626831
0.0 0.0016585290431976318 0.006645381450653076
0.0 0.005391538143157959 0.009275853633880615
0.009568050503730774 0.007983356714248657 0.010811984539031982
0.011243611574172974 0.0060872882604599 0.01323789358139038
0.0016420036554336548 0.0033932775259017944 0.0066277384757995605
0.003602951765060425 0.0 0.014093875885009766
0.0023088008165359497 0.0016688406467437744 0.013246417045593262
0.0 0.0018306225538253784 0.00531005859375
0.0030377209186553955 0.00011517107486724854 0.010035872459411621
0.006126835942268372 0.005322575569152832 0.006894946098327637
0.004194214940071106 0.009470313787460327 0.010109543800354004
0.0 0.0031848400831222534 0.0115470290184021
0.0 0.0 0.006908059120178223
0.0 0.0 0.010511815547943115
0.0 0.0 0.0066779255867004395
0.0 0.0011770278215408325 0.011100530624389648
0.0002648681402206421 0.0 0.012021124362945557
0.0 0.0031423419713974 0.008690357208251953
0.0 0.0013378560543060303 0.0025776028633117676
0.0004737973213195801 0.003592193126678467 0.014315783977508545
0.003465205430984497 0.0 0.012624204158782959
0.0 0.0001461803913116455 0.0079764723777771
0.0 0.00014494359493255615 0.008560121059417725
0.0036513954401016235 0.003872975707054138 0.010649681091308594
0.0 0.002787485718727112 0.007383882999420166
0.0 0.0014943033456802368 0.0036281347274780273
0.0014825016260147095 0.0028898119926452637 0.010000884532928467
0.00938117504119873 0.0 0.012930870056152344
0.0059379637241363525 0.0 0.0019035935401916504
0.0027496367692947388 0.0005985498428344727 0.0007101893424987793
0.0 0.01305454969406128 0.010288357734680176
0.0 0.003988251090049744 0.01851576566696167
0.010616794228553772 0.0 0.013978898525238037
0.0041025131940841675 0.0 0.005613267421722412
0.0 0.001958027482032776 0.009479820728302002
0.0 0.011890649795532227 0.01909703016281128
0.0 0.0 0.03197157382965088
0.0 0.0 0.024194657802581787
0.004731297492980957 0.0 0.006451666355133057
0.012691348791122437 0.0037980079650878906 0.0008521080017089844
0.0 0.015474066138267517 0.0
0.01281537115573883 0.02532680332660675 0.0
0.04562626779079437 0.029493585228919983 0.012928009033203125
0.05402098596096039 0.024302035570144653 0.008174240589141846
0.049315422773361206 0.03831811249256134 0.015568435192108154
0.03162063658237457 0.05476684868335724 0.026805102825164795
0.04462152719497681 0.0639544427394867 0.005461275577545166
0.07229173183441162 0.0773611068725586 0.0
0.10575465857982635 0.09797926247119904 0.0
0.14719483256340027 0.10950931906700134 0.0
0.14073315262794495 0.10210311412811279 0.0
0.10961371660232544 0.11875085532665253 0.0
0.09128856658935547 0.12695035338401794 0.0
0.06114348769187927 0.12304046750068665 0.0
0.0 0.09939572215080261 0.0
0.0 0.014103829860687256 0.0
0.0 0.0 0.004423797130584717
0.0 0.0 0.05206596851348877
0.0 0.0 0.09690046310424805
0.0 0.0 0.12320256233215332
0.0 0.0 0.13407611846923828
0.0 0.0 0.1477034091949463
0.0 0.0 0.16456598043441772
0.0 0.0 0.17494451999664307
0.0 0.0 0.16210752725601196
0.0 0.008392363786697388 0.13661009073257446
0.0 0.04314279556274414 0.12316620349884033
0.0 0.04281400144100189 0.11953675746917725
0.0 0.05657795071601868 0.08941727876663208
0.0 0.08821457624435425 0.06588590145111084
0.0 0.12407073378562927 0.03387945890426636
0.06372056901454926 0.1311343014240265 0.0
0.16516032814979553 0.11982743442058563 0.0
0.20890013873577118 0.1598019152879715 0.0
0.24046918749809265 0.1792835295200348 0.0
0.26947271823883057 0.19308960437774658 0.0
0.2514050006866455 0.19716332852840424 0.0
0.21647147834300995 0.1963578164577484 0.0
0.18406745791435242 0.17797021567821503 0.0
0.13679678738117218 0.15482419729232788 0.0
0.12682399153709412 0.1489519327878952 0.0
0.12341012060642242 0.12658272683620453 0.0
0.09615114331245422 0.11417622864246368 0.0
0.02402317523956299 0.12813140451908112 0.0
0.0 0.09383396804332733 0.0
0.0 0.05514344573020935 0.0
0.0 0.057893604040145874 0.012457311153411865
0.0 0.04946170747280121 0.03649294376373291
0.0 0.0 0.04163247346878052
0.0 0.0 0.0622485876083374
0.0 0.0 0.1008836030960083
0.0 0.0 0.13195520639419556
0.0 0.0 0.14661896228790283
0.0 0.0 0.1482752561569214
0.0 0.0 0.13998740911483765
0.0 0.0 0.13940739631652832
0.0 0.0 0.1293872594833374
0.0 0.0 0.12406480312347412
0.0 0.007990032434463501 0.10879701375961304
0.0 0.05844336748123169 0.07220911979675293
0.0 0.05084924399852753 0.03877127170562744
0.0 0.033300384879112244 0.0
0.044953808188438416 0.05355854332447052 0.0
0.09526179730892181 0.1027258038520813 0.0
0.1194697767496109 0.1370900720357895 0.0
0.15136896073818207 0.15105174481868744 0.0
0.16913697123527527 0.1500241458415985 0.0
0.19570454955101013 0.14627687633037567 0.0
0.22365516424179077 0.153093621134758 0.0
0.19769982993602753 0.159589022397995 0.0
0.16815316677093506 0.1481018215417862 0.0
0.1365881860256195 0.13090510666370392 0.0
0.11279155313968658 0.11565016210079193 0.0
0.09747368097305298 0.10295391082763672 0.0
0.07665227353572845 0.09527947008609772 0.0
0.05591440200805664 0.07605750858783722 0.006872773170471191
0.013786017894744873 0.058824747800827026 0.000904083251953125
0.0 0.04425595700740814 0.0
0.0 0.03081643581390381 0.004243075847625732
0.0 0.058864936232566833 0.0
0.0 0.03177237510681152 0.019020915031433105
0.0 0.0 0.010441064834594727
0.0 0.0 0.026052653789520264
0.0 0.0 0.05106067657470703
0.0 0.0 0.0750996470451355
0.0 0.0 0.09807741641998291
0.0 0.0 0.11951863765716553
0.0 0.0 0.13452494144439697
0.0 0.0 0.13567250967025757
0.0 0.0 0.12979942560195923
0.0 0.0 0.1263563632965088
0.0 0.0 0.11980050802230835
0.0 0.0 0.10797208547592163
0.0 0.0 0.08063983917236328
0.0 0.001941189169883728 0.06455212831497192
0.0 0.029524922370910645 0.031073570251464844
0.0 0.058380916714668274 0.0
0.0 0.0666435956954956 0.0
0.05380517244338989 0.07788796722888947 0.0
0.06549996137619019 0.11014220118522644 0.0
0.12063054740428925 0.11558318138122559 0.0
0.16752254962921143 0.13216589391231537 0.0
0.15801545977592468 0.1350894421339035 0.0
0.17198525369167328 0.14064200222492218 0.0
0.17926675081253052 0.137334942817688 0.0
0.18259377777576447 0.12992417812347412 0.0
0.14753630757331848 0.11914791166782379 0.0
0.1146518886089325 0.10581353306770325 0.0
0.10092213749885559 0.09062197804450989 0.0
0.09913630783557892 0.09759850800037384 0.0
0.08828501403331757 0.09097197651863098 0.0
0.03815257549285889 0.06556117534637451 0.0
0.0 0.04217919707298279 0.0
0.0 0.04846420884132385 0.0
0.002673238515853882 0.04865337908267975 0.0
0.0 0.043477967381477356 0.00612032413482666
0.0 0.04256448149681091 0.0
0.0 0.0009603053331375122 0.0
0.0 0.0 0.018170416355133057
0.0 0.0 0.04190635681152344
0.0 0.0 0.0689970850944519
0.0 0.0 0.08208459615707397
0.0 0.0 0.09781759977340698
0.0 0.0 0.13009113073349
0.0 0.0 0.1362215280532837
0.0 0.0 0.14061367511749268
0.0 0.0 0.1444164514541626
0.0 0.0 0.12875837087631226
0.0 0.0 0.1064329743385315
0.0 0.0 0.09757363796234131
0.0 0.033466652035713196 0.07408374547958374
0.0 0.05966249108314514 0.046794891357421875
0.0 0.05682310461997986 0.016965627670288086
0.028384163975715637 0.05729898810386658 0.0
0.07474277913570404 0.09378238022327423 0.0
0.08737897872924805 0.1159331202507019 0.0
0.11496931314468384 0.11785224080085754 0.0
0.15484780073165894 0.12101876735687256 0.0
0.1660214364528656 0.13072539865970612 0.0
0.18221113085746765 0.14123442769050598 0.0
0.20006342232227325 0.1396975964307785 0.0
0.18219134211540222 0.13568054139614105 0.0
0.15542227029800415 0.13291209936141968 0.0
0.12058122456073761 0.12057021260261536 0.0
0.10784080624580383 0.1102370172739029 0.0
0.11575731635093689 0.09658880531787872 0.0
0.08617439866065979 0.0845152735710144 0.0
0.055167973041534424 0.08469924330711365 0.0
0.0007297396659851074 0.07071825861930847 0.0
0.0 0.0467265248298645 0.0
0.0 0.040859565138816833 0.010576248168945312
0.0 0.01634800434112549 0.03099435567855835
0.0 0.008707448840141296 0.04116630554199219
0.0 0.007229119539260864 0.041414737701416016
0.0 0.0 0.03906559944152832
0.0 0.0 0.057099997997283936
0.0 0.0 0.07781428098678589
0.0 0.0 0.10812932252883911
0.0 0.0 0.12688416242599487
0.0 0.0 0.12700963020324707
0.0 0.0 0.11741209030151367
0.0 0.0 0.10756790637969971
0.0 0.0 0.09686946868896484
0.0 0.0 0.08673626184463501
0.0 0.0 0.07431250810623169
0.0 0.01415686309337616 0.054546475410461426
0.0 0.017798006534576416 0.028369367122650146
0.0 0.019198104739189148 0.008100271224975586
0.0 0.03826719522476196 0.0
0.03686875104904175 0.08796577155590057 0.0
0.07250133156776428 0.10959798097610474 0.0
0.07776430249214172 0.1196051836013794 0.0
0.13769260048866272 0.10914155840873718 0.0
0.16886284947395325 0.11489167809486389 0.0
0.18279390037059784 0.134492889046669 0.0
0.1748245656490326 0.1327071487903595 0.0
0.16261588037014008 0.13532237708568573 0.0
0.12984271347522736 0.12991470098495483 0.0
0.12633149325847626 0.12289658188819885 0.0
0.09929004311561584 0.10386331379413605 0.0
0.07767075300216675 0.09128361940383911 0.0
0.06701025366783142 0.07897989451885223 0.0
0.040781259536743164 0.06932978332042694 0.0
0.0 0.046180784702301025 0.0
0.0 0.024529680609703064 0.0
0.0 0.007985979318618774 0.0029494166374206543
0.0 0.0 0.03175431489944458
0.0 0.0 0.03393620252609253
0.0 0.0 0.05439960956573486
0.0 0.0 0.06815832853317261
0.0 0.0 0.08244121074676514
0.0 0.0 0.10101306438446045
0.0 0.0 0.10999011993408203
0.0 0.0 0.11672508716583252
0.0 0.0 0.11953628063201904
0.0 0.0 0.11525630950927734
0.0 0.0 0.11557209491729736
0.0 0.0 0.09739851951599121
0.0 0.0 0.09330886602401733
0.0 0.0 0.08486884832382202
0.0 0.0 0.0813441276550293
0.0 0.0 0.06371116638183594
0.0 0.018518388271331787 0.05391848087310791
0.0 0.03816530108451843 0.03458136320114136
0.0 0.02053239941596985 0.006153702735900879
0.0 0.04114265739917755 0.0
0.03267824649810791 0.06963267922401428 0.0
0.08293884992599487 0.07803197205066681 0.0
0.10993802547454834 0.099680095911026 0.0
0.1160447895526886 0.11396464705467224 0.0
0.1068214625120163 0.10609123110771179 0.0
0.14312921464443207 0.11570745706558228 0.0
0.16178835928440094 0.12468686699867249 0.0
0.1300356686115265 0.12499730288982391 0.0
0.08778291940689087 0.10068973898887634 0.0
0.03727337718009949 0.06646344065666199 0.0
0.033312395215034485 0.041092947125434875 0.0
0.016916126012802124 0.0237991064786911 0.011274278163909912
0.017356395721435547 0.009942829608917236 0.017591536045074463
0.0013269782066345215 0.004011183977127075 0.013443231582641602
0.0 0.0 0.025492191314697266
0.0 0.0 0.03256428241729736
0.0 0.0 0.042171478271484375
0.0 0.0 0.060890913009643555
0.0 0.0 0.0661725401878357
0.0 0.0 0.054568350315093994
0.0 0.0 0.031235098838806152
0.0 0.0 0.03636449575424194
0.0 0.0 0.03533351421356201
0.0 0.0 0.025115549564361572
0.0 0.0 0.00700068473815918
0.0 0.0 0.0
0.0 0.0036354511976242065 0.0
0.006506815552711487 0.00482921302318573 0.0
0.017780601978302002 0.008444145321846008 0.0
0.023933187127113342 0.004337191581726074 0.0
0.019260406494140625 0.0031103193759918213 0.0
0.01234377920627594 0.011315196752548218 0.0
0.0029691457748413086 0.01318494975566864 0.006328761577606201
0.0 0.006139934062957764 0.005844235420227051
0.0 0.006663531064987183 0.010814428329467773
0.0 0.0018910765647888184 0.014356255531311035
0.0 0.0028002262115478516 0.008107006549835205
0.0 0.0 0.014486372470855713
0.0 0.0 0.010483801364898682
0.004710942506790161 0.0 0.005978107452392578
0.009680032730102539 0.0 0.006726503372192383
0.005248740315437317 0.012440919876098633 0.01019752025604248
0.0 0.016640841960906982 0.008121788501739502
0.0 0.010003715753555298 0.004142343997955322
0.0 0.003580734133720398 0.0
0.0 0.0 0.006364703178405762
0.0 0.0 0.006315708160400391
0.001029282808303833 0.0 0.001247107982635498
0.0 0.005326956510543823 0.0009949207305908203
0.0 0.008711323142051697 0.0022473931312561035
0.003929078578948975 0.006369873881340027 0.009209632873535156
0.003909289836883545 0.001814529299736023 0.008926689624786377
0.0008861124515533447 0.0 0.008245110511779785
0.0013166964054107666 0.0 0.007074594497680664
0.0 0.0028506070375442505 0.007464230060577393
0.0 0.0010651350021362305 0.009808480739593506
0.0 0.009515702724456787 0.005494236946105957
0.0 0.0 0.005068004131317139
0.0022434592247009277 0.0 0.002443373203277588
0.0023040324449539185 0.0 0.0032451748847961426
0.0 0.0 0.0025480985641479492
0.0 0.0023471564054489136 0.008805394172668457
0.0 0.0 0.013657033443450928
0.0005539655685424805 0.0018877089023590088 0.006651043891906738
0.005853280425071716 0.001299545168876648 0.013350427150726318
0.0034509599208831787 0.004750669002532959 0.008520662784576416
0.0 0.0063880085945129395 0.0057533979415893555
0.0 0.001295432448387146 0.007744252681732178
0.0011467039585113525 0.0 0.005583643913269043
0.0 0.002982497215270996 0.0018320679664611816
0.0 0.0034134238958358765 0.0
0.0006569623947143555 0.0009554773569107056 0.007317066192626953
0.0 0.0 0.008170485496520996
0.0 0.0 0.01139688491821289
0.0 0.0 0.007942557334899902
0.0 0.0 0.002518892288208008
0.00012552738189697266 0.0016531050205230713 0.005961418151855469
0.0 0.0024569034576416016 0.009650945663452148
0.0030535757541656494 0.004746943712234497 0.0
0.00574396550655365 0.0018889009952545166 0.0
0.005803465843200684 0.0010609030723571777 0.005127072334289551
0.0 0.00018262863159179688 0.014482736587524414
0.0 0.0 0.014964640140533447
0.0 0.0 0.023671388626098633
0.0 0.0032194703817367554 0.018241286277770996
0.01618163287639618 0.020275354385375977 0.03562629222869873
0.021962225437164307 0.015315860509872437 0.03384882211685181
0.028075456619262695 0.031318217515945435 0.0
0.04189971089363098 0.06387101113796234 0.0
0.10267946124076843 0.1345479041337967 0.0
0.11543804407119751 0.19599205255508423 0.0
0.12938347458839417 0.16107851266860962 0.0
0.09016311168670654 0.14793118834495544 0.0
0.10448360443115234 0.24637261033058167 0.0
0.06402802467346191 0.22821611166000366 0.0
0.07151496410369873 0.2689385414123535 0.0
0.0 0.3337423801422119 0.0
0.0 0.29003018140792847 0.0
0.0 0.14815473556518555 0.0
0.0 0.07434308528900146 0.0
0.0 0.1164960265159607 0.16842740774154663
0.0 0.0 0.3053727149963379
0.0 0.019457101821899414 0.38922834396362305
0.0 0.08944326639175415 0.45051461458206177
0.0 0.13512331247329712 0.5406243205070496
0.0 0.22871774435043335 0.6307851672172546
0.0 0.3142102360725403 0.6744952201843262
0.0 0.37011033296585083 0.7438715100288391
0.0 0.5492916107177734 0.6402738690376282
0.0 0.5101274847984314 0.6254681944847107
0.0 0.6321289539337158 0.5873626470565796
0.0 0.4679427146911621 0.5343819856643677
0.0 0.5158681273460388 0.43493372201919556
0.0 0.40455716848373413 0.28832000494003296
0.0 0.4461144208908081 0.21640682220458984
0.053421616554260254 0.3587023615837097 0.18102586269378662
0.05279479920864105 0.36165186762809753 0.13180744647979736
0.03035883605480194 0.3578890860080719 0.0
0.10454270243644714 0.3627123236656189 0.0
0.15468114614486694 0.35236912965774536 0.0
0.18230131268501282 0.19993683695793152 0.0
0.09808530658483505 0.1364447921514511 0.0
0.03043811023235321 0.07790504395961761 0.0
0.0 0.03205893933773041 0.0
0.0 0.02372191846370697 0.0
0.0 0.03623479604721069 0.0
0.0 0.02453818917274475 0.0
0.0 0.0323801189661026 0.0
0.0 0.02108025550842285 0.0
0.0 0.022376492619514465 0.028428316116333008
0.0 0.002043887972831726 0.06406235694885254
0.0 0.0 0.0705156922340393
0.0 0.0 0.06411135196685791
0.0 0.0 0.058769047260284424
0.0018697530031204224 0.0 0.02893829345703125
0.005268871784210205 0.0 0.02535957098007202
0.0 0.0 0.011371850967407227
0.0044045597314834595 0.010920435190200806 0.006711304187774658
0.019182398915290833 0.022343799471855164 0.01375347375869751
0.02904006838798523 0.01910524070262909 0.022232770919799805
0.011414632201194763 0.006343856453895569 0.01553654670715332
0.0 0.0027418285608291626 0.0002365708351135254
0.0 0.0 0.0007928609848022461
0.0 0.0029482245445251465 0.002562403678894043
0.0 0.00645795464515686 0.0001888275146484375
0.0 0.006796911358833313 0.0
0.003851667046546936 0.008355021476745605 0.0
0.00038564205169677734 0.011416211724281311 0.006162762641906738
0.005810648202896118 0.013984709978103638 0.008519172668457031
0.0 0.0016099363565444946 0.008781373500823975
0.0 0.0 0.01413804292678833
0.0 0.0 0.004927456378936768
0.0 0.0 0.008899867534637451
0.0 0.0009225755929946899 0.007356703281402588
0.0 0.00041078031063079834 0.009428203105926514
0.0 0.0009466707706451416 0.0074887871742248535
0.0 0.0 0.00433880090713501
0.0 0.0 0.008647143840789795
0.0 0.006139621138572693 0.009323954582214355
0.0 0.007122591137886047 0.0025577545166015625
0.004293382167816162 0.007004663348197937 0.009125471115112305
0.008676871657371521 0.004582256078720093 0.009128451347351074
0.004606842994689941 0.005333006381988525 0.004538178443908691
0.00802263617515564 0.0075341761112213135 0.006684362888336182
0.007524043321609497 0.0037069767713546753 0.008280456066131592
0.006164908409118652 0.0038756877183914185 0.010226905345916748
0.0 0.004914343357086182 0.00571751594543457
0.0 0.0009357184171676636 0.006791055202484131
0.0 0.0 0.0
0.004731759428977966 0.0 0.012917876243591309
0.0008090883493423462 0.0 0.014917373657226562
0.0 0.0 0.017681002616882324
0.0 0.0 0.01836538314819336
0.0 0.008669883012771606 0.012675642967224121
0.0 0.005169421434402466 0.0048024654388427734
0.0 0.00888054072856903 0.0
0.0 0.010231196880340576 0.0
0.0 0.0009660720825195312 0.0
0.0020347684621810913 0.0004859417676925659 0.0
0.0062072426080703735 0.002699747681617737 0.0
0.0 0.0 0.0
0.0 0.004658252000808716 0.0035243630409240723
0.0 0.006823047995567322 0.008283734321594238
0.0 0.007548734545707703 0.009642958641052246
0.0 0.005252450704574585 0.014209151268005371
0.0051160454750061035 0.004647493362426758 0.01996678113937378
0.005484551191329956 0.0 0.02396535873413086
0.008150368928909302 0.0 0.027165114879608154
0.0 0.004686832427978516 0.015193581581115723
0.0 0.009330928325653076 0.0
0.0 0.008141487836837769 0.0
0.0 0.009019926190376282 0.0
0.0 0.0049775391817092896 0.0
0.0 0.0 0.0
0.0 0.0 0.0
0.0 0.0 0.0005549788475036621
0.0 0.0 0.016523420810699463
0.0 0.014155849814414978 0.00898820161819458
0.0 0.010253861546516418 0.013146162033081055
0.0004741549491882324 0.007901445031166077 0.01125490665435791
0.010731741786003113 0.009409099817276001 0.009157955646514893
0.01663653552532196 0.011086240410804749 0.006892502307891846
0.010276928544044495 0.0020576566457748413 0.005285382270812988
0.014600247144699097 0.0005494505167007446 0.0
0.0022193938493728638 0.0055413395166397095 0.0
0.007060587406158447 0.014216750860214233 0.003334343433380127
0.003101170063018799 0.014303058385848999 0.0046288371086120605
0.0 0.007268458604812622 0.005134701728820801
0.0 0.0 0.002198457717895508
0.0 0.0 0.0036302804946899414
0.0 0.001573130488395691 0.005220353603363037
0.0 0.0 0.00038695335388183594
0.00036728382110595703 0.0 0.012363255023956299
0.0 0.0 0.024961352348327637
0.0 0.0011391043663024902 0.021519899368286133
0.0 0.0 0.012297749519348145
0.004854321479797363 0.00263001024723053 0.02160954475402832
0.0 0.0072333961725234985 0.018007278442382812
0.0 0.004953488707542419 0.005823671817779541
0.003059491515159607 0.008624240756034851 0.004443526268005371
0.011202886700630188 0.006677702069282532 0.002034485340118408
0.0 0.005519375205039978 0.004577577114105225
0.0 0.0 0.0
0.001994609832763672 0.009607508778572083 0.005574464797973633
0.006371214985847473 0.004159972071647644 0.007139742374420166
0.0 0.001306295394897461 0.0
0.0 0.00553402304649353 0.009318888187408447
0.0021216124296188354 0.001616939902305603 0.013354241847991943
0.0 0.004404783248901367 0.012653231620788574
0.0 0.0 0.01350313425064087
0.004928290843963623 0.001967892050743103 0.020166993141174316
0.0 0.0017036795616149902 0.019605040550231934
0.006393522024154663 0.006420433521270752 0.013973474502563477
0.0025746673345565796 0.002747565507888794 0.0050934553146362305
0.0029405951499938965 0.0019160956144332886 0.003973126411437988
0.00011900067329406738 0.004716232419013977 0.0
0.0 0.0039844810962677 0.0
0.0 0.0033223628997802734 0.004873156547546387
0.0001630336046218872 0.0 0.005193650722503662
0.0 0.0 0.004587292671203613
0.0 0.003023982048034668 0.0038475990295410156
0.0 0.006397068500518799 0.011206269264221191
0.0 0.0 0.0
0.0 0.0 0.00920790433883667
0.0030087530612945557 0.0 0.004562318325042725
0.0 0.003161132335662842 0.0012937188148498535
0.0 0.004292488098144531 0.0072269439697265625
0.0 0.004493281245231628 0.0
0.0 0.008120909333229065 0.01012575626373291
0.005252748727798462 0.009752005338668823 0.008594810962677002
0.004353746771812439 0.0071684569120407104 0.0065552592277526855
0.0009481161832809448 0.010938391089439392 0.0028458833694458008
0.00701548159122467 0.005098074674606323 0.010292232036590576
0.00395183265209198 0.00323660671710968 0.0012481212615966797
0.006433278322219849 0.008040741086006165 0.002426326274871826
0.009335875511169434 0.009349673986434937 0.010725080966949463
0.0037029683589935303 0.0 0.006994128227233887
0.005704313516616821 0.0 0.02014636993408203
0.0015661418437957764 0.0 0.021048247814178467
0.0 0.0 0.018134355545043945
0.0 0.0 0.023829936981201172
0.0 0.008287131786346436 0.027228713035583496
0.0 0.006169572472572327 0.017376840114593506
0.0 0.0 0.0050296783447265625
0.0 0.0 0.0
0.0 0.0 0.0
0.0 0.0024483203887939453 0.0
0.0 0.010063454508781433 0.0
0.0013292878866195679 0.007282957434654236 0.0
0.007502049207687378 0.0075967758893966675 0.002254188060760498
0.006060272455215454 0.005414441227912903 0.007562160491943359
0.003100067377090454 0.0038807541131973267 0.012091755867004395
0.003631800413131714 0.005750864744186401 0.014976859092712402
0.004729539155960083 0.0071473270654678345 0.017298400402069092
0.005035653710365295 0.002974793314933777 0.018526911735534668
0.0 0.002833425998687744 0.007758021354675293
0.0 0.0026958733797073364 0.014792203903198242
0.0009656250476837158 0.0 0.010938942432403564
0.0007043331861495972 0.0 0.00533604621887207
0.0 0.0008783638477325439 0.0
0.0 0.006471797823905945 0.0
0.0 0.004691973328590393 0.0
0.0 0.0002597719430923462 0.0012396574020385742
0.0012350380420684814 0.0003212541341781616 0.006994903087615967
0.0 0.0 0.0015483498573303223
0.0 0.003775164484977722 0.00544583797454834
0.0 0.00947253406047821 0.0073738694190979
0.003567814826965332 0.005513042211532593 0.010547995567321777
0.0 0.0 0.0098494291305542
0.0 0.0 0.010105669498443604
0.0 0.003251507878303528 0.010239660739898682
0.0003903806209564209 0.0013557672500610352 0.012125372886657715
0.0 0.002094373106956482 0.01167762279510498
0.0 0.0 0.004141449928283691
0.0004657953977584839 0.0 0.013116955757141113
0.003059178590774536 0.004750430583953857 0.00886613130569458
0.0001843571662902832 0.005259856581687927 0.012441635131835938
0.0 0.003818899393081665 0.001981675624847412
0.0029362142086029053 0.006342038512229919 0.004484713077545166
0.0013565123081207275 0.0036920160055160522 0.004704475402832031
0.0016216486692428589 0.0012378543615341187 0.0014543533325195312
0.00681990385055542 0.0016739219427108765 0.010176002979278564
0.0 0.0025517046451568604 0.0006315112113952637
0.0 0.005439162254333496 0.004129528999328613
0.0 0.005767643451690674 0.009415209293365479
0.0 0.0008596181869506836 0.010560393333435059
0.0 0.0 0.014022350311279297
0.0 0.0 0.0049190521240234375
0.0 0.002979367971420288 0.008238434791564941
0.0015590041875839233 0.0 0.008881628513336182
0.004614830017089844 0.000292360782623291 0.004758298397064209
0.0005875378847122192 0.0024408549070358276 0.010065197944641113
0.002460584044456482 0.004043057560920715 0.007799983024597168
0.0 0.009109854698181152 0.0072519779205322266
0.002718791365623474 0.010491028428077698 0.0032149553298950195
0.0026288479566574097 0.0051629990339279175 0.007141590118408203
0.0 0.0 0.00934070348739624
0.0 0.0 0.011853814125061035
0.0 0.0 0.007378280162811279
0.0 0.0 0.007582187652587891
0.0 0.0015450865030288696 0.0056615471839904785
0.0 0.0037411153316497803 0.007632315158843994
0.0 0.0011499375104904175 0.004024207592010498
0.0 0.006521850824356079 0.005563497543334961
0.004633724689483643 0.008311480283737183 0.0016954541206359863
0.0043003857135772705 0.0055711716413497925 0.0014253854751586914
0.0049248188734054565 0.0008392333984375 0.0
0.0031348466873168945 0.006460815668106079 0.005172252655029297
0.000318869948387146 0.004473626613616943 0.0054901838302612305
0.0 0.00466330349445343 0.011202394962310791
0.0 0.0 0.008657634258270264
0.0 0.0005083680152893066 0.016452670097351074
0.0 0.0005048215389251709 0.010115563869476318
0.0 0.00020737946033477783 0.006144702434539795
0.002917870879173279 0.0039341747760772705 0.009720802307128906
0.0 0.004765212535858154 0.006616830825805664
0.0009901076555252075 0.0016720890998840332 0.00039649009704589844
0.00021970272064208984 0.004410684108734131 0.0020436644554138184
0.0 0.002655044198036194 0.005057215690612793
0.0015457719564437866 0.0 0.007166385650634766
0.0 0.004788562655448914 0.004323601722717285
0.002081051468849182 0.0031449496746063232 0.006424427032470703
0.0004337430000305176 0.0031151622533798218 0.007954120635986328
0.0 0.002306327223777771 0.013165652751922607
0.0 0.002751275897026062 0.010763347148895264
0.0 0.0 0.008112847805023193
0.0 0.0027447640895843506 0.008998274803161621
0.0 0.0 0.004090726375579834
0.0020779669284820557 0.0017044097185134888 0.007041335105895996
0.0 0.004603788256645203 0.011205613613128662
0.0 0.0024746060371398926 0.004043281078338623
0.0 0.0057128965854644775 0.0029875636100769043
0.0022477805614471436 0.003880545496940613 0.005674839019775391
0.001983821392059326 0.001448318362236023 0.004739165306091309
0.0 0.00039981305599212646 0.0034846067428588867
0.0 0.0 0.00413435697555542
0.0 0.00251200795173645 0.009560883045196533
0.0011447817087173462 0.0038899779319763184 0.01044929027557373
0.0 0.004860103130340576 0.00898134708404541
0.0 0.003340587019920349 0.007542252540588379
0.0 0.00023479759693145752 0.007993817329406738
0.001518532633781433 0.0 0.006616175174713135
0.00383874773979187 0.0031947195529937744 0.003899097442626953
0.0011142939329147339 0.00461597740650177 0.00712430477142334
0.0 0.0020537972450256348 0.005433797836303711
0.0 0.003827407956123352 0.0025682449340820312
0.0 0.004381284117698669 0.0011311769485473633
0.0011758357286453247 0.004068687558174133 0.0048454999923706055
0.0 0.0 0.008227765560150146
0.0 0.0 0.004200398921966553
0.0 0.0015583336353302002 0.010702431201934814
0.0 0.0007043927907943726 0.0024728775024414062
0.0 0.005396530032157898 0.008533895015716553
0.0021166205406188965 0.0007480829954147339 0.010461866855621338
0.0 0.0 0.013469457626342773
0.0 0.0 0.009527206420898438
0.0002794116735458374 0.004550084471702576 0.008451402187347412
0.0006509721279144287 0.0070611536502838135 0.002813100814819336
0.0009077340364456177 0.006810501217842102 0.004939377307891846
0.00023703277111053467 0.0022932589054107666 0.005743741989135742
0.0 0.0 0.005168437957763672
0.0025310218334198 0.0 0.0013460516929626465
0.0 0.002048179507255554 0.0008721351623535156
0.0 0.002076089382171631 0.004565834999084473
0.0 0.0013331025838851929 0.005968451499938965
0.0032395124435424805 0.002873033285140991 0.013704001903533936
0.0068465471267700195 0.005838319659233093 0.01918351650238037
0.00989009439945221 0.00686335563659668 0.01793307065963745
0.0010269731283187866 0.004153460264205933 0.015391945838928223
0.005263015627861023 0.003033369779586792 0.013117372989654541
0.0 0.0034979581832885742 0.007196664810180664
0.0 0.0 0.00020521879196166992
0.0 0.0 0.0
0.0 0.0 0.0
0.0 0.0 0.0
0.0 0.0 0.0
0.0 0.0006201118230819702 0.002254009246826172
0.0 0.0 0.008005201816558838
0.0011770278215408325 0.0 0.012652993202209473
0.0033274292945861816 0.0003737807273864746 0.012269914150238037
0.0035041719675064087 0.0037595927715301514 0.009341001510620117
0.010610699653625488 0.0119057297706604 0.012640178203582764
0.005965322256088257 0.013176590204238892 0.009864091873168945
0.0073591917753219604 0.006911173462867737 0.005982160568237305
0.005206018686294556 0.002347424626350403 0.007736086845397949
0.0026399195194244385 0.0 0.00471729040145874
0.0 0.0 0.004424333572387695
0.0 0.0017400085926055908 0.0031206607818603516
0.0 0.004820764064788818 0.005136013031005859
0.0 0.0012759864330291748 0.004188358783721924
0.0 0.0 0.007867634296417236
0.0 0.0 0.010812580585479736
0.0 0.0 0.009159684181213379
0.0010756701231002808 0.006871238350868225 0.012050211429595947
0.0016926676034927368 0.006113559007644653 0.005154550075531006
0.0 0.007131054997444153 0.004241347312927246
0.00349581241607666 0.0021604150533676147 0.009187042713165283
0.0 0.0 0.008376836776733398
0.0 0.0 0.007973134517669678
0.0 0.0 0.01092761754989624
0.0 0.0 0.0037050247192382812
0.000639602541923523 0.0015183091163635254 0.012202322483062744
0.003124341368675232 0.006408378481864929 0.013394474983215332
0.003234758973121643 0.0023330748081207275 0.01282656192779541
0.0007675737142562866 0.0 0.014815092086791992
0.004159331321716309 0.0003743767738342285 0.007076859474182129
0.008461534976959229 0.0004862546920776367 0.01633918285369873
0.0005413740873336792 0.0 0.012012720108032227
0.0 0.0 0.023062169551849365
0.0 0.0 0.005586028099060059
0.0 0.0 0.006286740303039551
0.0 0.026675119996070862 0.021294116973876953
0.06559617817401886 0.050264328718185425 0.07501828670501709
0.08212248980998993 0.05400368571281433 0.06240469217300415
0.0501498281955719 0.07301242649555206 0.0
0.07136842608451843 0.10125932097434998 0.0
0.15909570455551147 0.14642278850078583 0.0
0.18805760145187378 0.23705610632896423 0.0
0.1557459831237793 0.35505688190460205 0.0
0.04489988088607788 0.28148365020751953 0.0
0.08873927593231201 0.3237493634223938 0.0
0.19722604751586914 0.5009727478027344 0.0
0.0 0.3509983420372009 0.0
0.0 0.38977792859077454 0.0
0.0 0.10586002469062805 0.0
0.0 0.0 0.0
0.0 0.0 0.5854920148849487
0.0 0.0 0.8768575191497803
0.0 0.0 0.8628964424133301
0.0 0.06409657001495361 0.8146538734436035
0.0 0.2739109992980957 0.9160934686660767
0.0 0.6590421199798584 0.7728152275085449
0.0 0.710347056388855 0.6781161427497864
0.0 0.6208840608596802 0.7916582822799683
0.0 0.6134085655212402 0.7929074764251709
0.0 0.6399840116500854 0.6625427603721619
0.0 0.7288203239440918 0.3895834684371948
0.0 0.6666187644004822 0.1586153507232666
0.0 0.39717936515808105 0.0
0.07096172869205475 0.28721970319747925 0.0
0.20576855540275574 0.2513362765312195 0.0
0.26335057616233826 0.2826424539089203 0.0
0.17511741816997528 0.1615748107433319 0.0
0.18196630477905273 0.19858869910240173 0.0
0.10771897435188293 0.1964775025844574 0.0
0.16267669200897217 0.10795563459396362 0.0
0.07443802058696747 0.10144859552383423 0.0
0.0 0.082161545753479 0.0
0.0 0.06062668561935425 0.0
0.0 0.040636420249938965 0.0
0.0 0.0 0.0
0.0 0.0 0.0
0.0 0.0 0.027874350547790527
0.0 0.0 0.052443861961364746
0.0 0.0 0.054402172565460205
0.0 0.0002910494804382324 0.0584871768951416
0.0 0.00847354531288147 0.05525237321853638
0.00506620854139328 0.01675194501876831 0.03352177143096924
0.011237360537052155 0.005118563771247864 0.030103683471679688
0.015809647738933563 0.0011597275733947754 0.030636906623840332
0.0016727522015571594 0.0 0.017672717571258545
0.0028393715620040894 0.0 0.01547396183013916
0.0 0.0 0.015750408172607422
0.0 0.0 0.010679543018341064
0.008660361170768738 0.0 0.01291590929031372
0.0 0.0 0.01890343427658081
0.0 0.008024051785469055 0.0
0.0065100789070129395 0.015102311968803406 0.0
0.0 0.022489473223686218 0.0
0.0 0.010179832577705383 0.0
0.0 0.010199964046478271 0.0
0.0 0.0 0.0
0.0045806169509887695 0.0 0.003033459186553955
0.004420042037963867 0.0 0.009521067142486572
0.0 0.0 0.016327202320098877
0.002187088131904602 0.0036839842796325684 0.024752020835876465
0.0 0.003707215189933777 0.01963561773300171
0.0 0.011688292026519775 0.007959306240081787
0.0 0.012885481119155884 0.0006052255630493164
0.00032095611095428467 0.009938523173332214 0.0028821229934692383
0.005604743957519531 0.0062448084354400635 0.0032338500022888184
0.0043958574533462524 0.0 0.007737398147583008
0.0 0.0 0.0008938312530517578
0.003975734114646912 0.0057424455881118774 0.0
0.008716925978660583 0.007745072245597839 0.0
0.00814346969127655 0.004397064447402954 0.002824842929840088
0.003932863473892212 0.009108409285545349 0.009451746940612793
0.0018008649349212646 0.02081666886806488 0.006783902645111084
0.0 0.014777317643165588 0.007887423038482666
0.0 0.013458892703056335 0.0029705166816711426
0.0 0.004165217280387878 0.005403280258178711
0.000486522912979126 0.0053218454122543335 0.0046610236167907715
0.003778710961341858 0.0 0.007198035717010498
0.0006639063358306885 0.0 0.005840301513671875
0.0 0.0 0.003583371639251709
0.0 0.0 0.003998279571533203
0.0 0.0 0.009122908115386963
0.0 0.0 0.009735822677612305
0.0 0.003796100616455078 0.013047337532043457
0.0 0.007931053638458252 0.015061438083648682
0.0 0.008016705513000488 0.01029348373413086
0.0 0.002088308334350586 0.004003405570983887
0.005408540368080139 0.006577253341674805 0.011658430099487305
0.0060079097747802734 0.00196133553981781 0.007295489311218262
0.003918200731277466 0.003692641854286194 0.00585174560546875
0.003960728645324707 0.005278915166854858 0.002315998077392578
0.009586498141288757 0.007759004831314087 0.005713224411010742
0.0 0.001138940453529358 0.007112324237823486
0.0 0.0033434629440307617 0.009404659271240234
0.0 0.007170692086219788 0.011254310607910156
0.0 0.00838993489742279 0.007807552814483643
0.0 0.010251998901367188 0.008888602256774902
0.0 0.006933331489562988 0.0
0.0008156150579452515 0.010052680969238281 0.002914726734161377
0.0 0.005810409784317017 0.0
0.006023198366165161 0.004357099533081055 0.0
0.00689224898815155 0.002883419394493103 0.002013564109802246
0.0025632530450820923 0.0008985251188278198 0.0007748603820800781
0.0 0.007891982793807983 0.011877119541168213
0.0 0.01046009361743927 0.0058522820472717285
0.0 0.007012262940406799 0.007387042045593262
0.0 0.005290701985359192 0.008390843868255615
0.0 0.0006422698497772217 0.012054860591888428
0.0 0.0 0.01211690902709961
0.0 0.0 0.0066789984703063965
0.00029896199703216553 0.0019554942846298218 0.010728120803833008
0.0 0.009420841932296753 0.011574387550354004
0.0 0.005482882261276245 0.0060762763023376465
0.0 0.006723731756210327 0.010955870151519775
0.0024280697107315063 0.0052470862865448 0.009220778942108154
0.0003326982259750366 0.006454452872276306 0.005199134349822998
0.0 0.007857069373130798 0.00851064920425415
0.001209944486618042 0.0015903562307357788 0.0
0.0 0.006632804870605469 0.004570901393890381
0.0 0.0 0.0
0.0 0.0034169256687164307 0.0007673501968383789
0.0 0.0031142830848693848 0.00138169527053833
0.003768220543861389 0.00610765814781189 0.003640890121459961
0.0 0.0005343258380889893 0.009176194667816162
0.0 0.003292381763458252 0.007427632808685303
0.0 0.0037725716829299927 0.010949850082397461
0.0 0.0062225013971328735 0.006988108158111572
0.0 0.006478220224380493 0.00402146577835083
0.0 0.0010472983121871948 0.0034134387969970703
0.0015108436346054077 0.009172379970550537 0.008694589138031006
0.00023889541625976562 0.00422254204750061 0.0005646944046020508
0.0 0.0007284432649612427 0.0
0.0012341290712356567 0.0 0.005410313606262207
0.0 0.003323674201965332 0.010787606239318848
0.002531096339225769 0.0040495991706848145 0.01032799482345581
0.0 0.007742568850517273 0.011772513389587402
0.0 0.002860516309738159 0.019208848476409912
0.0 0.0040166378021240234 0.0065787434577941895
0.0001386702060699463 0.003414720296859741 0.01058495044708252
0.0 0.0062560588121414185 0.005394637584686279
0.0 0.0025693923234939575 0.0
0.0 0.004812389612197876 0.0
0.0 0.0 0.0
0.0 0.0 0.0
0.0 0.012804269790649414 0.005029261112213135
0.0 0.017662599682807922 0.0025113821029663086
0.0016833096742630005 0.01692257821559906 0.00832521915435791
0.0033439695835113525 0.012073919177055359 0.010554850101470947
0.004971101880073547 0.0007639527320861816 0.010277867317199707
0.0 0.0 0.01776176691055298
0.0 0.0 0.02006244659423828
0.0 0.0 0.008757710456848145
0.0 0.0013477206230163574 0.001676023006439209
0.001144304871559143 0.0050590187311172485 0.005271494388580322
0.0013226717710494995 0.002769067883491516 0.001390695571899414
0.0020847320556640625 0.006676122546195984 0.0
0.0 0.005720794200897217 0.0
0.0 0.008799359202384949 0.0014519095420837402
0.0014432817697525024 0.009538412094116211 0.009526312351226807
0.0 0.004960164427757263 0.00343167781829834
0.0 0.0025729238986968994 0.009016931056976318
0.0007378756999969482 0.0025008320808410645 0.01314014196395874
0.0 0.004846826195716858 0.012957513332366943
0.0 0.0031352639198303223 0.009391605854034424
0.0 0.0025940537452697754 0.003455638885498047
0.0 0.005445241928100586 0.0
0.0 0.0055535584688186646 0.003163456916809082
0.0 0.007522314786911011 0.005523562431335449
0.0 0.005681261420249939 0.003150045871734619
0.0 0.003326505422592163 0.005048632621765137
0.0 0.00289037823677063 0.005938887596130371
0.0 0.0004032999277114868 0.004960179328918457
0.0004027038812637329 0.00028483569622039795 0.005377292633056641
0.0005819499492645264 0.0038446784019470215 0.00493699312210083
0.0 0.005419552326202393 0.0065996646881103516
0.0 0.005972921848297119 0.007253527641296387
0.0 0.004646658897399902 0.008302092552185059
0.0 0.005716532468795776 0.004656732082366943
0.00015422701835632324 0.006995156407356262 0.00516897439956665
0.002656489610671997 0.007191747426986694 0.0012061595916748047
0.0037839263677597046 0.0037174224853515625 0.005158483982086182
0.004471838474273682 0.00237901508808136 0.0010741353034973145
0.0031878501176834106 0.0025345534086227417 0.005835533142089844
0.0 0.004507109522819519 0.005880832672119141
0.0 0.004052504897117615 0.009675800800323486
0.0 0.002459287643432617 0.01421898603439331
0.0 0.0018408745527267456 0.009501397609710693
0.0 0.006808727979660034 0.0
0.0010400861501693726 0.005267053842544556 0.0
0.00024086236953735352 0.0024081915616989136 0.0005382299423217773
0.0031946152448654175 0.005329012870788574 0.00017791986465454102
0.0038285106420516968 0.010900795459747314 0.007179379463195801
0.006093576550483704 0.007178887724876404 0.010383009910583496
0.0 0.007722258567810059 0.007224440574645996
0.0 0.0013959258794784546 0.0051920413970947266
0.0 0.00010454654693603516 0.0084151029586792
0.0 0.0030813068151474 0.010367512702941895
0.0 0.0 0.013393878936767578
0.0 0.0 0.01493161916732788
0.0 0.0 0.007418215274810791
0.0 0.00546930730342865 0.009280502796173096
0.0 0.0039360374212265015 0.009527981281280518
0.001579388976097107 0.001146063208580017 0.007671236991882324
0.00012499094009399414 0.0012526065111160278 0.0026923418045043945
0.0 0.004430219531059265 0.0012219548225402832
0.0018298029899597168 0.005990028381347656 0.004806458950042725
0.0044393390417099 0.007862165570259094 0.006937265396118164
0.0 0.0 0.006554961204528809
0.0 0.0 0.003736436367034912
0.0 0.0035727769136428833 0.0077301859855651855
0.0 0.007133036851882935 0.003978729248046875
0.0 0.008194595575332642 0.006741046905517578
0.0 0.0061011165380477905 0.007313728332519531
0.0 0.0007201135158538818 0.007661879062652588
0.0 0.0 0.0
0.0 0.008495107293128967 0.0032199621200561523
0.0 0.00488869845867157 0.0
0.0029304027557373047 0.009827330708503723 0.00869840383529663
0.0008525252342224121 0.0012549906969070435 0.0051381587982177734
0.0015041828155517578 0.003922715783119202 0.005348265171051025
0.0 0.0013055801391601562 0.00914621353149414
0.0 0.0030180513858795166 0.009636402130126953
0.0 0.004015803337097168 0.010726094245910645
0.0 0.0 0.007161498069763184
0.0 0.0 0.0037642717361450195
0.0 0.003558337688446045 0.01214975118637085
0.0 0.0020959824323654175 0.008585751056671143
0.0 0.0055061280727386475 0.0023403167724609375
0.0018271058797836304 0.006816700100898743 0.0030701160430908203
0.0 0.010413408279418945 0.00022739171981811523
0.0017229914665222168 0.005074203014373779 0.0008946061134338379
0.0037120580673217773 0.0025516748428344727 0.00911402702331543
0.0 0.0 0.004870593547821045
0.0 0.008526548743247986 0.00965583324432373
0.0 0.007538288831710815 0.005544304847717285
0.0 0.00467345118522644 0.008554279804229736
0.0006608068943023682 0.002553969621658325 0.01442265510559082
0.0011972784996032715 0.0014501363039016724 0.008465051651000977
0.0 0.0032976269721984863 0.004241585731506348
0.0 0.005558878183364868 0.0
0.0 0.005491793155670166 0.00531381368637085
0.0 0.0 0.0007299184799194336
0.0 0.0022170841693878174 0.0067168474197387695
0.0 0.0 0.005874693393707275
0.0 0.003634706139564514 0.0028928518295288086
0.0 0.0 0.005827128887176514
0.0 0.0026742517948150635 0.00320589542388916
0.0 0.008847609162330627 0.008024215698242188
0.0 0.004099011421203613 0.0034309029579162598
0.003483325242996216 0.002902388572692871 0.004252731800079346
0.0 0.002825036644935608 0.007288992404937744
0.0 0.003382548689842224 0.0019005537033081055
0.0006252378225326538 0.004238024353981018 0.01308530569076538
0.0 0.0 0.003284275531768799
0.0014292895793914795 0.005952909588813782 0.008015155792236328
0.0 0.004742100834846497 0.008340835571289062
0.0 0.005420848727226257 0.016416847705841064
0.0 0.0007295757532119751 0.006750702857971191
0.0 0.0028075873851776123 0.003310680389404297
0.0008960962295532227 0.0 0.004171311855316162
0.0 0.0 0.008877336978912354
0.0 0.0012358278036117554 0.010924696922302246
0.0 0.0056108832359313965 0.0065329670906066895
0.0018526464700698853 0.0068771690130233765 0.007859647274017334
0.0 0.007612287998199463 0.005722403526306152
0.0005895942449569702 0.005624860525131226 0.00554269552230835
0.0 0.0034512877464294434 0.0
0.0 0.0 0.0
0.0 0.0 0.0
0.0 0.002747088670730591 0.0
0.0 0.007665038108825684 0.007484793663024902
0.0 0.006841063499450684 0.008574485778808594
0.0 0.007453426718711853 0.009654641151428223
0.0 0.00455021858215332 0.015386998653411865
0.0 0.004422679543495178 0.006519496440887451
0.0 0.002888098359107971 0.010317444801330566
0.0032379478216171265 0.0 0.007883012294769287
0.0023998618125915527 0.0 0.004554271697998047
0.0 0.0026647448539733887 0.0053070783615112305
0.0 0.0008567571640014648 0.004187345504760742
0.0 0.003139674663543701 0.011006712913513184
0.0 0.0006338655948638916 0.004926621913909912
0.0 0.003878086805343628 0.006624042987823486
0.0 0.006125316023826599 0.004553794860839844
0.0 0.005737185478210449 0.009414076805114746
0.0 0.0006813704967498779 0.0
0.006467849016189575 0.006311982870101929 0.00870668888092041
0.003189101815223694 0.0036719292402267456 0.002478301525115967
0.0010261982679367065 0.0035717934370040894 0.006404519081115723
0.0 0.0 0.0033273696899414062
0.0 0.0026630908250808716 0.007710576057434082
0.0 0.00043207406997680664 0.007298767566680908
0.0 0.004786819219589233 0.00592195987701416
0.0 0.003491148352622986 0.01176387071609497
0.0 0.001116529107093811 0.007382690906524658
0.0 0.0019425898790359497 0.009582281112670898
0.0 0.003945142030715942 0.0024315714836120605
0.0 0.0012854188680648804 0.011735737323760986
0.0007076263427734375 0.0 0.005676388740539551
0.0 0.0045370906591415405 0.005850315093994141
0.0020857006311416626 0.007527828216552734 0.0041312575340271
0.0 0.006126344203948975 0.0
0.002343997359275818 0.005376800894737244 0.0038785934448242188
0.0 0.004445195198059082 0.006739377975463867
0.0 0.0027628690004348755 0.007502496242523193
0.0 0.001832127571105957 0.006421208381652832
0.0 0.0 0.006262540817260742
0.0 0.002256527543067932 0.004324734210968018
0.0 0.0017734169960021973 0.008753538131713867
0.0 0.005357533693313599 0.007208406925201416
0.0 0.005435153841972351 0.00575709342956543
0.0001932680606842041 0.007228851318359375 0.0028250813484191895
0.003938823938369751 0.0077467262744903564 0.006458699703216553
0.0009778141975402832 0.0036097466945648193 0.0036916136741638184
0.0 0.001582324504852295 0.005604267120361328
0.0 0.0 0.01020282506942749
0.0 0.0 0.007855474948883057
0.0 0.0017941147089004517 0.003850698471069336
0.0 0.002795577049255371 0.0019217729568481445
0.0 0.0011323094367980957 0.00889885425567627
0.0 0.003388911485671997 0.009782075881958008
0.0 0.006010890007019043 0.009121239185333252
0.0 0.00719115138053894 0.009070277214050293
0.0011744201183319092 0.004279911518096924 0.004108250141143799
0.003834247589111328 0.005924880504608154 0.004228532314300537
0.003217935562133789 0.011828392744064331 0.004488050937652588
0.00702136754989624 0.014487922191619873 0.003456711769104004
0.010927736759185791 0.012514680624008179 0.0
0.014954134821891785 0.005565240979194641 0.0006564855575561523
0.014170855283737183 0.0 0.006531715393066406
0.005129799246788025 0.0 0.017441749572753906
0.0 0.0 0.023265302181243896
0.0 0.0 0.01831895112991333
0.0 0.0 0.010735511779785156
0.0 0.0 0.0009848475456237793
0.0 0.0 0.0
0.0 0.0 0.0
0.0 0.0 0.0
0.0 0.0 0.0
0.006193280220031738 0.0 0.0009086132049560547
0.008523643016815186 0.007110148668289185 0.006871223449707031
0.01252835988998413 0.011661350727081299 0.01468813419342041
0.010362759232521057 0.006897449493408203 0.020307481288909912
0.009816408157348633 0.011499971151351929 0.029754221439361572
0.006892099976539612 0.011879295110702515 0.016408085823059082
0.010433807969093323 0.011719763278961182 0.010057210922241211
0.005110383033752441 0.006228536367416382 0.007796645164489746
0.0 0.002892911434173584 0.008147835731506348
0.0 0.007395580410957336 0.003893733024597168
0.0 0.004712596535682678 0.0
0.0 0.0004255622625350952 0.0
0.0 0.0 0.0
0.0 0.0 0.0
0.0 0.0 0.00553816556930542
0.0 0.0 0.005252838134765625
0.0 0.005953013896942139 0.006726622581481934
0.0005855709314346313 0.005908012390136719 0.012266933917999268
0.0008162111043930054 0.003265291452407837 0.014213919639587402
0.0005977153778076172 0.005264490842819214 0.01210707426071167
0.007591277360916138 0.005400717258453369 0.013460278511047363
0.012277886271476746 0.003476768732070923 0.013737976551055908
0.012984424829483032 0.009945273399353027 0.011448919773101807
0.00927746295928955 0.016032516956329346 0.0031473636627197266
0.0025873035192489624 0.010227322578430176 0.0
0.0 0.004200294613838196 0.0
0.0 0.0 0.0008978843688964844
0.0 0.0 0.012797117233276367
0.0 0.0 0.015683233737945557
0.0 0.005076080560684204 0.012125730514526367
0.0 0.006798058748245239 0.0018608570098876953
0.0 0.00015717744827270508 0.0
0.00016227364540100098 0.0 0.010498642921447754
0.0 0.0 0.010264277458190918
0.0027687400579452515 0.007081270217895508 0.011891484260559082
0.0021314918994903564 0.017367973923683167 0.006754517555236816
0.004599019885063171 0.013611197471618652 0.0
0.0 0.00730210542678833 0.0
0.0 0.0 0.004754781723022461
0.0 0.0 0.0060479044914245605
0.0 0.004016026854515076 0.003983139991760254
0.0 0.017046838998794556 0.010180652141571045
0.004627138376235962 0.005229324102401733 0.016939878463745117
0.0009329020977020264 0.0 0.0072737932205200195
0.0 0.0 0.0010232329368591309
0.0 0.0 0.0
0.0 0.011251583695411682 0.005628705024719238
0.0 0.012796610593795776 0.007850289344787598
0.0 0.008826583623886108 0.009392917156219482
0.0 0.0016747713088989258 0.006390511989593506
0.0 0.00126686692237854 0.0012644529342651367
0.0 0.0 0.007021307945251465
0.0 0.0 0.0005023479461669922
0.0006341636180877686 0.0 0.008075058460235596
0.0 0.002265632152557373 0.0013342499732971191
0.0012419819831848145 0.008133172988891602 0.00742495059967041
0.0022551417350769043 0.006755799055099487 0.007064342498779297
0.00017124414443969727 0.012167662382125854 0.01192772388458252
0.0008745342493057251 0.007115215063095093 0.015730202198028564
0.0 0.002787649631500244 0.012393951416015625
0.0006791204214096069 0.0015445947647094727 0.007062256336212158
0.0018742233514785767 0.0026872456073760986 0.0030975341796875
0.0 0.00455474853515625 0.006678402423858643
0.0 0.0 0.005563080310821533
0.0008506029844284058 0.0 0.003748476505279541
0.0 0.0029738545417785645 0.0
0.002232879400253296 0.00870831310749054 0.007933735847473145
0.0017300546169281006 0.0 0.018593251705169678
0.0 0.0 0.007554590702056885
0.0 0.0 0.025489091873168945
0.0 0.0 0.023879647254943848
0.0 0.0 0.0268477201461792
0.0 0.0 0.051768958568573
0.0 0.0 0.04773831367492676
0.0 0.0 0.01967167854309082
0.008790329098701477 0.0061041563749313354 0.0036755800247192383
0.016207784414291382 0.0 0.0
0.0 0.048176512122154236 0.0
0.023076802492141724 0.05231562256813049 0.0
0.07291370630264282 0.09788292646408081 0.0
0.15454721450805664 0.17092254757881165 0.0
0.1097646951675415 0.233292818069458 0.0
0.16574448347091675 0.35390838980674744 0.0
0.14540070295333862 0.4451937973499298 0.0
0.08265852928161621 0.45131978392601013 0.0
0.17002832889556885 0.4764243960380554 0.0
0.027207911014556885 0.3649214208126068 0.0
0.0 0.24182966351509094 0.0
0.0 0.10443511605262756 0.0
0.0 0.0 0.2622946500778198
0.0 0.0 0.6672289371490479
0.0 0.0 0.6914203763008118
0.0 0.15457528829574585 0.5757983922958374
0.0 0.3547922372817993 0.5121958255767822
0.0 0.4463014602661133 0.5158430337905884
0.0 0.40072596073150635 0.47330838441848755
0.0 0.3271387219429016 0.5585700869560242
0.0 0.3518272638320923 0.6065167784690857
0.0 0.4621337056159973 0.5336715579032898
0.0 0.5390795469284058 0.4295783042907715
0.04535433650016785 0.5323972105979919 0.33522772789001465
0.010810524225234985 0.4478534460067749 0.25393348932266235
0.0 0.3035106062889099 0.2348136305809021
0.0 0.22842150926589966 0.16040480136871338
0.0 0.1987694501876831 0.1220470666885376
0.0 0.17650288343429565 0.016632556915283203
0.03046567738056183 0.22685974836349487 0.0
0.022110790014266968 0.27776801586151123 0.014422833919525146
0.08160567283630371 0.276411235332489 0.053443729877471924
0.15617211163043976 0.18930679559707642 0.08579373359680176
0.07006660103797913 0.14493975043296814 0.0
0.03447751700878143 0.12478426098823547 0.0
0.04644029960036278 0.14935550093650818 0.0
0.10541149973869324 0.09919106960296631 0.0
0.08622501790523529 0.04863877594470978 0.0
0.0 0.018764585256576538 0.0
0.0 0.0 0.0
0.0 0.0 0.0
0.0 0.0031113922595977783 0.0
0.0 0.040776267647743225 0.0
0.0 0.05638584494590759 0.0
0.0 0.04761490225791931 0.0
0.0 0.02188725769519806 0.0
0.0 0.01327185332775116 0.0
0.0 0.009917467832565308 0.0
0.00042594224214553833 0.006957843899726868 0.012943744659423828
0.0 0.008062303066253662 0.033159732818603516
0.011570543050765991 0.007640644907951355 0.0629955530166626
0.02396737039089203 0.028505608439445496 0.08043384552001953
0.020204007625579834 0.026457712054252625 0.0826648473739624
0.020207658410072327 0.018449991941452026 0.06317836046218872
0.026103287935256958 0.013460010290145874 0.055433034896850586
0.015726491808891296 0.009076282382011414 0.039969563484191895
0.010127604007720947 0.009132727980613708 0.018352806568145752
0.003947049379348755 0.008847564458847046 0.01091676950454712
0.0 0.0 0.0
0.0 0.0 0.0
0.0 0.0 0.0027478933334350586
0.0 0.0 0.0
0.0 0.0 0.0
0.0 0.004019752144813538 0.00702744722366333
0.0 0.0 0.008528172969818115
0.0 0.0 0.0
0.0 0.0 0.0
0.0 0.0008473992347717285 0.0
0.0038493722677230835 0.007673770189285278 0.0035269856452941895
0.0 0.014266937971115112 0.0
0.0 0.015193209052085876 0.0
0.0 0.004160970449447632 0.0
0.0034839510917663574 0.0 0.08694356679916382
0.044485777616500854 0.0 0.0
0.019386783242225647 0.0 0.07375633716583252
0.0 0.02314472198486328 0.0
0.0 0.013736292719841003 0.0
0.0 0.031031593680381775 0.0
0.02835547924041748 0.006856471300125122 0.015613973140716553
0.0409565269947052 0.0 0.018960535526275635
0.0 0.0 0.021664440631866455
0.0 0.07835321128368378 0.0225677490234375
0.0 0.0 0.05005699396133423
0.02374143898487091 0.0 0.06937164068222046
0.02055428922176361 0.0 0.010913670063018799
0.0 0.013786137104034424 0.00814211368560791
0.0 0.027216285467147827 0.020537197589874268
0.0011770278215408325 0.008708670735359192 0.029687166213989258
0.0038851946592330933 0.0 0.003703176975250244
0.0 0.012790843844413757 0.0
0.0 0.02100329101085663 0.0
0.009103477001190186 0.019473567605018616 0.0
0.017548590898513794 0.020247071981430054 0.0
0.02951452136039734 0.014740005135536194 0.0
0.010359406471252441 0.016528040170669556 0.0030876994132995605
0.0 0.018545567989349365 0.010912775993347168
0.007394805550575256 0.00912138819694519 0.01194775104522705
0.00722929835319519 0.011751160025596619 0.0018573403358459473
0.00689224898815155 0.0 0.00804281234741211
0.0 0.012008234858512878 0.008376479148864746
0.0 0.007087156176567078 0.020695626735687256
0.0 0.0 0.018503665924072266
0.0 0.0024862140417099 0.0
0.009021058678627014 0.0 0.0
0.0050023943185806274 0.0 0.004319965839385986
0.0 0.0 0.0076174139976501465
0.0 0.012791424989700317 0.011046946048736572
0.0 0.0122031569480896 0.005774259567260742
0.008276358246803284 0.004505589604377747 0.014841318130493164
0.0 0.0003609210252761841 0.014789164066314697
0.0030059516429901123 0.0008287876844406128 0.010437965393066406
0.005668416619300842 0.006743937730789185 0.00634157657623291
0.0 0.009861007332801819 0.0
0.013361938297748566 0.012127786874771118 0.007809102535247803
0.011493377387523651 0.0 0.010320186614990234
0.0 0.00020457804203033447 0.029052436351776123
0.00809316337108612 0.0 0.002070605754852295
0.0 0.027633532881736755 0.0
0.0011842846870422363 0.015670284628868103 0.0
0.0 0.01034112274646759 0.0
0.0 0.027263641357421875 0.0
0.015768051147460938 0.0 0.035869479179382324
