0.3160185217857361 0.010433124378323555 0.1148085668683052
0.3100527822971344 0.10517268627882004 0.08621153980493546
0.22662019729614258 0.23596051335334778 0.12426146119832993
0.029737763106822968 0.4044336974620819 0.0950646847486496
0.0 0.4051136076450348 0.0004700068384408951
0.0 0.25965920090675354 0.0
0.0 0.11812150478363037 0.0
0.0 0.03170938417315483 0.020392049103975296
0.0 0.02520434744656086 0.02729176916182041
0.0 0.0 0.05237048864364624
0.0 0.0 0.11858465522527695
0.05189366638660431 0.39059802889823914 0.0
0.5640996694564819 0.16855937242507935 0.0
0.6570978164672852 0.0 0.0
0.507156252861023 0.0 0.0
0.32632896304130554 0.0 0.0
0.17313779890537262 0.0 0.0
0.0 0.0 0.0
0.0 0.0 0.0
0.0 0.0 0.08592844754457474
0.08044994622468948 0.0 0.05407251417636871
0.1063409298658371 0.0 0.023270925506949425
0.10650604218244553 0.0 0.006159051321446896
0.15731115639209747 0.0 0.058175645768642426
0.12665365636348724 0.0 0.14899930357933044
0.029437623918056488 0.0 0.1598077416419983
0.0 0.0 0.11850183457136154
0.0 0.0 0.06352007389068604
0.0 0.039139069616794586 0.030959738418459892
0.014006736688315868 0.05073767155408859 0.014705667272210121
0.036161839962005615 0.04103684052824974 0.03839848190546036
0.003867816412821412 0.01443452388048172 0.061492614448070526
0.0 0.0 0.052222952246665955
0.0 0.0 0.04383079707622528
0.0 0.0 0.0692991390824318
0.0 0.014505630359053612 0.0894390270113945
0.015552968718111515 0.09514535218477249 0.07896401733160019
0.0614142008125782 0.12904605269432068 0.0870102196931839
0.01344827190041542 0.09303532540798187 0.07573120296001434
0.02174961194396019 0.0015528136864304543 0.0851324275135994
0.04889707639813423 0.0 0.13543102145195007
0.005187146365642548 0.0 0.13836157321929932
0.0 0.055869050323963165 0.10369493067264557
0.0 0.04724538326263428 0.07668820023536682
0.0 0.020752523094415665 0.043679386377334595
0.0 0.05701039358973503 0.003408128395676613
0.0006935247220098972 0.08149868994951248 0.0
0.010236961767077446 0.0 0.0
0.033514853566884995 0.0 0.0
0.04509827122092247 0.0 0.0
0.008103503845632076 0.0198340006172657 0.0
0.0 0.05203694477677345 0.0
0.0 0.025446876883506775 0.0
0.0 0.0 0.0
0.023228393867611885 0.004996197298169136 0.0
0.10201907902956009 0.0 0.0
0.10245930403470993 0.0 0.01735750027000904
0.04678591713309288 0.0 0.040428463369607925
0.029541950672864914 0.0 0.05735950917005539
0.09348711371421814 0.0 0.06000349670648575
0.08420705795288086 0.0 0.026762451976537704
0.0856369137763977 0.0 0.0
0.06334545463323593 0.0 0.0
0.0 0.0 0.0
0.0 0.0 0.022086741402745247
0.0 0.0 0.011465255171060562
0.0 0.0 0.0056451838463544846
0.03516574949026108 0.0 0.02746526151895523
0.020231273025274277 0.0 0.02951136976480484
0.012924890965223312 0.033448345959186554 0.018872572109103203
0.012174146249890327 0.11325742304325104 0.0
0.0077924467623233795 0.13235041499137878 0.01380031555891037
0.0 0.1385641098022461 0.07753988355398178
0.0 0.1585806906223297 0.1718120574951172
0.0 0.10467804968357086 0.14384406805038452
0.0 0.0 0.0
0.0 0.0 0.0
0.0 0.0 0.0
0.0 0.0 0.0
0.0 0.0 0.0
0.0 0.0 0.0
0.0 0.0 0.0
0.038927461951971054 0.0 0.0
0.08616288751363754 0.0 0.0
0.07414936274290085 0.0 0.0
0.05895576626062393 0.0 0.0
0.015932131558656693 0.0 0.02831054851412773
0.01699073798954487 0.0 0.032670143991708755
0.0427006296813488 0.0 0.018945809453725815
0.05359615385532379 0.0 0.0
0.039906442165374756 0.0 0.0
0.02288750931620598 0.0 0.0
0.0 0.0 0.0
0.0 0.0018435190431773663 0.0
0.0 0.0 0.0
0.016220534220337868 0.0 0.000571168027818203
0.020413948222994804 0.0 0.007002169266343117
0.021359635517001152 0.0 0.019851921126246452
0.01610654965043068 0.0 0.011242721229791641
0.01840618997812271 0.0 0.0
0.003563860896974802 0.0 0.0
0.0 0.013451704755425453 0.0
0.0 0.009243644773960114 0.0
0.0 0.0 0.0
0.011050539091229439 0.0 0.0
0.021500250324606895 0.0 0.007054368034005165
0.014936357736587524 0.0 0.020835427567362785
0.013819694519042969 0.0 0.027268558740615845
0.018185148015618324 0.0 0.018786391243338585
0.025785276666283607 0.0 0.0027653463184833527
0.03219257667660713 0.0 0.0017472198233008385
0.011789832264184952 0.0 0.016554927453398705
0.0 0.009122737683355808 0.005788832902908325
0.005752712953835726 0.0 0.0
0.004744972568005323 0.0007002241909503937 0.0
0.0 0.01024019904434681 0.0
0.0 0.007043341174721718 0.0
0.008923206478357315 0.00597141869366169 0.0
0.03240296617150307 0.0006128721870481968 0.0
0.024878203868865967 0.0 0.0
0.0 0.0 0.0
0.0 0.0081666624173522 0.0
0.005654974840581417 0.012328650802373886 0.0
0.007743692025542259 0.00380733422935009 0.0
0.011088622733950615 0.0049160076305270195 0.0
0.0036682565696537495 0.0 0.0
0.00901801511645317 0.0 0.0
0.002486345823854208 0.01234702579677105 0.0
0.0 0.014445863664150238 0.001575978472828865
0.016187245026230812 0.006943739019334316 0.008142001926898956
0.025650521740317345 0.0 0.019943002611398697
0.027889706194400787 0.004782050848007202 0.011456839740276337
0.0332125648856163 0.0 0.011482404544949532
0.03528450429439545 0.0 0.01791979745030403
0.01617925427854061 0.001628069207072258 0.008124692365527153
0.03766244277358055 0.0 0.0
0.030102526769042015 0.0 0.0
0.00029562925919890404 0.003830237314105034 0.0
0.0025715669617056847 0.0 0.0
0.00040668342262506485 0.012371260672807693 0.0
0.013070279732346535 0.01229376345872879 0.0006499979645013809
0.020400632172822952 0.0 0.011340724304318428
0.025597790256142616 0.0015409840270876884 0.026379860937595367
0.01719253696501255 0.0 0.012378537096083164
0.0226762518286705 0.0 0.0
0.008682405576109886 0.0037445779889822006 0.011259743012487888
0.0 0.010156404227018356 0.015308280475437641
0.0 0.0 0.00227423757314682
0.0 0.0007258853875100613 0.0
0.0005664220079779625 0.0007280157878994942 0.0
0.024084530770778656 0.02088468335568905 0.0
0.0 0.014552218839526176 0.0
0.0 0.012478947639465332 0.0
0.0 0.039148375391960144 0.0
0.0 0.014795631170272827 0.0
0.0 0.0 0.0
0.0 0.006220253184437752 0.0
0.0 0.0 0.0
0.029906999319791794 0.0 0.018860138952732086
0.04253970459103584 0.0 0.03717496618628502
0.05519664287567139 0.0 0.050083041191101074
0.03603626415133476 0.0 0.04344404488801956
0.0 0.0 0.01422171201556921
0.0 0.0 0.0
0.006889565382152796 0.0 0.0
0.008894393220543861 0.0 0.0
0.0 0.015552235767245293 0.0
0.0 0.008113227784633636 0.0
0.0 0.004901988431811333 0.0
0.011937054805457592 0.010132968425750732 0.007039698772132397
0.008759903721511364 0.0 0.001600991003215313
0.02061869204044342 0.0 0.0
0.02140725404024124 0.015377532690763474 0.021039403975009918
0.01929696649312973 0.0 0.0145189194008708
0.0 0.0 0.009855990298092365
0.0 0.0006411965005099773 0.013963916338980198
0.0 0.0 0.0
0.0 0.011274132877588272 0.0
0.0032274527475237846 0.026025116443634033 0.02623390033841133
0.0 0.07355961203575134 0.12121393531560898
0.0 0.18744036555290222 0.1450662761926651
0.0 0.13665547966957092 0.10384000837802887
0.0 0.051666829735040665 0.06237219646573067
0.0 0.0038774702697992325 0.02212570607662201
0.0 0.028440337628126144 0.0
0.0 0.04972165822982788 0.0
0.0 0.09981731325387955 0.0
0.0 0.13390177488327026 0.0
0.0 0.10525309294462204 0.0
0.008306367322802544 0.006124645471572876 0.0
0.037977710366249084 0.0 0.0
0.0 0.04122138023376465 0.0
0.0 0.054005883634090424 0.009952397085726261
0.0 0.035749565809965134 0.037068676203489304
0.0 0.032440055161714554 0.04289993271231651
0.048583704978227615 0.0013122293166816235 0.07468263059854507
0.1640000343322754 0.0 0.044530052691698074
0.19385886192321777 0.0 0.044783320277929306
0.0987539291381836 0.0 0.05883841961622238
0.0753636509180069 0.0 0.05333233252167702
0.10792692005634308 0.0 0.0
0.15317535400390625 0.0 0.0
0.13750743865966797 0.0 0.0
0.14983254671096802 0.0 0.0
0.14792972803115845 0.004339444451034069 0.06606996804475784
0.1596289873123169 0.0 0.06282676756381989
0.23145020008087158 0.0 0.021659359335899353
0.3181041181087494 0.0 0.0
0.30308789014816284 0.0 0.013941784389317036
0.27005642652511597 0.0 0.013718877919018269
0.22436004877090454 0.0 0.0
0.18268105387687683 0.0 0.0
0.16764137148857117 0.0 0.0
0.13384774327278137 0.0 0.0
0.0952843651175499 0.0 0.0
0.028015844523906708 0.0 0.0
0.0 0.0 0.0
0.0 0.0 0.023765120655298233
0.0 0.0 0.0
0.0 0.021373022347688675 0.0
0.0 0.07050327956676483 0.0
0.0 0.06614714860916138 0.0
0.0 0.1019434928894043 0.0
0.0 0.15932850539684296 0.0
0.027867505326867104 0.21169130504131317 0.0
0.07372341305017471 0.1896674931049347 0.0
0.1361343264579773 0.09091614186763763 0.0
0.24685817956924438 0.0 0.0
0.294559121131897 0.0 0.0
0.2198300063610077 0.0278351828455925 0.0
0.10947980731725693 0.22446675598621368 0.0
0.10045862197875977 0.2073058784008026 0.0
0.1633661985397339 0.03396524861454964 0.0
0.18306374549865723 0.0 0.0
0.14093732833862305 0.0 0.0
0.09730064123868942 0.07490202784538269 0.0
0.08325566351413727 0.09824277460575104 0.0
0.05175366252660751 0.05559943616390228 0.0
0.03616058826446533 0.0 0.0
0.031487274914979935 0.0 0.0
0.0 0.0 0.0
0.0 0.07813297212123871 0.0
0.0 0.2130790799856186 0.0
0.0 0.1947333812713623 0.0
0.0 0.027636535465717316 0.008668356575071812
0.0 0.0 0.0
0.0 0.0 0.0
0.0 0.0 0.0905669555068016
0.15372346341609955 0.0 0.20552149415016174
0.32046183943748474 0.0 0.2829803228378296
0.19328445196151733 0.0 0.20826669037342072
0.0 0.0 0.0
0.0 0.07414252310991287 0.0
0.0 0.1377212256193161 0.0
0.0 0.15822437405586243 0.0
0.0 0.09507124125957489 0.05070342496037483
0.015828439965844154 0.023767761886119843 0.04664609953761101
0.1063183918595314 0.0 0.04599175974726677
0.36780139803886414 0.0 0.034486640244722366
0.670692503452301 0.0 0.0
0.568327784538269 0.0 0.0
0.23144514858722687 0.0 0.0
0.0027818798553198576 0.0 0.0
0.0 0.0872119888663292 0.0
0.0 0.31803613901138306 0.0004074973985552788
0.0 0.5371700525283813 0.04450412094593048
0.0 0.5576851963996887 0.1835315078496933
0.0 0.25092366337776184 0.0
0.0 0.046104494482278824 0.0
0.0 0.0 0.0
0.0 0.0 0.0
0.0 0.07411269843578339 0.0
0.0 0.22587798535823822 0.0
0.0 0.11517810821533203 0.0
0.047667328268289566 0.0 0.0
0.05123410001397133 0.0 0.0
0.0 0.0 0.06857962906360626
0.0 0.4294968843460083 0.7974458336830139
0.1103978231549263 0.6300305128097534 0.4918387234210968
0.07903484255075455 0.17992673814296722 0.04671534150838852
0.13426055014133453 0.0 0.0
0.5109084844589233 0.0 0.0
0.8044590950012207 0.0 0.0
0.2319929599761963 0.0 0.0
0.0 0.12447786331176758 0.0
0.0 0.11450592428445816 0.0
0.0 0.1900976151227951 0.0
0.4735054671764374 0.042327865958213806 0.0
1.160546898841858 0.36099132895469666 0.24399246275424957
1.419801115989685 0.21449057757854462 0.33477747440338135
0.9152945280075073 0.0 0.014960606582462788
0.5201637148857117 0.0 0.0
0.3514951169490814 0.0 0.0
0.23481272161006927 0.0 0.0
0.012674723751842976 0.0 0.0
0.0 0.0 0.0
0.0 0.0 0.0
0.23548702895641327 0.0 0.0
0.2509344220161438 0.0 0.0
0.0 0.0 0.0
0.0 0.0 0.0
0.0 0.0 0.0
0.0 0.0 0.0
0.0 0.0 0.0
0.0 0.0 0.0
0.0 0.4186752438545227 0.0
0.0 0.0 0.0
0.0 0.0 0.0
0.0 0.0 0.14124688506126404
0.0 0.0 0.6521059274673462
0.0 0.0 0.8935776948928833
0.0 0.0 0.7654263377189636
0.0 0.0 0.7192620635032654
0.0 0.0 0.711524248123169
0.0 0.0 0.5640671253204346
0.0 0.06891857087612152 0.3044520616531372
0.008802753873169422 0.0 0.0
0.0 0.04149387404322624 0.0
0.0 0.2499895542860031 0.0
0.0 0.1830265074968338 0.0
0.0 0.0 0.0
0.0 0.0 0.0
0.10434632003307343 0.0 0.2687201499938965
0.0 0.1444879025220871 0.26862427592277527
0.0 0.033987753093242645 0.0
0.0 0.0 0.0
0.6881258487701416 0.01485267374664545 0.0
1.1221420764923096 0.185891792178154 0.0
0.8690035343170166 0.09883865714073181 0.8491739630699158
0.3077961206436157 0.0 1.6583455801010132
0.15630406141281128 0.0 1.4901022911071777
0.4691474437713623 0.0 0.6734716892242432
0.3673763573169708 0.18158093094825745 0.028238050639629364
0.39348945021629333 0.0 0.04911696910858154
0.6723034977912903 0.0 0.3153161406517029
0.9684800505638123 0.0 0.5659329295158386
0.7293190956115723 0.0 0.40410301089286804
0.5219630002975464 1.227551817893982 0.0
0.3999428153038025 1.25607168674469 0.0
0.0 0.2947500944137573 0.0
0.2176414579153061 0.2263830304145813 0.06641526520252228
0.9521226286888123 0.0 0.006692279130220413
0.8871945142745972 0.0 0.0
0.352214515209198 0.0 0.0
0.0 0.13216650485992432 0.08821514993906021
0.0 0.44009047746658325 0.0
0.09558222442865372 0.1955031305551529 0.0
0.06973571330308914 0.0 0.0
0.0 0.0 0.0
0.0 0.0 0.0
0.0 0.23559488356113434 0.0
0.0 0.5071792602539062 0.0
0.0 0.5985472202301025 0.0
0.0 0.6308332681655884 0.0
0.0 0.6635022759437561 0.0
0.0 0.6300486922264099 0.0
0.023723479360342026 0.5974348187446594 0.0
0.0815470963716507 0.4712265729904175 0.053029995411634445
0.11616738885641098 0.06079457700252533 0.049908772110939026
0.1295710802078247 0.0 0.0
0.0 0.05315982922911644 0.0
0.0 0.16261975467205048 0.0
0.0 0.17190033197402954 0.000399809330701828
0.04731562361121178 0.016493160277605057 0.0
0.15425752103328705 0.0 0.0
0.044534485787153244 0.0 0.0
0.0 0.06795794516801834 0.0
0.0 0.16461925208568573 0.0
0.0 0.11668207496404648 0.0
0.027281994000077248 0.0 0.0
0.015144904144108295 0.0 0.0
0.11440784484148026 0.0 0.0
0.06093023717403412 0.0 0.0
0.0 0.06466681510210037 0.0
0.0 0.12533895671367645 0.0
0.0 0.07319851964712143 0.0
0.0344000905752182 0.0 0.0
0.0 0.03100685402750969 0.0
0.0 0.10458173602819443 0.0
0.0 0.0004787738434970379 0.0
0.0 0.0 0.0
0.0 0.0 0.0
0.0 0.0 0.0
0.0 0.0 0.0
0.0 0.0 0.0
0.0 0.0 0.0
0.23853591084480286 0.0 0.5998417139053345
1.215965747833252 0.0 1.5886571407318115
2.1928367614746094 0.0 2.118272304534912
3.607405424118042 0.0 2.474898099899292
5.700335502624512 0.0 2.3445329666137695
7.859162330627441 0.0 2.1378250122070312
8.686076164245605 0.0 1.7192790508270264
8.714005470275879 0.0 1.7417967319488525
9.065155029296875 0.0 2.1490724086761475
8.995098114013672 0.0 2.472247838973999
9.08879280090332 0.0 1.7106977701187134
9.710770606994629 0.0 0.048034850507974625
9.27239990234375 0.0 0.0
5.129212379455566 3.848799705505371 0.0
1.8516277074813843 7.39919900894165 0.0
1.6656773090362549 6.623485088348389 0.0
2.758653402328491 4.030455112457275 0.0
2.7539427280426025 2.8249311447143555 0.0
1.8322057723999023 3.2227590084075928 0.0
1.1357457637786865 3.150531768798828 0.0
0.4082075357437134 2.8020551204681396 0.0
0.0 2.973186492919922 0.0
0.0 3.3514962196350098 0.0
0.0 3.3716084957122803 0.0
0.0 2.5413408279418945 0.0
0.0 1.0464587211608887 0.0
0.0 0.0 0.0
0.0 0.0 0.0
0.0 0.0 0.0
0.0 0.0 0.0
0.0 0.0 0.0
0.0 0.0 0.0
0.0 0.0 0.0
0.0 0.0 0.0
0.0 0.0 0.0
0.0 0.0 0.0
0.0 0.0 0.0
0.0 0.0 0.0
0.0 0.0 0.0
0.17137020826339722 0.0 0.2983139157295227
0.2883783280849457 0.0 0.67403244972229
0.3460807800292969 0.10877378284931183 0.7435622811317444
0.6026992797851562 0.3993091881275177 0.5312675833702087
1.0621764659881592 0.3377741873264313 0.25789564847946167
1.3348075151443481 0.12530136108398438 0.07404328137636185
1.2600531578063965 0.05955217406153679 0.06881017237901688
0.8816038370132446 0.2066873013973236 0.1541769951581955
0.4448925852775574 0.3424088954925537 0.19512389600276947
0.18733054399490356 0.33428147435188293 0.22884750366210938
0.15195471048355103 0.16216003894805908 0.21832136809825897
0.188589408993721 0.0 0.15066029131412506
0.11091992259025574 0.0 0.004192560911178589
0.0 0.0 0.0
0.0 0.0 0.0
0.0 0.0 0.0
0.0 0.0 0.0
0.0 0.0 0.0
0.0 0.0 0.0
0.0 0.0 0.0
0.0 0.0 0.0
0.014791816473007202 0.0 0.0
0.08913848549127579 0.0 0.0
0.12497637420892715 0.0 0.01017843373119831
0.08111677318811417 0.023724518716335297 0.028070613741874695
0.032009951770305634 0.06206738203763962 0.035182587802410126
0.07023803144693375 0.023669924587011337 0.04825977236032486
0.0746610090136528 0.0 0.026800021529197693
0.10487909615039825 0.0 0.0
0.10591133683919907 0.0 0.0
0.040801048278808594 0.0 0.0
0.024660691618919373 0.0 0.012440523132681847
0.0 0.04739362746477127 0.014167316257953644
0.0 0.06661286950111389 0.0043815309181809425
0.0 0.02507793717086315 0.0035618096590042114
0.026954738423228264 0.0 0.0
0.07064761966466904 0.0 0.0
0.04829011857509613 0.0 0.0
0.0 0.05499615520238876 0.0
0.0 0.05734480172395706 0.0
0.0 0.0 0.0
0.0 0.0 0.0
0.0 0.0 0.0
0.0 0.0 0.0
0.0 0.0 0.0
0.0 0.0 0.01810533180832863
0.0 0.0 0.15171346068382263
0.12429887056350708 0.0 0.42314308881759644
0.30637067556381226 0.0 0.658595085144043
0.2873932719230652 0.0 0.9795547127723694
0.28732988238334656 0.0 1.3251811265945435
0.3818814158439636 0.0 1.677527666091919
0.8040515184402466 0.0 1.9894925355911255
1.2645167112350464 0.0 2.359445333480835
1.3622075319290161 0.0 2.4740190505981445
1.0166658163070679 0.4771585762500763 2.2267966270446777
0.8821961283683777 0.47395771741867065 2.0171215534210205
1.1146416664123535 0.005232593975961208 1.8630181550979614
1.3520201444625854 0.0 1.7670557498931885
1.3086450099945068 0.0 1.6245211362838745
1.0573337078094482 0.0 1.3853695392608643
0.7917338609695435 0.05022350698709488 1.0928876399993896
0.6845376491546631 0.1162528544664383 0.8356350660324097
0.6415984630584717 0.09510922431945801 0.5434873700141907
0.23329965770244598 0.07718002051115036 0.0
0.0 0.059480391442775726 0.0
0.0 0.12675370275974274 0.0
0.0 0.3212198317050934 0.0
0.0 0.4951641857624054 0.0
0.0 0.4639732539653778 0.0
0.0 0.33775967359542847 0.0
0.0 0.21354052424430847 0.0
0.0 0.10203050822019577 0.0
0.0 0.004907155409455299 0.0
0.0 0.0 0.0
0.0 0.0 0.0
0.0 0.0 0.0
0.0 0.0 0.0
0.0 0.0 0.0
0.09548719227313995 0.033834412693977356 0.0
0.2922346293926239 0.12300370633602142 0.37556731700897217
0.48278459906578064 0.1527581363916397 0.8454895615577698
0.6214324831962585 0.10625508427619934 1.2655036449432373
0.8100894689559937 0.0 1.683518409729004
0.948373019695282 0.0 2.025339365005493
1.1121928691864014 0.0 2.2712888717651367
1.1582988500595093 0.0 2.4423155784606934
1.2040845155715942 0.0 2.5450713634490967
1.2278497219085693 0.0 2.529552698135376
1.1980119943618774 0.0 2.453033208847046
1.1310733556747437 0.07206648588180542 2.45845103263855
1.144836664199829 0.020996376872062683 2.461627721786499
1.2189459800720215 0.0 2.2931864261627197
1.2649321556091309 0.0 1.9524638652801514
1.1287550926208496 0.0 1.4982612133026123
0.8494278192520142 0.0 0.9583405256271362
0.5082294940948486 0.0 0.4178503453731537
0.1122901439666748 0.0043422989547252655 0.0
0.0 0.011086488142609596 0.0
0.0 0.0 0.0
0.0 0.0 0.0
0.0 0.07959577441215515 0.0
0.0 0.13762712478637695 0.0
0.0 0.1880897581577301 0.0
0.0 0.18441858887672424 0.0
0.0 0.11563526839017868 0.0
0.0 0.0025681015104055405 0.0
0.0 0.0 0.0
0.0 0.0 0.0
0.0 0.0 0.0
0.0 0.0 0.0
0.0 0.0 0.0
0.0 0.0 0.0
0.0 0.0 0.0
0.0 0.0 0.0
0.0 0.0 0.0
0.0 0.0 0.0
0.0 0.0 0.0
0.05823308974504471 0.05047569423913956 0.28646647930145264
0.2561885118484497 0.017108682543039322 0.8577480912208557
0.27942779660224915 0.1613665223121643 1.2163337469100952
0.2531946003437042 0.2936161756515503 1.4013190269470215
0.34655728936195374 0.3304186463356018 1.4611283540725708
0.5036832690238953 0.25649142265319824 1.5308303833007812
0.5765841007232666 0.09669458866119385 1.5791149139404297
0.5853754281997681 0.0 1.4313770532608032
0.4269661009311676 0.0 1.0612897872924805
0.2561083436012268 0.05505366623401642 0.6623684763908386
0.2505761682987213 0.0 0.46122416853904724
0.28019529581069946 0.0 0.4740603566169739
0.3015778362751007 0.0 0.5648658871650696
0.2513977587223053 0.0 0.5795968770980835
0.0841192826628685 0.09861738979816437 0.4759730398654938
0.0 0.17468978464603424 0.36320626735687256
0.011639757081866264 0.09426578879356384 0.25729846954345703
0.1356772929430008 0.0 0.20557644963264465
0.16045507788658142 0.0 0.17575623095035553
0.09390107542276382 0.0 0.1208634153008461
0.0 0.039872318506240845 0.030448298901319504
0.0 0.053049903362989426 0.0
0.0 0.02761857956647873 0.0
0.009493781253695488 0.0019390508532524109 0.0
0.030522102490067482 0.0 0.0
0.02412438951432705 0.0 0.0
0.05707940831780434 0.0 0.0
0.0 0.021285850554704666 0.0
0.0 0.043778374791145325 0.0
0.0010212007910013199 0.0 0.0
0.054971784353256226 0.0 0.0
0.0 0.0 0.0
0.0 0.06991570442914963 0.0
0.0 0.06769969314336777 0.006548025645315647
0.0 0.011263309977948666 0.003671279177069664
0.0312667191028595 0.0 0.0
0.014272823929786682 0.009162608534097672 0.0
0.0 0.03141837939620018 0.013393414206802845
0.0 0.04626017436385155 0.024134475737810135
0.00028243986889719963 0.032523322850465775 0.0016573965549468994
0.0 0.03912236914038658 0.0
0.0 0.03277978673577309 0.0
0.0 0.022129006683826447 0.0
0.0 0.020135898143053055 0.0
0.0 0.0 0.0
0.0 0.0 0.0
0.0 0.0 0.0
0.0 0.0 0.0
0.09958212822675705 0.0 0.0
0.6529012322425842 0.0 0.0
1.0539820194244385 0.0 0.03559308871626854
1.5796606540679932 0.0 0.3877737522125244
2.5388636589050293 0.0 0.6662512421607971
4.1707587242126465 0.0 0.963109016418457
5.780555248260498 0.0 1.4076992273330688
6.721541404724121 0.0 2.024071455001831
7.133589744567871 0.0 2.6850669384002686
7.507961273193359 0.0 3.4454312324523926
7.698578834533691 0.0 4.061808109283447
7.991692543029785 0.0 3.6585240364074707
8.648821830749512 0.0 1.9676884412765503
9.482461929321289 0.0 0.0
8.729376792907715 0.0 0.0
4.423285484313965 3.9621524810791016 0.0
1.683427333831787 7.572166919708252 0.0
2.388361692428589 5.819192409515381 0.0
3.6412177085876465 2.727830410003662 0.0
3.3125481605529785 1.9110639095306396 0.0
2.1311166286468506 2.9288506507873535 0.0
1.524071455001831 3.8006913661956787 0.0
1.0693819522857666 3.9162731170654297 0.0
0.11732695996761322 3.852738618850708 0.0
0.0 3.6581919193267822 0.0
0.0 2.8897786140441895 0.0
0.0 1.742626667022705 0.0
0.0 0.6384433507919312 0.0
0.0 0.0 0.0
0.0 0.0 0.0
0.0 0.0 0.0
0.0 0.0 0.0
0.0 0.0 0.0
0.0 0.0 0.0
0.0 0.0 0.0
0.0 0.0 0.0
0.0 0.0 0.0
0.0 0.0 0.0
0.0 0.0 0.0
0.0 0.0 0.0
0.0 0.0 0.0
0.0 0.0 0.2503863275051117
0.0 0.16580012440681458 0.6795893907546997
0.0 0.2530394196510315 0.8714640140533447
0.13228487968444824 0.19129827618598938 0.6850768327713013
0.723688006401062 0.16799774765968323 0.35332098603248596
1.1546926498413086 0.13812854886054993 0.15561777353286743
1.2714698314666748 0.182691752910614 0.11846932768821716
1.0173333883285522 0.38183706998825073 0.16144555807113647
0.7636450529098511 0.4521852731704712 0.24567310512065887
0.5607201457023621 0.4408396780490875 0.2585656940937042
0.3586636781692505 0.3756217956542969 0.17834891378879547
0.25666388869285583 0.1709192395210266 0.1029530018568039
0.19151553511619568 0.0 0.07270722091197968
0.0962609276175499 0.0 0.08207062631845474
0.0 0.0 0.056698158383369446
0.0 0.02119632437825203 0.04593632370233536
0.0 0.0349092073738575 0.08320832997560501
0.0 0.06446444243192673 0.13677887618541718
0.0 0.04528248682618141 0.15057112276554108
0.0 0.0038985610008239746 0.09763360768556595
0.0 0.0 0.0
0.0 0.0 0.0
0.03460155799984932 0.0 0.0
0.028081074357032776 0.0 0.0
0.0 0.004967287182807922 0.0022210683673620224
0.0 0.011393762193620205 0.005148149095475674
0.0 0.0 0.0
0.014161529019474983 0.0 0.0
0.0 0.0 0.010794849134981632
0.0 0.0 0.03613163158297539
0.0 0.0 0.03739317134022713
0.0 0.0 0.028770387172698975
0.0 0.0 0.018900178372859955
0.0 0.0 0.03447248041629791
0.0 0.0 0.05794078856706619
0.0 0.0 0.06700006127357483
0.0 0.0 0.055739156901836395
0.0 0.0 0.011555180884897709
0.0 0.0 0.0
0.0 0.0 0.0036538494750857353
0.0 0.0 0.02501426264643669
0.0 0.0 0.047544606029987335
0.0 0.0 0.02952645719051361
0.0 0.0 0.0
0.17516718804836273 0.0 0.0
0.5340861678123474 0.0 0.0
1.0133806467056274 0.0 0.0
1.5746769905090332 0.0 0.0
1.706418752670288 0.0 0.0
1.782106876373291 0.0 0.0013739168643951416
2.30456805229187 0.0 0.0
2.8304717540740967 0.0 0.0018799174576997757
2.8952133655548096 0.048601847141981125 0.15668919682502747
2.496122121810913 0.2423955500125885 0.28473371267318726
1.918225646018982 0.5603681802749634 0.27892351150512695
1.567588448524475 0.843201220035553 0.16950619220733643
1.5022286176681519 1.0720748901367188 0.12472593784332275
1.2377690076828003 1.0977808237075806 0.21190612018108368
0.6724323630332947 0.9997887015342712 0.27217692136764526
0.08863762766122818 0.8128553032875061 0.24544143676757812
0.0 0.581006646156311 0.1800464540719986
0.0 0.32883626222610474 0.12998031079769135
0.0 0.2043561041355133 0.11738596111536026
0.0 0.13073354959487915 0.10477375984191895
0.0 0.027564283460378647 0.030162639915943146
0.0 0.0 0.0
0.0 0.0 0.0
0.0 0.0 0.0
0.0 0.0 0.0
0.0 0.0 0.0
0.0 0.0 0.0
0.0 0.0 0.0
0.0 0.16741247475147247 0.008938045240938663
0.0 0.15756995975971222 0.07639431953430176
0.0 0.1619359403848648 0.1251852810382843
0.0 0.10599544644355774 0.1565948724746704
0.0 0.0 0.10963855683803558
0.3029501140117645 0.0 0.0049310531467199326
0.8738841414451599 0.0 0.0
1.5747333765029907 0.0 0.0
1.921331763267517 0.0 0.0
2.095935106277466 0.0 0.0
2.265045404434204 0.04447828605771065 0.0
2.5005714893341064 0.026893433183431625 0.0
2.779020309448242 0.11662784218788147 0.0
2.7492849826812744 0.17227034270763397 0.14708898961544037
2.3739213943481445 0.16556450724601746 0.4296264350414276
1.8671945333480835 0.20303890109062195 0.6233929395675659
1.3690060377120972 0.4633546471595764 0.6416950225830078
0.9963658452033997 0.5972317457199097 0.5743076801300049
0.7482266426086426 0.5830360054969788 0.5205038785934448
0.5331017971038818 0.45186948776245117 0.4559674859046936
0.2811092734336853 0.2710139751434326 0.33641764521598816
0.0 0.08171726763248444 0.2165205329656601
0.0 0.0 0.13439343869686127
0.0 0.0 0.08243703097105026
0.0 0.044642072170972824 0.004878588952124119
0.0 0.07605990767478943 0.0
0.0 0.0871940553188324 0.0
0.0 0.0792679637670517 0.0
0.0 0.20314542949199677 0.0
0.0 0.26809778809547424 0.0
0.0 0.3126431703567505 0.0
0.0 0.380673348903656 0.0
0.0 0.3880321979522705 0.0
0.0 0.19211648404598236 0.0
0.0 0.0 0.0
0.0 0.0 0.0
0.0 0.0 0.0
0.0 0.0 0.0
0.0 0.025204190984368324 0.0
0.0 0.026153530925512314 0.0
0.0 0.0 0.0
0.0 0.0 0.0
0.0 0.0 0.0
0.0 0.0 0.0
0.0 0.0 0.0
0.0 0.0 0.0
0.23222728073596954 0.0 0.0
0.4706808626651764 0.0 0.0015467563644051552
0.6553007364273071 0.0 0.0
0.7975417971611023 0.0 0.0
0.7285795211791992 0.12795765697956085 0.0
0.5872812271118164 0.2874612808227539 0.03826109319925308
0.6045774221420288 0.21167492866516113 0.10976537317037582
0.7278050780296326 0.0 0.12944266200065613
0.8358034491539001 0.0 0.08295027166604996
0.8724738359451294 0.0 0.02410133183002472
0.8127018213272095 0.0 0.016925979405641556
0.6673811078071594 0.0 0.043451063334941864
0.5757161974906921 0.0 0.053687721490859985
0.5785742998123169 0.0 0.09992552548646927
0.5525405406951904 0.0 0.1478874534368515
0.37546566128730774 0.02059897780418396 0.15172666311264038
0.1680413782596588 0.10094921290874481 0.09649936854839325
0.028925027698278427 0.11635187268257141 0.031060706824064255
0.0 0.06785251200199127 0.0
0.0 0.0 0.0
0.0 0.0 0.0
0.0 0.0 0.0
0.0 0.0 0.0
0.0 0.0 0.0
0.0 0.0 0.0
0.0 0.0 0.0
0.0 0.0 0.0
0.0 0.0 0.0
0.0 0.0 0.0
0.0 0.0 0.0
0.0 0.0 0.0
0.023745711892843246 0.0 0.0
0.0 0.0 0.0
0.0 0.0 0.0
0.0 0.0 0.0
0.0 0.02258889004588127 0.0
0.0 0.033442072570323944 0.0
0.0 0.019175518304109573 0.0
0.0 0.010747677646577358 0.0
0.0 0.0 0.0
0.0 0.0 0.0
0.0 0.0 0.0
0.0 0.0 0.0
0.0 0.0 0.14076095819473267
0.8146869540214539 0.0 0.8580127954483032
2.017986297607422 0.0 1.6521224975585938
3.827334403991699 0.0 2.328965425491333
6.313926696777344 0.0 2.7063796520233154
7.699084758758545 0.0 3.1541101932525635
7.641168117523193 0.0 3.5465917587280273
7.169355392456055 0.0 3.3160321712493896
7.215665340423584 0.0 2.9249305725097656
7.139123916625977 0.0 2.232412815093994
7.038796424865723 0.0 1.086342215538025
7.476828098297119 0.0 0.0
7.79046106338501 0.0 0.0
7.213341236114502 0.0 0.0
4.127665996551514 2.1341068744659424 0.0
0.6092139482498169 5.08189582824707 0.0
0.0 4.321361064910889 0.0
1.1563481092453003 1.8256840705871582 0.0
1.7650516033172607 0.6392860412597656 0.0
0.5800307989120483 1.6618576049804688 0.0
0.0 3.528182029724121 0.0
0.0 4.531752109527588 0.0
0.0 4.5365142822265625 0.0
0.0 3.763296604156494 0.0
0.0 2.6129636764526367 0.0
0.0 0.933874785900116 0.0
0.0 0.0 0.0
0.0 0.0 0.0
0.0 0.0 0.0
0.0 0.0 0.0
0.0 0.0 0.0
0.0 0.0 0.0
0.0 0.0 0.0
0.0 0.0 0.0
0.0 0.0 0.0
0.0 0.0 0.0
0.0 0.0 0.0
0.0 0.0 0.0
0.0 0.0 0.0
0.0 0.0 0.0
0.0 0.0 0.0
0.0 0.0 0.0975506380200386
0.0 0.0 0.15692155063152313
0.0 0.0 0.22202013432979584
0.0 0.0 0.25881677865982056
0.02891676127910614 0.0 0.1858602613210678
0.23940449953079224 0.05721089616417885 0.10348282754421234
0.37039658427238464 0.293130487203598 0.061755090951919556
0.5048050284385681 0.3395959734916687 0.07499978691339493
0.6111884117126465 0.2871975004673004 0.1004638671875
0.508130669593811 0.32265016436576843 0.06002384424209595
0.2999633252620697 0.3064291179180145 0.0
0.27780982851982117 0.09937046468257904 0.0
0.3028464615345001 0.0 0.0
0.2512461245059967 0.0 0.0
0.07073547691106796 0.0 0.0
0.0 0.0 0.018296105787158012
0.0 0.0 0.006390444003045559
0.0 0.0 0.0
0.01775827258825302 0.0 0.0
0.03997063264250755 0.0 0.0
0.025849223136901855 0.0 0.0
0.01446873601526022 0.0 0.0
0.042630597949028015 0.0 0.0
0.08966735005378723 0.0 0.0
0.13989296555519104 0.0 0.0
0.10833238065242767 0.0 0.0
0.06497079133987427 0.0 0.0
0.06990136951208115 0.0 0.0
0.05276712030172348 0.0 0.0
0.08442864567041397 0.0 0.0
0.216273233294487 0.0 0.0
0.5613688230514526 0.0 0.4669721722602844
0.7569833397865295 0.0 0.9319928288459778
0.7377100586891174 0.0 1.3875832557678223
0.8836629986763 0.0 1.8586317300796509
1.1323281526565552 0.0 2.47735595703125
1.5158729553222656 0.0 3.0044360160827637
1.6325143575668335 0.0 3.0640504360198975
1.2957959175109863 0.0 2.7793188095092773
1.0246670246124268 0.0 2.414419651031494
0.9888994097709656 0.0 2.1435372829437256
0.942775309085846 0.0 1.7303155660629272
0.6364337801933289 0.0 1.019307017326355
0.16894406080245972 0.003166431561112404 0.09726442396640778
0.0 0.3136169910430908 0.0
0.0 0.6932122111320496 0.0
0.0 1.09882652759552 0.0
0.0 1.230824589729309 0.0
0.0 0.8537704348564148 0.0
0.0 0.06650998443365097 0.0
0.0 0.0 0.0
0.0 0.0 0.0
0.0 0.0 0.0
0.0 0.0 0.0
0.0 0.0 0.0
0.0 0.0 0.0
0.0 0.0 0.0
0.0 0.0 0.0
0.0 0.0 0.0
0.0 0.0 0.0
0.18414603173732758 0.0 0.3705824613571167
0.3971365988254547 0.0 0.8233256340026855
0.5723547339439392 0.0 1.206110954284668
0.6608529090881348 0.0 1.427154302597046
0.7347609996795654 0.0 1.6346122026443481
1.0062909126281738 0.0 1.870567798614502
1.1919431686401367 0.0 1.9584987163543701
1.2347174882888794 0.0 1.964577317237854
1.1910475492477417 0.0 1.8770885467529297
1.1215206384658813 0.016475718468427658 1.7124994993209839
1.1527259349822998 0.05621540546417236 1.5890153646469116
1.3389387130737305 0.0 1.6246602535247803
1.679465413093567 0.0 1.7601810693740845
1.6259251832962036 0.0 1.6818466186523438
1.2893368005752563 0.05209176614880562 1.4835350513458252
1.0630258321762085 0.2796224057674408 1.3142863512039185
0.9852461814880371 0.12614494562149048 1.174130916595459
0.9570941925048828 0.0 0.9690319895744324
0.7237043380737305 0.0 0.6227017641067505
0.3663552403450012 0.004486166872084141 0.20500172674655914
0.0 0.2536081075668335 0.0
0.0 0.4214911162853241 0.0
0.0 0.369794100522995 0.0
0.0 0.1845954805612564 0.0
0.0 0.06089644506573677 0.0
0.0 0.0 0.0
0.0 0.062317509204149246 0.0
0.0 0.06374123692512512 0.0
0.0 0.0 0.0
0.0 0.0 0.0
0.0 0.0 0.0
0.0 0.0 0.0
0.0 0.0 0.0
0.0 0.0 0.0
0.0 0.0 0.0
0.0 0.0 0.0
0.0 0.0 0.0
0.0 0.0 0.0
0.0 0.0 0.0
0.08523595333099365 0.0 0.13907597959041595
0.2685711681842804 0.043354734778404236 0.38042306900024414
0.25954705476760864 0.15649379789829254 0.5494936108589172
0.21429860591888428 0.27928948402404785 0.7139602899551392
0.34262993931770325 0.2624114453792572 0.8946645855903625
0.6505531668663025 0.08551550656557083 1.1268550157546997
0.8538916110992432 0.0 1.365631103515625
0.7876012921333313 0.06790109723806381 1.4988725185394287
0.6140034198760986 0.3116980493068695 1.5000653266906738
0.6234216690063477 0.30987828969955444 1.413619875907898
0.7759286761283875 0.07406006008386612 1.2840461730957031
0.8407875895500183 0.0 1.1696580648422241
0.7697442770004272 0.0 1.002993106842041
0.49688559770584106 0.0 0.7817463278770447
0.24242989718914032 0.11508632451295853 0.5470536351203918
0.13329409062862396 0.16698548197746277 0.3730645179748535
0.15115085244178772 0.026981230825185776 0.2755723297595978
0.12410565465688705 0.0 0.18618865311145782
0.03886638954281807 0.0 0.06890996545553207
0.0 0.0 0.0
0.0 0.0 0.0
0.0 0.0 0.0
0.0 0.0 0.0
0.0 0.0 0.0
0.03262180835008621 0.0 0.0
0.08357234299182892 0.0 0.0
0.02852453663945198 0.0 0.0
0.0 0.0 0.0
0.02767019346356392 0.0 0.0
0.052193380892276764 0.0 0.0
0.010760186240077019 0.0 0.0
0.0 0.0 0.0
0.0 0.06763172149658203 0.0
0.0 0.13376547396183014 0.0
0.0 0.08374491333961487 0.0
0.0 0.04765774682164192 0.0
0.0 0.0 0.0
0.0 0.0 0.0
0.0 0.015493952669203281 0.0
0.0 0.0 0.0
0.0 0.0 0.0
0.0 0.0 0.0
0.09216875582933426 0.0 0.0
0.4582892060279846 0.0 0.0
1.3304507732391357 0.0 0.04704887419939041
3.067704916000366 0.0 0.6595322489738464
4.903038501739502 0.0 1.0263820886611938
6.5062994956970215 0.0 1.0442957878112793
7.628002166748047 0.0 1.858360767364502
7.946605205535889 0.0 3.097278356552124
7.90150785446167 0.0 4.194664478302002
7.724921703338623 0.0 4.3492631912231445
7.441508769989014 0.0 2.971238851547241
7.697110652923584 0.0 0.6191853284835815
8.010666847229004 0.0 0.0
7.240572452545166 0.0 0.0
4.095590114593506 3.4040231704711914 0.0
1.7960659265518188 6.072266101837158 0.0
1.7724106311798096 5.049635887145996 0.0
2.658151149749756 2.471031427383423 0.0
2.7117762565612793 1.4692535400390625 0.0
1.6125738620758057 2.247039794921875 0.0
0.6348512768745422 3.249110221862793 0.0
0.14498122036457062 3.2804410457611084 0.0
0.0 2.9623796939849854 0.0
0.0 2.9455044269561768 0.0
0.0 2.946354866027832 0.0
0.0 2.45934796333313 0.0
0.0 1.5866273641586304 0.0
0.0 0.6347600221633911 0.0
0.0 0.0 0.0
0.0 0.0 0.0
0.0 0.0 0.0
0.0 0.0 0.0
0.0 0.0 0.0
0.0 0.0 0.0
0.0 0.0 0.0
0.0 0.0 0.0
0.0 0.0 0.0
0.0 0.0 0.0
0.0 0.0 0.0
0.0 0.0 0.0
0.0 0.0 0.0
0.0 0.0 0.0
0.0 0.0 0.395270437002182
0.0 0.0 0.7158700227737427
0.0 0.0 0.7720805406570435
0.0 0.0 0.6319040060043335
0.04166814684867859 0.0 0.4313006103038788
0.20456784963607788 0.0 0.2500229477882385
0.29213500022888184 0.0 0.14196465909481049
0.2909488081932068 0.0 0.061016809195280075
0.38597410917282104 0.0 0.05443214252591133
0.5105075240135193 0.0 0.08337192237377167
0.619701623916626 0.0 0.14405257999897003
0.43520587682724 0.05342762544751167 0.15884190797805786
0.2700621485710144 0.11866894364356995 0.14137902855873108
0.20858842134475708 0.0785691887140274 0.09362908452749252
0.1877198964357376 0.0 0.03329943120479584
0.21993376314640045 0.0 0.0
0.12826323509216309 0.0 0.0
0.05346781387925148 0.0 0.0
0.0 0.0 0.021410811692476273
0.0 0.0 0.04595237225294113
0.0 0.0 0.0406433641910553
0.0 0.0 0.0
0.0 0.0 0.0
0.0 0.0 0.0
0.0 0.0 0.0
0.0 0.0 0.0
0.0 0.0 0.015146065503358841
0.0 0.012292254716157913 0.029068274423480034
0.0 0.05059490352869034 0.037429533898830414
0.0 0.03879017382860184 0.05681069195270538
0.0 0.023058615624904633 0.0
0.0 0.01593386009335518 0.0
0.0 0.0 0.0
0.0 0.0 0.0
0.0 0.0 0.0
0.0 0.0 0.0
0.0 0.0 0.0
0.0 0.0 0.0
0.0 0.0 0.0
0.0 0.0 0.0
0.0 0.0 0.002120811492204666
0.0 0.0 0.05943470448255539
0.0 0.0 0.14346061646938324
0.04840554669499397 0.0 0.23239342868328094
0.16824060678482056 0.0 0.3193192780017853
0.6346713900566101 0.0 0.3296408951282501
1.6955219507217407 0.0 0.2041359543800354
3.4926912784576416 0.0 0.04133319854736328
4.346760272979736 0.050330981612205505 0.3560139238834381
4.083624362945557 0.07137075811624527 0.8352641463279724
3.8927700519561768 0.08802696317434311 1.0289133787155151
3.635894536972046 0.7514044046401978 0.8874801993370056
3.336554527282715 0.7298809885978699 0.8299362063407898
2.733555793762207 0.5370047092437744 0.697226345539093
1.8386626243591309 0.33533182740211487 0.5113614201545715
0.8739268779754639 0.35077470541000366 0.2998630404472351
0.022532938048243523 0.40180858969688416 0.17721405625343323
0.0 0.43105223774909973 0.06866415590047836
0.0 0.5512624979019165 0.0
0.0 0.6305367946624756 0.0
0.0 0.5989431738853455 0.0
0.0 0.5762085914611816 0.0
0.0 0.4665851891040802 0.0
0.0 0.2010350078344345 0.0
0.0 0.054488711059093475 0.0
0.0 0.0 0.0
0.0 0.0 0.0
0.0 0.0 0.0
0.0 0.0 0.0
0.0 0.0 0.0
0.0 0.0 0.0
0.0 0.0 0.0
0.0 0.0 0.20133936405181885
0.0 0.0 0.31522494554519653
0.0 0.0 0.23678764700889587
0.0 0.0 0.11447185277938843
0.42517346143722534 0.0 0.033454835414886475
0.7012471556663513 0.0 0.07047570496797562
0.9575487375259399 0.0 0.09528252482414246
1.3302050828933716 0.08629091829061508 0.0
1.976179838180542 0.13546672463417053 0.0
2.3513107299804688 0.295371949672699 0.0
2.284177303314209 0.43328002095222473 0.0
2.262176036834717 0.4178134500980377 0.123786062002182
2.561206102371216 0.4073469638824463 0.20686285197734833
2.8605709075927734 0.21318203210830688 0.22952181100845337
2.957918882369995 0.0 0.15785588324069977
2.5782229900360107 0.0 0.11737796664237976
1.7987171411514282 0.0 0.17948421835899353
0.9411452412605286 0.3552701771259308 0.19798946380615234
0.32547563314437866 0.6586793661117554 0.12658745050430298
0.0 0.7928768396377563 0.01881410926580429
0.0 0.7077877521514893 0.0
0.0 0.4419533908367157 0.0
0.0 0.22606772184371948 0.0
0.0 0.03970956429839134 0.0
0.0 0.0 0.0
0.0 0.0 0.0
0.0 0.0 0.0
0.0 0.0 0.0
0.0 0.0 0.022077545523643494
0.0 0.11655294895172119 0.10108927637338638
0.0 0.1545376181602478 0.15087281167507172
0.0 0.0 0.14566366374492645
0.0 0.0 0.10515991598367691
0.0 0.0 0.0
0.0 0.0 0.0
0.0 0.0 0.011524238623678684
0.0 0.0 0.0
0.0 0.0 0.0
0.0 0.0 0.0
0.0 0.0 0.0
0.3174339532852173 0.0 0.0
1.1592652797698975 0.0 0.0
1.7932195663452148 0.0 0.0
1.5940347909927368 0.0 0.0
0.9836152195930481 0.6357343792915344 0.0
0.6315775513648987 1.0369454622268677 0.30714336037635803
0.5605225563049316 0.9716495275497437 0.4621960520744324
0.5670337080955505 0.6879757046699524 0.40899407863616943
0.48085030913352966 0.34011757373809814 0.22646024823188782
0.29111048579216003 0.08595402538776398 0.0613570399582386
0.1111534908413887 0.0 0.0
0.03851311281323433 0.0 0.0
0.0 0.0 0.014357042498886585
0.0 0.09015196561813354 0.025926347821950912
0.0 0.045457661151885986 0.008054944686591625
0.0 0.0 0.0
0.0 0.0 0.0
0.0 0.0 0.0
0.0 0.0 0.0
0.0 0.0 0.0
0.0 0.0 0.0
0.0 0.0 0.0
0.0 0.0 0.0
0.0 0.0 0.0
0.0 0.013091197237372398 0.0
0.0 0.03324626758694649 0.0
0.0 0.0 0.0
0.0 0.0 0.0
0.0 0.0 0.0
0.0 0.0 0.0
0.0 0.0215789582580328 0.0
0.0 0.14519651234149933 0.0
0.0 0.20332320034503937 0.0
0.0 0.1868789792060852 0.0
0.0 0.0 0.0
0.0 0.0 0.0
0.0 0.0 0.0
0.7141118049621582 0.0 0.005709764547646046
1.8631882667541504 0.0 0.565316379070282
3.252089500427246 0.0 1.8214002847671509
5.330923080444336 0.0 2.6415631771087646
6.76996374130249 0.0 3.2643373012542725
7.103797435760498 0.0 4.066553592681885
6.959539413452148 0.0 4.599110126495361
7.146933555603027 0.0 4.1946120262146
6.618775844573975 0.0 2.7381224632263184
6.249737739562988 0.0 0.7784174680709839
6.331599712371826 0.0 0.0
6.6277241706848145 0.0 0.0
6.767609596252441 0.0 0.0
4.566093444824219 1.2886769771575928 0.0
2.1029107570648193 4.283584117889404 0.0
1.4895586967468262 4.255100727081299 0.0
1.7823189496994019 2.575106382369995 0.0
1.5321389436721802 2.048475742340088 0.0
0.7389450073242188 2.7267391681671143 0.0
0.3934765160083771 3.073760986328125 0.0
0.010713428258895874 3.297621726989746 0.0
0.0 3.699073553085327 0.0
0.0 4.082364082336426 0.0
0.0 3.808711290359497 0.0
0.0 2.680734157562256 0.0
0.0 1.0301358699798584 0.0
0.0 0.0 0.0
0.0 0.0 0.0
0.0 0.03355593979358673 0.0
0.0 0.19750066101551056 0.0
0.0 0.0 0.0
0.0 0.0 0.0
0.0 0.0 0.0
0.0 0.0 0.0
0.0 0.0 0.0
0.0 0.0 0.0
0.0 0.0 0.0
0.0 0.0 0.0
0.0 0.0 0.0
0.0 0.0 0.0
0.0 0.0 0.0
0.0 0.0 0.14226242899894714
0.0 0.0 0.23938710987567902
0.0 0.0 0.2646152377128601
0.0 0.0 0.18435129523277283
0.0 0.1045672670006752 0.1372455656528473
0.1711532026529312 0.14764176309108734 0.11270373314619064
0.4658231735229492 0.16198155283927917 0.10394220054149628
0.6625232100486755 0.17553012073040009 0.0739014744758606
0.8281755447387695 0.11472509056329727 0.04224128648638725
0.7937411665916443 0.09701773524284363 0.0
0.6834836006164551 0.14319375157356262 0.0
0.4813358187675476 0.18419738113880157 0.0
0.3703984022140503 0.1047438308596611 0.0
0.1997251957654953 0.07004524022340775 0.0
0.08048747479915619 0.02469693496823311 0.0
0.09843771159648895 0.0 0.0
0.10752494633197784 0.0 0.0
0.1081814169883728 0.0 0.0
0.09062585979700089 0.0 0.0
0.0617406889796257 0.0 0.0
0.16787831485271454 0.0 0.0
0.4433216154575348 0.0 0.0
0.5471388101577759 0.0 0.0
0.30476558208465576 0.0 0.0
0.0 0.0 0.0
0.0 0.0 0.0
0.0 0.0 0.0
0.0 0.0 0.0
0.0 0.0 0.0
0.0 0.0 0.0
0.0 0.0 0.0
0.004149029031395912 0.0 0.7446401715278625
0.359585702419281 0.01689387485384941 1.7059528827667236
0.917643666267395 0.07771380990743637 2.77042555809021
1.5752403736114502 0.04891226068139076 3.584547758102417
1.7383991479873657 0.11989854276180267 4.130180358886719
1.7244375944137573 0.11312586069107056 4.242192268371582
1.861633539199829 0.0 4.0539069175720215
1.977765679359436 0.0 3.6358675956726074
1.6291965246200562 0.10450787842273712 2.907954692840576
1.0892363786697388 0.3332041800022125 2.3093185424804688
0.7523297667503357 0.1085665300488472 1.7197880744934082
0.5964067578315735 0.0 1.0340834856033325
0.23824116587638855 0.0 0.13588015735149384
0.0 0.0 0.0
0.0 0.027253039181232452 0.0
0.0 0.6884157657623291 0.0
0.0 1.1865803003311157 0.0
0.0 1.2506096363067627 0.0
0.0 0.9424989223480225 0.0
0.0 0.39244431257247925 0.0
0.0 0.0 0.0
0.0 0.0 0.0
0.0 0.0 0.0
0.0 0.0 0.0
0.0 0.0 0.0
0.0 0.0 0.0
0.0 0.0 0.0
0.24168916046619415 0.0 0.0
0.4146233797073364 0.0 0.5494579076766968
0.4512562155723572 0.0 1.2649179697036743
0.590319037437439 0.0 1.9813696146011353
0.8068888783454895 0.058614958077669144 2.5352959632873535
1.0591347217559814 0.15696176886558533 2.8265798091888428
1.365302324295044 0.06348001211881638 2.9297568798065186
1.6516016721725464 0.0 2.8634026050567627
1.791623592376709 0.0 2.720193386077881
1.8089300394058228 0.0 2.6074328422546387
1.7856473922729492 0.0 2.617445707321167
1.7342352867126465 0.07337605208158493 2.6503703594207764
1.7033748626708984 0.0001535089686512947 2.6305952072143555
1.727304458618164 0.0 2.4583237171173096
1.7065755128860474 0.0 2.1670594215393066
1.4582750797271729 0.0 1.6287132501602173
0.9658918380737305 0.0847669243812561 0.8693280816078186
0.3271915316581726 0.16587349772453308 0.0
0.0 0.09704276919364929 0.0
0.0 0.003260086290538311 0.0
0.0 0.0 0.0
0.0 0.0 0.0
0.0 0.11995899677276611 0.0
0.0 0.10966961085796356 0.0
0.0 0.051039859652519226 0.0
0.0 0.052473973482847214 0.0
0.0 0.12045648694038391 0.0
0.0 0.06680230796337128 0.0
0.0 0.0 0.0
0.0 0.0 0.0
0.0 0.0 0.0
0.0 0.0 0.0
0.0 0.113128662109375 0.0
0.0 0.17310917377471924 0.0
0.0 0.027465689927339554 0.3241756558418274
0.17234444618225098 0.0 0.9123584628105164
0.32300347089767456 0.10660019516944885 1.3308969736099243
0.4321557879447937 0.24305576086044312 1.7405261993408203
0.647396445274353 0.23814329504966736 2.086658000946045
0.9521081447601318 0.08356358110904694 2.323162078857422
1.3044649362564087 0.0 2.5844435691833496
1.576812505722046 0.0 2.7413735389709473
1.6890743970870972 0.0 2.7200255393981934
1.6601414680480957 0.0 2.562485933303833
1.5438287258148193 0.19056512415409088 2.397791624069214
1.4533665180206299 0.29323264956474304 2.2839794158935547
1.5145148038864136 0.006340697407722473 2.209946393966675
1.6260663270950317 0.0 2.0867269039154053
1.619702696800232 0.0 1.9471083879470825
1.435121774673462 0.0 1.7785176038742065
1.174797773361206 0.07086589932441711 1.6255983114242554
0.9877809286117554 0.2738097012042999 1.471618890762329
0.9071348309516907 0.16016806662082672 1.2001609802246094
0.6995704174041748 0.016106775030493736 0.6025686264038086
0.11300762742757797 0.05108632892370224 0.0
0.0 0.29268351197242737 0.0
0.0 0.39411747455596924 0.0
0.0 0.3692310154438019 0.0
0.0 0.0 0.0
0.0 0.0 0.0
0.0 0.0 0.0
0.0 0.0 0.0
0.0 0.0 0.0
0.0 0.16566403210163116 0.0
0.0 0.2684311866760254 0.0
0.0 0.08077098429203033 0.0
0.0 0.0 0.0
0.0 0.0 0.0
0.0 0.08079628646373749 0.19454814493656158
0.010275384411215782 0.3125048875808716 0.7376617193222046
0.11227818578481674 0.3732590675354004 1.2089366912841797
0.28900742530822754 0.2851172089576721 1.6559040546417236
0.5223423838615417 0.14733269810676575 1.9868295192718506
0.6038545370101929 0.23870016634464264 1.9612319469451904
0.4591573178768158 0.4840420186519623 1.5364603996276855
0.3794044256210327 0.4476233124732971 1.0847164392471313
0.4887913763523102 0.06441572308540344 0.8709036707878113
0.6205592155456543 0.0 0.8775709271430969
0.5297113656997681 0.0 0.8982049822807312
0.24988742172718048 0.08872837573289871 0.7542888522148132
0.05665910989046097 0.2358323484659195 0.46866345405578613
0.04910026118159294 0.11546918004751205 0.2502613365650177
0.14889129996299744 0.0 0.1607239842414856
0.16495229303836823 0.0 0.14680683612823486
0.041471902281045914 0.0 0.13859231770038605
0.0 0.14006346464157104 0.015798762440681458
0.0 0.07677824050188065 0.0
0.0 0.0 0.0
0.0 0.0 0.0
0.0 0.0 0.0
0.0 0.0 0.0
0.0 0.05363830551505089 0.0
0.0 0.0 0.0
0.0 0.0 0.0
0.028596580028533936 0.0 0.0
0.0 0.0 0.0
0.0 0.0 0.0
0.0 0.0 0.0
0.0 0.0 0.0
0.0 0.0 0.0
0.0 0.0 0.0
0.0 0.0 0.0
0.0 0.0 0.0
0.23618413507938385 0.0 0.0
0.9578970670700073 0.0 0.0
2.215690851211548 0.0 0.5422974824905396
4.165756702423096 0.0 1.6225405931472778
6.61362361907959 0.0 2.6619226932525635
7.8166375160217285 0.0 3.885132312774658
7.437671184539795 0.0 5.120105266571045
6.964468002319336 0.0 5.478939056396484
6.672724723815918 0.0 4.048870086669922
5.735110282897949 0.0 1.6682846546173096
5.270012378692627 0.0 0.0
5.4504618644714355 0.0 0.0
5.914066791534424 0.0 0.0
6.361992835998535 0.0 0.0
5.295881271362305 1.0536962747573853 0.0
3.436325788497925 4.051466464996338 0.0
2.326782464981079 5.017696380615234 0.0
2.087780475616455 4.263451099395752 0.0
2.2135894298553467 3.088602066040039 0.0
1.7317456007003784 3.213118076324463 0.0
0.9257601499557495 3.8157413005828857 0.0
0.290889710187912 3.5111358165740967 0.0
0.0 2.8109004497528076 0.0
0.0 2.4988174438476562 0.0
0.0 2.4539175033569336 0.0
0.0 1.9187781810760498 0.0
0.0 0.9029391407966614 0.0
0.0 0.0 0.0
0.0 0.0 0.0
0.0 0.0 0.0
0.0 0.0 0.0
0.0 0.0 0.0
0.0 0.0 0.0
0.0 0.0 0.0
0.0 0.0 0.0
0.0 0.0 0.0
0.0 0.0 0.0
0.0 0.0 0.0
0.0 0.0 0.0
0.0 0.0 0.0
0.0 0.0 0.009309853427112103
0.0 0.0 0.27269676327705383
0.0 0.0 0.29208457469940186
0.017409993335604668 0.0 0.24505577981472015
0.26625150442123413 0.0 0.27090126276016235
0.5005859732627869 0.13756635785102844 0.3541937470436096
0.7202035188674927 0.12178206443786621 0.47919267416000366
0.917952299118042 0.0 0.5101487040519714
0.9972862601280212 0.0 0.52580726146698
0.8734444975852966 0.0 0.4317631125450134
0.2788192331790924 0.20462928712368011 0.4472760260105133
0.5004898309707642 0.0 0.6756106019020081
0.6351823806762695 0.0 0.5192599296569824
0.25204938650131226 0.0 0.46307122707366943
0.0 0.0 0.3501342833042145
0.0 0.0 0.273842453956604
0.0 0.0 0.16396519541740417
0.0 0.0 0.1297033727169037
0.0439411997795105 0.0 0.1872532218694687
0.05660293623805046 0.0 0.20672278106212616
0.028048254549503326 0.07986578345298767 0.11212038993835449
0.0 0.059916842728853226 0.0741138830780983
0.0 0.0 0.00032141804695129395
0.022731520235538483 0.0 0.0
0.03300732746720314 0.0 0.009933299385011196
0.014658681116998196 0.0 0.04315010830760002
0.012335339561104774 0.057691771537065506 0.07984207570552826
0.0 0.0 0.09653876721858978
0.01584538444876671 0.0 0.02267466112971306
0.0 0.0 0.0
0.0 0.0 0.0
0.0525224395096302 0.0 0.0
0.03528007119894028 0.0 0.008070950396358967
0.0 0.0 0.012799392454326153
0.0 0.0 0.0
0.037915363907814026 0.0 0.0
0.0 0.03262874111533165 0.0
0.02681264653801918 0.0 0.11065410077571869
0.01706281304359436 0.0 0.2258611023426056
0.001006083795800805 0.0 0.23105266690254211
0.0 0.1332048773765564 0.11663342267274857
0.0 0.33160531520843506 0.0
0.0 0.3365156352519989 0.0
0.0 0.009380410425364971 0.0
0.08848027139902115 0.0 0.0
0.003517444711178541 0.0028633885085582733 0.0
0.0 0.059915490448474884 0.0
0.0 0.08284983783960342 0.012461218982934952
0.0 0.057869650423526764 0.08315642923116684
0.029139451682567596 0.0 0.09471481293439865
0.03535393625497818 0.0 0.00495669711381197
0.0 0.06164468079805374 0.0
0.0 0.06503301858901978 0.0
0.035331565886735916 0.0 0.0
0.10032574087381363 0.0 0.0
0.009500501677393913 0.0 0.0
0.0 0.06579894572496414 0.0
0.0 0.10297907143831253 0.0
0.0 0.09227662533521652 0.018440548330545425
0.0 0.013471557758748531 0.0
0.08160825073719025 0.0 0.0
0.04124245047569275 0.0 0.0
0.0 0.0 0.0
0.0 0.0017453934997320175 0.007440095767378807
0.011610524728894234 0.046133365482091904 0.04454325512051582
0.04336525499820709 0.0 0.06286287307739258
0.031836166977882385 0.0 0.03699479252099991
0.0 0.013384473510086536 0.00775514729321003
0.0 0.024156693369150162 0.0
0.0 0.01986607536673546 0.0
0.0 0.02185971662402153 0.007931981235742569
0.0 0.0 0.0
0.0 0.03484822064638138 0.0
0.0 0.0762380063533783 0.0
0.0037339595146477222 0.06445538252592087 0.0
0.0 0.15285608172416687 0.0
0.0 0.1327313780784607 0.0
0.0 0.0 0.022483225911855698
0.0 0.08896099030971527 0.0
0.0 0.019910816103219986 0.0
0.0 0.05640970543026924 0.0
0.0 0.0 0.0
0.0 0.0 0.0
0.12104673683643341 0.0 0.030410658568143845
