0.0 0.0 0.07187776267528534
0.0 0.0 0.11045685410499573
0.10927022993564606 0.0 0.12524351477622986
0.2302459329366684 0.0 0.20578815042972565
0.08475103974342346 0.0 0.19262920320034027
0.0 0.0 0.1104254275560379
0.0 0.0 0.029135093092918396
0.0 0.0 0.1754201352596283
0.0 0.0 0.2820485830307007
0.0 0.0 0.28062137961387634
0.0 0.0 0.08927646279335022
0.047539230436086655 0.0 0.0
0.07833069562911987 0.0 0.0
0.057892266660928726 0.0 0.0
0.0 0.06892509758472443 0.0
0.0 0.03808809444308281 0.0
0.0 0.06144188717007637 0.0
0.03669563680887222 0.0 0.0
0.0538991242647171 0.0 0.0
0.04941888898611069 0.0 0.0
0.08506875485181808 0.0 0.004662773571908474
0.10941830277442932 0.0 0.0066702645272016525
0.16601954400539398 0.0 0.0018696505576372147
0.15517541766166687 0.0 0.0
0.04318682476878166 0.06771416962146759 0.0
0.0 0.009254315868020058 0.015334593132138252
0.0 0.0 0.05260260030627251
0.01994168758392334 0.0 0.029055729508399963
0.03493155539035797 0.046190761029720306 0.0314970500767231
0.0 0.0 0.07899239659309387
0.0 0.0 0.08414214849472046
0.0349254310131073 0.0 0.01947341114282608
0.009810224175453186 0.0 0.0
0.0 0.0 0.0
0.0 0.0 0.005621245130896568
0.0 0.0 0.0
0.0021072973031550646 0.0 0.0
0.0 0.0 0.0
0.0 0.0 0.0
0.0 0.0 0.029052268713712692
0.0 0.0 0.08631475269794464
0.0 0.0 0.10947494208812714
0.0 0.0 0.12183839082717896
0.0 0.0 0.19830600917339325
0.0 0.0 0.23167434334754944
0.0 0.0 0.2461741864681244
0.0 0.0 0.28342515230178833
0.0 0.0 0.32843017578125
0.0 0.0 0.35318052768707275
0.0 0.0 0.4863699972629547
0.0 0.0 0.553698718547821
0.0 0.0 0.5853554606437683
0.0 0.1737383008003235 0.7536299824714661
0.0 0.1458643078804016 1.0776323080062866
0.0 0.1700495481491089 1.6997485160827637
0.0 0.006277128122746944 1.9783689975738525
0.010241140611469746 0.0 0.9469512104988098
0.46416202187538147 0.0 0.43853509426116943
0.29994937777519226 0.0 0.0
0.09092693030834198 0.0 0.0
0.010651268064975739 0.13301855325698853 0.0
0.0 0.13934224843978882 0.0
0.0 0.16379058361053467 0.0
0.00494145043194294 0.09464054554700851 0.0
0.07596556097269058 0.03202670067548752 0.0
0.09421886503696442 0.1574123203754425 0.0
0.05296436697244644 0.1976127326488495 0.0
0.042641956359148026 0.04648713022470474 0.0
0.015066256746649742 0.07954362034797668 0.0
0.0 0.13718613982200623 0.0
0.0 0.07988503575325012 0.0
0.003985375165939331 0.016054658219218254 0.0
0.005050905980169773 0.0 0.0
0.0 0.0 0.0
0.0 0.06641183793544769 0.0
0.0 0.014336919412016869 0.0
0.0 0.0 0.0
0.0 0.023655317723751068 0.0
0.0 0.0 0.24024651944637299
0.0 0.00603877566754818 0.27154186367988586
0.0 0.11424407362937927 0.007789047434926033
0.06272139400243759 0.0 0.0
0.0 0.0 0.0
0.0 0.05182064324617386 0.0
0.0 0.027055911719799042 0.01385040208697319
0.0 0.02486439421772957 0.02570013515651226
0.0 0.09609197080135345 0.0416673868894577
0.0 0.10984186828136444 0.048355914652347565
0.0 0.07379332184791565 0.022590896114706993
0.005295117851346731 0.028106793761253357 0.0076257940381765366
0.0 0.03450983017683029 0.010670054703950882
0.0 0.08127786964178085 0.022402076050639153
0.0 0.05777840316295624 0.04069826006889343
0.0 0.030090581625699997 0.05132213979959488
0.0 0.0004333546385169029 0.04569699242711067
0.0 0.0 0.025331266224384308
0.0 0.029246628284454346 0.02847566083073616
0.0 0.03455217555165291 0.039025772362947464
0.0 0.02818642184138298 0.014830690808594227
0.018119486048817635 0.011143257841467857 0.002361769787967205
0.01683744043111801 0.0 0.018263239413499832
0.0006861677393317223 0.0 0.03526033088564873
0.0 0.03348025307059288 0.02124651148915291
0.008417324163019657 0.01856442168354988 0.012972070835530758
0.018014024943113327 0.0 0.008684380911290646
0.0 0.0 0.0
0.0 0.008125629276037216 0.0
0.0 0.00279398076236248 0.0
0.0 0.0 0.0
0.003464643843472004 0.0 0.0
0.0 0.0 0.0
0.0 0.0 0.005143442191183567
0.016072047874331474 0.0 0.0
0.01730642281472683 0.0059255920350551605 0.0
0.006584803573787212 0.0 0.0
0.0 0.0 0.0
0.0 0.015544131398200989 0.0
0.0 0.0 0.0
0.0 0.0 0.0
0.0 0.0 0.004070187918841839
0.0 0.0 0.002953524701297283
0.0 0.0 0.019139152020215988
0.0018869873601943254 0.0 0.020274724811315536
0.013726603239774704 0.0 0.009692653082311153
0.0 0.0 0.012758218683302402
0.0 0.0 0.0180099718272686
0.005281452555209398 0.0 0.0
0.009762752801179886 0.0 0.0
0.0 0.0 0.0
0.0 0.0 0.0
0.0 0.0 0.0
0.009736121632158756 0.0 0.0
0.005476661957800388 0.0 0.0
0.0 0.0006711753085255623 0.0
0.0 0.015536939725279808 0.0
0.0 0.011246055364608765 0.0
0.0 0.0 0.0
0.0 0.006897378712892532 0.011748614721000195
0.0 0.01964140310883522 0.01709917187690735
0.010534005239605904 0.006865687668323517 0.012955292128026485
0.023402933031320572 0.0 0.004485640674829483
0.007510251831263304 0.0016243206337094307 0.0
0.0 0.015485808253288269 0.0
0.0 0.02500847354531288 0.001136183738708496
0.0009830864146351814 0.015422675758600235 0.008615801110863686
0.0 0.0 0.00954018346965313
0.0 0.0 0.0
0.0 0.0 0.0
0.0 0.0 0.007393410429358482
0.0 0.0 0.0362093448638916
0.0 0.0 0.020225584506988525
0.0 0.0 0.0
0.0023849746212363243 0.0 0.0
0.0 0.003809163346886635 0.0
0.0 0.01226230338215828 0.005315612070262432
0.011566488072276115 0.0004935283213853836 0.01508302055299282
0.018172193318605423 0.004805185832083225 0.0
0.002344760810956359 0.008090460672974586 0.0
0.0 0.0006021847948431969 0.0
0.004090729169547558 0.011131791397929192 0.01717946119606495
0.0 0.010134171694517136 0.006366228684782982
0.0 0.013389619067311287 0.0
0.00219322694465518 0.0016597267240285873 0.0
0.018023323267698288 0.0 0.007621109485626221
0.014739912003278732 0.0036645540967583656 0.01832994632422924
0.0031437091529369354 0.01117786392569542 0.005418675951659679
0.0 0.014464737847447395 0.0
0.0 0.015543317422270775 0.0
0.0011106519959867 0.005906403064727783 0.0
0.011583799496293068 0.004750058054924011 0.014028675854206085
0.012723898515105247 0.0 0.0054626185446977615
0.001125832088291645 0.0 0.0
0.0 0.0016333609819412231 0.006317226216197014
0.0 0.017483696341514587 0.0288651455193758
0.014556152746081352 0.012097720056772232 0.03758513182401657
0.018917879089713097 0.0014978060498833656 0.026911186054348946
0.0009609824046492577 0.007976744323968887 0.00965975970029831
0.0 0.00805078074336052 0.0
0.007529935333877802 0.0 0.0
0.002160470001399517 0.0016477424651384354 0.0
0.0 0.0006210934370756149 0.0
0.0 0.012336872518062592 0.0
0.0 0.0 0.016808217391371727
0.0 0.0 0.02337477169930935
0.0 0.0036805327981710434 0.022442931309342384
0.0 0.0005294810980558395 0.02224080078303814
0.0 0.0 0.010604649782180786
0.009522778913378716 0.002656014636158943 0.006523089483380318
0.004223088268190622 0.004804919473826885 0.0032721683382987976
0.007337122689932585 0.004766570404171944 0.011849677190184593
0.003062216332182288 0.0005225567147135735 0.011793218553066254
0.00843327958136797 0.0 0.006463967263698578
0.007512624841183424 0.0 0.0
0.0 0.005996950902044773 0.0
0.0012342361733317375 0.0 0.0
0.0031996488105505705 0.0 0.0
0.0 0.002636847086250782 0.01704426296055317
0.0 0.0 0.031871944665908813
0.005129641853272915 0.0 0.017123358324170113
0.0 0.005866196006536484 0.006372708827257156
0.0 0.006924004293978214 0.010595684871077538
0.00837976299226284 0.0015558693557977676 0.01398535631597042
0.010481264442205429 0.0015396242961287498 0.017211241647601128
0.0009335651993751526 0.01007984858006239 0.012870289385318756
0.0020848496351391077 0.00798340979963541 0.004328466951847076
0.011785414069890976 0.0 0.0
0.006411953829228878 0.0 0.0
0.001080038957297802 0.005883240140974522 0.0
0.0 0.0048408787697553635 0.0
0.0 0.0037881312891840935 0.0
0.0 0.0 0.0
0.005556013900786638 0.005950617603957653 0.0
0.0 0.0027473680675029755 0.0
0.0 0.0 0.006345279514789581
0.007334206253290176 0.0 0.010745886713266373
0.00943703856319189 0.0 0.012882806360721588
0.0 0.005865663290023804 0.004278932698071003
0.0 0.004808655008673668 0.0031966231763362885
0.0 0.0 0.014905476942658424
0.001928522251546383 0.0 0.01818382926285267
0.007351516745984554 0.0 0.009691540151834488
0.009727856144309044 0.006969277746975422 0.0
0.006554433144629002 0.0037982510402798653 0.0
0.008518247865140438 0.0 0.0
0.010563822463154793 0.0 0.008655304089188576
0.004206323996186256 0.0 0.00432207528501749
0.0 0.008064103312790394 0.0
0.0 0.0006485311314463615 0.0
0.0 0.0027100834995508194 0.0
0.006218874827027321 0.0 0.01609005220234394
0.0009159883484244347 0.0 0.01283220760524273
0.0010488801635801792 0.006934390403330326 0.0011097704991698265
0.0009737787768244743 0.0005316175520420074 0.007498161867260933
0.00838562287390232 0.0 0.01181434653699398
0.002032918157055974 0.0 0.007491502910852432
0.0022659446112811565 0.012299860827624798 0.0
0.0 0.0 0.0
0.0 0.00804066751152277 0.0
0.00020705489441752434 0.026144836097955704 0.0
0.0065291328355669975 0.0 0.0
0.01806647889316082 0.0 0.00552529189735651
0.004142407793551683 0.0005132425576448441 0.01073470152914524
0.0 0.0 0.002125500701367855
0.0 0.0 0.0
0.0 0.01017726119607687 0.0
0.0 0.0 0.0010044341906905174
0.0 0.0 0.013811842538416386
0.0 0.0026514334604144096 0.022420775145292282
0.0010219109244644642 0.0 0.0010718116536736488
0.00871631596237421 0.0 0.0
0.0 0.008097331039607525 0.0
0.0 0.0 0.007360068149864674
0.0 0.0 0.010667980648577213
0.0022048871032893658 0.005946029908955097 0.0
0.0 0.0038589108735322952 0.0
0.0 0.007036061026155949 0.0
0.0009800991974771023 0.0027028322219848633 0.006440478377044201
0.0019361742306500673 0.0 0.01603717729449272
0.007454510312527418 0.0 0.0
0.0 0.007061094976961613 0.0
0.0 0.00915354210883379 0.0
0.01711193099617958 0.005904218181967735 0.0
0.026629803702235222 0.0 0.0013205511495471
0.0 0.0026751356199383736 0.014964724890887737
0.0 0.011230806820094585 0.004257218912243843
0.009729382582008839 0.005951089784502983 0.0
0.01709621772170067 0.0027108220383524895 0.0
0.009532574564218521 0.0 0.004375463351607323
0.0 0.004905799403786659 0.0
0.0 0.0006870860233902931 0.0
0.004468307830393314 0.0 0.0
0.003250177949666977 0.005935910157859325 0.0
0.0 0.00806484092026949 0.0
0.01933034509420395 0.0 0.0
0.024733632802963257 0.0 0.0
0.0 0.01125610712915659 0.0
0.0 0.0 0.0
0.018158286809921265 0.0 0.0
0.011543260887265205 0.0 0.015047549270093441
0.0 0.0 0.0010784696787595749
0.0 0.024080824106931686 0.0
0.0 0.009168720804154873 0.0
0.0 0.0 0.0
0.008638817816972733 0.004882097244262695 0.0
0.006445704959332943 0.016552869230508804 0.0
0.008515513502061367 0.0027118874713778496 0.00010588299483060837
0.009558940306305885 0.0 0.0011570332571864128
0.012728634290397167 0.0 0.0022121770307421684
0.028872450813651085 0.0 0.0
0.010777602903544903 0.0006292955949902534 0.0
0.0 0.027199652045965195 0.0
0.007312830071896315 0.006914622150361538 0.013995599932968616
0.024313120171427727 0.0 0.01946546509861946
0.010571740567684174 0.0016165291890501976 0.007601083256304264
0.0 0.00910268072038889 0.0031924257054924965
0.0 0.0027284035459160805 0.004197236150503159
0.008545775897800922 0.0005938801914453506 0.0
0.0011762762442231178 0.016583766788244247 0.0
0.0 0.014449507929384708 0.0
0.0 0.0 0.008466816507279873
0.021391533315181732 0.0 0.0
0.020388320088386536 0.0 0.0
0.006463982630521059 0.0 0.0
0.03919849544763565 0.0 0.0
0.050274044275283813 0.0 0.0
0.0 0.017886850982904434 0.0
0.0 0.027279820293188095 0.0
0.004396038129925728 0.007021152414381504 0.0
0.0066504040732979774 0.00706083420664072 0.0
0.0 0.01870870217680931 0.0
0.0 0.02609684318304062 0.007520594634115696
0.008476266637444496 0.019694339483976364 0.006570112891495228
0.016033785417675972 0.027149327099323273 0.0
0.007416861597448587 0.017574194818735123 0.005484341643750668
0.004132384900003672 0.005862145684659481 0.01182346511632204
0.0 0.0 0.0
0.0 0.0 0.0
0.0 0.0 0.00420629046857357
0.006237613968551159 0.0 0.010690023191273212
0.0 0.0 0.0030597997829318047
0.0 0.0 0.0
0.0 0.0 0.0
0.0 0.0 0.0
0.0203558299690485 0.0 0.0
0.03412730246782303 0.0026570316404104233 0.00036121904850006104
0.0158457662910223 0.0037044528871774673 0.014070107601583004
0.0008998401463031769 0.006919686682522297 0.014999550767242908
0.003146216506138444 0.001643698662519455 0.003253411501646042
0.0 0.0 0.00634241197258234
0.0 0.0 0.0010323356837034225
0.0 0.0 0.0009439187124371529
0.0 0.0016644708812236786 0.0010531079024076462
0.0 0.006979874335229397 0.0
0.0 0.0 0.013837345875799656
0.007258403580635786 0.0 0.01715138554573059
0.006408322602510452 0.0 0.0
0.0012079677544534206 0.0 0.0
0.0 0.0006511379033327103 0.0
0.0010857288725674152 0.014425539411604404 0.0
0.00409110588952899 0.0 0.012825877405703068
0.0029866930563002825 0.0 0.017101850360631943
0.0 0.0 0.0
0.0 0.0028559695929288864 0.0
0.0 0.0 0.0
0.012573161162436008 0.0 0.0193532295525074
0.0 0.0 0.0
0.0 0.0 0.0
0.0 0.0 0.0
0.015948718413710594 0.0 0.00010922644287347794
0.009577637538313866 0.0 0.0
0.0 0.004908427596092224 0.0
0.0021823057904839516 0.0 0.0
0.005381028633564711 0.0 0.0
0.0 0.010203857906162739 0.0
0.0 0.0038642026484012604 0.0
0.0 0.008141771890223026 0.0
0.0 0.0016814759001135826 0.0042168861255049706
0.00412801094353199 0.0 0.009640413336455822
0.0 0.0 0.015872210264205933
0.0 0.0 0.005118366330862045
0.0011665760539472103 0.0 0.0
0.0010390104725956917 0.0 0.0
0.00731714628636837 0.0 0.011829531751573086
0.007370143197476864 0.0 0.006485099904239178
0.026622135192155838 0.0 0.0024040723219513893
0.01808377355337143 0.0026974715292453766 0.0034078173339366913
0.013844288885593414 0.0 0.0
0.009688692167401314 0.002766447141766548 0.0
0.0 0.015582378022372723 0.0
0.0 0.005992067977786064 0.0
0.008410640060901642 0.0 0.008621755056083202
0.008368829265236855 0.0016135647892951965 0.013990421779453754
0.002153277164325118 0.0027573928236961365 0.0
0.008618100546300411 0.0 0.0
0.0 0.0 0.0
0.005150132346898317 0.0 0.015012809075415134
0.008215431123971939 0.0 0.026760276407003403
0.002951693022623658 0.0 0.02031169831752777
0.001026227604597807 0.0 0.0
0.01399582251906395 0.0 0.0
0.011674078181385994 0.0 0.00114519614726305
0.0 0.0 0.013810924254357815
0.014875730499625206 0.0 0.002269582822918892
0.005486489739269018 0.0 0.0
0.0 0.0 0.0
0.025456203147768974 0.0 0.0032711979001760483
0.031171878799796104 0.0 0.04770417511463165
0.230656236410141 0.0 0.06799107044935226
0.6662196516990662 0.0 0.28199872374534607
0.9869007468223572 0.0 0.6320158243179321
1.1972819566726685 0.0 1.257194995880127
1.3501505851745605 0.0 2.14264178276062
1.8582841157913208 0.0 2.7871038913726807
2.516220808029175 0.0 3.140580654144287
2.800692558288574 0.0 3.4271819591522217
2.878556251525879 0.0 4.0417680740356445
3.5514838695526123 0.0 3.988832950592041
4.294763565063477 0.0 3.718177080154419
5.119804859161377 0.0 3.00366473197937
5.908905982971191 0.0 2.348374128341675
6.219635963439941 0.0 1.6124480962753296
6.258655548095703 0.0 0.9870292544364929
6.244864463806152 0.0 0.9709256887435913
5.246822357177734 2.0546393394470215 1.2203431129455566
3.5994794368743896 3.0874879360198975 0.8066174387931824
3.2127251625061035 3.061204671859741 0.0
3.3745813369750977 1.8361419439315796 0.0
3.1629226207733154 0.8210248351097107 0.0
2.651714563369751 0.6339545249938965 0.0
2.457331418991089 0.021583285182714462 0.0
2.38244891166687 0.0 0.0
2.17156982421875 0.0 0.0
1.8016639947891235 0.017156846821308136 0.0
1.4903748035430908 0.0 0.0
0.8975515961647034 0.0 0.0
0.1395813375711441 0.0 0.0
0.0 0.0 0.0
0.0 0.0 0.0
0.0 0.0 0.0
0.0 0.0 0.0
0.0 0.0 0.0
0.0 0.0 0.0
0.0 0.0 0.0
0.0 0.0 0.0
0.0 0.0 0.0
0.0 0.0 0.0
0.0 0.0 0.0
0.0 0.0 0.0
0.0 0.0 0.0
0.0 0.0 0.0
0.0 0.0 0.0
0.0 0.0 0.0
0.0 0.0 0.0
0.0 0.0 0.0
0.0 0.0 0.0
0.0 0.0 0.0
0.0 0.0 0.0
0.0 0.0 0.0
0.0 0.0 0.0
0.0 0.0 0.0
0.0 0.0 0.0
0.0 0.0 0.0
0.0 0.0 0.0
0.0 0.0 0.0
0.2273913472890854 0.0 0.0
0.42699259519577026 0.0 0.0
0.42016932368278503 0.0 0.011308553628623486
0.3259807825088501 0.0 0.049068450927734375
0.2699587941169739 0.0 0.0
0.28774788975715637 0.0 0.0
0.250152587890625 0.0 0.0
0.20463570952415466 0.0 0.0
0.09786585718393326 0.0 0.013484357856214046
0.03624776005744934 0.0 0.0
0.09831539541482925 0.0 0.0
0.21358445286750793 0.0 0.0
0.2944721281528473 0.0 0.0
0.1719914674758911 0.0 0.0
0.020489569753408432 0.0 0.0
0.05180754512548447 0.0 0.029031891375780106
0.06873566657304764 0.0 0.046355754137039185
0.03620488569140434 0.0 0.0
0.06411854177713394 0.0 0.0
0.10790517181158066 0.0 0.0
0.09836439788341522 0.0 0.0
0.046805065125226974 0.0 0.00022048316895961761
0.005201161839067936 0.0 0.005294870585203171
0.023474708199501038 0.0027030715718865395 0.0
0.06395955383777618 0.0 0.002748887985944748
0.02662176452577114 0.010114648379385471 0.004585137590765953
0.024377785623073578 0.0 0.013060913421213627
0.035250939428806305 0.0 0.0
0.06755215674638748 0.0 0.0
0.0864398255944252 0.0 0.0
0.04575258120894432 0.0 0.0013334183022379875
0.0 0.0 0.0
0.0 0.0 0.0
0.0 0.0 0.0
0.0 0.0 0.0
0.0 0.0 0.0
0.0 0.0 0.0
0.0 0.0 0.0
0.011803404428064823 0.0 0.0
0.0 0.0 0.0
0.0 0.0 0.0
0.03610688075423241 0.0 0.0076986392959952354
0.05634211003780365 0.0 0.006722058169543743
0.006555645726621151 0.0 0.0
0.0 0.0 0.0
0.0 0.0 0.0
0.0 0.0 0.0
0.0011193347163498402 0.0 0.0
0.053537800908088684 0.0 0.0
0.09107266366481781 0.0 0.0
0.0557292141020298 0.0 0.0
0.06933716684579849 0.0 0.0
0.035181328654289246 0.010101872496306896 0.0025336435064673424
0.017911529168486595 0.03237788379192352 0.02486797794699669
0.06687773764133453 0.0 0.030553560703992844
0.08188411593437195 0.0 0.02211213856935501
0.0575241856276989 0.0 0.003704369068145752
0.014881383627653122 0.0 0.0
0.0 0.009177488274872303 0.0
0.0 0.0 0.0
0.0021533379331231117 0.0 0.0
0.0 0.0 0.0
0.0 0.0 0.000676620751619339
0.0 0.0 0.0
0.0 0.0017786948010325432 0.0
0.010670926421880722 0.0 0.0
0.016987677663564682 0.0 0.003330727107822895
0.0 0.0016351500526070595 0.01069996040314436
0.0 0.0 0.006392297334969044
0.01179637759923935 0.0059321606531739235 0.0
0.007593377027660608 0.005964651703834534 0.0
0.0 0.015531257726252079 0.0
0.0 0.012342122383415699 0.006163532845675945
0.0064844368025660515 0.01445187907665968 0.0
0.03207022324204445 0.00482854712754488 0.0
0.012802787125110626 0.00909546297043562 0.0
0.0 0.010203071869909763 0.0
0.0 0.013445737771689892 0.0
0.008836274035274982 0.03577820956707001 0.0
0.04707074537873268 0.045197807252407074 0.0
0.0522812195122242 0.0345158688724041 0.0038519082590937614
0.031992726027965546 0.018613334745168686 0.0025293827056884766
0.02876417525112629 0.0005464497953653336 0.0024385685101151466
0.043730609118938446 0.00371401384472847 0.0004617040976881981
0.010644827038049698 0.0005906587466597557 0.00012108590453863144
0.02876417525112629 0.0005464497953653336 0.0024385685101151466
0.02757081389427185 0.003690045326948166 0.015256629325449467
0.010437367483973503 0.000514758750796318 0.02041677013039589
0.01264166459441185 0.0 0.012946869246661663
0.01913817971944809 0.0005576359108090401 0.004479082301259041
0.009640282019972801 0.005928432568907738 0.0
0.019239380955696106 0.0 0.0
0.010785708203911781 0.0144553417339921 0.0
0.000235862098634243 0.008145780302584171 0.0
0.013150062412023544 0.0 0.0
0.029112517833709717 0.0 0.0
0.015155157074332237 0.0 0.0
0.009386749938130379 0.0 0.0029722657054662704
0.09464598447084427 0.0 0.2140757143497467
0.19379493594169617 0.0 0.6434893608093262
0.12896479666233063 0.0 1.0447406768798828
0.0987621545791626 0.0039164284244179726 1.613100290298462
0.10240775346755981 0.22166499495506287 2.2291924953460693
0.27195870876312256 0.30007246136665344 2.7770497798919678
0.5915827751159668 0.11424639821052551 3.116159677505493
0.8952723145484924 0.0 3.1204216480255127
0.9974964261054993 0.0 3.0053484439849854
0.9609192609786987 0.0 2.9302194118499756
0.8742988705635071 0.0 2.7708771228790283
0.8295409679412842 0.0459941066801548 2.4826674461364746
0.8312888145446777 0.16748671233654022 2.120919704437256
0.7800437211990356 0.2420741319656372 1.8204526901245117
0.6523497104644775 0.28362396359443665 1.5810773372650146
0.47097885608673096 0.3081623315811157 1.36995530128479
0.3257550895214081 0.300702303647995 1.1676369905471802
0.24159227311611176 0.2677054703235626 0.9391381144523621
0.20138493180274963 0.2520889341831207 0.5893465876579285
0.17188216745853424 0.17562054097652435 0.018323298543691635
0.0 0.08344481140375137 0.0
0.0 0.06834602355957031 0.0
0.0 0.08139151334762573 0.0
0.0 0.10073964297771454 0.0
0.0 0.15545348823070526 0.0
0.0 0.16028712689876556 0.0
0.0 0.12103772908449173 0.0
0.0 0.05924013629555702 0.0
0.0 0.0848885104060173 0.0
0.0 0.1143430694937706 0.0
0.0 0.17071552574634552 0.0
0.0 0.10733496397733688 0.0
0.0 0.0 0.0
0.0 0.0 0.0
0.0 0.0 0.0
0.0 0.0 0.0
0.0 0.0 0.0
0.0 0.0 0.0
0.0 0.0 0.0
0.0 0.0 0.0
0.0 0.0 0.0
0.0 0.0 0.0
0.0 0.0 0.0
0.0 0.0 0.02154013141989708
0.03781650960445404 0.08906594663858414 0.48783087730407715
0.07953706383705139 0.19091001152992249 0.8069359064102173
0.0854969471693039 0.2753466069698334 0.9675165414810181
0.13296246528625488 0.31396934390068054 1.1326364278793335
0.2568945288658142 0.2609253227710724 1.320657730102539
0.35662034153938293 0.22359950840473175 1.5822019577026367
0.38924431800842285 0.2073129564523697 1.9382243156433105
0.4355476498603821 0.1987583488225937 2.2100114822387695
0.41546088457107544 0.2558748722076416 2.304009437561035
0.44663187861442566 0.20170509815216064 2.2742323875427246
0.7063789963722229 0.0 2.2972986698150635
0.9325687289237976 0.0 2.4739277362823486
0.9825056791305542 0.0 2.5034358501434326
0.8796591758728027 0.0006052758544683456 2.3751227855682373
0.7861750721931458 0.19936683773994446 2.1536917686462402
0.8295315504074097 0.0 2.0583977699279785
0.986029326915741 0.0 2.138749122619629
1.0720406770706177 0.0 2.0700197219848633
0.9534958600997925 0.0 1.8974497318267822
0.779064953327179 0.027495481073856354 1.7791532278060913
0.6395544409751892 0.23082515597343445 1.7805553674697876
0.6048079133033752 0.2523179352283478 1.7375452518463135
0.5366725325584412 0.2692364752292633 1.5147098302841187
0.43404337763786316 0.26523828506469727 1.2177481651306152
0.39845556020736694 0.25080421566963196 0.8338204026222229
0.33928757905960083 0.22575369477272034 0.4581693410873413
0.21679681539535522 0.1486314833164215 0.10949310660362244
0.0 0.039045609533786774 0.0
0.0 0.02265758067369461 0.0
0.0 0.021783264353871346 0.0
0.0 0.030329883098602295 0.0
0.0 0.040077585726976395 0.0
0.0 0.09223879128694534 0.0
0.0 0.05285143479704857 0.0
0.0 0.014312831684947014 0.0
0.0 0.0 0.0
0.0 0.0 0.0
0.0 0.05533377081155777 0.0
0.0 0.00598619319498539 0.0
0.0 0.0 0.0
0.0 0.0 0.0
0.0 0.0 0.0
0.0 0.0 0.0
0.0 0.0 0.0
0.0 0.0 0.0
0.0 0.0 0.0
0.0 0.0 0.0
0.0 0.0 0.0
0.0 0.0 0.0
0.0 0.0 0.0
0.0 0.0 0.0
0.0 0.0 0.0
0.0 0.0 0.3482082188129425
0.0 0.021730801090598106 0.6194847226142883
0.0 0.10418599843978882 0.7374051809310913
0.036097075790166855 0.08912874758243561 0.7602362036705017
0.2120169848203659 0.0 0.8663551807403564
0.32540184259414673 0.001348564401268959 1.052355170249939
0.30843934416770935 0.07498502731323242 1.2618118524551392
0.21459969878196716 0.17255926132202148 1.3733638525009155
0.12862539291381836 0.20651030540466309 1.4367141723632812
0.13053540885448456 0.08635593205690384 1.4406169652938843
0.19336818158626556 0.0011795172467827797 1.4409685134887695
0.21766312420368195 0.01697765477001667 1.467970371246338
0.16393011808395386 0.13528192043304443 1.417606234550476
0.14087887108325958 0.22088098526000977 1.284113883972168
0.14792212843894958 0.07340817153453827 1.1993093490600586
0.20573483407497406 0.0 1.2482150793075562
0.28621500730514526 0.0 1.5138541460037231
0.30825746059417725 0.0 1.890709638595581
0.26069819927215576 0.16621720790863037 2.1878604888916016
0.36129429936408997 0.12137942016124725 2.46755051612854
0.57956463098526 0.0 2.5831968784332275
0.7804231643676758 0.0 2.4635462760925293
0.6932799816131592 0.1608559936285019 2.257331371307373
0.5423032641410828 0.30984121561050415 2.014866828918457
0.5090457201004028 0.22562380135059357 1.8102134466171265
0.4963136613368988 0.06814150512218475 1.5702729225158691
0.4130765497684479 0.14280082285404205 1.2673500776290894
0.22140300273895264 0.22951574623584747 0.9249237179756165
0.0752687007188797 0.2448211908340454 0.6062238216400146
0.0 0.2536112368106842 0.32068100571632385
0.0 0.18137085437774658 0.04442199319601059
0.0 0.03491511195898056 0.0
0.0 0.0 0.0
0.0 0.0 0.0
0.0 0.00963665172457695 0.0
0.0 0.01944800280034542 0.0
0.0 0.002181665040552616 0.0
0.0 0.06167348474264145 0.0
0.0 0.09790179878473282 0.0
0.0 0.0 0.0
0.0 0.0 0.0
0.0 0.0 0.0
0.0 0.0 0.0
0.0 0.0 0.0
0.0 0.0 0.0
0.0 0.0 0.0
0.0 0.0 0.0
0.0 0.0 0.0
0.0 0.0 0.0
0.0 0.0 0.0
0.0 0.0 0.0
0.0 0.0 0.0
0.0 0.0 0.0
0.0 0.03898575156927109 0.309909850358963
0.0 0.10706999897956848 0.5626121163368225
0.04232779145240784 0.10003925114870071 0.6748659610748291
0.16859816014766693 0.08891546726226807 0.7444649338722229
0.2959617078304291 0.058262743055820465 0.9133633971214294
0.42476361989974976 0.016333136707544327 1.2531702518463135
0.4599066972732544 0.11242078989744186 1.6929105520248413
0.2721887528896332 0.2746160924434662 1.914839267730713
0.09867553412914276 0.4005010426044464 1.890011191368103
0.15057788789272308 0.35920819640159607 1.8177502155303955
0.4135192334651947 0.14951835572719574 1.7470515966415405
0.6508926153182983 0.0 1.676190733909607
0.6125034689903259 0.0 1.6769585609436035
0.38548386096954346 0.1583605855703354 1.672018051147461
0.15632498264312744 0.14337311685085297 1.5361409187316895
0.13250701129436493 0.04246807098388672 1.2407207489013672
0.22657065093517303 0.0 0.9038761258125305
0.27401354908943176 0.0 0.6403204202651978
0.27340179681777954 0.0 0.4852794110774994
0.15071770548820496 0.0 0.38270723819732666
0.031471461057662964 0.0 0.2544749677181244
0.011795762926340103 0.0 0.08863646537065506
0.0535954050719738 0.0 0.0
0.08914700895547867 0.0 0.0
0.06774957478046417 0.0 0.0
0.0 0.0 0.0
0.0 0.028860650956630707 0.0
0.0 0.002450878731906414 0.0
0.0 0.0 0.0
0.0 0.0 0.0
0.0 0.011988724581897259 0.0
0.0 0.009802800603210926 0.0
0.0 0.0 0.0
0.0 0.0 0.0
0.0 0.0 0.0
0.0 0.0 0.0
0.0016432597767561674 0.0 0.0
0.0 0.0 0.0
0.0 0.0 0.0
0.001354306936264038 0.013477164320647717 0.0
0.0110207824036479 0.011355689726769924 0.0
0.007549085654318333 0.0 0.0
0.010428495705127716 0.0 0.018214765936136246
0.0028960106428712606 0.018568862229585648 0.030014963820576668
0.0 0.020829085260629654 0.003146599978208542
0.0 0.0 0.0
0.012910028919577599 0.0 0.0
0.0 0.0 0.0
0.0 0.0 0.0
0.013024810701608658 0.0 0.0
0.0 0.008242721669375896 0.0
0.0 0.007175859995186329 0.0
0.00449497252702713 0.0 0.0
0.02052963711321354 0.0 0.0
0.006654568016529083 0.0 0.0
0.0 0.029301971197128296 0.01686743274331093
0.0 0.05042696371674538 0.0543128103017807
0.02288040891289711 0.02583986520767212 0.06014939397573471
0.04528531804680824 0.022605720907449722 0.06036271154880524
0.01583022251725197 0.029195979237556458 0.019493840634822845
0.0 0.007037946954369545 0.0
0.004035881720483303 0.0 0.019255489110946655
0.10476621985435486 0.0 0.0658155307173729
0.2715650498867035 0.0 0.10300684720277786
0.5026035904884338 0.0 0.2165166288614273
0.7235046029090881 0.0 0.3822754919528961
0.8947583436965942 0.0 0.5016844272613525
1.5025886297225952 0.0 0.7848870754241943
2.6245782375335693 0.0 1.286565899848938
3.7746686935424805 0.0 1.7325152158737183
4.363343238830566 0.0 1.865082025527954
4.592021465301514 0.0 1.981356143951416
5.111495494842529 0.0 2.170358896255493
5.966159820556641 0.0 2.2691690921783447
6.943533897399902 0.0 2.30269718170166
7.147980690002441 0.0 2.119732141494751
6.948281764984131 0.0 1.5495117902755737
6.747645378112793 0.0 0.6500586867332458
6.241722106933594 0.0 0.0
5.70358419418335 1.087440013885498 0.0
4.597500324249268 1.9096909761428833 0.0
3.2147412300109863 2.1004488468170166 0.0
1.994976282119751 2.4801905155181885 0.0
1.1539430618286133 2.670006036758423 0.0
0.7149806022644043 2.525683641433716 0.0
0.0337785966694355 2.5738885402679443 0.0
0.0 2.613278865814209 0.0
0.0 2.1683783531188965 0.0
0.0 1.528878927230835 0.0
0.0 0.9226404428482056 0.0
0.0 0.046443141996860504 0.0
0.0 0.0 0.0
0.0 0.0 0.0
0.0 0.0 0.0
0.0 0.0 0.0
0.0 0.0 0.0
0.0 0.0 0.0
0.0 0.0 0.0
0.0 0.0 0.0
0.0 0.0 0.0
0.0 0.0 0.0
0.0 0.0 0.0
0.0 0.0 0.0
0.0 0.0 0.0
0.0 0.0 0.0
0.0 0.0 0.0
0.0 0.0 0.0
0.0 0.0 0.0021177800372242928
0.0 0.0 0.28866779804229736
0.0 0.0 0.4158225357532501
0.0 0.0 0.3888401985168457
0.0 0.0 0.38940849900245667
0.0 0.0 0.3696902096271515
0.10395795106887817 0.0 0.33788353204727173
0.4025430381298065 0.06777479499578476 0.3023122251033783
0.6455786228179932 0.2928433418273926 0.260600209236145
0.6725729703903198 0.4087235927581787 0.24735736846923828
0.6460286974906921 0.35994860529899597 0.2266361117362976
0.5804632902145386 0.1616022288799286 0.13773633539676666
0.5056577324867249 0.06753804534673691 0.02878427878022194
0.35680723190307617 0.11266370862722397 0.0
0.234055757522583 0.09908398240804672 0.0
0.1492452621459961 0.04487667232751846 0.020877353847026825
0.11579170823097229 0.0 0.03830135241150856
0.109649658203125 0.0 0.0005875276401638985
0.0388718917965889 0.0 0.0
0.0 0.0 0.0
0.0 0.0 0.010757607407867908
0.062203846871852875 0.0 0.0449102520942688
0.1605602502822876 0.0 0.02662818506360054
0.03305155411362648 0.0 0.0
0.0 0.0 0.0
0.03577809780836105 0.0 0.02553762122988701
0.1380472183227539 0.0 0.03491540998220444
0.1617831587791443 0.0 0.017149727791547775
0.094025157392025 0.0 0.0
0.021834319457411766 0.0 0.0
0.00023635011166334152 0.0 0.0
0.11611075699329376 0.0 0.0040533654391765594
0.1886720359325409 0.0 0.003678392618894577
0.12807980179786682 0.0 0.0
0.0 0.061315566301345825 0.0
0.0 0.020936451852321625 0.0
0.04583179950714111 0.0 0.0
0.11330883949995041 0.0 0.0
0.09747714549303055 0.0 0.0
0.04085887596011162 0.0 0.0
0.002165543846786022 0.000610940158367157 0.0
0.02216588333249092 0.0 0.01941234990954399
0.07019093632698059 0.0 0.011166135780513287
0.07570021599531174 0.0 0.0
0.041680727154016495 0.0 0.0
0.040545422583818436 0.0 0.0
0.032860882580280304 0.0 0.009746363386511803
0.01997491344809532 0.0 0.020362788811326027
0.02960383892059326 0.0 0.017236771062016487
0.01141551323235035 0.0 0.020229097455739975
0.0 0.0 0.011528285220265388
0.0 0.0 0.010469412431120872
0.015765253454446793 0.0 0.012804737314581871
0.05605541914701462 0.0 0.03775722533464432
0.01768592558801174 0.0 0.040751419961452484
0.009177925065159798 0.0 0.035269834101200104
0.04882759973406792 0.0 0.015278281643986702
0.02139757201075554 0.0 0.0
0.0 0.01871562749147415 0.0
0.003041735850274563 0.012232962064445019 0.015038330107927322
0.06382545828819275 0.0 0.01773691177368164
0.07590050250291824 0.0 0.0
0.06425049901008606 0.0 0.0
0.022592801600694656 0.000631965696811676 0.0
0.011832830496132374 0.0069961221888661385 0.0
0.03422282636165619 0.0 0.0
0.019254261627793312 0.0 0.0
0.0011676694266498089 0.0 0.0
0.0 0.0 0.0
0.0 0.0 0.0
0.0 0.0 0.015764841809868813
0.013730333186686039 0.0 0.0075394026935100555
0.018137864768505096 0.0 0.0
0.021326467394828796 0.0 0.0
0.04678868129849434 0.0 0.0067287348210811615
0.029788661748170853 0.0 0.0023512979969382286
0.023409057408571243 0.0 0.0
0.01380064059048891 0.0 0.0011406242847442627
0.04365867003798485 0.0 0.004667715169489384
0.05239277333021164 0.0 0.0
0.05986373871564865 0.0 0.0
0.07569810003042221 0.0 0.0
0.07893357425928116 0.0 0.0
0.039612796157598495 0.0 0.0
0.025604303926229477 0.0 0.0
0.036070261150598526 0.0 0.00979563221335411
0.019261453300714493 0.0 0.0
0.0 0.0 0.0
0.004526447970420122 0.0 0.0
0.031109854578971863 0.0 0.0
0.02147587016224861 0.003803524188697338 0.0
0.0 0.020851481705904007 0.0
0.007401596754789352 0.0 0.003268490545451641
0.006561635993421078 0.0 0.0
0.009906033053994179 0.0 0.0
0.01521397940814495 0.0 0.0
0.05035516247153282 0.0 0.0
0.1440156102180481 0.0 0.0
0.23261526226997375 0.0 0.0
0.10495289415121078 0.0 0.0
0.0 0.0 0.0
0.0 0.06871146708726883 0.016514204442501068
0.018913617357611656 0.013184290379285812 0.029085656628012657
0.05257091298699379 0.0 0.0
0.0 0.007279528304934502 0.0
0.0 0.0 0.0
0.12045195698738098 0.025791428983211517 0.016252681612968445
0.21402639150619507 0.050983332097530365 0.05359179526567459
0.12981431186199188 0.06818575412034988 0.04639647156000137
0.09247731417417526 0.0693274512887001 0.044958896934986115
0.08614565432071686 0.05130291357636452 0.035222381353378296
0.04350178316235542 0.02802715077996254 0.02724274806678295
0.0020614005625247955 0.02286248281598091 0.008650688454508781
0.0 0.0006349422037601471 0.0
0.0 0.008130675181746483 0.0
0.0 0.0 0.0
0.0 0.0 0.0
0.0 0.0019425544887781143 0.0
0.0 0.016730021685361862 0.0
0.0 0.02303558960556984 0.0014958400279283524
0.0 0.027293983846902847 0.007769715040922165
0.0 0.003854437731206417 0.0016572270542383194
0.004386340267956257 0.0 0.0
0.0021420943085104227 0.011203963309526443 0.0
0.010443700477480888 0.014288436621427536 0.02259473316371441
0.0028646099381148815 0.014263402670621872 0.03320210427045822
0.0 0.018510345369577408 0.0363885760307312
0.011547314003109932 0.0 0.015041476115584373
0.01065808441489935 0.0 0.0
0.0 0.023019876331090927 0.0
0.0 0.036907993257045746 0.0
0.0 0.011322474107146263 0.0
0.0 0.015555035322904587 0.0
0.0 0.0 0.0
0.0 0.0 0.0
0.0 0.0028094127774238586 0.0
0.027941200882196426 0.0 0.0
0.25524041056632996 0.0 0.0
0.8128573298454285 0.0 0.0
1.611411690711975 0.0 0.0009549520909786224
2.3163609504699707 0.330912709236145 0.003922245465219021
3.0443038940429688 0.6110942959785461 0.03774145990610123
3.780257225036621 0.740969181060791 0.0
4.607428073883057 1.0004812479019165 0.0
5.111515522003174 1.1614078283309937 0.0
5.269516468048096 1.0150396823883057 0.30592283606529236
5.19246768951416 0.48056289553642273 0.5587502717971802
4.978268146514893 0.0 0.745780885219574
4.367800235748291 0.0 0.6621315479278564
3.5548925399780273 0.3677937388420105 0.5836912989616394
2.96321177482605 0.8519766330718994 0.489611953496933
2.4397408962249756 1.0172268152236938 0.3567207455635071
1.834305763244629 0.884809672832489 0.26264193654060364
1.0326844453811646 0.5739442110061646 0.22798728942871094
0.3031300902366638 0.35133591294288635 0.15160596370697021
0.0 0.38258519768714905 0.09712541848421097
0.0 0.45745784044265747 0.012213987298309803
0.0 0.43994781374931335 0.0
0.0 0.3794008493423462 0.0
0.0 0.3655391037464142 0.0
0.0 0.3093341588973999 0.0
0.0 0.15534991025924683 0.0
0.0 0.0 0.0
0.0 0.09678833186626434 0.0
0.0 0.14707626402378082 0.0
0.0 0.0 0.0
0.0 0.0 0.0
0.0 0.0 0.0
0.0 0.0 0.0
0.0 0.0 0.0
0.0 0.0 0.0
0.0 0.0 0.0
0.0 0.0 0.0
0.0 0.0 0.0
0.0 0.0 0.0
0.0 0.0 0.0
0.0 0.0 0.0
0.0 0.0 0.0
0.0 0.01686926558613777 0.0
0.27890250086784363 0.012662535533308983 0.0
1.0962330102920532 0.0 0.0
2.1844844818115234 0.28925710916519165 0.0
2.872850179672241 0.47810399532318115 0.0
3.220869302749634 0.6892988085746765 0.0
3.586426019668579 0.6802887916564941 0.0
4.018865585327148 0.8474010825157166 0.0
4.104575157165527 0.907527506351471 0.0
3.7127039432525635 0.907438337802887 0.051790691912174225
3.449526786804199 0.9763928651809692 0.22886240482330322
3.2050960063934326 0.6492016911506653 0.2873225212097168
3.103787422180176 0.47729626297950745 0.2537038326263428
3.028238534927368 0.3475033640861511 0.3166274130344391
2.868973731994629 0.33284905552864075 0.33849194645881653
2.5227408409118652 0.3896777331829071 0.3907700777053833
2.08931040763855 0.3894156813621521 0.4035327434539795
1.7221989631652832 0.37739095091819763 0.39982667565345764
1.2798985242843628 0.3979857563972473 0.2395002245903015
0.8719130754470825 0.4802132546901703 0.07223905622959137
0.5079830884933472 0.5202397704124451 0.07834834605455399
0.06271401047706604 0.4678995907306671 0.09296058118343353
0.0 0.4170481264591217 0.08658044785261154
0.0 0.42061835527420044 0.035342298448085785
0.0 0.47169139981269836 0.0
0.0 0.49129629135131836 0.0
0.0 0.39551806449890137 0.0
0.0 0.270169734954834 0.0
0.0 0.0 0.0
0.0 0.0 0.0
0.0 0.0 0.0
0.0 0.014551804400980473 0.0
0.0 0.0 0.0
0.0 0.0 0.0
0.0 0.0 0.0
0.0 0.0 0.0
0.0 0.0 0.0
0.0 0.0 0.0
0.0 0.0 0.0
0.0 0.0 0.0
0.0 0.0 0.0
0.0 0.0 0.0
0.0 0.0 0.0
0.0 0.0 0.0
0.0 0.0 0.0
0.0 0.0 0.0
0.0 0.0 0.0
0.0 0.0 0.0
0.0 0.007168724201619625 0.0
0.578309953212738 0.11562249809503555 0.0
1.3872084617614746 0.05132260173559189 0.0
2.163278579711914 0.026102997362613678 0.003542819991707802
2.8769874572753906 0.3561198115348816 0.08011402189731598
3.1276724338531494 0.8893783688545227 0.06725361943244934
2.967514991760254 1.1344445943832397 0.006622498854994774
3.0786046981811523 1.0683845281600952 0.0
3.3602070808410645 0.9083960056304932 0.0
3.373610734939575 0.8359434008598328 0.01291634887456894
2.879690170288086 0.9449758529663086 0.11303096264600754
2.2826569080352783 0.8184749484062195 0.13763830065727234
2.0424492359161377 0.48846346139907837 0.09570976346731186
2.1206467151641846 0.46822822093963623 0.06437581032514572
1.88316810131073 0.5807281732559204 0.23970875144004822
1.4706746339797974 0.5735072493553162 0.39581233263015747
1.175502896308899 0.666693925857544 0.36538973450660706
0.8115442991256714 0.47719934582710266 0.339773565530777
0.5737360119819641 0.2858046293258667 0.18828177452087402
0.3332405686378479 0.11865051090717316 0.09453078359365463
0.0 0.0 0.08416186273097992
0.0 0.02262197807431221 0.02869994007050991
0.0 0.032159823924303055 0.0
0.0 0.0 0.0
0.0 0.0 0.0
0.0 0.0 0.0
0.0 0.0 0.0
0.0 0.0 0.0
0.0 0.0 0.0
0.0 0.0 0.0
0.0 0.0 0.0
0.0 0.0 0.0
0.0 0.0 0.06637674570083618
0.0 0.0 0.05679735541343689
0.0 0.0 0.0
0.0 0.0 0.0
0.0 0.0 0.11985701322555542
0.0 0.0 0.2278529852628708
0.0 0.0 0.23485523462295532
0.0 0.0 0.1813182383775711
0.0 0.0 0.12340568006038666
0.0 0.0 0.08299247175455093
0.0 0.0 0.0
0.0 0.0 0.0
0.012118830345571041 0.0 0.0
0.2776780426502228 0.031326521188020706 0.0
0.8330704569816589 0.08458628505468369 0.0
1.6509160995483398 0.27861887216567993 0.0
2.4483864307403564 0.4847360849380493 0.0
2.801116943359375 0.6797534823417664 0.0
2.973893880844116 0.7813773155212402 0.0
3.00223445892334 0.7520657777786255 0.0
2.9712469577789307 0.8282236456871033 0.013145215809345245
2.9335150718688965 0.8207204341888428 0.049066729843616486
2.8727071285247803 0.7241566181182861 0.03212156891822815
2.854290008544922 0.4680175483226776 0.020424168556928635
2.863372325897217 0.12952420115470886 0.1251809448003769
2.6792569160461426 0.0 0.1537792980670929
2.4127628803253174 0.1250077486038208 0.14737306535243988
2.047619581222534 0.30736449360847473 0.18918602168560028
1.6276978254318237 0.3335053026676178 0.24169689416885376
1.1549062728881836 0.2770518660545349 0.23358623683452606
0.7253458499908447 0.3078420162200928 0.18559421598911285
0.4168260991573334 0.27972516417503357 0.1898994743824005
0.15611888468265533 0.22912269830703735 0.21170251071453094
0.0 0.2234775871038437 0.16922909021377563
0.0 0.22748804092407227 0.11796429753303528
0.0 0.22812268137931824 0.10535716265439987
0.0 0.1912432163953781 0.13712787628173828
0.0 0.06290176510810852 0.20020991563796997
0.0 0.0 0.1959577351808548
0.0 0.0 0.0346924252808094
0.0 0.0 0.0
0.0 0.0 0.0
0.0 0.0 0.0
0.0 0.0 0.035900965332984924
0.0 0.0 0.0
0.0 0.0 0.0
0.0 0.0 0.0
0.0 0.0 0.0
0.0 0.0 0.0
0.0 0.0 0.01565082184970379
0.0 0.0 0.022012848407030106
0.0 0.0 0.0
0.0 0.0 0.0
0.0 0.0 0.0
0.0 0.0 0.0
0.0 0.0 0.0
0.09789907187223434 0.0 0.0
0.7086561918258667 0.1158083900809288 0.0
1.3267180919647217 0.3165303170681 0.0
1.8665027618408203 0.4103449583053589 0.0
2.2906601428985596 0.4638747572898865 0.0
2.634911298751831 0.5246565937995911 0.0
2.8170719146728516 0.6028043627738953 0.0
2.871507167816162 0.6685780882835388 0.0
3.0243849754333496 0.6503120064735413 0.0
3.2141168117523193 0.4199501872062683 0.0
3.0964574813842773 0.17317980527877808 0.0
3.100971221923828 0.05319294333457947 0.0
3.0546488761901855 0.045017309486866 0.0
2.8133385181427 0.0 0.0
2.558699369430542 0.0 0.05011851713061333
2.27158784866333 0.016122009605169296 0.05587121471762657
1.9070014953613281 0.1551179736852646 0.03665517270565033
1.5591737031936646 0.3311537504196167 0.05404934659600258
1.2127667665481567 0.40279436111450195 0.12560342252254486
0.8675909638404846 0.39480167627334595 0.1691354513168335
0.6349550485610962 0.34320053458213806 0.15916617214679718
0.5147019028663635 0.2596215009689331 0.11282478272914886
0.3960716426372528 0.18435148894786835 0.11780568957328796
0.14475898444652557 0.11771494150161743 0.1578119546175003
0.0 0.07243401557207108 0.2110496163368225
0.0 0.1391560584306717 0.17473074793815613
0.0 0.24759571254253387 0.0691356211900711
0.0 0.32070136070251465 0.009752718731760979
0.0 0.26918891072273254 0.0
0.0 0.07061454653739929 0.0
0.0 0.0 0.0
0.0 0.0 0.0
0.0 0.0 0.0
0.0 0.2511651813983917 0.0
0.0 0.606830894947052 0.0
0.0 0.6921172738075256 0.0
0.0 0.3972294330596924 0.0
0.0 0.0014088666066527367 0.0006654402241110802
0.0 0.0 0.0
0.0 0.0 0.0
0.0 0.0 0.0
0.0 0.0 0.21941563487052917
0.0 0.0 0.40743720531463623
0.0 0.0 0.45928147435188293
0.0 0.0 0.40636715292930603
0.0 0.0 0.27347248792648315
0.0 0.0 0.16836921870708466
0.0 0.0 0.09749451279640198
0.0 0.0 0.06529529392719269
0.0 0.0 0.08290678262710571
0.0 0.0 0.0688285157084465
0.0 0.0 0.019919561222195625
0.0 0.054914966225624084 0.0
0.20634062588214874 0.11398228257894516 0.0
0.4950997233390808 0.1869550198316574 0.0
0.8586161732673645 0.18967171013355255 0.0
1.1991571187973022 0.08317616581916809 0.0
1.576872706413269 0.0 0.0
2.1366848945617676 0.021348219364881516 0.0
2.4933769702911377 0.13722369074821472 0.0
2.3395490646362305 0.1987067610025406 0.0
2.0841569900512695 0.3595334589481354 0.0
1.8585278987884521 0.39912721514701843 0.0
1.6458576917648315 0.3664981424808502 0.0
1.4936593770980835 0.3286977708339691 0.0
1.2840659618377686 0.2567024230957031 0.0
0.9341050386428833 0.19540177285671234 0.0014255056157708168
0.503237783908844 0.19171223044395447 0.07616499066352844
0.1016448363661766 0.2338237315416336 0.112885981798172
0.0 0.2982463836669922 0.13402962684631348
0.0 0.3062417507171631 0.09564734250307083
0.0 0.22583557665348053 0.001180761493742466
0.0 0.08861353993415833 0.0
0.0 0.0 0.0
0.0 0.0 0.0
0.0 0.0 0.0
0.0 0.0 0.0
0.0 0.0 0.0
0.0 0.0 0.0
0.0 0.0 0.0
0.0 0.0 0.0
0.0 0.005353008396923542 0.0
0.0 0.0 0.0
0.0 0.0 0.0
0.0 0.0 0.013020272366702557
0.0 0.0 0.04946696385741234
0.0 0.0 0.05578451603651047
0.0 0.007239861413836479 0.0
0.0 0.0 0.0
0.0 0.0 0.028990983963012695
0.02182554267346859 0.0 0.040492378175258636
0.08268170058727264 0.0 0.038980498909950256
0.09023282676935196 0.0 0.03158809617161751
0.044595565646886826 0.0 0.01201679464429617
0.0 0.019807850942015648 0.0
0.0 0.026224739849567413 0.0
0.0 0.0 0.0
0.0 0.0 0.0
0.0 0.0 0.0
0.0 0.0 0.0
0.0 0.0 0.0
0.0 0.0 0.0
0.0 0.0 0.0
0.0 0.0 0.0
0.0 0.0 0.0
0.0 0.0 0.0
0.0 0.0 0.0
0.0 0.0 0.0
0.0 0.0 0.0
0.0 0.0 0.0
0.0 0.0 0.0
0.051511265337467194 0.0 0.0
0.1226392388343811 0.0 0.0
0.2547330856323242 0.0 0.017085056751966476
0.3945344090461731 0.0 0.24852414429187775
0.688480019569397 0.0 0.546833872795105
1.3059083223342896 0.0 0.7538073062896729
2.095893383026123 0.0 1.2006969451904297
2.895324945449829 0.0 1.7738784551620483
4.080018520355225 0.0 2.356426477432251
5.051908016204834 0.0 2.4963440895080566
5.717837810516357 0.0 2.6054799556732178
6.334530353546143 0.0 2.576464891433716
6.957426071166992 0.0 2.7805016040802
7.3811798095703125 0.0 2.383742570877075
7.005793571472168 0.0 1.4058167934417725
6.332388401031494 0.0 0.26511508226394653
5.576526165008545 1.500612735748291 0.0
5.1380696296691895 2.0383548736572266 0.0
4.480137348175049 2.0522050857543945 0.0
3.944866180419922 1.8195550441741943 0.0
3.4057676792144775 1.9048923254013062 0.0
2.913177490234375 2.0011179447174072 0.0
2.460998058319092 1.8019256591796875 0.0
1.7840327024459839 1.7605787515640259 0.0
1.1001449823379517 1.9137784242630005 0.0
0.5903291702270508 1.7091542482376099 0.0
0.24791909754276276 1.3879362344741821 0.0
0.0 1.1462160348892212 0.0
0.0 1.14540696144104 0.0
0.0 1.1014832258224487 0.0
0.0 0.8272143602371216 0.0
0.0 0.28817540407180786 0.0
0.0 0.0 0.0
0.0 0.0 0.0
0.0 0.0 0.0
0.0 0.0 0.0
0.0 0.0 0.0
0.0 0.0 0.0
0.0 0.0 0.0
0.0 0.0 0.0
0.0 0.0 0.0
0.0 0.0 0.0
0.0 0.0 0.0
0.0 0.0 0.0
0.0 0.0 0.0
0.0 0.0 0.0
0.0 0.0 0.0
0.0 0.0 0.0
0.0 0.0 0.0
0.0 0.0 0.05539000406861305
0.0 0.0 0.0
0.0 0.0 0.06220104172825813
0.0 0.0 0.27133989334106445
0.23292097449302673 0.0 0.3442721366882324
0.41263750195503235 0.0 0.3186245858669281
0.5517764687538147 0.0 0.20419226586818695
0.6844538450241089 0.10058310627937317 0.18771742284297943
0.7270218133926392 0.04587245732545853 0.2958652079105377
0.7229447364807129 0.0 0.36599820852279663
0.713662326335907 0.0 0.32947641611099243
0.6332820057868958 0.0 0.2548922002315521
0.5338049530982971 0.0 0.16616393625736237
0.39772191643714905 0.0 0.1058523878455162
0.2470727562904358 0.0 0.12251311540603638
0.19650571048259735 0.0 0.15496720373630524
0.26282429695129395 0.0 0.12321139872074127
0.2326224446296692 0.0 0.05354603752493858
0.13029660284519196 0.0 0.0407697856426239
0.05583542212843895 0.0 0.032896414399147034
0.0 0.0 0.02259371057152748
0.01637350022792816 0.0 0.03691698983311653
0.06778519600629807 0.0 0.030205322429537773
0.0 0.0 0.018916716799139977
0.011278780177235603 0.0 0.0242928396910429
0.0563431940972805 0.0 0.00780148059129715
0.07038098573684692 0.0 0.0
0.0842754915356636 0.0 0.0
0.06278298795223236 0.0 0.009037453681230545
0.004134850576519966 0.005849127657711506 0.011822322383522987
0.014910265803337097 0.0 0.00014409422874450684
0.07670572400093079 0.0 0.00491701066493988
0.13832035660743713 0.0 0.027859611436724663
0.12655583024024963 0.0 0.03860440105199814
0.10327714681625366 0.025802593678236008 0.025697125121951103
0.07584339380264282 0.05891101062297821 0.0
0.04909672960639 0.020687460899353027 0.0005680695176124573
0.0563192255795002 0.0 0.02085176855325699
0.057323768734931946 0.0 0.026186080649495125
0.03177846223115921 0.0 0.02061368338763714
0.027523530647158623 0.0 0.017324944958090782
0.017015496268868446 0.012226332910358906 0.005561762489378452
0.0 0.0 0.018119364976882935
0.041252657771110535 0.0 0.031346485018730164
0.0 0.01224657241255045 0.009653443470597267
0.0 0.0 0.014760853722691536
0.039329588413238525 0.0 0.006670169532299042
0.012945120222866535 0.0 0.0
0.0042818570509552956 0.0 0.0
0.041307516396045685 0.0 0.020546836778521538
0.056289397180080414 0.0 0.02297084592282772
0.012630067765712738 0.014317180030047894 0.017276208847761154
0.009599924087524414 0.0048232777044177055 0.0
0.01824108138680458 0.0 0.0
0.0 0.0 0.0
0.0 0.004795048385858536 0.02225578762590885
0.0 0.006873113103210926 0.025648387148976326
0.0096023203805089 0.0 0.0
0.027734719216823578 0.0 0.0
0.009482478722929955 0.0 0.008625995367765427
0.0 0.008008151315152645 0.014810122549533844
0.012717153877019882 0.006911196745932102 0.007638229057192802
0.027579456567764282 0.0 0.010895008221268654
0.020146841183304787 0.0 0.006533816456794739
0.005256840493530035 0.0 0.001033322885632515
0.012852707877755165 0.0 0.0
0.007475786376744509 0.0 0.0
0.0 0.012291315011680126 0.00942973792552948
0.0 0.0 0.01382129080593586
0.021175619214773178 0.0 0.013012487441301346
0.021092794835567474 0.0 0.020475996658205986
0.025361310690641403 0.0 0.020518608391284943
0.019059471786022186 0.0 0.008663013577461243
0.027725398540496826 0.0 0.0
0.022362858057022095 0.0 0.0012730080634355545
0.0 0.0037167342379689217 0.02128000557422638
0.0030032736249268055 0.0 0.01603943668305874
0.027648165822029114 0.0 0.0044927699491381645
0.02449578233063221 0.0 0.002383279614150524
0.000992586836218834 0.0016269516199827194 0.005367351695895195
0.0 0.01654837653040886 0.0020834077149629593
0.0 0.0 0.0
0.005443261936306953 0.0 0.0
0.0075133368372917175 0.0 0.0
0.007399353664368391 0.0 0.002164367586374283
0.0010317354463040829 0.005891472101211548 0.002176618203520775
0.0 0.0 0.0
0.0011835354380309582 0.0 0.0
0.00641318503767252 0.0 0.0
0.0021728998981416225 0.0 0.0
0.0 0.0 0.0
0.0 0.0 0.0
0.0 0.0 0.0
0.0 0.0 0.0
0.022231297567486763 0.0 0.011906476691365242
0.02204168029129505 0.0 0.03333267569541931
0.0 0.012161352671682835 0.03523683547973633
0.0 0.0005723405629396439 0.013707039877772331
0.0 0.0 0.00196649506688118
0.0 0.0 0.005224872380495071
0.0 0.0 0.0008889799937605858
0.008211351931095123 0.0 0.016908159479498863
0.02154846303164959 0.0 0.06720328330993652
0.02539779618382454 0.0 0.09035840630531311
0.10342149436473846 0.0 0.08594395220279694
0.016951579600572586 0.0946892499923706 0.12868475914001465
0.0 0.08058115094900131 0.22643475234508514
0.0 0.0 0.3564404249191284
0.0 0.0 0.30237212777137756
0.0 0.18585191667079926 0.32947859168052673
0.05722496658563614 0.43586257100105286 0.41650164127349854
0.18474377691745758 0.34721899032592773 0.4570157825946808
0.0 0.27860504388809204 0.22994479537010193
0.0 0.2492452710866928 0.017037589102983475
0.0 0.23966321349143982 0.0
0.0 0.3244937062263489 0.0
0.00037579890340566635 0.47966358065605164 0.0
0.06114859879016876 0.41643959283828735 0.0
0.02028905227780342 0.24175699055194855 0.03304638713598251
0.0 0.21957285702228546 0.044843919575214386
0.0 0.26976415514945984 0.0
0.00936769600957632 0.23357896506786346 0.0
0.05079396814107895 0.19090580940246582 0.0
0.06702060997486115 0.2717079818248749 0.0
0.015612544491887093 0.30786892771720886 0.0
0.0 0.2220243215560913 0.0
0.006409990601241589 0.06113104522228241 0.006681220605969429
0.21272613108158112 0.0 0.0639927089214325
0.15742532908916473 0.0 0.04965611919760704
0.0 0.12076988071203232 0.0021655652672052383
0.0 0.1835823953151703 0.01975148357450962
0.0 0.0652107447385788 0.12391170859336853
0.0 0.20416834950447083 0.1856784075498581
0.0 0.06684565544128418 0.18822039663791656
0.01998678594827652 0.025538429617881775 0.13489937782287598
0.06964702159166336 0.0 0.0525568351149559
0.37543144822120667 0.0 0.0
0.5599485635757446 0.0 0.0
0.2131357342004776 0.0 0.0
