0.20043541491031647 0.0 0.1161123663187027
0.18291793763637543 0.0 0.060506366193294525
0.09602060168981552 0.0 0.001988462172448635
0.01442614197731018 0.0 0.0
0.0 0.0 0.0
0.0 0.0 0.009270875714719296
0.0 0.0 0.09026026725769043
0.0 0.0 0.04213295131921768
0.0 0.0 0.0
0.0 0.0 0.0
0.0 0.0 0.0
0.0 0.0 0.0
0.0 0.0 0.0
0.0 0.0 0.0
0.0 0.0 0.031686171889305115
0.0 0.0 0.06587076932191849
0.0 0.0 0.0532095730304718
0.0 0.0 0.00658854003995657
0.0 0.0 0.0
0.0 0.0 0.0
0.0 0.0 0.0
0.022453973069787025 0.0 0.0
0.03602784126996994 0.1423744112253189 0.0
0.0 0.17725516855716705 0.0
0.0 0.09941203892230988 0.04069218412041664
0.0 0.0 0.07280724495649338
0.0 0.0 0.031145282089710236
0.0 0.0 0.012059471569955349
0.08200838416814804 0.01190109457820654 0.01901724562048912
0.12600752711296082 0.06715662777423859 0.003611125983297825
0.07180394977331161 0.024843789637088776 0.0
0.0 0.0 0.0
0.0 0.0 0.0033815614879131317
0.0 0.0 0.0
0.0 0.0 0.0
0.0 0.0 0.0
0.004363120533525944 0.0 0.0
0.018354836851358414 0.00685307290405035 0.0
0.0 0.0 0.0
0.0 0.0 0.0
0.0 0.0 0.007246074266731739
0.05544175207614899 0.0 0.0
0.09506506472826004 0.01196740847080946 0.0
0.052203960716724396 0.022892743349075317 0.008094397373497486
0.0 0.0 0.011536800302565098
0.0 0.0 0.0
0.0 0.0 0.0
0.0 0.0 0.0
0.0 0.0 0.005218716338276863
0.0 0.0 0.2631586492061615
0.0 0.0 0.5069411993026733
0.0 0.0 0.5988320112228394
0.0 0.0 0.7104945778846741
0.0 0.0 1.1254675388336182
0.0 0.0 1.38115656375885
0.0 0.0 1.698413610458374
0.0 0.0 2.215386390686035
0.0 0.0 2.396559000015259
0.0 0.042197730392217636 2.2563705444335938
0.4429357349872589 0.14178024232387543 1.2676539421081543
0.43738865852355957 0.0 0.48074182868003845
0.31119078397750854 0.0 0.0
0.2211620956659317 0.0 0.0
0.2031431496143341 0.0 0.0
0.10223783552646637 0.09724180400371552 0.0
0.0 0.15002192556858063 0.0
0.0 0.04438098892569542 0.005987570621073246
0.0 0.0 0.0
0.0 0.021072737872600555 0.0
0.0 0.02530290186405182 0.0
0.0 0.005116675980389118 0.0
0.0 0.0 0.0
0.0 0.0 0.0
0.00553232803940773 0.014589273370802402 0.0
0.0 0.024958554655313492 0.06395925581455231
0.0 0.0345643125474453 0.06904376298189163
0.0 0.02097952738404274 0.0
0.0 0.027560196816921234 0.0
0.0 0.0594390332698822 0.0
0.0 0.07634851336479187 0.0
0.0 0.06780721992254257 0.0
0.0 0.06574566662311554 0.0
0.0 0.06694222241640091 0.0
0.0 0.07875334471464157 0.0
0.0 0.10318012535572052 0.0
0.0 0.07967240363359451 0.0
0.0 0.060486458241939545 0.0
0.0 0.039183299988508224 0.0
0.0 0.02014302834868431 0.0
0.0 0.01707959547638893 0.0
0.0 0.009633130393922329 0.0
0.0 0.028651028871536255 0.0
0.0 0.03597099334001541 0.0
0.0 0.0008011655882000923 0.007218681275844574
0.0 0.0 0.028654465451836586
0.0 0.0 0.0
0.0 0.0265137180685997 0.0
0.0 0.009402111172676086 0.0
0.0 0.0 0.019910242408514023
0.0 0.012398166581988335 0.04338361322879791
0.0 0.0 0.03169233351945877
0.0 0.0 0.0
0.0 0.03499722108244896 0.0
0.0 0.0 0.0
0.0 0.0 0.0
0.0 0.014849873259663582 0.0
0.0 0.02764849364757538 0.0
0.0 0.0 0.0
0.0 0.0 0.0
0.0 0.0 0.05854978412389755
0.011362050659954548 0.0 0.12926281988620758
0.0358295738697052 0.0 0.1369851976633072
0.0200711190700531 0.011972060427069664 0.12098599225282669
0.03126438707113266 0.0 0.06763089448213577
0.0735231563448906 0.0 0.003923552110791206
0.05989283323287964 0.0 0.0
0.015214845538139343 0.0 0.0
0.0 0.0328240804374218 0.0
0.0 0.040265750139951706 0.0
0.0 0.0 0.0
0.011920515447854996 0.0 0.0
0.007607526145875454 0.0 0.0
0.0 0.0061772894114255905 0.0
0.0 0.008360814303159714 0.0
0.0 0.0 0.0
0.010643529705703259 0.0 0.0
0.0 0.0 0.011665627360343933
0.0 0.0 0.001942693255841732
0.0 0.0 0.0
0.0 0.0018549785017967224 0.0
0.0 0.04329962283372879 0.019022077322006226
0.0 0.03264005482196808 0.017032163217663765
0.03822935372591019 0.0 0.008861053735017776
0.0 0.0 0.002068127505481243
0.0 0.01887497492134571 0.0009855525568127632
0.0 0.009321151301264763 0.0
0.0 0.0 0.0
0.00011152634397149086 0.0 0.0
0.010724223218858242 0.01460299827158451 0.0
0.012834245339035988 0.0 0.0
0.0 0.0 0.0
0.0 0.006273961625993252 0.0
0.0 0.02325347810983658 0.0
0.0 0.022183891385793686 0.0
0.0 0.0071775102987885475 0.009593346156179905
0.02325630560517311 0.012403431348502636 0.017396941781044006
0.021100476384162903 0.0 0.014053341932594776
0.005169979762285948 0.0 0.006416195072233677
0.0 0.02099984884262085 0.007533923722803593
0.0 0.02201877534389496 0.018240630626678467
0.0 0.0007813964039087296 0.01699666678905487
0.0019323749002069235 0.010327762924134731 0.01504057552665472
0.0 0.0103834243491292 0.007424733601510525
0.0 0.006157252937555313 0.010423718951642513
0.0 0.006157785654067993 0.012517496012151241
0.0 0.027457483112812042 0.0
0.0 0.01685277372598648 0.0
0.0 0.007215593941509724 0.0
0.007317819632589817 0.007147681899368763 0.00974248256534338
0.018098294734954834 0.007166325114667416 0.0
0.0 0.007296553812921047 0.0
0.0 0.007306939922273159 0.0
0.017094016075134277 0.019942041486501694 0.0
0.014783458784222603 0.018819253891706467 0.011991522274911404
0.00953250378370285 0.03161147981882095 0.005570640787482262
0.023515164852142334 0.010373036377131939 0.0
0.03740807622671127 0.009290195070207119 0.0
0.013945095241069794 0.04759391024708748 0.0
0.01293069776147604 0.03911493718624115 0.0
0.03119811788201332 0.0 0.0
0.016243137419223785 0.004085047170519829 0.0
0.0 0.023184441030025482 0.0
0.002030379371717572 0.002925773151218891 0.004334401339292526
0.0 0.0 0.0
0.0 0.009346389211714268 0.0010014548897743225
0.0 0.020017940551042557 0.0
0.0 0.02009783685207367 0.0
0.0 0.008498172275722027 0.0
0.0 0.0 0.0
0.0 0.0 0.0
0.0 0.014766453765332699 0.0
0.0 0.005216624587774277 0.0
0.0 0.009498721919953823 0.0
0.0 0.01055812742561102 0.0
0.0 0.01583624631166458 0.0
0.0 0.0 0.0
0.0 0.0 0.0
0.0 0.0 0.0
0.0 0.0008232081308960915 0.005257186479866505
0.0 0.0 0.005154388956725597
0.0 0.0 0.0020318320021033287
0.0 0.007210533134639263 0.0
0.012708056718111038 0.007157004438340664 0.004454776644706726
0.011468900367617607 0.0 0.018260370939970016
0.015736615285277367 0.007075588218867779 0.02157680317759514
0.023494936525821686 0.002915996126830578 0.0
0.0182943157851696 0.0 0.0
0.0 0.0 0.0
0.0 0.02107848972082138 0.0
0.0 0.01363282185047865 0.0018374547362327576
0.0 0.0 0.0
0.0 0.0 0.0
0.0 0.013651198707520962 0.0
0.0 0.02107129618525505 0.005023661069571972
0.0 0.04865578934550285 0.015880834311246872
0.008470447733998299 0.0 0.0
0.03635747358202934 0.0 0.0
0.0 0.012517224065959454 0.0
0.0 0.014593957923352718 0.020170655101537704
0.0 0.0 0.0
0.003376619191840291 0.0 0.0
0.00751570425927639 0.0 0.0
0.0 0.0 0.005316874943673611
0.0 0.0 0.0
0.008826511912047863 0.0019825585186481476 0.0
0.01629614643752575 0.0 0.0
0.01833799108862877 0.0 0.0
0.0 0.015778798609972 0.0
0.0 0.02426788955926895 0.0
0.0 0.0 0.0
0.0 0.002977781929075718 0.0008731242269277573
0.0 0.01577453687787056 0.0
0.0 0.0 0.0
0.010794853791594505 0.0 0.0
0.0 0.0019098538905382156 0.0
0.0 0.006155199371278286 0.004088092595338821
0.0 0.010401609353721142 0.0
0.006413155235350132 0.005072358064353466 0.0
0.022481337189674377 0.01675085350871086 0.0
0.0044434815645217896 0.02745036780834198 0.0
0.0 0.0455436185002327 0.0
0.0 0.08481432497501373 0.00440820399671793
0.006230728700757027 0.09425975382328033 0.02496940642595291
0.04578852280974388 0.0215621180832386 0.11166249215602875
0.09163723886013031 0.0 0.10112009942531586
0.10408298671245575 0.0 0.03507503494620323
0.10110557824373245 0.0 0.016966871917247772
0.06156003102660179 0.0 0.025173667818307877
0.03573855385184288 0.0 0.04629919305443764
0.03658170998096466 0.0 0.06438605487346649
0.03544533997774124 0.0 0.06859278678894043
0.0 0.0 0.034079015254974365
0.0 0.005141333676874638 0.0
0.0 0.0 0.0
0.0 0.016733648255467415 0.013745741918683052
0.005565592087805271 0.0058090947568416595 0.07702218741178513
0.06904416531324387 0.0 0.020904850214719772
0.03008345142006874 0.0 0.0
0.0011964100413024426 0.03167451545596123 0.0
0.0 0.01459725946187973 0.007500095292925835
0.022153090685606003 0.0 0.015112476423382759
0.040332093834877014 0.0 0.01319180428981781
0.0 0.030578091740608215 0.0
0.0 0.039238955825567245 0.0
0.0 0.017950445413589478 0.0
0.0 0.03709537908434868 0.0
0.0 0.08924300223588943 0.0
0.0 0.09877339005470276 0.0
0.0 0.040203552693128586 0.0
0.019176475703716278 0.0 0.0
0.04380512237548828 0.0 0.0
0.0234678927809 0.005015472881495953 0.0
0.012825103476643562 0.016735246405005455 0.0
0.006423662882298231 0.010373219847679138 0.0
0.00865565799176693 0.0 0.0
0.0 0.0 0.0
0.0 0.009385719895362854 0.0
0.0 0.011503731831908226 0.0
0.0 0.0 0.0
0.0 0.0 0.0
0.0 0.017919553443789482 0.0
0.0 0.0051054880023002625 0.0
0.0030081586446613073 0.0 0.012874355539679527
0.025397619232535362 0.0 0.01523791067302227
0.020175959914922714 0.002863639034330845 0.004513094201683998
0.010634120553731918 0.0007805144414305687 0.0
0.010537181049585342 0.0 0.006525911390781403
0.0009769657626748085 0.0018428489565849304 0.003249690867960453
0.007504373788833618 0.0 0.0
0.0032917852513492107 0.0 0.0
0.0 0.0 0.0
0.0 0.0 0.0
0.0 0.0 0.0
0.015783876180648804 0.0 0.01512126438319683
0.0008579222485423088 0.0 0.012818427756428719
0.0 0.0 0.005252921022474766
0.0 0.008272252976894379 0.0
0.0 0.0 0.0
0.0 0.0007666656747460365 0.010649017989635468
0.0 0.0 0.012686070054769516
0.0 0.0 0.011725200340151787
0.008483617566525936 0.0 0.0
0.0032907200511544943 0.00509190559387207 0.0
0.0 0.0 0.0
0.0 0.0 0.0
0.0 0.0030582910403609276 0.0
0.0 0.0 0.0
0.0 0.0 0.0
0.0 0.0093332314863801 0.0030505619943141937
0.0 0.00614489521831274 0.0
0.0 0.003005826845765114 0.0
0.0 0.0009040599688887596 0.0
0.0 0.0 0.0
0.0 0.010440840385854244 0.0
0.0 0.016788750886917114 0.0
0.01172538474202156 0.0 0.0
0.018012842163443565 0.0 0.006614671088755131
0.002948138164356351 0.0 0.01820528134703636
0.0 0.0 0.027539391070604324
0.0 0.0007567871361970901 0.024344131350517273
0.0 0.0017789090052247047 0.030841980129480362
0.010166635736823082 0.0 0.04175587743520737
0.0048400480300188065 0.0 0.03953853249549866
0.0 0.0 0.02552657574415207
0.0 0.0 0.012640605680644512
0.0 0.0 0.017087817192077637
0.016639981418848038 0.0 0.029962334781885147
0.05231408774852753 0.0 0.08359920233488083
0.1162472665309906 0.0 0.1931009292602539
0.17539900541305542 0.0 0.3538575768470764
0.19704411923885345 0.0 0.5313705801963806
0.2323451191186905 0.0 0.730389416217804
0.3409259021282196 0.0 0.9665034413337708
0.2980266511440277 0.0 1.2121362686157227
0.14559610188007355 0.11102257668972015 1.4291136264801025
0.0 0.2517714202404022 1.7084957361221313
0.0 0.18508481979370117 1.9762941598892212
0.0 0.02656867727637291 2.2814342975616455
0.0 0.0 2.6721410751342773
0.0 0.0 3.16721773147583
0.0 0.0 3.601797342300415
0.0 0.0 3.698786735534668
0.0 0.0 3.6282973289489746
0.0 0.0 3.3229286670684814
0.0 0.0 2.863227128982544
0.0 0.0 2.282674551010132
0.0 0.0 1.6233848333358765
0.08865664899349213 0.0 0.7940629720687866
0.10451603680849075 0.09873475134372711 0.0
0.009139188565313816 0.49970346689224243 0.0
0.0 0.6770457625389099 0.0
0.0 0.7246583104133606 0.0
0.0 0.6101482510566711 0.0
0.0 0.431569367647171 0.0
0.0 0.366749107837677 0.0
0.0 0.29600462317466736 0.0
0.0 0.2608937621116638 0.0
0.0 0.20787368714809418 0.0
0.0 0.17218546569347382 0.0
0.0 0.10390228033065796 0.0
0.0 0.032934367656707764 0.0
0.0 0.11907617747783661 0.0
0.0 0.13139408826828003 0.0
0.0 0.031022749841213226 0.0
0.0 0.1003381684422493 0.0
0.0 0.18497821688652039 0.0
0.0 0.08927539736032486 0.0
0.0 0.0 0.0
0.0 0.0 0.0
0.0 0.0 0.0
0.0 0.0 0.1734311431646347
0.0 0.03884844854474068 0.6450759172439575
0.10917206853628159 0.0552455298602581 1.0161999464035034
0.263622909784317 0.11103315651416779 1.3672629594802856
0.3467383086681366 0.12239579856395721 1.6950346231460571
0.3410798907279968 0.026936393231153488 1.9211516380310059
0.2875159978866577 0.0 2.024869680404663
0.2330375611782074 0.0 2.2161378860473633
0.17229723930358887 0.0 2.415290355682373
0.1794710010290146 0.0 2.5620055198669434
0.26463624835014343 0.0 2.592985153198242
0.3561033010482788 0.0 2.512559175491333
0.49031731486320496 0.0 2.4043047428131104
0.601308286190033 0.0 2.2690696716308594
0.5571264028549194 0.0 2.1913902759552
0.4646758437156677 0.0 2.1640114784240723
0.4163679778575897 0.0 2.2437071800231934
0.3401898443698883 0.0 2.302109956741333
0.2927722632884979 0.0 2.240701913833618
0.28399476408958435 0.0 2.133212089538574
0.31676310300827026 0.0 2.1547019481658936
0.2778407335281372 0.0 2.228560447692871
0.17226581275463104 0.0026433048769831657 2.2494962215423584
0.1340947300195694 0.0 2.214705467224121
0.2140289843082428 0.0 2.099668502807617
0.2278318703174591 0.0 2.011333465576172
0.11581026762723923 0.0 1.9121243953704834
0.019075734540820122 0.0 1.7570405006408691
0.07069418579339981 0.0 1.4725807905197144
0.10774408280849457 0.0 1.08735191822052
0.04768527299165726 0.0 0.623749852180481
0.007679535076022148 0.0 0.17187878489494324
0.0 0.09636473655700684 0.0
0.0 0.1456780880689621 0.0
0.0 0.180185467004776 0.0
0.0 0.14560511708259583 0.0
0.0 0.16193242371082306 0.0
0.0 0.27809470891952515 0.0
0.0 0.44601285457611084 0.0
0.0 0.5819368958473206 0.0
0.0 0.5467703938484192 0.0
0.0 0.5349574089050293 0.0
0.0 0.5009938478469849 0.0
0.0 0.4722500741481781 0.0
0.0 0.5278518199920654 0.0
0.0 0.4837977886199951 0.0
0.0 0.29588302969932556 0.0
0.0 0.11715537309646606 0.0
0.0 0.07456210255622864 0.0
0.0 0.16708031296730042 0.0
0.0 0.31152641773223877 0.0
0.0 0.31785649061203003 0.0
0.0 0.24869607388973236 0.0
0.0 0.20483462512493134 0.0
0.0 0.1512662023305893 0.0
0.0 0.09965787082910538 0.0
0.04220178350806236 0.02112843468785286 0.0
0.13204139471054077 0.0 0.43822649121284485
0.12212750315666199 0.0 0.8791884183883667
0.08859165012836456 0.0 1.2301874160766602
0.11162453144788742 0.0 1.4836257696151733
0.17492015659809113 0.0 1.7674164772033691
0.22248899936676025 0.0 2.0145316123962402
0.22709494829177856 0.0 2.1843068599700928
0.23197145760059357 0.0 2.3175454139709473
0.37596508860588074 0.0 2.396238327026367
0.6750072240829468 0.0 2.4378511905670166
0.9702506065368652 0.0 2.3440756797790527
1.0931549072265625 0.0 2.128657579421997
1.0305370092391968 0.0 1.9117287397384644
0.7994064092636108 0.0 1.9038110971450806
0.5172713994979858 0.0 2.0724987983703613
0.3142111897468567 0.0 2.230196714401245
0.26053863763809204 0.10646730661392212 2.2955822944641113
0.2396935522556305 0.23419784009456635 2.2658751010894775
0.2026018500328064 0.2517600357532501 2.138432025909424
0.19382327795028687 0.18234555423259735 1.942617416381836
0.22141149640083313 0.11820225417613983 1.739704966545105
0.14707840979099274 0.15539702773094177 1.499780297279358
0.06937294453382492 0.07884286344051361 1.2594531774520874
0.047155797481536865 0.022365473210811615 1.0229504108428955
0.04797445237636566 0.026637714356184006 0.7345271110534668
0.0 0.09911724925041199 0.43081676959991455
0.0 0.12162783741950989 0.12489321082830429
0.0 0.09981600940227509 0.0
0.0 0.13887180387973785 0.0
0.0 0.14168356359004974 0.0
0.0 0.174204483628273 0.0
0.0 0.1310599446296692 0.0
0.0 0.06432752311229706 0.0
0.0 0.03140952065587044 0.0
0.0 0.07243045419454575 0.0
0.0 0.033255890011787415 0.0
0.0 0.0 0.0
0.0 0.0 0.0
0.0 0.0 0.0
0.0 0.0020574918016791344 0.0
0.0 0.12665028870105743 0.0
0.0 0.1547548919916153 0.0
0.0 0.16283652186393738 0.0
0.0 0.289170503616333 0.0
0.0 0.31467556953430176 0.0
0.0 0.2324022799730301 0.0
0.0 0.11658141016960144 0.0
0.0 0.04757091403007507 0.0
0.0 0.0 0.0
0.0 0.0 0.0
0.0 0.0 0.0
0.0 0.0 0.0
0.016145482659339905 0.0 0.07693154364824295
0.21113841235637665 0.0 0.5287128686904907
0.3058907389640808 0.0638689249753952 0.8793108463287354
0.266165167093277 0.13851520419120789 1.1227320432662964
0.21297279000282288 0.13470901548862457 1.3144851922988892
0.3035658001899719 0.06251071393489838 1.5245460271835327
0.4331592321395874 0.08249853551387787 1.7961891889572144
0.484481543302536 0.0738174319267273 2.0990071296691895
0.5284804105758667 0.023095399141311646 2.2766225337982178
0.6097955107688904 0.0 2.2484142780303955
0.5996648073196411 0.0 2.1861517429351807
0.5048152804374695 0.0 2.1603617668151855
0.3850409686565399 0.0 2.1706244945526123
0.3255006670951843 0.0 2.2544569969177246
0.3423691391944885 0.0 2.1920642852783203
0.40770527720451355 0.0 2.0699753761291504
0.4670141339302063 0.0 1.9998356103897095
0.4622505307197571 0.0 1.9420617818832397
0.37520724534988403 0.0 1.9006972312927246
0.3268522322177887 0.0 1.9508107900619507
0.3218667805194855 0.01527316216379404 1.919852614402771
0.3568114638328552 0.0 1.729871153831482
0.3571387529373169 0.010418484918773174 1.496067762374878
0.29206281900405884 0.02727869153022766 1.2871507406234741
0.1981130838394165 0.0 1.0636072158813477
0.12626951932907104 0.0 0.7807994484901428
0.09159062802791595 0.0 0.42274409532546997
0.09153763204813004 0.0 0.0005536861717700958
0.07918722182512283 0.0 0.0
0.0 0.04785976558923721 0.0
0.0 0.1645677387714386 0.0
0.0 0.24818381667137146 0.0
0.0 0.23582647740840912 0.0
0.0 0.21390414237976074 0.0
0.0 0.13654783368110657 0.0
0.0 0.05976489931344986 0.0
0.0 0.06218305230140686 0.0
0.0 0.15747521817684174 0.0
0.0 0.3037373423576355 0.0
0.0 0.39336496591567993 0.0
0.0 0.33713364601135254 0.0
0.0 0.257670521736145 0.0
0.0 0.3156006634235382 0.0
0.0 0.3713904321193695 0.0
0.0 0.3739081919193268 0.0
0.0 0.2903171479701996 0.0
0.0 0.1883753389120102 0.0
0.0 0.06186080724000931 0.0
0.004678633995354176 0.012964636087417603 0.0
0.0 0.032239533960819244 0.0
0.0 0.03973313421010971 0.0
0.0 0.0 0.0
0.06502719968557358 0.0 0.30492424964904785
0.10587076842784882 0.0 0.6952832341194153
0.061985597014427185 0.12853065133094788 1.050148844718933
0.03338058665394783 0.19867724180221558 1.353492259979248
0.15863437950611115 0.11172264069318771 1.5115039348602295
0.31620827317237854 0.0 1.6355596780776978
0.38035398721694946 0.0 1.81637442111969
0.38211992383003235 0.0 1.948685884475708
0.347370982170105 0.0 2.012554168701172
0.3248305320739746 0.0 2.032792329788208
0.34985360503196716 0.0 2.077631711959839
0.36966219544410706 0.0 2.095384120941162
0.3324351906776428 0.0 2.073439598083496
0.28362318873405457 0.0 2.051710367202759
0.3067719042301178 0.0 2.004401922225952
0.3120793104171753 0.0 2.0196800231933594
0.33285650610923767 0.0 2.065617561340332
0.3312527537345886 0.0 2.20845103263855
0.2691643536090851 0.0 2.3437745571136475
0.20068436861038208 0.0 2.278393030166626
0.20712921023368835 0.0 2.0735156536102295
0.248325914144516 0.0 1.887639045715332
0.2493710219860077 0.0 1.7774547338485718
0.18632014095783234 0.0 1.6697468757629395
0.11376604437828064 0.0 1.5501514673233032
0.05692966282367706 0.0 1.372338891029358
0.03374018892645836 0.0 1.15131676197052
0.026141656562685966 0.0 0.8630679249763489
0.0319923534989357 0.0 0.49008530378341675
0.02345719002187252 0.0 0.0
0.0 0.0 0.0
0.0 0.0 0.0
0.0 0.0 0.0
0.0 0.0 0.0
0.0 0.1611640602350235 0.0
0.0 0.3488292992115021 0.0
0.0 0.3998253643512726 0.0
0.0 0.3111615478992462 0.0
0.0 0.15949106216430664 0.0
0.0 0.06822026520967484 0.0
0.0 0.017209015786647797 0.0
0.0 0.05823527276515961 0.0
0.0 0.08085376769304276 0.0
0.0 0.0 0.0
0.0 0.0 0.0
0.0 0.005812016315758228 0.0
0.0 0.023646138608455658 0.0
0.0 0.06663089245557785 0.0
0.0 0.081647127866745 0.0
0.0 0.08588128536939621 0.0
0.0 0.07644597440958023 0.0
0.0 0.048127781599760056 0.0
0.08879385888576508 0.053064215928316116 0.19018006324768066
0.14086291193962097 0.03296826779842377 0.41818633675575256
0.18409107625484467 0.0705484002828598 0.5800556540489197
0.24753716588020325 0.06981523334980011 0.7420027852058411
0.33211809396743774 0.05582032352685928 1.0269743204116821
0.4627850353717804 0.11221249401569366 1.5124094486236572
0.5576153993606567 0.19819903373718262 2.0627496242523193
0.5219226479530334 0.3991939425468445 2.348284959793091
0.37558141350746155 0.4064781963825226 2.4664981365203857
0.32289478182792664 0.2060079574584961 2.370242118835449
0.3826174736022949 0.0 2.028271436691284
0.415857195854187 0.0 1.667896032333374
0.3945343494415283 0.0 1.4364886283874512
0.3253539204597473 0.0 1.316206693649292
0.2572135031223297 0.0 1.2155297994613647
0.21471263468265533 0.0 1.107527494430542
0.18158558011054993 0.0 1.0176833868026733
0.13813477754592896 0.0 0.8859034776687622
0.10362792015075684 0.0 0.7070490121841431
0.08742551505565643 0.0 0.5101679563522339
0.11587796360254288 0.0 0.3384765386581421
0.1322694569826126 0.0 0.20747323334217072
0.09382566064596176 0.012926574796438217 0.10997384041547775
0.034370057284832 0.0 0.07727954536676407
0.010860205627977848 0.0 0.07915733754634857
0.01601395383477211 0.006739252246916294 0.09956168383359909
0.02997557818889618 0.051371172070503235 0.09770918637514114
0.0346536859869957 0.0 0.04841407760977745
0.033318109810352325 0.0 0.0
0.023330990225076675 0.0 0.0
0.0021924155298620462 0.008633293211460114 0.0
0.0 0.04593432694673538 0.0
0.0 0.040590159595012665 0.0
0.0 0.0 0.0
0.0011244877241551876 0.0 0.0
0.0 0.0 0.0
0.0 0.0 0.0
0.0 0.0 0.0
0.0 0.0 0.0
0.0 0.0 0.0
0.0 0.0 0.0
0.0 0.0 0.0
0.0 0.0 0.0
0.0 0.0 0.0
0.0 0.0 0.0030308840796351433
0.0 0.013571858406066895 0.005070066079497337
0.0 0.0 0.0
0.0 0.0 0.0
0.0 0.012615250423550606 0.0
0.0 0.0763111412525177 0.0
0.0 0.09108103066682816 0.016303014010190964
0.0 0.06657755374908447 0.032203685492277145
0.0 0.037935517728328705 0.02655618265271187
0.0 0.040119849145412445 0.02836926281452179
0.0 0.09437908977270126 0.0241558775305748
0.0 0.11034500598907471 0.01467928383499384
0.0 0.09657033532857895 0.0
0.0 0.033858224749565125 0.0
0.0 0.0 0.0
0.0 0.0 0.0
0.0 0.0 0.0
0.0 0.013804085552692413 0.0
0.0 0.03496689349412918 0.0
0.0 0.0 0.0
0.0 0.0 0.002999192103743553
0.006365588866174221 0.0 0.0
0.0 0.007263628765940666 0.0
0.0 0.03817014396190643 0.0
0.0 0.0 0.0
0.0 0.0 0.0
0.0002942983992397785 0.0 0.0
0.0 0.0 0.0
0.0 0.01695093885064125 0.0
0.0 0.0 0.0
0.0 0.0 0.0
0.01087450422346592 0.0 0.0
0.08577191084623337 0.0 0.0
0.3789353370666504 0.0 0.0
0.8729109764099121 0.0 0.0
1.361659049987793 0.0 0.0
1.7059928178787231 0.0 0.0
2.0165727138519287 0.0 0.0
2.4600186347961426 0.0 0.0
2.8263657093048096 0.0 0.0
3.108799457550049 0.0 0.0
3.374812602996826 0.011400376446545124 0.0
3.415996551513672 0.2655003070831299 0.0
3.2134461402893066 0.46853411197662354 0.0
3.1308300495147705 0.5648339986801147 0.0
2.677046298980713 0.42885512113571167 0.12324061989784241
2.0522265434265137 0.37106773257255554 0.26637619733810425
1.4607439041137695 0.18580201268196106 0.3656305968761444
0.8403980135917664 0.16141277551651 0.38926777243614197
0.2825582027435303 0.3468388319015503 0.2806698977947235
0.0 0.4556388258934021 0.18270714581012726
0.0 0.4878111183643341 0.16456995904445648
0.0 0.6520642638206482 0.11520266532897949
0.0 0.8002926111221313 0.036822106689214706
0.0 0.8600001335144043 0.0
0.0 0.6215164661407471 0.0
0.0 0.2516808807849884 0.0
0.0 0.0 0.0
0.0 0.0 0.0
0.0 0.0 0.0
0.0 0.0 0.0
0.0 0.0 0.0
0.0 0.0 0.0
0.0 0.0 0.0
0.0 0.0 0.0
0.0 0.08043856918811798 0.0
0.0 0.23976324498653412 0.0
0.0 0.34064963459968567 0.0
0.0 0.34974485635757446 0.0
0.0 0.20920613408088684 0.0
0.0 0.09840957820415497 0.0
0.41402700543403625 0.14740268886089325 0.0
0.7701036334037781 0.33144867420196533 0.0
1.540226697921753 0.4481201767921448 0.0
2.49898099899292 0.1549639254808426 0.0
3.1461246013641357 0.0 0.0
3.1386220455169678 0.0 0.0
3.1165411472320557 0.0 0.0
3.494757890701294 0.048852428793907166 0.0
4.089108943939209 0.4131680727005005 0.0
4.537353038787842 0.6796615123748779 0.0
4.233949661254883 0.36204788088798523 0.0
3.5836379528045654 0.14961552619934082 0.0
2.987032890319824 0.3080344498157501 0.0
2.5313425064086914 0.4760322570800781 0.08133808523416519
2.1912665367126465 0.44484397768974304 0.3534654676914215
1.758267879486084 0.21231910586357117 0.4979507327079773
1.3490763902664185 0.0 0.5048384666442871
0.9458703398704529 0.0 0.45859482884407043
0.40156787633895874 0.0 0.3767052888870239
0.0 0.23195353150367737 0.2708917558193207
0.0 0.41339415311813354 0.18924643099308014
0.0 0.4821937382221222 0.13213574886322021
0.0 0.3104749619960785 0.005262221209704876
0.0 0.0 0.0
0.0 0.0 0.0
0.0 0.0 0.0
0.0 0.0 0.0
0.0 0.0 0.0
0.0 0.0 0.0
0.0 0.0 0.059136103838682175
0.0 0.0 0.1579473614692688
0.0 0.0 0.15951436758041382
0.0 0.0 0.06171910837292671
0.0 0.0 0.0
0.0 0.0 0.0
0.0 0.0 0.0
0.0 0.0 0.06910458952188492
0.0 0.23776721954345703 0.2053697407245636
0.0 0.44063830375671387 0.2656687796115875
0.0 0.3381026089191437 0.29391610622406006
0.0 0.09832703322172165 0.23099973797798157
0.0 0.0 0.11908812075853348
0.0 0.0366801843047142 0.03785185515880585
0.0 0.13025835156440735 0.008694504387676716
0.0 0.07362834364175797 0.024605557322502136
0.018382161855697632 0.07945267856121063 0.0
0.6173651814460754 0.11064495146274567 0.0
1.3917242288589478 0.0 0.0
2.1638190746307373 0.0 0.0
2.7192764282226562 0.0 0.0
3.3092989921569824 0.0 0.0
3.5187644958496094 0.0 0.0
3.329902172088623 0.0 0.0
3.141143321990967 0.0 0.0
3.260564088821411 0.08369535952806473 0.0
3.5098342895507812 0.0883394330739975 0.039643850177526474
3.7042768001556396 0.0 0.0987287387251854
3.587902545928955 0.0 0.20214354991912842
2.9905810356140137 0.0 0.3734087646007538
2.224625587463379 0.0 0.45679235458374023
1.717452049255371 0.05369596928358078 0.29084306955337524
1.3881855010986328 0.202615424990654 0.15877050161361694
1.010498046875 0.28308868408203125 0.15953189134597778
0.5931459069252014 0.22863076627254486 0.15732309222221375
0.26750680804252625 0.06877531856298447 0.14607387781143188
0.0 0.0 0.12059196084737778
0.0 0.01338982954621315 0.10956274718046188
0.0 0.25514277815818787 0.0767161175608635
0.0 0.49040111899375916 0.016126006841659546
0.0 0.6496608257293701 0.0
0.0 0.4393930733203888 0.0
0.0 0.08521980792284012 0.0
0.0 0.0 0.0
0.0 0.0 0.0
0.0 0.0 0.05470695346593857
0.0 0.0 0.19116973876953125
0.0 0.0 0.21743622422218323
0.0 0.036516450345516205 0.14732611179351807
0.0 0.11988990753889084 0.0
0.0 0.04195862263441086 0.0
0.0 0.0 0.0
0.0 0.0 0.0
0.0 0.11655136197805405 0.067703977227211
0.0 0.34977662563323975 0.22482675313949585
0.0 0.4205610454082489 0.27655279636383057
0.0 0.3333616852760315 0.20510178804397583
0.0 0.16240541636943817 0.05046294257044792
0.0 0.019847728312015533 0.0
0.0 0.0 0.0
0.11578117311000824 0.0 0.0
0.6284314393997192 0.0 0.0
1.6200400590896606 0.0 0.0
2.7258763313293457 0.0 0.0
3.271045207977295 0.0 0.0
3.274407148361206 0.0 0.0
3.4096155166625977 0.0 0.0
3.706561803817749 0.16163097321987152 0.0
4.202022552490234 0.49971017241477966 0.0
4.160251140594482 0.31060338020324707 0.0
3.6148462295532227 0.32507526874542236 0.0
2.7181739807128906 0.22078350186347961 0.0
1.9422765970230103 0.0 1.0143365859985352
1.3379369974136353 0.360933393239975 1.340339183807373
0.9365469217300415 0.5458460450172424 0.4384754002094269
1.0741729736328125 0.0 0.0
0.7618368864059448 0.0 0.0
0.5054879188537598 0.0 0.0
0.33079516887664795 0.0 0.0
0.17410171031951904 0.0 0.1679404228925705
0.0 0.0 0.21826112270355225
0.0 0.011046551167964935 0.1577730029821396
0.0 0.028172805905342102 0.198050394654274
0.0 0.2053356021642685 0.4163867235183716
0.0 0.3223082721233368 0.6860203742980957
0.0 0.3623792827129364 0.41944801807403564
0.0 0.4264858067035675 0.1089162528514862
0.0 0.3476615846157074 0.06330002844333649
0.0 0.15068407356739044 0.06092555820941925
0.0 0.00836821086704731 0.07643473893404007
0.0 0.11390341818332672 0.3751436769962311
0.0 0.36975064873695374 0.4500674605369568
0.0 0.23986801505088806 0.10455586016178131
0.0 0.0 0.004585586488246918
0.0 0.0 0.0
0.0 0.0 0.0
0.0 0.0 0.0
0.0 0.0 0.0
0.0 0.0 0.0
0.0 0.0 0.0
0.0 0.0 0.0
0.0 0.0 0.0
0.0 0.09130410850048065 0.0
0.0 0.29251497983932495 0.0
0.23860827088356018 0.37945041060447693 0.09658075869083405
1.2345921993255615 0.3435901403427124 0.06688570976257324
2.1967780590057373 0.1181224137544632 0.0
2.9597809314727783 0.0 0.0
3.040132761001587 0.0 0.0
2.7486157417297363 0.0 0.12505553662776947
2.866828203201294 0.0 0.18249726295471191
3.251948595046997 0.19232340157032013 0.2264961451292038
3.652621030807495 0.060621026903390884 0.2663942873477936
3.611518144607544 0.0 0.07395480573177338
3.161062002182007 0.0 0.0
2.793078899383545 0.0 0.12582333385944366
2.5703015327453613 0.0 0.33015063405036926
2.5602829456329346 0.0 0.030460592359304428
2.3078360557556152 0.0 0.0
1.9107074737548828 0.0 0.0
1.265489101409912 0.0 0.0
0.712214469909668 0.055809225887060165 0.0
0.5822218656539917 0.0 0.0
0.5693917870521545 0.0 0.0
0.257122278213501 0.0 0.0
0.0 0.05043577030301094 0.0
0.0 0.32535019516944885 0.11658617854118347
0.0 0.6879065632820129 0.22132404148578644
0.0 1.0721490383148193 0.15420226752758026
0.0 1.1777313947677612 0.0847502201795578
0.0 0.6946142315864563 0.0
0.0 0.20846378803253174 0.0
0.0 0.1622142642736435 0.0
0.0 0.23213796317577362 0.0
0.0 0.2763805091381073 0.0
0.0 0.30263930559158325 0.0
0.0 0.23465678095817566 0.0
0.0 0.028798416256904602 0.0
0.0 0.0 0.0
0.0 0.0 0.0
0.0 0.0 0.0
0.0 0.0 0.0
0.0 0.0 0.008030945435166359
0.0 0.008125628344714642 0.03891322761774063
0.0 0.04363035783171654 0.0
0.0 0.037656888365745544 0.0
0.06778423488140106 0.07519573718309402 0.0
0.3630712628364563 0.06599265336990356 0.0
0.5728790760040283 0.020793486386537552 0.020769642665982246
0.5944421887397766 0.08033431321382523 0.008358247578144073
0.47651126980781555 0.15088944137096405 0.0
0.3923380672931671 0.1649184376001358 0.0
0.28204113245010376 0.19368670880794525 0.0
0.3003213405609131 0.2425786256790161 0.0
0.4389495253562927 0.19696852564811707 0.0
0.6792630553245544 0.08181049674749374 0.0
0.7479760646820068 0.0 0.0
0.5721666812896729 0.0 0.0
0.3015144169330597 0.0 0.033761344850063324
0.1389274001121521 0.0 0.07716900110244751
0.19769351184368134 0.0 0.06044568121433258
0.3671073019504547 0.0 0.0
0.4645707309246063 0.0 0.0
0.5221418738365173 0.0 0.0
0.5877933502197266 0.0 0.0
0.4999183416366577 0.0 0.020279088988900185
0.21234248578548431 0.059428758919239044 0.11237359046936035
0.0 0.17355453968048096 0.1517723947763443
0.0 0.06445228308439255 0.09909853339195251
0.0 0.0 0.0
0.0 0.0 0.0
0.027992084622383118 0.0 0.0
0.015187072567641735 0.015684746205806732 0.0
0.04612208530306816 0.036869656294584274 0.0
0.07266714423894882 0.0 0.0
0.06953632831573486 0.0 0.0
0.05662587657570839 0.0 0.0
0.04777512699365616 0.0 0.010983534157276154
0.0 0.028352461755275726 0.008477499708533287
0.0 0.038082852959632874 0.0
0.02280506119132042 0.0 0.0
0.12532638013362885 0.0 0.0
0.12499241530895233 0.0 0.0
0.084333136677742 0.0 0.0
0.019363192841410637 0.0 0.0
0.0 0.05507221817970276 0.0
0.0 0.022154485806822777 0.00650436244904995
0.0 0.0 0.0
0.0 0.0 0.0
0.0190739743411541 0.0 0.0022022929042577744
0.06491230428218842 0.0 0.00801517441868782
0.03093462809920311 0.01446966826915741 0.0
0.0 0.016714712604880333 0.0
0.0 0.0 0.0
0.0030907460022717714 0.0 0.0010020062327384949
0.0 0.0 0.011730816215276718
0.0 0.017692359164357185 0.012779569253325462
0.014913316816091537 0.004933420568704605 0.0
0.033130139112472534 0.0 0.0
0.0 0.004996537230908871 0.0
0.0 0.0060663288459181786 0.00506172887980938
0.0 0.04648139700293541 0.0
0.008686313405632973 0.03476189076900482 0.0
0.026641611009836197 0.0 0.0
0.012650694698095322 0.0 0.009736908599734306
0.0 0.016673166304826736 0.0010259747505187988
0.0 0.010412607342004776 0.0
0.0 0.012556185945868492 0.0
0.0 0.03270673006772995 0.0
0.0 0.039162229746580124 0.0
0.0 0.03389476612210274 0.0
0.0 0.005158191546797752 0.0
0.0 0.0 0.004587952047586441
0.0 0.0 0.00602472759783268
0.0 0.010268265381455421 0.0074250176548957825
0.0 0.004916642792522907 0.017021453008055687
0.004101415630429983 0.0 0.01180884800851345
0.00731824804097414 0.0 0.009690569713711739
0.0 0.017689961940050125 0.01174333319067955
0.0 0.029342621564865112 0.023520898073911667
0.0 0.032491013407707214 0.030025668442249298
0.009264485910534859 0.014392435550689697 0.031141530722379684
0.0232362262904644 0.0 0.018392447382211685
0.011726045981049538 0.0070700738579034805 0.0
0.0 0.011394515633583069 0.0
0.0 0.007156627252697945 0.0
0.0 0.006110567599534988 0.0
0.0 0.0 0.0
0.004241493996232748 0.0 0.0
0.030886685475707054 0.0 0.00029319990426301956
0.025733735412359238 0.0 0.0
0.0 0.022046923637390137 0.0
0.0 0.008167327381670475 0.0020125368610024452
0.0 0.0 0.012746141292154789
0.0 0.027259260416030884 0.01173121016472578
0.0 0.03366469591856003 0.015811704099178314
0.0 0.03152564540505409 0.0074829356744885445
0.0 0.020890843123197556 0.0022245245054364204
0.0 0.014565837569534779 0.0
0.0 0.0 0.0
0.010836545377969742 0.008191828615963459 0.0
0.02249533124268055 0.0060141608119010925 0.0
0.02129238285124302 0.002778952941298485 0.0013105273246765137
0.02334834262728691 0.0 0.007713300175964832
0.01377694308757782 0.0 0.004412843845784664
0.002164494711905718 0.0 0.0
0.0 0.01469127181917429 0.0
0.0 0.03597525507211685 0.0
0.0 0.0 0.0
0.0 0.0028649726882576942 0.0
0.0 0.041117552667856216 0.008443803526461124
0.0 0.0 0.004991814494132996
0.0 0.0 0.0
0.0 0.021004028618335724 0.0
0.0 0.021904975175857544 0.019244521856307983
0.024291368201375008 0.0 0.016189873218536377
0.01908302493393421 0.0 0.0011265026405453682
0.0 0.0422709658741951 0.0
0.0 0.07198279350996017 0.009420651011168957
0.00926048681139946 0.0 0.028945617377758026
0.03394879028201103 0.0 0.012033744715154171
0.014002511277794838 0.02092307060956955 0.0
0.003330426523461938 0.0 0.0
0.017055293545126915 0.0 0.0
0.0031397442799061537 0.0 0.0
0.0 0.023066911846399307 0.0
0.0 0.0 0.0
0.011578502133488655 0.0 0.009711735881865025
0.0 0.0 0.00854367297142744
0.0 0.02415960654616356 0.0
0.0 0.00826053787022829 0.0
0.0032300252933055162 0.0 0.0
0.003250531852245331 0.0 0.0
0.0 0.0 0.0
0.002250248333439231 0.0 0.0
0.012961482629179955 0.0 0.0
0.01733154058456421 0.0 0.0
0.0 0.0 0.0
0.0 0.005041910335421562 0.0
0.0 0.03155341371893883 0.0
0.005224278196692467 0.0 0.006469428539276123
0.01481192372739315 0.0 0.004345824010670185
0.003290556836873293 0.02091168612241745 0.0
0.0 0.0007190676406025887 0.0008866442367434502
0.0 0.0 0.0020384611561894417
0.006491410080343485 0.006029411219060421 0.0
0.0 0.02308109775185585 0.0
0.009566029533743858 0.0 0.0
0.014821512624621391 0.0 0.004366596229374409
0.004170997999608517 0.0 0.004305077716708183
0.0 0.0 0.0031556570902466774
0.0022122429218143225 0.013471879996359348 0.0
0.005358501337468624 0.0 0.0
0.005269285757094622 0.0 0.001107686199247837
0.0 0.0 0.010590936988592148
0.0 0.0 0.010699328035116196
0.0 0.016613610088825226 0.004345557652413845
0.0 0.0 0.006221754476428032
0.0 0.0 0.005162082612514496
0.013639600947499275 0.0 0.01175021007657051
0.009311698377132416 0.0 0.02358929254114628
0.0 0.03148523345589638 0.01493748277425766
0.0 0.013446048833429813 0.006322422996163368
0.0052674212493002415 0.0 0.0
0.022306859493255615 0.0 0.0022909287363290787
0.004229054786264896 0.000674060545861721 0.0
0.0 0.021957777440547943 0.007365049794316292
0.0 0.0 0.01800304651260376
0.0031257071532309055 0.0 0.0021580373868346214
0.019160866737365723 0.0 0.00019528716802597046
0.01799493469297886 0.0 0.007613522931933403
0.015999693423509598 0.0 0.0
0.029964512214064598 0.0 0.0
0.030983172357082367 0.0 0.0
0.022314848378300667 0.0 0.0023082392290234566
0.007328708190470934 0.0 0.008609810844063759
0.0 0.018778763711452484 0.0
0.0 0.006053646095097065 0.0
0.0011445819400250912 0.0 0.0
0.0 0.020936455577611923 0.0
0.0 0.010248922742903233 0.0011095507070422173
0.0 0.001672479324042797 0.02240312285721302
0.0 0.0 0.024518737569451332
0.0 0.0 0.0
0.0 0.0 0.0
0.0 0.0007430361583828926 0.0
0.0 0.0 0.0074490392580628395
0.0 0.0 0.016964513808488846
0.0 0.0 0.0
0.0 0.0018365411087870598 0.0
0.0 0.0 0.0
0.003063191892579198 0.021889079362154007 0.012940210290253162
0.0030149887315928936 0.02612164244055748 0.018295027315616608
0.0051649585366249084 0.0 0.010707416571676731
0.00535484217107296 0.0 0.0
0.0 0.0017800815403461456 0.0
0.0 0.0 0.007349169813096523
0.0 0.0 0.014820401556789875
0.0 0.013478816486895084 0.0
0.0 0.0028922175988554955 0.0
0.0 0.0 0.0
0.0041609471663832664 0.00595991313457489 0.007557963021099567
0.0 0.013398389331996441 0.010744168423116207
0.012761625461280346 0.0 0.0001381291076540947
0.019155075773596764 0.0 0.0012737009674310684
0.01589163951575756 0.008058750070631504 0.008750258944928646
0.008509356528520584 0.015543564222753048 0.0012225685641169548
0.010672641918063164 0.0 0.0
0.005388397723436356 0.0 0.0
0.0 0.0 0.0
0.0 0.004899708554148674 0.010684513486921787
0.0019502569921314716 0.005936210975050926 0.015014014206826687
0.0 0.0 0.00841736514121294
0.0 0.015626389533281326 0.0
0.0 0.0 0.0
0.01504049263894558 0.0 0.0
0.0011334652081131935 0.0 0.0
0.0 0.01877930387854576 0.0
0.0 0.021926362067461014 0.008560908026993275
0.01581920124590397 0.0 0.012960716150701046
0.021192926913499832 0.0 0.005453532561659813
0.027775196358561516 0.0 0.0
0.021505050361156464 0.0 0.0
0.015095086768269539 0.0 0.0
0.048046644777059555 0.0 0.0
0.015971267595887184 0.0 0.0
0.0 0.01453875470906496 0.0
0.0 0.04109979048371315 0.003197035752236843
0.0 0.002805132418870926 0.001085149124264717
0.0 0.0 0.0
0.0 0.0 0.0
0.0 0.022968191653490067 0.0170566588640213
0.004026457201689482 0.0 0.0192769356071949
0.027520865201950073 0.0 0.012998267076909542
0.006386017892509699 0.0 0.0
0.0 0.0 0.0
0.0 0.01878071017563343 0.010333709418773651
0.0 0.0 0.013731902465224266
0.0021190152037888765 0.0 0.0
0.0 0.0 0.0
0.0 0.0028512775897979736 0.0
0.0 0.0 0.004015092737972736
0.0 0.0 0.0
0.0 0.024088121950626373 0.0
0.0 0.002750876359641552 0.011744119226932526
0.0125436931848526 0.0026789717376232147 0.022585846483707428
0.0169333815574646 0.032466161996126175 0.015248039737343788
0.022311635315418243 0.0027197180315852165 0.006658812984824181
0.037422679364681244 0.0 0.0
0.027836361899971962 0.01234118640422821 0.0
0.0 0.023020993918180466 0.0
0.0 0.01028788834810257 0.0
0.008471187204122543 0.0 0.001130889169871807
0.02018510177731514 0.0006017060950398445 0.0055623892694711685
0.0020835951436311007 0.0 0.0
0.0 0.0 0.0
0.0 0.010326238349080086 0.0
0.0 0.012388324365019798 0.0
0.002185860648751259 0.0006898567080497742 0.0
0.01501137763261795 0.0 0.0
0.012920264154672623 0.02088007889688015 0.0
0.012856347486376762 0.021919244900345802 0.0
0.03307053819298744 0.01016831211745739 0.0
0.03522051125764847 0.01335744746029377 0.0
0.013912292197346687 0.014475176110863686 0.0
0.005509219132363796 0.009228482842445374 0.0
0.0012209974229335785 0.0 0.0
0.0 0.0 0.0
0.0 0.01353561319410801 0.0
0.0 0.0 0.0
0.0 0.0 0.0
0.0 0.0 0.0
0.0 0.001783350482583046 0.0
0.0 0.0017489958554506302 0.0009521907195448875
0.0020859921351075172 0.0 0.001105056144297123
0.021251697093248367 0.0 0.0033881841227412224
0.018044717609882355 0.0037913741543889046 0.006619663909077644
0.003060442628338933 0.025055915117263794 0.014017127454280853
0.007269302383065224 0.014400076121091843 0.018297892063856125
0.014841735363006592 0.002734631299972534 0.0065842438489198685
0.01495198905467987 0.0 0.0
0.004357668571174145 0.0038869809359312057 0.0
0.0 0.0017804205417633057 0.0
0.0 0.004948517307639122 0.0
0.0 0.0 0.007362952455878258
0.0 0.0 0.0
0.0 0.01355183869600296 0.0
0.0 0.0 0.0
0.024357331916689873 0.0 0.013041144236922264
0.009373055770993233 0.009075865149497986 0.020438605919480324
0.0 0.025089452043175697 0.013868320733308792
0.005330377724021673 0.0 0.0
0.02133703976869583 0.0 0.0
0.0063306610099971294 0.005952775478363037 0.004373352974653244
0.0 0.01661447435617447 0.006352614611387253
0.0 0.0007028859108686447 0.0
0.004356726072728634 0.0 0.0
0.00737408734858036 0.0 0.005424502305686474
0.0 0.0 0.0171035286039114
0.0 0.017672548070549965 0.011622477322816849
0.0 0.012397890910506248 0.0
0.004293608944863081 0.0 0.0
0.013907087966799736 0.0 0.0
0.006423339247703552 0.024050021544098854 0.0
0.0 0.01877775974571705 0.0
0.006448905449360609 0.0 0.0
0.02024088427424431 0.009126463904976845 0.0013176416978240013
0.0030794739723205566 0.009128594771027565 0.009692750871181488
0.00627260422334075 0.0 0.008614970371127129
0.017083173617720604 0.009148834273219109 0.0
0.008538154885172844 0.003850209526717663 0.0
0.009506480768322945 0.0 0.00434991717338562
0.010548574849963188 0.0 0.006490033119916916
0.0 0.004914941266179085 0.0031951703131198883
0.0 0.011370711028575897 0.0
0.0 0.009250568225979805 0.0
0.0032786785159260035 0.0 0.0
0.003125280374661088 0.0 0.0010571852326393127
0.007426018826663494 0.010211169719696045 0.002261466346681118
0.0 0.0 0.0
0.002172667533159256 0.0 0.0
0.004079490900039673 0.008039362728595734 0.016109105199575424
0.000815520528703928 0.0027101105079054832 0.021400805562734604
0.009426852688193321 0.0 0.011820349842309952
0.0 0.0 0.0
0.0 0.01770450547337532 0.0030769258737564087
0.0062704733572900295 0.023994093760848045 0.012977760285139084
0.14941804111003876 0.008888643234968185 0.0
0.15605463087558746 0.04827573150396347 0.0
0.0 0.0 0.0411076657474041
0.0 0.015543617308139801 0.009532429277896881
0.006277664098888636 0.09412497282028198 0.02282000333070755
0.04606955125927925 0.11753496527671814 0.0
0.04155496135354042 0.0 0.002560805529356003
0.03151537850499153 0.0 0.0310015007853508
0.007872631773352623 0.0 0.05115284398198128
0.0 0.037715017795562744 0.04803747683763504
0.0 0.16967518627643585 0.045712538063526154
0.0 0.10912448912858963 0.041082631796598434
0.0 0.0 0.054743316024541855
0.0 0.0 0.10154172033071518
0.0 0.0 0.11394805461168289
0.0 0.0 0.01837918534874916
0.0601702444255352 0.049571678042411804 0.0
0.060793958604335785 0.081283800303936 0.012638476677238941
0.031382542103528976 0.0 0.05800275877118111
0.003531202208250761 0.0 0.06186354532837868
0.0 0.008069775998592377 0.05152089148759842
0.0 0.0517679899930954 0.021764062345027924
0.0 0.055848754942417145 0.034167204052209854
0.025965936481952667 0.04285145550966263 0.07306001335382462
0.05999873951077461 0.0023642191663384438 0.07861030846834183
0.07842116057872772 0.015181479975581169 0.05319628491997719
0.04367808997631073 0.08980298787355423 0.01783670112490654
0.0 0.09311968833208084 0.006728389300405979
0.01611091010272503 0.09948650747537613 0.0015679821372032166
0.05428599193692207 0.06213221698999405 0.01998959854245186
0.06367390602827072 0.034407638013362885 0.03708656132221222
0.04880813509225845 0.011088468134403229 0.026179317384958267
0.02453049272298813 0.0 0.0
0.00973929651081562 0.011319098994135857 0.0
0.0 0.011322826147079468 0.0
0.0 0.009214667603373528 0.0
0.0 0.0 0.023472748696804047
0.0 0.0 0.018061470240354538
0.0 0.007135005667805672 0.0
0.0 0.011373959481716156 0.0
0.0 0.00802663154900074 0.024482883512973785
0.02303832396864891 0.021707024425268173 0.04304937645792961
0.017878716811537743 0.058971308171749115 0.03136715665459633
0.028736690059304237 0.04520516097545624 0.011132991872727871
0.01919485069811344 0.0 0.0
0.018149560317397118 0.0 0.0
0.03411627560853958 0.009083908051252365 0.0014547975733876228
0.023540861904621124 0.0293287243694067 0.0
0.002466736827045679 0.0337197482585907 0.0
0.005632969085127115 0.010324407368898392 0.0
0.0 0.0 0.0
0.0 0.005055077373981476 0.0
0.0 0.027438679710030556 0.0
0.0 0.03166671097278595 0.0
0.0 0.009377654641866684 0.0
0.0 0.0 0.0
0.0042531853541731834 0.0 0.0
0.015865633264183998 0.0016422364860773087 0.010863211937248707
0.020302459597587585 0.0 0.0
0.0 0.02940749004483223 0.0
0.0 0.026167485862970352 0.015912631526589394
0.0 0.018705841153860092 0.013890491798520088
0.0 0.00807396974414587 0.011762093752622604
0.0 0.00704572256654501 0.006343094632029533
0.0 0.004874181933701038 0.02123762108385563
0.0 0.01875510811805725 0.014692369848489761
0.0 0.0262812040746212 0.0
0.0 0.021973274648189545 0.0
0.0 0.02620663493871689 0.002090025693178177
0.0 0.050792671740055084 0.0
0.0 0.06778949499130249 0.0
0.01302703469991684 0.0 0.0
0.00764345470815897 0.002856837585568428 0.0
0.0 0.023070231080055237 0.0
0.02778414450585842 0.029330790042877197 0.0
0.008425891399383545 0.02400153875350952 0.010863011702895164
0.0 0.0 0.030441774055361748
0.0 0.0 0.009803872555494308
0.0 0.0 0.0
0.012718374840915203 0.03994002565741539 0.01095755398273468
0.022074859589338303 0.049393180757761 0.03672123700380325
0.0 0.003866707906126976 0.013618318364024162
0.0 0.03163415938615799 0.0
0.0 0.023112840950489044 0.0
0.00887490063905716 0.06135503202676773 0.0
0.03338903188705444 0.14311140775680542 0.0
0.029926391318440437 0.07820671796798706 0.003775274381041527
0.08450814336538315 0.09621927887201309 0.0
0.0735500380396843 0.18857742846012115 0.03341332823038101
0.060531701892614365 0.2140263319015503 0.05793704837560654
0.0 0.08358923345804214 0.03176030516624451
0.0 0.07095226645469666 0.02797088958323002
0.0 0.136884406208992 0.0
0.14960992336273193 0.12092301994562149 0.0
0.43732476234436035 0.0 0.0
