0.032886601984500885 0.0759398564696312 0.051350582391023636
0.017892740666866302 0.09082559496164322 0.05872727185487747
0.0 0.07089130580425262 0.027985069900751114
0.0 0.10330596566200256 0.0
0.0 0.06501210480928421 0.0
0.0 0.04758251830935478 0.0
0.029477758333086967 0.07587035000324249 0.07161431014537811
0.0 0.011091617867350578 0.07104092836380005
0.0 0.06243976205587387 0.011966424062848091
0.0 0.14874908328056335 0.0
0.0 0.06567230820655823 0.005471772514283657
0.001249049324542284 0.0 0.0
0.10937711596488953 0.0 0.0
0.07838431745767593 0.0 0.0
0.016102297231554985 0.0 0.008133867755532265
0.04273763671517372 0.0 0.009399136528372765
0.04076210409402847 0.0 0.0
0.03209617733955383 0.0 0.007173532620072365
0.05016918480396271 0.0 0.0028395038098096848
0.06214142590761185 0.0 0.0
0.0 0.0527850016951561 0.007126927375793457
0.0 0.0 0.0
0.01775532215833664 0.0 0.0
0.05098944157361984 0.0 0.0
0.05716211348772049 0.0 0.0
0.03996209055185318 0.0 0.0
0.0 0.03793947771191597 0.0
0.0 0.0378744974732399 0.01979025825858116
0.024812432006001472 0.0 0.0
0.043171197175979614 0.0 0.0
0.06964462250471115 0.0 0.0
0.06558196991682053 0.0 0.0
0.0 0.07962540537118912 0.0
0.0 0.06254468858242035 0.0
0.03430020809173584 0.0 0.005162312649190426
0.05350346490740776 0.0 0.004251245409250259
0.06315556168556213 0.0 0.0
0.0395871140062809 0.0 0.008385537192225456
0.012797314673662186 0.0037950905971229076 0.02207152172923088
0.024522680789232254 0.0 0.021068574860692024
0.04056449607014656 0.0 0.013660993427038193
0.04809591546654701 0.0 0.010593296959996223
0.02599327825009823 0.016662951558828354 0.0
0.02690047398209572 0.0 0.006093011237680912
0.006549396552145481 0.0 0.010094144381582737
0.03324385732412338 0.0 0.0049363998696208
0.009745456278324127 0.0 0.014481968246400356
0.0 0.05876599997282028 0.02067994326353073
0.0 0.018365850672125816 0.016360826790332794
0.012045095674693584 0.0 0.0
0.03220469132065773 0.0 0.008261890150606632
0.03203238546848297 0.0 0.022082630544900894
0.010769708082079887 0.0 0.015491572208702564
0.0065161073580384254 0.0 0.01766498014330864
0.03719838708639145 0.0 0.04032981023192406
0.034038811922073364 0.0 0.03492918610572815
0.0 0.017341598868370056 0.001487872563302517
0.0 0.0 0.02368186041712761
0.006131280213594437 0.0 0.04412747919559479
0.0 0.0 0.03762883320450783
0.0 0.0 0.03853297606110573
0.0 0.0 0.021491941064596176
0.004537378437817097 0.0 0.0005110250785946846
0.01199369691312313 0.0 0.0038317209109663963
0.01812482625246048 0.0 0.02951151877641678
0.029905319213867188 0.0 0.025352459400892258
0.04169513285160065 0.0 0.020121745765209198
0.02582269348204136 0.0 0.00824298057705164
0.0014619601424783468 0.01946786604821682 0.0
0.011126039549708366 0.0 0.0
0.020601565018296242 0.0 0.0
0.0064612459391355515 0.0 0.021913520991802216
0.0 0.003452947363257408 0.019602160900831223
0.0 0.006728102453052998 0.0
0.0 0.0 0.00034431181848049164
0.0 0.0 0.02283817157149315
0.0075544738210737705 0.0 0.01761331409215927
0.0 0.006674040108919144 0.010020107962191105
0.0 0.004563751630485058 0.014126169495284557
0.0 0.0 0.0035270554944872856
0.0 0.0 0.02079872041940689
0.0 0.00022519612684845924 0.028169285506010056
0.0 0.0 0.005744403228163719
0.0 0.0 0.0
0.00032212724909186363 0.0 0.0
0.007864199578762054 0.0045791976153850555 0.0
0.018516844138503075 0.006676170974969864 0.0
0.04190632328391075 0.006597341038286686 0.002017841674387455
0.03347528725862503 0.004528065212070942 0.0
0.011053068563342094 0.003505677916109562 0.0
0.0 0.017406579107046127 0.0
0.01649497263133526 0.00884664710611105 0.0
0.028969749808311462 0.0 0.008157226257026196
0.029996132478117943 0.0012451866641640663 0.01790625974535942
0.0 0.04181009531021118 0.015561619773507118
0.009810032323002815 0.04391452670097351 0.013581294566392899
0.027976784855127335 0.017323927953839302 0.00726667232811451
0.037615567445755005 0.025817815214395523 0.005253855139017105
0.0032959403470158577 0.027948342263698578 0.02201099693775177
0.010861714370548725 0.004592420067638159 0.009191073477268219
0.036773741245269775 0.0014637382701039314 0.0
0.04311951994895935 0.0 0.0
0.03349059447646141 0.0 0.0
0.0 0.022814033553004265 0.0
0.0 0.006902978289872408 0.0
0.01010883878916502 0.0 0.0
0.022094661369919777 0.007964247837662697 0.0
0.0 0.022861704230308533 0.0
0.01417308859527111 0.0 0.0
0.023660067468881607 0.0 0.0060277702286839485
0.00863504596054554 0.0 0.016612503677606583
0.007712260354310274 0.0 0.0
0.020581187680363655 0.0014277859590947628 0.0
0.0 0.003474691417068243 0.029376767575740814
0.008445695042610168 0.0 0.032580018043518066
0.03625442460179329 0.0 0.024259503930807114
0.00971335917711258 0.001377185806632042 0.01664739102125168
0.0012184083461761475 0.00034707505255937576 0.012285932898521423
0.010670499876141548 0.0 0.02406269684433937
0.029714763164520264 0.0 0.039184924215078354
0.03432070091366768 0.0 0.00829491950571537
0.03239550441503525 0.0 0.0
0.00968592893332243 0.0 0.015496106818318367
0.0041335043497383595 0.0 0.03681018203496933
0.0 0.0 0.021864524111151695
0.007626240141689777 0.0 0.006901552900671959
0.008627855218946934 0.0 0.013321369886398315
0.0 0.031221631914377213 0.007975073531270027
0.009660629555583 0.009858287870883942 0.023084253072738647
0.030733423307538033 0.011842077597975731 0.05000907555222511
0.04333869740366936 0.03830697387456894 0.07372372597455978
0.06772127002477646 0.018010489642620087 0.08672128617763519
0.0796050876379013 0.02760319784283638 0.07405129820108414
0.08515431731939316 0.024483036249876022 0.052730295807123184
0.0853082463145256 0.010726211592555046 0.03559418395161629
0.0670916959643364 0.0 0.04070905223488808
0.058618318289518356 0.0 0.033118776977062225
0.011955475434660912 0.007787680719047785 0.007075723260641098
0.0 0.00372715899720788 0.0
0.0 0.010312356054782867 0.0
0.0 0.0 0.0
0.0 0.0 0.0
0.00929976999759674 0.000555866863578558 0.0
0.010313369333744049 0.0 0.0
0.000807121628895402 0.0 0.0
0.0017232492100447416 0.0 0.0
0.005933706648647785 0.0 0.0
0.005000002682209015 0.011196828447282314 0.0
0.007811767980456352 0.0 0.0
0.017199410125613213 0.0 0.012399565428495407
0.0 0.039807166904211044 0.0
0.0 0.0 0.0
0.0 0.0 0.0
0.0 0.0 0.0
0.0 0.035670746117830276 0.0
0.0 0.0 0.0
0.0 0.0 0.0
0.010947906412184238 0.0 0.0
0.0 0.011030646972358227 0.007954217493534088
0.0 0.08558184653520584 0.0
0.0 0.08028348535299301 0.0
0.0 0.04406130313873291 0.0
0.006569669581949711 0.013111107982695103 0.012383054941892624
0.03320154547691345 0.0 0.012548970058560371
0.02050253003835678 0.0 0.003917131572961807
0.01634986139833927 0.006781040690839291 0.0
0.013051271438598633 0.0 0.0016992511227726936
0.0 0.030247751623392105 0.0
0.0 0.022828184068202972 0.0
0.00048567820340394974 0.0 0.0
0.0 0.0 0.0
0.0 0.0 0.0
0.004267632961273193 0.0 0.025100447237491608
0.05544799566268921 0.0 0.030980441719293594
0.05774364247918129 0.017241403460502625 0.01824919879436493
0.02981853298842907 0.006605538539588451 0.03396051749587059
0.014557821676135063 0.018206000328063965 0.06696347892284393
0.032564785331487656 0.015995576977729797 0.07995596528053284
0.056143082678318024 0.0 0.0640324056148529
0.04241661727428436 0.0 0.047832924872636795
0.0 0.0 0.03872864320874214
0.0 0.0 0.028738059103488922
0.0 0.0 0.0
0.0 0.0 0.0
0.0 0.0 0.0
0.0 0.0 0.0
0.017859341576695442 0.0 0.0
0.03608867898583412 0.011186975054442883 0.0
0.029605213552713394 0.022858276963233948 0.0
0.04542012885212898 0.018505875021219254 0.0
0.05269801616668701 0.014170513488352299 0.0
0.04407816380262375 0.00990705844014883 0.0
0.02585122175514698 0.010974454693496227 0.005090520717203617
0.0033698815386742353 0.01418063323944807 0.01235455833375454
0.0 0.0 0.03140741586685181
0.0 0.0 0.016349637880921364
0.0 0.0 0.0012844009324908257
0.0 0.0 0.017258839681744576
0.0 0.0 0.027110138908028603
0.012694405391812325 0.0 0.0369609072804451
0.016265705227851868 0.002506944816559553 0.00176323764026165
0.00041696662083268166 0.020660115405917168 0.0
0.0 0.03661724552512169 0.0
0.0 0.029125506058335304 0.0006005018949508667
0.0 0.03017905168235302 0.004844781011343002
0.009891428053379059 0.014218196272850037 0.0006692111492156982
0.017401542514562607 0.004655050579458475 0.0
0.007838130928575993 0.010001879185438156 0.0
0.0036178198643028736 0.005777840036898851 0.0
0.0 0.004755984526127577 0.0
0.0 0.006915275473147631 0.0
0.0 0.0 0.0
0.0 0.0 0.0
0.0 0.02182285115122795 0.0
0.0 0.0 0.0
0.005638892762362957 0.0 0.0
0.02265223115682602 0.0 0.0007001040503382683
0.022669808939099312 0.0 0.0007381867617368698
0.0 0.011004559695720673 0.014406861737370491
0.001268379157409072 0.007828474044799805 0.008040575310587883
0.021555807441473007 0.0 0.004993385635316372
0.017326973378658295 0.013128163293004036 0.003944898955523968
0.0022899676114320755 0.0 0.011228112503886223
0.009797951206564903 0.0 0.003742232918739319
0.0 0.002610275987535715 0.0
0.0 0.020725896582007408 0.0
0.0 0.0 0.00227536354213953
0.0 0.0 0.0
0.0 0.0 0.0
0.0 0.0 0.0
0.0 0.0 0.010940490290522575
0.0 0.0 0.027926130220294
0.0 0.0 0.01409260742366314
0.003487324807792902 0.0 0.0
0.01934458501636982 0.0 0.010264581069350243
0.02145274356007576 0.0 0.014596745371818542
0.020638082176446915 0.0 0.0
0.016538944095373154 0.010044755414128304 0.0
0.017558136954903603 0.021713130176067352 0.0
0.028231820091605186 0.0015042652375996113 0.0
0.029260067269206047 0.004675557371228933 0.0
0.0037571031134575605 0.01857938803732395 0.0
0.0 0.013302866369485855 0.0
0.0 0.004766105208545923 0.0
0.0 0.0 0.0
0.0 0.017423590645194054 0.00482541136443615
0.0023605397436767817 0.0035921973176300526 0.004833666607737541
0.01507047563791275 0.0 0.012397311627864838
0.014972471632063389 0.0 0.023103483021259308
0.020325692370533943 0.009866870939731598 0.023194830864667892
0.019369350746273994 0.010972082614898682 0.012505700811743736
0.017130430787801743 0.006687855813652277 0.022084292024374008
0.011765759438276291 0.023688675835728645 0.027427393943071365
0.019206898286938667 0.004537352826446295 0.027439642697572708
0.04503183811903 0.0 0.0008623609319329262
0.026967614889144897 0.0 0.0
0.002377584110945463 0.0004107849672436714 0.0026868926361203194
0.0 0.0 0.0
0.0 0.0 0.0
0.0 0.005826589185744524 0.0
0.0 0.0 0.0
0.005688958801329136 0.0 0.0
0.01638554409146309 0.0 0.0
0.0 0.003710441756993532 0.0
0.006861548405140638 0.005793832708150148 0.0
0.008832020685076714 0.005729650612920523 0.0
0.009859735146164894 0.0 0.0006043007597327232
0.003561093006283045 0.0 0.0
0.0 0.0 0.0
0.0 0.0 0.01211261935532093
0.0 0.0 0.007880322635173798
0.0 0.0 0.00796048529446125
0.0 0.0004054587334394455 0.015292167663574219
0.0 0.0 0.007869936525821686
0.01410721056163311 0.0 0.0
0.003439652733504772 0.0 0.0015947306528687477
0.0 0.0 0.0
0.0 0.0 0.0
0.0 0.0 0.0
0.0015610589180141687 0.0 0.0
0.0 0.0006012013182044029 0.0
0.0 0.031445931643247604 0.0
0.0 0.008100928738713264 0.0
0.0 0.0 0.0
0.0 0.013457344844937325 0.0
0.0 0.06553971767425537 0.0
0.0 0.15283946692943573 0.0
0.18772852420806885 0.17708781361579895 0.0
0.2612006366252899 0.07062742114067078 0.0
0.16651886701583862 0.0 0.0
0.043382540345191956 0.0 0.0
0.0 0.0 0.0
0.10211003571748734 0.0 0.0
0.2417137324810028 0.0 0.0
0.20055361092090607 0.0 0.0
0.06503572314977646 0.0 0.0
0.0 0.0 0.0
0.0 0.0 0.0
0.0 0.0 0.0
0.0 0.0 0.34356409311294556
0.09280796349048615 0.0 2.2686848640441895
0.7923380732536316 0.0 3.5713746547698975
2.906820297241211 0.0 4.688485622406006
5.048429489135742 0.0 5.720695495605469
7.177262783050537 0.0 6.043728828430176
8.985371589660645 0.0 5.605375289916992
9.070869445800781 0.0 5.412390232086182
8.617485046386719 0.0 5.19441032409668
8.300447463989258 0.0 3.6525447368621826
8.49545669555664 0.0 1.767351746559143
8.830406188964844 0.0 0.0
7.937272071838379 0.0 0.0
4.429743766784668 2.456951379776001 0.0
1.9537992477416992 2.239698648452759 0.0
1.6040370464324951 0.7038823962211609 0.0
1.4186413288116455 0.0 0.0
0.3026168644428253 0.0 0.0
0.0 0.14785005152225494 0.0
0.0 0.5348060131072998 0.0
0.0 0.12927158176898956 0.0
0.0 0.0 0.0
0.0 0.0 0.0
0.0 0.0 0.0
0.0 0.0 0.0
0.0 0.0 0.0
0.0 0.0 0.0
0.0 0.0 0.0
0.0 1.713327407836914 0.0
0.0 0.0 0.0
0.0 0.18036246299743652 0.0
0.0 0.529026985168457 0.0
0.0 0.0 0.0
0.0 0.0 0.0
0.0 0.0 0.0
0.0 0.0 0.0
0.0 0.0 0.0
0.0 0.0 0.0
0.0 0.0 0.0
0.0 0.0 0.0
0.1727595329284668 0.0 0.0013140588998794556
0.3499782681465149 0.0 0.0
0.40918779373168945 0.11628998816013336 0.0
0.5112673044204712 0.03307313472032547 0.0
0.608323335647583 0.0 0.0
0.6548634171485901 0.11865615099668503 0.0
0.7038900852203369 0.1939767450094223 0.0
0.6728205680847168 0.0 0.0
0.6432991623878479 0.0 0.0
0.5282551646232605 0.0 0.0
0.29813167452812195 0.15789836645126343 0.0
0.15344372391700745 0.11226749420166016 0.0
0.1903918832540512 0.0 0.0
0.3115699589252472 0.0 0.0
0.2989915907382965 0.0 0.0
0.18231770396232605 0.0 0.0
0.0 0.0 0.0
0.0 0.0 0.021670201793313026
0.0 0.0 0.04876280575990677
0.0 0.1106935665011406 0.05039665475487709
0.0 0.0 0.0
0.0 0.016587842255830765 0.0
0.22255247831344604 0.0 0.0
0.30902665853500366 0.0 0.044658876955509186
0.2668669521808624 0.0 0.10202975571155548
0.15823180973529816 0.0 0.09266767650842667
0.10169424116611481 0.0 0.0
0.05817445367574692 0.0 0.0
0.11380576342344284 0.0 0.0
0.25400814414024353 0.021451041102409363 0.0
0.26639264822006226 0.11158812046051025 0.0
0.1559755802154541 0.14031244814395905 0.03244801610708237
0.09468666464090347 0.20866034924983978 0.0
0.11167576909065247 0.1448422223329544 0.0
0.1305016577243805 0.0936615914106369 0.011744335293769836
0.0214297566562891 0.2202400416135788 0.05166112631559372
0.0 0.4087151288986206 0.05077189579606056
0.0 0.46932387351989746 0.04882219433784485
0.0 0.36181503534317017 0.03131457418203354
0.10165082663297653 0.11176841706037521 0.017924733459949493
0.18047533929347992 0.0 0.0020253947004675865
0.24375709891319275 0.0 0.0
0.21059435606002808 0.0 0.0
0.08644471317529678 0.0 0.025933392345905304
0.0 0.06822307407855988 0.06159231811761856
0.0 0.03953710198402405 0.06769495457410812
0.0 0.0 0.04936974123120308
0.0 0.0 0.022675015032291412
0.0 0.0 0.005736775696277618
0.004614558070898056 0.00042112311348319054 0.0
0.013118297792971134 0.0 0.0
0.0 0.0 0.015406714752316475
0.0 0.033387862145900726 0.005729585886001587
0.0 0.024955760687589645 0.0
0.011189370416104794 0.0 0.0
0.02218724600970745 0.0 0.0
0.01912141591310501 0.0 0.0
0.04491120204329491 0.0 0.0
0.0 0.0 0.0
0.02891439013183117 0.0 0.01573776826262474
0.042189452797174454 0.0 0.0
0.04150182381272316 0.0 0.0
0.06637441366910934 0.0 0.0
0.045131977647542953 0.04216219112277031 0.0
0.015033995732665062 0.04214194789528847 0.0
0.012946875765919685 0.05172640085220337 0.0
0.024605128914117813 0.034672848880290985 0.0
0.014863552525639534 0.0 0.0
0.04271595925092697 0.0 0.0
0.05859851837158203 0.0 0.0
0.04406511411070824 0.0 0.0
0.04770592227578163 0.0 0.03577166423201561
0.012391607277095318 0.0 0.15191584825515747
0.0 0.0 0.30013298988342285
0.020649801939725876 0.0 0.3815421462059021
0.08704187721014023 0.0 0.5440596342086792
0.18789951503276825 0.0 0.7828258872032166
0.2647189199924469 0.0 0.9929628968238831
0.2333032190799713 0.0 1.0669755935668945
0.14990286529064178 0.0 1.2163465023040771
0.1994328647851944 0.02982402965426445 1.403173565864563
0.3415420651435852 0.0 1.5881783962249756
0.44172725081443787 0.0 1.6979764699935913
0.49739664793014526 0.0 1.671621322631836
0.4941180348396301 0.0 1.5852835178375244
0.37939196825027466 0.019759945571422577 1.4412614107131958
0.37071141600608826 0.0 1.3448998928070068
0.43911629915237427 0.0 1.2225556373596191
0.4861826002597809 0.0 0.9996742606163025
0.3912307918071747 0.0 0.6890426874160767
0.25348997116088867 0.0 0.3843110203742981
0.10651490837335587 0.0 0.14786198735237122
0.0 0.033708252012729645 0.0
0.0 0.10084866732358932 0.0
0.0 0.1681579351425171 0.0
0.0 0.191644087433815 0.0
0.0 0.20312577486038208 0.0
0.0 0.1811555027961731 0.0
0.0 0.14659832417964935 0.0
0.0 0.16973133385181427 0.0
0.0 0.15535293519496918 0.0
0.0 0.05845354124903679 0.0
0.0 0.0029964102432131767 0.0
0.0 0.01462510321289301 0.0
0.0 0.004898440092802048 0.0
0.0 0.0 0.0
0.0 0.0 0.0
0.0 0.0 0.0
0.0 0.0 0.0
0.0 0.0 0.0
0.0 0.0 0.0
0.0 0.0 0.0022541796788573265
0.06106290966272354 0.0 0.30316662788391113
0.13399997353553772 0.01213749311864376 0.4922606348991394
0.1295335739850998 0.05630815029144287 0.6226937770843506
0.15286074578762054 0.09048556536436081 0.8516571521759033
0.24075837433338165 0.07333880662918091 1.1249001026153564
0.2727448046207428 0.0 1.4283417463302612
0.35921257734298706 0.044969476759433746 1.5394296646118164
0.4346945583820343 0.08084093034267426 1.5734176635742188
0.5349489450454712 0.0 1.6593451499938965
0.6092327833175659 0.0 1.7638912200927734
0.5924271941184998 0.0 1.8286038637161255
0.4160769283771515 0.0 1.6747206449508667
0.3564719259738922 0.0 1.2698522806167603
0.43075016140937805 0.0 0.8923766613006592
0.4088786840438843 0.0 0.6194998025894165
0.2990347445011139 0.0 0.3982364237308502
0.10472410917282104 0.0 0.2129001021385193
0.0 0.0643002986907959 0.016036037355661392
0.0 0.07995250076055527 0.0
0.0 0.0 0.0
0.0 0.0 0.0
0.0 0.0233193077147007 0.0
0.0 0.09905827790498734 0.0
0.0 0.12578150629997253 0.0
0.0 0.12630107998847961 0.0
0.0 0.1318202167749405 0.0
0.0 0.12247864902019501 0.0
0.0 0.11771505326032639 0.0
0.0 0.06394130736589432 0.0
0.0 0.0 0.0
0.0 0.0 0.0
0.0 0.0 0.0
0.0 0.0 0.0
0.0 0.0 0.0
0.0 0.0 0.0
0.0 0.0 0.0
0.0 0.0 0.0
0.0 0.0 0.0
0.0 0.0 0.013006959110498428
0.1293540894985199 0.026606179773807526 0.3223989009857178
0.16887646913528442 0.09163445234298706 0.5377359986305237
0.1598784327507019 0.15523579716682434 0.5923363566398621
0.1664431393146515 0.1903463751077652 0.5818325877189636
0.23265056312084198 0.14095191657543182 0.6752761602401733
0.3659641444683075 0.0994952917098999 0.8869316577911377
0.45067718625068665 0.11530008167028427 1.1634546518325806
0.45850953459739685 0.20707447826862335 1.350785732269287
0.4310659170150757 0.2699306607246399 1.330417275428772
0.43146833777427673 0.22545082867145538 1.2843395471572876
0.4677472412586212 0.041556090116500854 1.2573978900909424
0.47245678305625916 0.0 1.2964931726455688
0.44050097465515137 0.0 1.2919319868087769
0.3998723328113556 0.04609677940607071 1.2161386013031006
0.3250822424888611 0.07848161458969116 1.1246896982192993
0.3157723546028137 0.0 1.0739144086837769
0.3359045088291168 0.0 1.075990080833435
0.3082587718963623 0.0 1.0584592819213867
0.3181430995464325 0.0 0.9315332174301147
0.2579415440559387 0.0 0.7762627005577087
0.20406045019626617 0.0 0.611051082611084
0.22035740315914154 0.0 0.4525466859340668
0.2242211252450943 0.0 0.2750677764415741
0.12941578030586243 0.0 0.07928015291690826
0.0 0.05940832197666168 0.0
0.0 0.12300141155719757 0.0
0.0 0.04393083229660988 0.0
0.0 0.0 0.0
0.0 0.0 0.0
0.0 0.09053055942058563 0.0
0.0 0.13163697719573975 0.0
0.0 0.09167545288801193 0.0
0.0 0.04423123598098755 0.0
0.0 0.0054444256238639355 0.0
0.0 0.0 0.0
0.0 0.0 0.0
0.0 0.0 0.0
0.0 0.0 0.0
0.0 0.0 0.0
0.0 0.0 0.0
0.0 0.0 0.0
0.0 0.0 0.0
0.0 0.0 0.0
0.0 0.0 0.0
0.0 0.0 0.0
0.0 0.0 0.0
0.010042250156402588 0.0075078424997627735 0.08931947499513626
0.052145496010780334 0.042943861335515976 0.25651219487190247
0.09855187684297562 0.04331990331411362 0.4150877296924591
0.15915583074092865 0.012973181903362274 0.5373827219009399
0.21495038270950317 0.0 0.6105394959449768
0.2619820833206177 0.0 0.7071424722671509
0.32493335008621216 0.03285261243581772 0.8190019130706787
0.3508605659008026 0.09946519881486893 0.9028054475784302
0.35563597083091736 0.09854739904403687 0.8537036180496216
0.3628635108470917 0.050351642072200775 0.6613227128982544
0.32974177598953247 0.0 0.4438612759113312
0.2497478872537613 0.0 0.3231646716594696
0.15332387387752533 0.0 0.26144325733184814
0.05993267893791199 0.017511669546365738 0.2223174124956131
0.051850251853466034 0.0368209183216095 0.18063494563102722
0.04821263998746872 0.013684174977242947 0.11535634845495224
0.04761476069688797 0.0 0.061769817024469376
0.00013672374188899994 0.0 0.007873830385506153
0.0 0.0 0.0
0.0 0.0 0.0
0.0 0.0 0.0
0.0 0.000936421100050211 0.0
0.0 0.0 0.0
0.0 0.0 0.0
0.015754299238324165 0.0 0.0
0.0038627523463219404 0.019650720059871674 0.0
0.025450335815548897 0.02288539707660675 0.0
0.03973367065191269 0.034695982933044434 0.0
0.025636224076151848 0.030391249805688858 0.0
0.043201103806495667 0.009955747984349728 0.0
0.06014600023627281 0.01837480068206787 0.0
0.05182335525751114 0.0 0.0
0.011779531836509705 0.0 0.0
0.0 0.005056330934166908 0.0
0.002112256595864892 0.0 0.0
0.007218601647764444 0.0 0.0
0.0 0.0038144998252391815 0.0
0.0 0.0 0.0
0.0 0.0027710730209946632 0.0
0.0 0.002823270857334137 0.0
0.002037688158452511 0.0 0.0
0.002171112457290292 0.009191421791911125 0.0
0.0 0.04429028555750847 0.0
0.0 0.09979056566953659 0.0
0.0 0.1031876876950264 0.0
0.0 0.0727245882153511 0.0
0.0 0.03742385655641556 0.0
0.0 0.0 0.0
0.0 0.0 0.0
0.0 0.0 0.0
0.0 0.0 0.0
0.0 0.0 0.0
0.0 0.0 0.0
0.0 0.0 0.0
0.1433415561914444 0.0 0.8938339948654175
0.8534734845161438 0.0 2.037187099456787
1.9894070625305176 0.0 3.784522294998169
4.803366661071777 0.0 5.355572700500488
7.546924114227295 0.0 6.070077419281006
7.961122035980225 0.0 6.42236852645874
7.147987365722656 0.0 6.394636154174805
7.434738636016846 0.0 5.474192142486572
8.07186222076416 0.0 3.6364548206329346
8.684008598327637 0.0 2.004746913909912
9.333514213562012 0.0 0.43785467743873596
9.486970901489258 0.0 0.0
8.379920959472656 0.0 0.0
4.960229396820068 3.03373646736145 0.0
1.68580961227417 4.249024868011475 0.0
1.1280450820922852 3.933300733566284 0.0
1.4042370319366455 2.115278720855713 0.0
0.9719499945640564 0.6566699147224426 0.0
0.0 0.7228246927261353 0.0
0.0 0.8314411640167236 0.0
0.0 0.7796728014945984 0.0
0.0 0.4855031669139862 0.0
0.0 0.0 0.0
0.0 0.0 0.0
0.0 0.0 0.0
0.0 0.0 0.0
0.0 0.0 0.0
0.0 0.0 0.0
0.0 0.0 0.0
0.0 0.0 0.0
0.0 0.0 0.0
0.0 0.0 0.0
0.0 0.0 0.0
0.0 0.0 0.0
0.0 0.0 0.0
0.0 0.0 0.09898258745670319
0.0 0.0 0.5498549938201904
0.28350716829299927 0.1311621516942978 0.70993971824646
0.46398958563804626 0.19181032478809357 0.6029708981513977
0.5178048610687256 0.0800265297293663 0.3328621983528137
0.5516291260719299 0.0 0.12746882438659668
0.5477175116539001 0.0 0.08452534675598145
0.41024672985076904 0.14486092329025269 0.1108565554022789
0.32211288809776306 0.2128085494041443 0.1817736029624939
0.35741522908210754 0.16176773607730865 0.16593605279922485
0.3499583601951599 0.1398664265871048 0.05682234466075897
0.3208332359790802 0.0 0.0
0.28023600578308105 0.0 0.0
0.10995721817016602 0.0 0.0
0.005089124199002981 0.0 0.027864469215273857
0.0037546141538769007 0.0 0.04474411904811859
0.0 0.0 0.0
0.036758903414011 0.0 0.0
0.14100489020347595 0.0 0.0
0.1126030683517456 0.0 0.03819061070680618
0.0 0.0 0.08532243221998215
0.0 0.0 0.04670286923646927
0.0 0.0 0.0
0.0 0.0 0.0
0.0 0.006351510528475046 0.0
0.0 0.03583270311355591 0.0
0.0516212061047554 0.0 0.0
0.09626564383506775 0.0 0.0
0.08945034444332123 0.0 0.0
0.03892698138952255 0.03908495604991913 0.0
0.0 0.05297893285751343 0.0
0.0 0.08146410435438156 0.0
0.0 0.0397142618894577 0.017674414440989494
0.05625723674893379 0.0 0.04900383949279785
0.09607309848070145 0.0 0.009719019755721092
0.07534677535295486 0.0 0.0
0.0401616245508194 0.006875087972730398 0.0
0.03530535101890564 0.0 0.013606170192360878
0.0394500270485878 0.0 0.029758242890238762
0.0020264890044927597 0.06510244309902191 0.04669461399316788
0.0 0.10772953182458878 0.04422799497842789
0.0 0.06635279953479767 0.011170709505677223
0.0 0.008977120742201805 0.0
0.011709475889801979 0.0 0.02294054813683033
0.0 0.0 0.023709936067461967
0.0 0.032440368086099625 0.007375970482826233
0.0 0.03458208218216896 0.00940210372209549
0.0 0.06550244987010956 0.0
0.0 0.04950617253780365 0.0
0.0 0.0 0.019708003848791122
0.0 0.004570388700813055 0.031489297747612
0.0 0.07805472612380981 0.03213591128587723
0.0 0.12814798951148987 0.032717011868953705
0.0 0.1100001409649849 0.04980252683162689
0.0 0.10143781453371048 0.059495098888874054
0.0 0.02898891270160675 0.07576195150613785
0.0 0.0 0.050370313227176666
0.0 0.0 0.00026399921625852585
0.0 0.028293292969465256 0.0
0.0 0.09313488006591797 0.007093941792845726
0.0 0.08133627474308014 0.025396252050995827
0.0 0.014213161543011665 0.031147612258791924
0.0 0.0 0.005667553283274174
0.0 0.05172564834356308 0.0
0.1954319030046463 0.05138956010341644 0.0
0.5282199382781982 0.004978117998689413 0.0
1.019647240638733 0.2872292399406433 0.0
1.3182156085968018 0.6475387215614319 0.0
1.2356112003326416 0.8589907884597778 0.0
1.2902429103851318 1.032805323600769 0.0
1.4151043891906738 1.197253942489624 0.0
1.4088380336761475 0.9918521046638489 0.0
1.2547392845153809 0.7263634204864502 0.0
1.0031917095184326 0.5527160167694092 0.0
0.7281760573387146 0.4938739836215973 0.0
0.4976280629634857 0.49856674671173096 0.0
0.362548291683197 0.3902277648448944 0.0
0.3198338449001312 0.26346635818481445 0.0
0.21167594194412231 0.07189186662435532 0.10649757087230682
0.006973670795559883 0.0 0.16697396337985992
0.0 0.0 0.1445315033197403
0.0 0.0 0.06590832769870758
0.0 0.0 0.009258899837732315
0.0 0.0 0.021827954798936844
0.0 0.0 0.09026241302490234
0.0 0.0 0.14808975160121918
0.0 0.0 0.1797531396150589
0.0 0.0 0.2662994861602783
0.0 0.0 0.4346107542514801
0.0 0.0 0.6425748467445374
0.0 0.0 0.5122472047805786
0.0 0.0 0.09112739562988281
0.0 0.0 0.0
0.0 0.0 0.0
0.07154574245214462 0.0 0.061791080981492996
0.10116834938526154 0.0 0.12813548743724823
0.002678524935618043 0.09149380028247833 0.09165364503860474
0.009793958626687527 0.17926332354545593 0.0
0.2435332089662552 0.1590147763490677 0.0
0.6039401292800903 0.10825147479772568 0.0
0.8814484477043152 0.20228448510169983 0.0
1.1398009061813354 0.46040019392967224 0.0
1.215275764465332 0.5189750790596008 0.0
1.1916815042495728 0.7297562956809998 0.0
1.1394768953323364 0.8733358383178711 0.0
1.223738431930542 0.7962562441825867 0.0
1.2767937183380127 0.5246968865394592 0.0
1.174043893814087 0.4450984597206116 0.0
0.9126095771789551 0.4392496347427368 0.0
0.679577112197876 0.37794047594070435 0.0
0.5264658331871033 0.32811805605888367 0.0
0.3518887162208557 0.31973254680633545 0.0
0.22164414823055267 0.17613570392131805 0.08663704991340637
0.054396845400333405 0.04549088701605797 0.1411636620759964
0.0 0.0 0.12329651415348053
0.0 0.0 0.0715893805027008
0.0 0.0 0.04850670322775841
0.0 0.0 0.03508676961064339
0.0 0.0 0.08321967720985413
0.0 0.0 0.11094705015420914
0.0 0.0 0.020448312163352966
0.0 0.0 0.0
0.0 0.0 0.042884912341833115
0.0 0.0 0.10636401921510696
0.0 0.0 0.17313718795776367
0.0 0.0 0.2789895832538605
0.0 0.0 0.42062368988990784
0.0 0.0 0.5161725878715515
0.0 0.0 0.49522334337234497
0.0 0.0 0.2776066064834595
0.0 0.0 0.05086773633956909
0.0 0.0 0.008324805647134781
0.1453171670436859 0.0 0.08904042094945908
0.17821094393730164 0.0 0.127179816365242
0.22593504190444946 0.09114521741867065 0.07144971191883087
0.335875928401947 0.1869574934244156 0.0
0.48499244451522827 0.21563760936260223 0.0
0.6810689568519592 0.16134747862815857 0.0
0.9485629796981812 0.1334490031003952 0.0
1.1333661079406738 0.17073164880275726 0.0
1.220249891281128 0.26993200182914734 0.0
1.2460048198699951 0.36556291580200195 0.0
1.0534446239471436 0.1461016684770584 0.0
0.9079833626747131 0.0 0.0
0.7132876515388489 0.03200493007898331 0.0
0.34066295623779297 0.2923310697078705 0.0
0.2994502782821655 0.46615052223205566 0.0
0.4257783889770508 0.5042997598648071 0.0
0.3942159414291382 0.24873191118240356 0.0
0.25231871008872986 0.14769184589385986 0.004592650569975376
0.05032540112733841 0.09698019921779633 0.024845190346240997
0.0 0.12516869604587555 0.0
0.0 0.06299586594104767 0.0
0.0 0.03010369837284088 0.0
0.0 0.0 0.021697867661714554
0.0 0.0 0.10617200285196304
0.0 0.0 0.09088972210884094
0.0 0.0 0.05567500740289688
0.0 0.0 0.059973351657390594
0.0 0.0 0.12501972913742065
0.0 0.0 0.19978824257850647
0.0 0.0 0.24155858159065247
0.0 0.0 0.23341917991638184
0.0 0.0 0.21352988481521606
0.0 0.0 0.2253071814775467
0.0 0.0 0.2388480305671692
0.0 0.0 0.21966208517551422
0.0 0.0477769672870636 0.10157512128353119
0.0 0.14055217802524567 0.013461243361234665
0.0 0.14152371883392334 0.03071618266403675
0.0 0.0644848570227623 0.08744044601917267
0.0 0.0 0.08334609866142273
0.03958797827363014 0.0 0.0
0.1708783656358719 0.0 0.0
0.20994852483272552 0.0 0.0
0.30411630868911743 0.08656938374042511 0.0
0.3716370165348053 0.12227597832679749 0.0
0.5233306288719177 0.1857854574918747 0.0
0.6298171281814575 0.31657567620277405 0.0
0.6694676280021667 0.4476439356803894 0.0
0.731605052947998 0.3339168429374695 0.0
0.8157768845558167 0.3262626528739929 0.0
0.7801427245140076 0.5631282329559326 0.0
0.5778418183326721 0.8523198366165161 0.0
0.45436200499534607 0.8898685574531555 0.0
0.5498030185699463 0.8515978455543518 0.0
0.7478138208389282 0.651268482208252 0.0
0.7909746170043945 0.5117707848548889 0.0
0.6587204337120056 0.4075380861759186 0.0
0.46412941813468933 0.3844130337238312 0.0
0.35970234870910645 0.30392351746559143 0.0
0.27402472496032715 0.17222543060779572 0.0
0.12738174200057983 0.03528515622019768 0.0
0.0 0.0056428429670631886 0.04297657310962677
0.0 0.0 0.08923914283514023
0.0 0.0 0.11022058874368668
0.0 0.0 0.04347804933786392
0.0 0.0 0.0
0.0 0.0 0.018146060407161713
0.0 0.0 0.014082608744502068
0.0 0.0 0.019380701705813408
0.0 0.0 0.08575280010700226
0.0 0.0 0.16158445179462433
0.0 0.0 0.14785292744636536
0.0 0.0 0.16583672165870667
0.0 0.0 0.18449881672859192
0.0 0.0 0.28334179520606995
0.0 0.0 0.3942491412162781
0.0 0.0 0.3303905129432678
0.0 0.0 0.16143611073493958
0.0 0.0 0.050899215042591095
0.0 0.0 0.03598524630069733
0.16604551672935486 0.0 0.03781776875257492
0.28184083104133606 0.0 0.0
0.3765375018119812 0.03603963181376457 0.0
0.3970310688018799 0.1593346744775772 0.0
0.4344058632850647 0.12526777386665344 0.0
0.5223327875137329 0.11568465828895569 0.0
0.738780677318573 0.21227112412452698 0.0
0.8947609663009644 0.20247657597064972 0.0
0.9286260008811951 0.09392480552196503 0.0
0.8930009007453918 0.0 0.0
0.8159774541854858 0.0 0.0
0.6915460824966431 0.0635189637541771 0.0
0.4342620372772217 0.37107038497924805 0.0
0.27723515033721924 0.36880776286125183 0.0012873345986008644
0.2907019555568695 0.22943761944770813 0.020199771970510483
0.23075100779533386 0.05841634422540665 0.012636660598218441
0.1080237627029419 0.0 0.000476934015750885
0.0 0.0 0.0
0.0 0.006260465364903212 0.0
0.0 0.0 0.0
0.0 0.0 0.0
0.0 0.0 0.0
0.0 0.0 0.0
0.0 0.0 0.004524406045675278
0.0 0.0 0.0
0.0 0.0 0.009723429568111897
0.0 0.0 0.053314317017793655
0.0 0.0 0.050778452306985855
0.0 0.0 0.05356651917099953
0.0 0.0 0.060475025326013565
0.0 0.0 0.052863709628582
0.0 0.0 0.05653514340519905
0.0 0.0 0.033933158963918686
0.0 0.0 0.0
0.0032406195532530546 0.0 0.0
0.0 0.0016558594070374966 0.0
0.0 0.05357285216450691 0.023885320872068405
0.040681734681129456 0.007749172393232584 0.014847085811197758
0.08670356124639511 0.0 0.0
0.06548881530761719 0.0 0.0
0.07803363353013992 0.0 0.011949566192924976
0.083649180829525 0.05026920139789581 0.0
0.04949307069182396 0.04502170905470848 0.0
0.10030245780944824 0.0 0.017327286303043365
0.10267426818609238 0.0 0.0
0.0 0.0005847360007464886 0.0
0.0 0.026323389261960983 0.0
0.0 0.0 0.0
0.004937053192406893 0.0 0.0
0.0 0.0 0.0
0.0 0.0 0.0
0.0 0.0 0.0
0.02825409360229969 0.0 0.0
0.08247152715921402 0.0 0.0
0.019296817481517792 0.0014009950682520866 0.017817839980125427
0.0 0.033375706523656845 0.024855777621269226
0.0 0.009052256122231483 0.0
0.014577604830265045 0.0 0.0
0.032500945031642914 0.0 0.0
0.02092205360531807 0.0 0.0
0.0 0.03051096946001053 0.0
0.0 0.05083621293306351 0.0
0.0 0.08503066748380661 0.0
0.0 0.10529839247465134 0.0
0.0 0.09355012327432632 0.0
0.0 0.08071634918451309 0.0
0.0 0.0 0.0
0.0 0.0 0.0
0.0 0.0 0.0
0.0 0.0 0.0
0.0 0.0 0.0
0.0 0.0 0.0
0.0 0.0 0.1535062938928604
0.0 0.0 1.2807480096817017
0.6140356659889221 0.0 2.563784122467041
2.283750295639038 0.0 3.9723613262176514
5.009527206420898 0.0 5.0961809158325195
7.717362403869629 0.0 5.211467742919922
8.912901878356934 0.0 5.873970985412598
8.920169830322266 0.0 5.210703372955322
8.38721752166748 0.0 3.5524840354919434
8.105273246765137 0.0 1.3396885395050049
7.658702373504639 0.0 0.0
7.07383394241333 0.0 0.0
6.225938320159912 0.6843279600143433 0.0
5.614978790283203 1.925126314163208 0.0
4.030119895935059 4.446699142456055 0.0
1.7716972827911377 5.688059329986572 0.0
0.935092031955719 4.666178226470947 0.0
0.16882550716400146 3.6462955474853516 0.0
0.0 3.3904428482055664 0.0
0.0 1.768432855606079 0.0
0.0 0.0 0.0
0.0 0.0 0.0
0.0 0.0 0.0
0.0 0.0 0.0
0.0 0.0 0.0
0.0 0.0 0.0
0.0 0.0 0.0
0.0 0.0 0.0
0.0 0.0 0.0
0.0 0.0 0.0
0.0 0.0 0.0
0.0 0.0 0.0
0.0 0.0 0.0
0.0 0.0 0.0
0.0 0.0 0.010673238895833492
0.0 0.0 0.6223856806755066
0.0 0.0 1.0998618602752686
0.0 0.2142978012561798 1.2446601390838623
0.0 0.30634385347366333 0.7418742775917053
0.0 0.2539759874343872 0.06060674786567688
0.19186078011989594 0.0 0.0
0.47141653299331665 0.0 0.0
0.5638575553894043 0.0 0.2386915236711502
0.3461715281009674 0.0 0.38709405064582825
0.1331183761358261 0.2694641053676605 0.1992996484041214
0.060672931373119354 0.3458787202835083 0.0
0.12511104345321655 0.03949429467320442 0.008313985541462898
0.20656728744506836 0.0 0.1439538300037384
0.15894784033298492 0.0 0.2097373753786087
0.07950174808502197 0.10371775925159454 0.19929511845111847
0.002421345328912139 0.17748919129371643 0.12932376563549042
0.03153209388256073 0.09997468441724777 0.08876728266477585
0.09198211878538132 0.0019610347226262093 0.11148803681135178
0.11418595910072327 0.002903527580201626 0.13201089203357697
0.0 0.0010819248855113983 0.11370911449193954
0.0 0.041915107518434525 0.05087342858314514
0.0 0.05909755825996399 0.0
0.012911536730825901 0.0045986296609044075 0.01669495180249214
0.0818682312965393 0.0 0.05253737419843674
0.04795420914888382 0.02040342427790165 0.036325909197330475
0.011113902553915977 0.03979017212986946 0.0
0.024381505325436592 0.005932074040174484 0.0
0.07324252277612686 0.0 0.0
0.09333713352680206 0.0 0.0
0.037940189242362976 0.0 0.0
0.00047617265954613686 0.018572768196463585 0.0
0.0 0.04519159719347954 0.0
0.0 0.035782914608716965 0.0
0.0 0.008170194923877716 0.0
0.0 0.0017764773219823837 0.0
0.0 0.011271977797150612 0.0
0.0 0.04642171040177345 0.0
0.021455757319927216 0.03685323894023895 0.0
0.06389349699020386 0.0 0.0
0.05612292140722275 0.0 0.0
0.003822966944426298 0.0 0.0
0.0 0.0432613380253315 0.0
0.004311923403292894 0.0485498420894146 0.0
0.00959297176450491 0.004954693838953972 0.0
0.06359175592660904 0.0 0.0
0.04646390676498413 0.0 0.0
0.0 0.04647843539714813 0.0
0.0 0.0636286586523056 0.0
0.0 0.022128088399767876 0.0
0.0 0.0 0.0
0.02880777046084404 0.0 0.0
0.014678634703159332 0.012285832315683365 0.0
0.0 0.01321554183959961 0.003562857396900654
0.003963938914239407 0.0 0.05174876004457474
0.029802992939949036 0.0 0.12771835923194885
0.04692738503217697 0.0 0.22177934646606445
0.023257475346326828 0.0 0.3520311117172241
0.0 0.0003290381282567978 0.6060002446174622
0.047539643943309784 0.0 0.8970459699630737
0.1488391011953354 0.0 1.126942753791809
0.24110671877861023 0.11943332850933075 1.3066667318344116
0.4050847291946411 0.0845794752240181 1.44279944896698
0.521815299987793 0.0 1.5920212268829346
0.5179087519645691 0.0 1.7573968172073364
0.4435431659221649 0.0 1.8391447067260742
0.42282164096832275 0.016277112066745758 1.7856847047805786
0.47446006536483765 0.0 1.6278053522109985
0.5193321704864502 0.0 1.297889232635498
0.6520231366157532 0.0 0.830980122089386
0.5757421851158142 0.0 0.46599283814430237
0.29919612407684326 0.0 0.17826755344867706
0.04016668349504471 0.0 0.0
0.0 0.01862974837422371 0.0
0.0 0.0 0.0
0.0 0.0 0.0
0.0 0.04305253177881241 0.0
0.0 0.14403454959392548 0.0
0.0 0.15128234028816223 0.0
0.0 0.04798124358057976 0.0
0.0 0.0 0.0
0.0 0.0 0.0
0.0 0.0 0.0
0.0 0.050245463848114014 0.0
0.0 0.0 0.0
0.0 0.0 0.0
0.0 0.0 0.0
0.0 0.0 0.0
0.0 0.0 0.0
0.0 0.0 0.0
0.0 0.0 0.0
0.0 0.0 0.0
0.0 0.0 0.0
0.024363219738006592 0.06888866424560547 0.1591031849384308
0.08723859488964081 0.0789647325873375 0.2740737199783325
0.16150696575641632 0.0 0.30336636304855347
0.19270563125610352 0.0 0.37944117188453674
0.17304325103759766 0.0 0.5331907868385315
0.17727048695087433 0.006838602479547262 0.7480031847953796
0.1945599913597107 0.0007855040021240711 0.9351115822792053
0.24745862185955048 0.01711973547935486 1.0873937606811523
0.2980870008468628 0.0 1.1335806846618652
0.3240046203136444 0.0 1.1780568361282349
0.38587385416030884 0.0 1.2614850997924805
0.3917224109172821 0.0 1.3204001188278198
0.35150548815727234 0.0 1.3010655641555786
0.35182639956474304 0.0 1.1774075031280518
0.38107404112815857 0.0 0.9277476668357849
0.4157891273498535 0.0 0.759105920791626
0.3779591917991638 0.0 0.6955743432044983
0.3304497301578522 0.0 0.6503450870513916
0.25693264603614807 0.0 0.5517098307609558
0.16410203278064728 0.0 0.3632408380508423
0.07528161257505417 0.035089194774627686 0.07938143610954285
0.0 0.0 0.0
0.0 0.0 0.0
0.0 0.0 0.0
0.0 0.032743219286203384 0.0
0.0 0.06130349263548851 0.0
0.0 0.04007303714752197 0.0
0.0 0.0 0.0
0.0 0.0 0.0
0.0 0.0 0.0
0.0 0.07006342709064484 0.0
0.0 0.046525876969099045 0.0
0.0 0.0 0.0
0.0 0.0 0.0
0.0 0.0 0.0
0.0 0.0 0.0
0.0 0.0 0.0
0.0 0.0 0.0
0.0 0.0 0.0
0.0 0.0 0.0
0.0 0.0 0.0
0.0 0.038276735693216324 0.0
0.017080090939998627 0.05093154311180115 0.13760879635810852
0.1356152594089508 0.07331673800945282 0.34291374683380127
0.1331539750099182 0.08237175643444061 0.4807312488555908
0.16825523972511292 0.07336680591106415 0.5953625440597534
0.19455981254577637 0.0440954752266407 0.7322748303413391
0.2062486857175827 0.04897411912679672 0.8424439430236816
0.2443566620349884 0.048391953110694885 0.977430522441864
0.29603075981140137 0.025356408208608627 1.1391876935958862
0.3804556429386139 0.020589882507920265 1.2318907976150513
0.4568699896335602 0.04511440172791481 1.172907829284668
0.4822078347206116 0.04323074594140053 1.095167875289917
0.46432363986968994 0.0 1.055145025253296
0.4807734489440918 0.0 0.9918451309204102
0.4879131317138672 0.0 0.909433126449585
0.39582234621047974 0.0 0.8446189761161804
0.34828731417655945 0.0 0.7088283896446228
0.30294033885002136 0.0 0.562264621257782
0.22571079432964325 0.0 0.48978641629219055
0.20131172239780426 0.0 0.4614671766757965
0.19584371149539948 0.0 0.3717130422592163
0.1119123175740242 0.03051525354385376 0.1491747796535492
0.019297700375318527 0.06875744462013245 0.0
0.0 0.02184213697910309 0.0
0.0 0.0 0.0
0.0 0.013324547559022903 0.0
0.0 0.0604875311255455 0.0
0.0 0.07277988642454147 0.0
0.0 0.05752769857645035 0.0
0.0 0.020900709554553032 0.0
0.0 0.0 0.0
0.0 0.0 0.0
0.0 0.0 0.0
0.0 0.0 0.0
0.0 0.0 0.0
0.0 0.0 0.0
0.0 0.0 0.0
0.0 0.0 0.0
0.0 0.0 0.0
0.0 0.0 0.0
0.0 0.011958079412579536 0.0
0.0 0.0 0.0
0.0 0.0 0.0
0.023137180134654045 0.0 0.04860903322696686
0.09310907125473022 0.04904259741306305 0.3210458755493164
0.1427416205406189 0.13123759627342224 0.4895336925983429
0.1852927953004837 0.13071082532405853 0.607471764087677
0.25426894426345825 0.02697085216641426 0.7349541187286377
0.32335343956947327 0.0 0.8550283312797546
0.3486385643482208 0.0 0.9909414052963257
0.3519747257232666 0.0 1.0905061960220337
0.4014975130558014 0.02973654493689537 1.0537235736846924
0.451655775308609 0.037467967718839645 0.9506230354309082
0.4595666825771332 0.0 0.8926931619644165
0.4766170382499695 0.0 0.8742507696151733
0.4255128502845764 0.0 0.8663520812988281
0.2731294333934784 0.0 0.8532863259315491
0.21289034187793732 0.0 0.7917159199714661
0.1898377537727356 0.0 0.7498185634613037
0.1889067143201828 0.0 0.7249901294708252
0.22003400325775146 0.0 0.6994858384132385
0.15193112194538116 0.0 0.6926718950271606
0.07155104726552963 0.0 0.6322823166847229
0.0790257453918457 0.0 0.5287591218948364
0.11563169211149216 0.0 0.48724016547203064
0.18994827568531036 0.0 0.42067205905914307
0.17387902736663818 0.0 0.23936539888381958
0.12725798785686493 0.051208000630140305 0.008376582525670528
0.10399367660284042 0.07336869090795517 0.0
0.008928683586418629 0.0828106626868248 0.0
0.0 0.13570716977119446 0.0
0.0 0.1628602296113968 0.0
0.0 0.1434156894683838 0.0
0.0 0.15589872002601624 0.0
0.0 0.14459440112113953 0.0
0.0 0.0637083426117897 0.0
0.0 0.0274728462100029 0.0
0.0 0.03175440803170204 0.0
0.0 0.05959988757967949 0.0
0.0 0.025595318526029587 0.0
0.0 0.0 0.0
0.0 0.0 0.0
0.0 0.0 0.0
0.0 0.0 0.0
0.0 0.0 0.0
0.0 0.0 0.0
0.0 0.0 0.0
0.0 0.0 0.0
0.0 0.016370393335819244 0.0
0.0 0.030412707477808 0.0
0.0 0.019875112920999527 0.0
0.06012822315096855 0.07542465627193451 0.10606958717107773
0.11990340799093246 0.12379591166973114 0.21686001121997833
0.1505151093006134 0.08960998058319092 0.24483118951320648
0.17375199496746063 0.05334864929318428 0.26310715079307556
0.18813039362430573 0.05736363306641579 0.318816214799881
0.1737368106842041 0.10289036482572556 0.37650907039642334
0.19125668704509735 0.1323782205581665 0.44194692373275757
0.23447206616401672 0.12359404563903809 0.4936293065547943
0.23746411502361298 0.11501067876815796 0.5128610134124756
0.2344968318939209 0.07472584396600723 0.48385629057884216
0.21658706665039062 0.003655929584056139 0.4503292441368103
0.1497505158185959 0.032622601836919785 0.41556939482688904
0.1167033463716507 0.06245240196585655 0.41640427708625793
0.1432127207517624 0.05171187222003937 0.4315907061100006
0.1346631795167923 0.05066178739070892 0.432570219039917
0.11953721940517426 0.07931233942508698 0.4549466371536255
0.1374560296535492 0.054756131023168564 0.47320738434791565
0.15154601633548737 0.025056559592485428 0.44761228561401367
0.1242843046784401 0.0274139903485775 0.4003416895866394
0.08522558212280273 0.04889930784702301 0.3615618050098419
0.08759473264217377 0.030917644500732422 0.335887610912323
0.13493002951145172 0.0 0.2902335822582245
0.12293727695941925 0.0 0.2110697627067566
0.0728038027882576 0.0 0.10373213142156601
0.030641702935099602 0.0 0.05421411246061325
0.006335297599434853 0.0013855844736099243 0.03264676779508591
0.024505337700247765 0.0 0.024149291217327118
0.0085894875228405 0.0 0.017635732889175415
0.0 0.005794955883175135 0.011905408464372158
0.0 0.0 0.0
0.0 0.0 0.0
0.0 0.0 0.0
0.0 0.0 0.0
0.006764157675206661 0.0 0.0
0.0 0.010124191641807556 0.0
0.004846148658543825 0.007989667356014252 0.0
0.0375409759581089 0.0 0.005122336558997631
0.039421435445547104 0.0 0.031890034675598145
0.03396381810307503 0.0 0.042491015046834946
0.023591874167323112 0.0 0.012461208738386631
0.029432984068989754 0.0 0.0
0.014408761635422707 0.0 0.0
0.029137641191482544 0.0 0.0
0.02717515639960766 0.0 0.0
0.006045903079211712 0.0 0.0
0.007349519990384579 0.0 0.0
0.01924559473991394 0.0 0.0
0.04361298307776451 0.0 0.0
0.06798836588859558 0.0 0.0
0.0686219334602356 0.0 0.0
0.10349655896425247 0.1000165268778801 0.04355042055249214
0.07071144878864288 0.12994220852851868 0.01874866709113121
0.012448940426111221 0.01652376726269722 0.0
0.009001744911074638 0.0 0.0
0.0 0.0 0.0
0.0 0.0 0.0
0.0 0.0 0.0
0.0 0.0 0.0
0.0 0.0 0.0
0.0 0.0 0.0
0.0 0.0 0.0
0.0 0.0 0.0
0.0 0.0 0.0
0.0 0.0 0.0
0.0 0.0 0.9605305790901184
0.7456081509590149 0.0 1.9705655574798584
2.062363624572754 0.0 2.9617481231689453
3.454864263534546 0.0 4.303890705108643
4.483829975128174 0.0 5.525369644165039
5.708029747009277 0.0 6.243514537811279
7.371618747711182 0.0 6.197511672973633
9.240488052368164 0.0 5.532516002655029
10.166098594665527 0.0 3.7254996299743652
9.605293273925781 0.0 1.7711137533187866
9.130499839782715 0.0 0.0
8.349690437316895 0.0 0.0
7.0323028564453125 1.5523673295974731 0.0
4.168829441070557 4.493772506713867 0.0
1.878297209739685 3.788618564605713 0.0
1.9381226301193237 1.0776827335357666 0.0
2.305145502090454 0.0 0.0
1.8421610593795776 0.0 0.0
0.4193933606147766 0.5463330745697021 0.0
0.0 1.7537040710449219 0.0
0.0 2.45867657661438 0.0
0.0 2.0992791652679443 0.0
0.0 1.8617911338806152 0.0
0.0 0.44976872205734253 0.0
0.0 0.0 0.0
0.0 0.0 0.0
0.0 0.0 0.0
0.0 0.0 0.0
0.0 0.0 0.0
0.0 0.0 0.0
0.0 0.0 0.0
0.0 0.0 0.0
0.0 0.0 0.0
0.0 0.0 0.0
0.0 0.0 0.0
0.0 0.0 0.0
0.0 0.0 0.0
0.0 0.0 0.18724295496940613
0.0 0.0 0.4255087673664093
0.0 0.0 0.731972336769104
0.0 0.0 0.8228393793106079
0.0 0.0 0.6117364764213562
0.1448851078748703 0.0 0.34775832295417786
0.6162070631980896 0.0 0.24591903388500214
0.8696801066398621 0.0 0.24627138674259186
0.8605830073356628 0.0 0.23635563254356384
0.5480977892875671 0.20873481035232544 0.31115344166755676
0.20463284850120544 0.4039224088191986 0.3222433626651764
0.21834281086921692 0.041505876928567886 0.2838144898414612
0.3569813668727875 0.0 0.14100168645381927
0.28307145833969116 0.0 0.0
0.01854686439037323 0.16451621055603027 0.0
0.0 0.1884457767009735 0.09963852912187576
0.024908624589443207 0.04749292880296707 0.20605126023292542
0.14527791738510132 0.0 0.09444350004196167
0.17546617984771729 0.0 0.0
0.1614222675561905 0.0 0.0
0.05081212520599365 0.06773721426725388 0.18073605000972748
0.0 0.05080004036426544 0.19079799950122833
0.018517836928367615 0.12653128802776337 0.11223182082176208
0.1381361186504364 0.1273917555809021 0.10381463170051575
0.12274277210235596 0.05645739659667015 0.032922081649303436
0.03961637616157532 0.012433755211532116 0.0
0.0 0.0956125259399414 0.0
0.0 0.1625329703092575 0.0
0.008228091523051262 0.13983991742134094 0.0
0.11759426444768906 0.036352671682834625 0.011439749971032143
0.08900602906942368 0.0 0.0
0.0 0.015774425119161606 0.0
0.0 0.06680058687925339 0.0
0.0 0.14110411703586578 0.0
0.0 0.2208213061094284 0.0
0.0 0.2655331492424011 0.0
0.0 0.20393766462802887 0.0
0.0 0.0 0.03019532561302185
0.0 0.07836270332336426 0.060198500752449036
0.0 0.11223438382148743 0.0
0.21361666917800903 0.0 0.0
