0.0 0.34728002548217773 0.10956580191850662
0.0 0.0 0.09300679713487625
0.05074416100978851 0.0 0.03714140132069588
0.0524752214550972 0.0 0.0
0.0 0.07813909649848938 0.009949197061359882
0.0 0.20799963176250458 0.05360586196184158
0.0 0.2229285091161728 0.046091753989458084
0.0 0.1674889475107193 0.017344530671834946
0.0 0.02279941365122795 0.013197454623878002
0.0 0.0 0.0
0.06345516443252563 0.0 0.0
0.0 0.005737605504691601 0.011303947307169437
0.0 0.02791587822139263 0.06033247709274292
0.08422063291072845 0.09682703018188477 0.04160406067967415
0.04886636883020401 0.09153373539447784 0.05405353754758835
0.08459560573101044 0.0 0.08488096296787262
0.2012162208557129 0.0 0.04739324003458023
0.20276299118995667 0.0 0.010228295810520649
0.054500021040439606 0.006628166884183884 0.012170272879302502
0.0 0.04706640541553497 0.032022275030612946
0.0 0.04817747324705124 0.02759316936135292
0.00030522421002388 0.035509347915649414 0.0
0.05272848159074783 0.0 0.0
0.07299167662858963 0.0 0.0
0.06856470555067062 0.0 0.0
0.0404885932803154 0.008730199187994003 0.025925233960151672
0.015673793852329254 0.06818287074565887 0.061124496161937714
0.0 0.09162987768650055 0.05462106317281723
0.01571560651063919 0.05969777703285217 0.05575583130121231
0.035967081785202026 0.00014576641842722893 0.04935519024729729
0.058571457862854004 0.0 0.029255516827106476
0.03644804656505585 0.015197420492768288 0.0045395176857709885
0.02178947813808918 0.028080729767680168 0.0
0.0 0.052601784467697144 0.0
0.0 0.042012520134449005 0.0
0.01007982436567545 0.003676053136587143 0.0
0.02521217241883278 0.0 0.0
0.011727255769073963 0.00494877714663744 0.0
0.0 0.0389070138335228 0.0
0.012256958521902561 0.024938466027379036 0.0
0.07099990546703339 0.007839106023311615 0.0
0.04009365290403366 0.04935512691736221 0.0
0.0 0.05042598396539688 0.0
0.0 0.046233102679252625 0.0
0.0 0.06419560313224792 0.0
0.0 0.07181144505739212 0.0
0.0 0.10588392615318298 0.0
0.0 0.10058237612247467 0.0
0.0 0.0 0.0
0.0 0.0 0.0
0.0 0.018592430278658867 0.0
0.0 0.0684867575764656 0.0
0.0005865851417183876 0.08535228669643402 0.0
0.037057507783174515 0.03647156059741974 0.0
0.045429423451423645 0.0 0.0
0.07916209101676941 0.027673544362187386 0.008192166686058044
0.07114864140748978 0.05086567997932434 0.06480804085731506
0.03685537725687027 0.04875566065311432 0.07834675908088684
0.029307978227734566 0.018990838900208473 0.08137983083724976
0.04959806799888611 0.0 0.07615470886230469
0.027095157653093338 0.0 0.08009645342826843
0.0 0.0 0.059521403163671494
0.0 0.0032936343923211098 0.05701803043484688
0.0 0.0 0.06753671169281006
0.0022902092896401882 0.0 0.006249656900763512
0.0 0.007700633257627487 0.010137870907783508
0.0 0.0 0.013538461178541183
0.007775521837174892 0.03635731339454651 0.0
0.0 0.01722995564341545 0.0
0.010882898233830929 0.02462848462164402 0.005363622680306435
0.017565835267305374 0.0948464572429657 0.0
0.024058355018496513 0.11824259907007217 0.0
0.0 0.11828919500112534 0.0
0.0 0.11292159557342529 0.004337772727012634
0.008713221177458763 0.12449941784143448 0.023827053606510162
0.03875607252120972 0.10962380468845367 0.005917560309171677
0.005780814215540886 0.10016559064388275 0.0
0.0 0.09064212441444397 0.0
0.0 0.046976134181022644 0.01580933853983879
0.0 0.05027072876691818 0.0
0.0 0.05146622657775879 0.0
0.0 0.0014648418873548508 0.0
0.0 0.0 0.0
0.0 0.0 0.0
0.0 0.0 0.0
0.0 0.0 0.013145912438631058
0.0 0.0 0.01321675255894661
0.0 0.009868979454040527 0.01622372679412365
0.0 0.019544776529073715 0.003138285130262375
0.0 0.03968413174152374 0.0
0.0 0.10758674889802933 0.046345144510269165
0.0 0.12865900993347168 0.09453637897968292
0.0 0.012856779620051384 0.03715830296278
0.04437614232301712 0.0 0.0
0.0776568129658699 0.0 0.0
0.04003753513097763 0.0 0.0
0.0 0.0 0.0
0.0 0.0 0.0
0.030563073232769966 0.0 0.0
0.15120559930801392 0.0 0.0
0.1106342077255249 0.0 0.0
0.0 0.02953167073428631 0.0
0.0 0.12948836386203766 0.0
0.0 0.0686364620923996 0.0
0.046971339732408524 0.0 0.0
0.08114688843488693 0.0 0.0
0.07368950545787811 0.0 0.0
0.039871085435152054 0.0 0.0
0.05922134965658188 0.0 0.0
0.052346665412187576 0.021691590547561646 0.0
0.0 0.12322141230106354 0.10979313403367996
0.0598200261592865 0.11266463994979858 0.03391381353139877
0.0 0.1810021549463272 0.0
0.0 0.2744061350822449 0.059919849038124084
0.0 0.3211672604084015 0.052818529307842255
0.0 0.27336299419403076 0.04618965461850166
0.0 0.12761615216732025 0.06507066637277603
0.06848808377981186 0.02556649036705494 0.008078488521277905
0.15333160758018494 0.0 0.0
0.09011401981115341 0.05431637912988663 0.0
0.0 0.12659509479999542 0.037603091448545456
0.04200800880789757 0.11388383060693741 0.0016903644427657127
0.07100343704223633 0.03951479494571686 0.0
0.0354025661945343 0.0 0.0
0.021544277667999268 0.0 0.0
0.0 0.0 0.04772816225886345
0.04395158216357231 0.0 0.08962075412273407
0.11943009495735168 0.0 0.018901310861110687
0.16046248376369476 0.0 0.0
0.12378889322280884 0.0 0.0
0.05603088065981865 0.0 0.053353555500507355
0.2489984780550003 0.0 0.052702147513628006
0.5155451893806458 0.0 0.04612041264772415
0.5480887293815613 0.0 0.0
0.35672706365585327 0.0 0.0
0.20390529930591583 0.0 0.0
0.1860344260931015 0.0 0.0
0.09904759377241135 0.0 0.0
0.09469625353813171 0.0 0.0
0.12114223837852478 0.0 0.0
0.017268838360905647 0.0 0.0
0.0 0.11180736869573593 0.046507902443408966
0.0 0.17765456438064575 0.06802251189947128
0.0 0.15864011645317078 0.05267525091767311
0.0 0.13102908432483673 0.03885963559150696
0.003355416003614664 0.0 0.006261215545237064
0.0847804993391037 0.0 0.0
0.011478323489427567 0.10985934734344482 0.0
0.0 0.17783227562904358 0.012679965235292912
0.0 0.1711469441652298 0.08232615143060684
0.04591646045446396 0.09529904276132584 0.13841472566127777
0.1499890685081482 0.0 0.160199373960495
0.2844877541065216 0.0 0.04055154323577881
0.2778064012527466 0.0 0.0
0.2663990259170532 0.0 0.0
0.2561277449131012 0.0 0.0
0.34113609790802 0.0 0.0
0.3398023843765259 0.0 0.0
0.154560387134552 0.0 0.0
0.0 0.0 0.0
0.0 0.0 0.0
0.0 0.0 0.0
0.16649453341960907 0.0 0.0
0.23332816362380981 0.0 0.0
0.0 0.0 0.0
0.0 0.0 0.0
0.0 0.16165676712989807 0.0
0.0 0.1141640767455101 0.047512512654066086
0.06113748997449875 0.0 0.17727024853229523
0.26951730251312256 0.0 0.3173131048679352
0.15247699618339539 0.0 0.4346884489059448
0.0 0.5810204744338989 0.5956563353538513
0.0 1.2411466836929321 0.7701138854026794
0.0 1.6927682161331177 0.8753628134727478
0.0 1.698988914489746 0.8824638724327087
0.0 1.2501556873321533 0.8022915124893188
0.0 0.9070473313331604 0.608977735042572
0.0 0.7564935088157654 0.47225794196128845
0.06440705060958862 0.5196253061294556 0.3771410286426544
0.10561361163854599 0.3168373107910156 0.28288349509239197
0.06841325014829636 0.21854189038276672 0.1486537754535675
0.010200805962085724 0.0715327337384224 0.0
0.0 0.0 0.0
0.0 0.0 0.0
0.0 0.0 0.0
0.0 0.0 0.0
0.0 0.0 0.0
0.0 0.0 0.0
0.0 0.0 0.0
0.0 0.0 0.0
0.0 0.0 0.0
0.0 0.0 0.0
0.0 0.0 0.0
0.0 0.0 0.0
0.0 0.0 0.0
0.022693047299981117 0.0 0.0
0.1251903921365738 0.0 0.0
0.12933319807052612 0.0 0.0
0.06893084943294525 0.0 0.0
0.0 0.0 0.07206946611404419
0.0 0.0954340249300003 0.17556124925613403
0.0 0.10478145629167557 0.23854127526283264
0.0 0.12682977318763733 0.2966053783893585
0.0 0.30824509263038635 0.3693309724330902
0.03355395048856735 0.49172064661979675 0.46755102276802063
0.006981994025409222 0.5842546224594116 0.4707905054092407
0.0 0.5505964756011963 0.39339691400527954
0.020334817469120026 0.4095011353492737 0.2866070866584778
0.13718554377555847 0.5029685497283936 0.24961790442466736
0.18272612988948822 0.4687487483024597 0.2788064181804657
0.18035724759101868 0.4506038427352905 0.2990219295024872
0.14768850803375244 0.3764422535896301 0.24717605113983154
0.09433794021606445 0.153808131814003 0.10810869932174683
0.09736941754817963 0.0 0.0
0.09399252384901047 0.0 0.0
0.06126147881150246 0.0 0.0
0.05368824675679207 0.0 0.0
0.07080038636922836 0.0 0.0
0.07409605383872986 0.0 0.0
0.092410609126091 0.0 0.0
0.07851157337427139 0.0 0.0
0.0 0.0 0.0
0.0 0.0 0.0
0.0 0.0 0.0
0.0 0.0 0.0
0.03352731838822365 0.0 0.0
0.23297011852264404 0.0 0.0
0.2484702467918396 0.0 0.0
0.07609395682811737 0.0 0.0
0.0 0.12898559868335724 0.03013853169977665
0.0 0.5366303324699402 0.2273339033126831
0.0 0.47786420583724976 0.24643194675445557
0.009416390210390091 0.22175335884094238 0.17798951268196106
0.0 0.06477171927690506 0.09180855005979538
0.0 0.11509188264608383 0.053519219160079956
0.0 0.3617916703224182 0.10227690637111664
0.0 0.5903183221817017 0.14413754642009735
0.0 0.5745612382888794 0.11064136028289795
0.0 0.2918141782283783 0.05812462419271469
0.0 0.03437439724802971 0.0
0.11266554892063141 0.007600842975080013 0.0
0.0054685198701918125 0.2955876290798187 0.05319644510746002
0.0 0.747412919998169 0.1375105381011963
0.0 1.1946194171905518 0.27500447630882263
0.0 1.2443183660507202 0.3927544057369232
0.0 1.0661033391952515 0.396504670381546
0.0 0.9379616379737854 0.3223193883895874
0.0 0.8434053063392639 0.2325996309518814
0.0 0.6146624088287354 0.12054126709699631
0.018447179347276688 0.2913525104522705 0.036217063665390015
0.14245539903640747 0.0 0.0
0.1511349081993103 0.0 0.0
0.11501792818307877 0.0 0.0
0.1684236228466034 0.0 0.0
0.3072640895843506 0.0 0.0
0.4090293347835541 0.0 0.0
0.25150439143180847 0.0 0.0
0.0 0.0 0.0
0.0 0.0 0.0
0.0 0.0 0.0
0.0 0.0 0.0
0.0 0.0 0.0
0.0 0.0 0.0
0.0 0.0 0.0
0.0 0.0 0.0
0.016225570812821388 0.0 0.03698059171438217
0.16882362961769104 0.0 0.1890588104724884
0.22455400228500366 0.09682750701904297 0.20323428511619568
0.13166826963424683 0.2248946726322174 0.12152955681085587
0.042789533734321594 0.2370397448539734 0.0480356365442276
0.050328150391578674 0.23917506635189056 0.04170797020196915
0.0 0.3560929000377655 0.09568251669406891
0.0 0.5525245070457458 0.19400030374526978
0.0 0.6648744344711304 0.26630911231040955
0.0 0.6488350629806519 0.26357460021972656
0.0 0.7010420560836792 0.24850189685821533
0.0 0.761646032333374 0.28640854358673096
0.0 0.7922846078872681 0.34407421946525574
0.0 0.8335268497467041 0.3767557442188263
0.0 0.9760637879371643 0.38626882433891296
0.0 0.8797151446342468 0.3347046971321106
0.0 0.7545510530471802 0.2584437429904938
0.0 0.5473371744155884 0.17866608500480652
0.0 0.31997403502464294 0.07865479588508606
0.041052624583244324 0.05124324560165405 0.0
0.019090332090854645 0.0 0.0
0.007388136815279722 0.0 0.0
0.02639831230044365 0.0 0.0
0.02749713324010372 0.0 0.0
0.06280452758073807 0.0 0.0
0.12335655093193054 0.0 0.0
0.14135098457336426 0.0 0.0
0.10653815418481827 0.0 0.0
0.0822109803557396 0.0 0.0
0.1507362276315689 0.0 0.0
0.0735226646065712 0.0 0.0
0.0 0.0 0.0
0.0 0.1922921985387802 0.0
0.0 0.25226712226867676 0.05071977153420448
0.015989862382411957 0.13932804763317108 0.04424962401390076
0.12605378031730652 0.0 0.004180767573416233
0.11673405021429062 0.021343614906072617 0.0
0.0 0.20244070887565613 0.0
0.0 0.2650761306285858 0.02639525756239891
0.002619728911668062 0.19054196774959564 0.0026177577674388885
0.0608832985162735 0.03446580842137337 0.0
0.10236070305109024 0.0 0.0
0.10319267213344574 0.0 0.0
0.009457394480705261 0.0 0.0
0.0 0.10798103362321854 0.0
0.0 0.1653260886669159 0.0
0.0 0.15676482021808624 0.0
0.0 0.036441873759031296 0.0
0.06633000075817108 0.0 0.004752814769744873
0.055262431502342224 0.08431192487478256 0.0
0.0 0.09842561185359955 0.0
0.0 0.11852715164422989 0.0
0.0 0.13216494023799896 0.0
0.0 0.12679360806941986 0.02422424778342247
0.0 0.15755978226661682 0.04666084796190262
0.0 0.10239186137914658 0.012362531386315823
0.0 0.027895256876945496 0.010409901849925518
0.025729842483997345 0.006147350184619427 0.11549238115549088
0.02015877515077591 0.05282404273748398 0.14550088346004486
0.0 0.0 0.028591033071279526
0.0 0.0 0.004980248399078846
0.0 0.0 0.028523657470941544
0.0156228793784976 0.0 0.058740414679050446
0.035842932760715485 0.0 0.06100650131702423
0.01375200878828764 0.0 0.018891271203756332
0.023502906784415245 0.0 0.0
0.05660839378833771 0.0 0.0
0.09091416746377945 0.0 0.0
0.0 0.008840871043503284 0.0
0.0 0.12913399934768677 0.0
0.0 0.15056045353412628 0.0
0.0 0.10905268788337708 0.0
0.0 0.0900675505399704 0.0
0.0 0.09002893418073654 0.0
0.0 0.11549700796604156 0.0
0.0 0.17342902719974518 0.0
0.0 0.16524779796600342 0.0
0.0 0.05780681595206261 0.0
0.0 0.05787259712815285 0.0
0.0 0.13878466188907623 0.0
0.0 0.1544714719057083 0.0
0.0 0.03918376937508583 0.0
0.0 0.012563876807689667 0.0
0.0 0.04797353222966194 0.0
0.0 0.12689337134361267 0.0
0.0 0.14514055848121643 0.0
0.0 0.060938332229852676 0.0
0.0 0.0 0.0
0.03122413530945778 0.0 0.0
0.26885318756103516 0.0 0.024730948731303215
0.45629605650901794 0.0 0.22864919900894165
0.6514067053794861 0.0 0.5093826055526733
1.3306738138198853 0.0 0.9348726272583008
2.405991554260254 0.0 1.5401830673217773
2.9820806980133057 0.0 1.9828318357467651
3.4049503803253174 0.0 2.094555377960205
3.4406020641326904 0.0 2.1548120975494385
3.5216805934906006 0.0 2.2112560272216797
4.469124794006348 0.0 2.3434996604919434
6.043083667755127 0.0 2.9914231300354004
7.497104644775391 0.0 3.6732757091522217
7.727525234222412 0.0 3.873887300491333
7.066262245178223 0.0 3.501664876937866
6.927867412567139 0.0 2.626511573791504
7.331352233886719 0.0 2.458618402481079
8.459833145141602 0.0 2.3640146255493164
9.03000259399414 0.0 2.6682419776916504
5.942419052124023 0.07851759344339371 2.9556572437286377
2.308176279067993 2.6355504989624023 1.6969434022903442
0.6522378921508789 2.8544347286224365 0.3307603895664215
1.360339879989624 1.6115803718566895 0.0
2.2126808166503906 1.2730097770690918 0.0
2.154444456100464 2.655738115310669 0.0
1.621331810951233 4.126819610595703 0.0
1.5409812927246094 4.2326788902282715 0.0
1.5093871355056763 3.660412311553955 0.0
0.7404489517211914 3.6303560733795166 0.0
0.0 3.893559694290161 0.0
0.0 3.5736899375915527 0.0
0.0 2.898435354232788 0.0
0.0 2.367108106613159 0.0
0.0 2.1729538440704346 0.0
0.0 1.7433350086212158 0.0
0.0 1.337674856185913 0.0
0.0 0.7715421915054321 0.0
0.0 0.2978169322013855 0.0
0.0 0.11606816947460175 0.0
0.0 0.11418238282203674 0.0
0.0 0.246599018573761 0.0
0.0 0.21078360080718994 0.0
0.0 0.05966545641422272 0.0
0.0 0.0 0.0
0.0 0.0 0.0
0.0 0.0 0.0
0.0 0.0 0.0
0.0 0.0 0.0
0.0 0.0 0.0
0.0 0.0 0.0
0.0 0.0 0.0
0.0 0.0 0.0
0.0 0.0 0.0
0.0 0.0 0.0
0.0 0.09011177718639374 0.0
0.0 0.0 0.14770278334617615
0.2029087394475937 0.0 0.18274757266044617
0.3655911386013031 0.0 0.1439138948917389
0.33425211906433105 0.0 0.10138241946697235
0.23441898822784424 0.13986176252365112 0.07848562300205231
0.1822684407234192 0.2250208556652069 0.0771724283695221
0.21207506954669952 0.19093292951583862 0.07949629426002502
0.24950286746025085 0.11225835978984833 0.06038545444607735
0.2260657250881195 0.0007520713843405247 0.039491888135671616
0.087725430727005 0.033046893775463104 0.005096896551549435
0.0013676409143954515 0.07893822342157364 0.003314708359539509
0.0 0.028968794271349907 0.011548403650522232
0.03414928913116455 0.0 0.007363779470324516
0.04168124124407768 0.0 0.0
0.03218281269073486 0.0 0.0
0.015058153308928013 0.0 0.0
0.014142824336886406 0.0 0.0
0.044590480625629425 0.0 0.02007398195564747
0.0 0.0 0.0
0.0 0.021972404792904854 0.0
0.0 0.0 0.0
0.05477307736873627 0.004078626167029142 0.09227573871612549
0.044594742357730865 0.04890735074877739 0.0506550595164299
0.03747637942433357 0.021424591541290283 0.012035496532917023
0.03540816530585289 0.0 0.0012387745082378387
0.08958751708269119 0.0 0.02199811488389969
0.11600714176893234 0.0 0.04244932904839516
0.06152099370956421 0.0 0.05378081277012825
0.0 0.031049789860844612 0.02645678073167801
0.024807188659906387 0.0 0.0
0.07296326756477356 0.0 0.0
0.042185377329587936 0.0 0.0
0.0 0.0 0.0
0.0 0.015338735654950142 0.0
0.029966261237859726 0.0 0.010781945660710335
0.030329782515764236 0.03324583172798157 0.0
0.020938146859407425 0.00040372973307967186 0.0
0.0303601436316967 0.0 0.0
0.05663862079381943 0.0 0.006668161600828171
0.05441860854625702 0.0 0.021746978163719177
0.0 0.033237844705581665 0.009383253753185272
0.0 0.016204796731472015 0.019924577325582504
0.0 0.0 0.0039935484528541565
0.004666764754801989 0.0 0.0
0.0 0.0 0.0
0.0 0.0 0.0
0.0 0.0 0.0
0.0 0.03339044377207756 0.0
0.00017507746815681458 0.01726659946143627 0.006307834759354591
0.02035358175635338 0.0 0.008483903482556343
0.021646812558174133 0.0 0.0
0.05685167387127876 0.0 0.0
0.08427157998085022 0.0 0.011069035157561302
0.05852014198899269 0.0 0.037805575877428055
0.011770747601985931 0.03844192624092102 0.023585360497236252
0.04287939891219139 0.0 0.00022437702864408493
0.09515298902988434 0.0 0.0
0.06966494023799896 0.0 0.0
0.06742016226053238 0.0 0.0004624631255865097
0.051509104669094086 0.0 0.0
0.02061004564166069 0.0 0.0
0.0 0.0 0.0
0.0 0.015315035358071327 0.0
0.0 0.0 0.015646476298570633
0.0 0.0 0.0
0.0 0.0 0.0
0.0 0.0 0.029544182121753693
0.04905926436185837 0.0 0.02273421362042427
0.018612142652273178 0.0035254876129329205 0.0
0.015392912551760674 0.0 0.0
0.05887194722890854 0.0 0.00035300757735967636
0.05683596059679985 0.02037903480231762 0.0
0.011193906888365746 0.008872048929333687 0.0
0.0014749662950634956 0.0 0.0
0.025803208351135254 0.0 0.0
0.03648834303021431 0.0 0.0
0.059994202107191086 0.0 0.0
0.04722914099693298 0.0 0.0
0.004813771229237318 0.0 0.0
0.0 0.0195369441062212 0.0
0.0 0.024812133982777596 0.0
0.024746999144554138 0.0 0.0
0.03636717051267624 0.0 0.0031988611444830894
0.03319268301129341 0.0 0.0021333303302526474
0.00024085771292448044 0.0 0.0
0.0 0.0013262485153973103 0.007270835340023041
0.01934962160885334 0.002342467661947012 0.007519531063735485
0.06094234064221382 0.0 0.0024209097027778625
0.05913085862994194 0.0 0.0
0.08489400893449783 0.0 0.0
0.20761726796627045 0.0 0.0
0.32130736112594604 0.0 0.0
0.3132989704608917 0.0 0.0
0.24089479446411133 0.0 0.0
0.13789065182209015 0.0 0.0
0.054714005440473557 0.0288904570043087 0.0
0.0 0.04235246777534485 0.12175609916448593
0.0 0.044081393629312515 0.23695750534534454
0.0 0.03731083869934082 0.357344388961792
0.0 0.0 0.481825590133667
0.0 0.0 0.6137884259223938
0.0 0.07039529085159302 0.9607461094856262
0.0 0.3026370406150818 1.1206119060516357
0.0 0.6936287879943848 1.1618778705596924
0.08371768891811371 0.73224276304245 1.2337501049041748
0.38606345653533936 0.2985245883464813 1.3464692831039429
0.5909984707832336 0.0 1.380160927772522
0.5990193486213684 0.0 1.385679006576538
0.5032023191452026 0.0 1.181265950202942
0.32441872358322144 0.16178539395332336 0.9875244498252869
0.3523624837398529 0.17030297219753265 0.9696698188781738
0.42872756719589233 0.0 0.9825246334075928
0.3999664783477783 0.0 0.7500194907188416
0.3052365183830261 0.0 0.3024129569530487
0.1555388867855072 0.0 0.0
0.0 0.0 0.0
0.0 0.0 0.0
0.0 0.08931624889373779 0.0
0.0 0.33803606033325195 0.0
0.0 0.34730809926986694 0.0
0.0 0.15405289828777313 0.0
0.0 0.0 0.0
0.0 0.0 0.0
0.018604204058647156 0.0 0.0
0.0 0.22022606432437897 0.0
0.0 0.33424556255340576 0.0
0.0 0.2320646047592163 0.0
0.0 0.1341273933649063 0.0
0.0 0.0 0.0
0.11945651471614838 0.0 0.1040458083152771
0.1782846748828888 0.0 0.39718952775001526
0.07878684997558594 0.0 0.6323429346084595
0.0 0.0 0.8299052715301514
0.0 0.0 0.9697555899620056
0.0 0.0 1.1010499000549316
0.22183135151863098 0.0 1.2675364017486572
0.4611489474773407 0.0 1.4242554903030396
0.5002481341362 0.0 1.439102292060852
0.44981053471565247 0.0 1.3682286739349365
0.386786550283432 0.0 1.1951857805252075
0.34078872203826904 0.0 1.0156583786010742
0.3202405571937561 0.0 0.8360369205474854
0.3142910599708557 0.0 0.6853054165840149
0.29883140325546265 0.0 0.5204877257347107
0.12529106438159943 0.0 0.18477632105350494
0.0 0.09049095958471298 0.0
0.0 0.047924332320690155 0.0
0.0 0.0 0.0
0.0 0.0 0.0
0.0 0.03204896301031113 0.0
0.0 0.0017238124273717403 0.0
0.0 0.0 0.0
0.0 0.024591311812400818 0.0
0.0 0.03723946213722229 0.0
0.0 0.03188677504658699 0.0
0.0 0.011703742668032646 0.0
0.0 0.0 0.0
0.0 0.0 0.0
0.0 0.003260988276451826 0.0
0.0 0.04405129700899124 0.0
0.0 0.0 0.0
0.0 0.0 0.0
0.0 0.0 0.0
0.0 0.0 0.0
0.0 0.0 0.0
0.01715499721467495 0.0 0.009560015983879566
0.14000822603702545 0.0 0.31207194924354553
0.14979293942451477 0.006603788118809462 0.5066730976104736
0.06564050912857056 0.02874824032187462 0.5988478064537048
0.04794486612081528 0.050868455320596695 0.6628416776657104
0.09920858591794968 0.029137860983610153 0.7605000734329224
0.18540365993976593 0.007233093027025461 0.8862830400466919
0.2736453711986542 0.0 1.0195404291152954
0.2556418478488922 0.03319332003593445 1.0141984224319458
0.16673223674297333 0.14095653593540192 0.9581071138381958
0.2579372525215149 0.0 1.0974317789077759
0.6086226105690002 0.0 1.3890572786331177
0.7841081023216248 0.0 1.4244743585586548
0.6355838775634766 0.0 1.1772613525390625
0.3518853187561035 0.14397309720516205 0.9076189398765564
0.14888453483581543 0.24030975997447968 0.8396678566932678
0.22410711646080017 0.0 0.9548649787902832
0.4479290246963501 0.0 1.039368987083435
0.4515852630138397 0.0 0.8047820329666138
0.2077944576740265 0.06825436651706696 0.47967612743377686
0.0 0.3163001239299774 0.24287743866443634
0.0 0.29445886611938477 0.14286547899246216
0.01178910955786705 0.13940216600894928 0.036733709275722504
0.06813254207372665 0.0008019427768886089 0.0
0.0 0.0 0.0
0.0 0.08948040753602982 0.0
0.0 0.24816513061523438 0.0
0.0 0.3308807909488678 0.0
0.0 0.2894792854785919 0.0
0.0 0.2117203027009964 0.0
0.0 0.1012776792049408 0.0
0.0 0.040938179939985275 0.0
0.0 0.0 0.0
0.0 0.024016451090574265 0.0
0.0 0.05195833742618561 0.0
0.0 0.0 0.0
0.0 0.0 0.0
0.0 0.0 0.0
0.0 0.0 0.0
0.0 0.0 0.0
0.0 0.00037264125421643257 0.0
0.0 0.0 0.0
0.019815344363451004 0.020470185205340385 0.27786776423454285
0.0689069852232933 0.19451655447483063 0.6175784468650818
0.04922756180167198 0.3183082640171051 0.786577045917511
0.08787961304187775 0.3094247579574585 0.8670580387115479
0.15697400271892548 0.15936842560768127 0.8715351223945618
0.26658838987350464 0.017720205709338188 0.880717396736145
0.30297860503196716 0.0 0.8649355173110962
0.2707069516181946 0.0 0.7844699621200562
0.2235245406627655 0.0 0.7050100564956665
0.23994211852550507 0.0 0.6602018475532532
0.29442745447158813 0.0 0.6455930471420288
0.34945717453956604 0.0 0.6811792850494385
0.4158417880535126 0.0 0.6583014130592346
0.3647826015949249 0.0 0.5479839444160461
0.2403341382741928 0.03224935010075569 0.4232630431652069
0.15343865752220154 0.05283531919121742 0.3658410310745239
0.17142191529273987 0.0 0.3667718172073364
0.15372495353221893 0.0 0.31514430046081543
0.07732603698968887 0.0 0.17131176590919495
0.0 0.0 0.009290366433560848
0.0 0.00978744775056839 0.0
0.0 0.0 0.0
0.0 0.0 0.0
0.0 0.0 0.0
0.0 0.0 0.0
0.0 0.0 0.0
0.0 0.0 0.0
0.0 0.0 0.0
0.0 0.0 0.0
0.0 0.0 0.0
0.0 0.0 0.0
0.0 0.0 0.0
0.0 0.0 0.0
0.0 0.0 0.0
0.0 0.0 0.0
0.0 0.0 0.0
0.0 0.0 0.0
0.06892702728509903 0.023988306522369385 0.17154079675674438
0.1446545422077179 0.028743114322423935 0.28128090500831604
0.09873153269290924 0.05538510903716087 0.288386732339859
0.07550876587629318 0.09377670288085938 0.2690495252609253
0.09137161821126938 0.07775379717350006 0.2809075117111206
0.1358400136232376 0.03290883079171181 0.3089825510978699
0.15699750185012817 0.004109671339392662 0.3229886591434479
0.13047215342521667 0.00421886146068573 0.3077676296234131
0.05358908697962761 0.05681150034070015 0.2152949422597885
0.0 0.126569002866745 0.08541630208492279
0.0008848640136420727 0.06817467510700226 0.048148032277822495
0.06262945383787155 0.005306229926645756 0.05390259250998497
0.05626077204942703 0.0 0.04954512417316437
0.0 0.03112504631280899 0.014731750823557377
0.0 0.006733683869242668 0.0017698798328638077
0.008700708858668804 0.0 0.0
0.0394706055521965 0.0 0.01505053136497736
0.0 0.0 0.01797148585319519
0.0 0.0 0.026442203670740128
0.004210885614156723 0.0 0.02224559336900711
0.02868426963686943 0.0 0.027796953916549683
0.025338008999824524 0.0 0.042737022042274475
0.0 0.0 0.025382529944181442
0.0 0.0 0.0
0.01731310598552227 0.0 0.0
0.05662748962640762 0.0 0.0077574653550982475
0.021485745906829834 0.0 0.0010140743106603622
0.0 0.0 0.0
0.0 0.0 0.0
0.0 0.02275899052619934 0.0
0.0 0.003604469820857048 0.0
0.03650224581360817 0.0 0.0
0.059946853667497635 0.0 0.00040207989513874054
0.031165538355708122 0.030009977519512177 0.0034575248137116432
0.019427655264735222 0.04490929841995239 0.005525202490389347
0.009800061583518982 0.04385735094547272 0.0075622545555233955
0.004548042081296444 0.026897810399532318 0.0
0.019452689215540886 0.0034790346398949623 0.0
0.01947106420993805 0.0 0.0
0.0 0.0 0.0
0.0 0.0 0.0
0.007641036994755268 0.0 0.0
0.002368379384279251 0.0 0.0
0.0 0.0 0.0
0.0 0.0 0.0
0.0 0.0 0.0
0.0 0.0 0.0
0.0 0.0 0.0
0.0 0.01962527446448803 0.0
0.0 0.024961717426776886 0.0
0.0 0.0 0.0
0.009836948476731777 0.007726003881543875 0.0
0.0 0.014058468863368034 0.018017640337347984
0.004351635463535786 0.009806998074054718 0.013805583119392395
0.017328687012195587 0.0 0.0
0.017388075590133667 0.0 0.0
0.013882823288440704 0.0 0.015927057713270187
0.012734999880194664 0.0 0.02556823566555977
0.0 0.012000910937786102 0.0029920851811766624
0.011108340695500374 0.005673505831509829 0.0
0.03890322148799896 0.0 0.0
0.011283577419817448 0.020613307133316994 0.0
0.0 0.0505690760910511 0.0
0.0 0.02294543758034706 0.0
0.0018783577252179384 0.0005168267525732517 0.0
0.01577792875468731 0.011124463751912117 0.0
0.0 0.03563246876001358 0.0
0.0 0.07306107133626938 0.0
0.0 0.16491402685642242 0.0
0.0 0.2684420049190521 0.0
0.0 0.34202247858047485 0.0
0.0 0.26245495676994324 0.0
0.0 0.1840246021747589 0.0
0.0 0.0 0.0
0.0 0.0 0.0
0.0 0.0 0.0
0.25703874230384827 0.0 0.0
0.5616511106491089 0.0 0.0
0.6660374402999878 0.0 0.0
1.1431523561477661 0.0 0.2355707287788391
1.4307128190994263 0.0 0.2885412871837616
1.6179755926132202 0.0 0.4561561048030853
2.3840889930725098 0.0 0.875751793384552
4.231243133544922 0.0 1.4981542825698853
6.33350133895874 0.0 2.148346424102783
6.985256671905518 0.0 2.5425190925598145
6.313414573669434 0.0 2.603267192840576
6.112700939178467 0.0 2.717770576477051
6.659205913543701 0.0 3.169497489929199
7.433422088623047 0.0 3.7715506553649902
8.007587432861328 0.0 3.406632900238037
8.466432571411133 0.0 2.343540906906128
8.911945343017578 0.0 1.5890525579452515
8.214900970458984 0.0 1.7085331678390503
5.295145034790039 1.6982671022415161 2.309185743331909
3.142545700073242 3.9719338417053223 2.1262595653533936
2.4323480129241943 3.613565444946289 1.3883440494537354
2.222592353820801 2.4176788330078125 0.324739545583725
2.26741623878479 1.5876926183700562 0.0
2.269771099090576 1.431527018547058 0.0
2.1639225482940674 1.9654088020324707 0.0
2.1304879188537598 2.4583210945129395 0.0
2.1488282680511475 2.659802198410034 0.0
1.987235188484192 2.7255101203918457 0.0
1.5401335954666138 2.918016195297241 0.0
1.15175199508667 3.0465471744537354 0.0
0.6051563024520874 3.597008466720581 0.0
0.29552146792411804 3.394895553588867 0.0
0.16578984260559082 2.622734785079956 0.0
0.0 1.8671815395355225 0.0
0.0 1.5292881727218628 0.0
0.0 1.6374114751815796 0.0
0.0 1.5181540250778198 0.0
0.0 0.6752320528030396 0.0
0.0 0.15858574211597443 0.0
0.0 0.03957093879580498 0.0
0.0 0.13833852112293243 0.0
0.0 0.0 0.0
0.0 0.0 0.0
0.0 0.0 0.0
0.0 0.0 0.0
0.0 0.0 0.0
0.0 0.0 0.0
0.0 0.0 0.0
0.0 0.0 0.0
0.0 0.0 0.0
0.0 0.0 0.0
0.0 0.0 0.0
0.0 0.0 0.0
0.0 0.0 0.0
0.0 0.0 0.24808816611766815
0.0 0.0 0.26822566986083984
0.0 0.0 0.1647980809211731
0.0 0.024572283029556274 0.12888482213020325
0.0 0.09226664155721664 0.16018761694431305
0.21726128458976746 0.06515326350927353 0.1784995049238205
0.2901557385921478 0.037502728402614594 0.14281527698040009
0.18599364161491394 0.03892645239830017 0.10118341445922852
0.11370586603879929 0.020046770572662354 0.07048729062080383
0.02226623147726059 0.009726489894092083 0.035354334861040115
0.023333095014095306 0.0 0.027721449732780457
0.0805969163775444 0.0 0.040616475045681
0.05404357612133026 0.0 0.016592368483543396
0.03905344009399414 0.0 0.0
0.03339475393295288 0.0 0.0
0.0 0.0 0.0
0.0 0.0 0.0
0.0 0.0 0.0
0.0 0.0 0.0
0.0 0.0 0.0
0.008137600496411324 0.0 0.0
0.04482956975698471 0.0 0.01843367889523506
0.06058908998966217 0.010664399713277817 0.045353710651397705
0.03491595387458801 0.02025577425956726 0.05260656401515007
0.0 0.015117205679416656 0.027594689279794693
0.0371231809258461 0.0 0.03750004991889
0.04355817288160324 0.0 0.03872563689947128
0.03402885049581528 0.0 0.031148944050073624
0.0649191215634346 0.0 0.029151838272809982
0.06289006024599075 0.0 0.015164381824433804
0.0 0.0 0.0035639191046357155
0.0 0.0 0.002640867605805397
0.024495001882314682 0.0 0.018103182315826416
0.042685724794864655 0.0 0.01184049155563116
0.02135513536632061 0.0 0.008377849124372005
0.024462511762976646 0.0 0.015849079936742783
0.002501552924513817 0.0 0.0
0.0 0.016431208699941635 0.0
0.03736419230699539 0.03311697766184807 0.023828178644180298
0.1009967029094696 0.016906317323446274 0.06073399633169174
0.08646543323993683 0.0 0.013428534381091595
0.06541500240564346 0.0 0.0
0.07586471736431122 0.0 0.0014645494520664215
0.04048435389995575 0.0 0.024775996804237366
0.0042235529981553555 0.02253570780158043 0.027736101299524307
0.030995512381196022 0.0 0.01291960384696722
0.05137375742197037 0.0 0.0
0.0 0.0 0.0
0.0 0.0 0.0
0.010794103145599365 0.0 0.0019590985029935837
0.01943366602063179 0.0 0.0
0.02803061529994011 0.0 0.0
0.0 0.0 0.0
0.0 0.0005715517327189445 0.0
0.003225133754312992 0.024688072502613068 0.021323207765817642
0.05838958919048309 0.01808263547718525 0.05283399671316147
0.0438212975859642 0.025686226785182953 0.01745869591832161
0.0 0.010960277169942856 0.0008972957730293274
0.0 0.0 0.0
0.0 0.022751422598958015 0.0
0.0 0.026942439377307892 0.004966340027749538
0.027721155434846878 0.0 0.021464355289936066
0.05862428620457649 0.002246163785457611 0.02714696153998375
0.040524113923311234 0.015047978609800339 0.02487102523446083
0.031200654804706573 0.013044748455286026 0.0
0.02191207930445671 0.026992522180080414 0.0
0.021660946309566498 0.02690064162015915 0.0
0.028974782675504684 0.024703536182641983 0.007693900726735592
0.0425928570330143 0.015019748359918594 0.03130149468779564
0.06588087230920792 0.012778699398040771 0.049688223749399185
0.043533485382795334 0.01072114147245884 0.0430484302341938
0.019212966784834862 0.021477382630109787 0.022542357444763184
0.05107768997550011 0.0 0.03345732390880585
0.20373061299324036 0.139016792178154 0.05147440731525421
0.17914405465126038 0.3430596590042114 0.08607632666826248
0.05941231921315193 0.3538457453250885 0.1073499247431755
0.0 0.2882020175457001 0.08901086449623108
0.0 0.15550948679447174 0.04146038740873337
0.03086989000439644 0.05436316132545471 0.0355851873755455
0.06155163422226906 0.05951717868447304 0.0626162737607956
0.038068145513534546 0.09143808484077454 0.06782674789428711
0.0 0.12776707112789154 0.05550190061330795
0.0 0.09709757566452026 0.035726603120565414
0.0 0.016336681321263313 0.031084179878234863
0.0 0.0 0.02895977720618248
0.0 0.0 0.02822873741388321
0.0 0.0 0.028278805315494537
0.0 0.0 0.01219331193715334
0.0 0.0 0.0
0.0 0.0 0.0
0.0 0.0 0.0
0.0 0.0 0.000233587808907032
0.0 0.0 0.0
0.0 0.0 0.0028109950944781303
0.007544327061623335 0.0 0.007290431298315525
0.007655114401131868 0.0 0.0
0.0 0.0 0.0
0.0 0.009090753272175789 0.0
0.0 0.004718375392258167 0.0
0.01848246157169342 0.013102272525429726 0.0
0.041743576526641846 0.00022588949650526047 0.00774210412055254
0.01614074409008026 0.0 0.002045069821178913
0.0 0.0 0.0
0.0 0.013242887333035469 0.0
0.034288324415683746 0.017246950417757034 0.008791123516857624
0.03444758057594299 0.02155541256070137 0.0
0.0 0.0 0.0
0.001383636612445116 0.0 0.0
0.018524274230003357 0.0046171760186553 0.0
0.016414783895015717 0.0 0.0
0.045054152607917786 0.0 0.0
0.0024979030713438988 0.0 0.0
0.0 0.0003642020747065544 0.0
0.04241233319044113 0.0 0.043999891728162766
0.08481385558843613 0.0 0.07329146564006805
0.034665998071432114 0.012719671241939068 0.07608192414045334
0.0 0.017014019191265106 0.08951357752084732
0.009080475196242332 0.0 0.17293868958950043
0.16241329908370972 0.0 0.4987682104110718
0.3543766438961029 0.0 0.7981482744216919
0.4105954170227051 0.0 0.9332501292228699
0.31666627526283264 0.0 1.070812702178955
0.18919698894023895 0.0 1.2441734075546265
0.23546887934207916 0.0 1.498422622680664
0.49327245354652405 0.0 1.7050765752792358
0.46234357357025146 0.0 1.5052329301834106
0.26718446612358093 0.0 1.215659737586975
0.1593243032693863 0.0 1.1293634176254272
0.31374797224998474 0.0 1.2403956651687622
0.4184107482433319 0.0 1.0256708860397339
0.25785329937934875 0.0 0.5803123116493225
0.06684763729572296 0.12428481876850128 0.0767650231719017
0.0 0.13323836028575897 0.0
0.0 0.2095421850681305 0.0
0.0 0.38036614656448364 0.0
0.0 0.5589465498924255 0.0
0.0 0.5205602645874023 0.0
0.0 0.34134310483932495 0.0
0.0 0.13194672763347626 0.0
0.0 0.06389550119638443 0.0
0.0 0.07835247367620468 0.0
0.0 0.13212382793426514 0.0
0.0 0.18396678566932678 0.0
0.0 0.14126139879226685 0.0
0.0 0.0 0.0
0.0 0.0 0.0
0.0 0.0 0.0
0.017994875088334084 0.0 0.0
0.049283288419246674 0.0 0.0
0.12626010179519653 0.0 0.17366734147071838
0.3276345133781433 0.0 0.37020865082740784
0.3459477424621582 0.0 0.43943139910697937
0.1718350350856781 0.0 0.4842747449874878
0.00392486248165369 0.0 0.5593199729919434
0.07876528054475784 0.0 0.7446594834327698
0.2696540355682373 0.0 0.9425882697105408
0.341146856546402 0.0 1.0403485298156738
0.2635095715522766 0.0 0.9409003257751465
0.19094428420066833 0.015818260610103607 0.8671385049819946
0.17374718189239502 0.06468459963798523 0.8863548040390015
0.24512949585914612 0.0 0.8791757225990295
0.3236570656299591 0.0 0.8125256299972534
0.22422342002391815 0.0 0.6301239132881165
0.0989222303032875 0.07846339792013168 0.37713608145713806
0.07942522317171097 0.13018357753753662 0.20404179394245148
0.05634281039237976 0.17326927185058594 0.06720645725727081
0.0 0.278239369392395 0.0
0.0 0.3513210415840149 0.0
0.0 0.3275105059146881 0.0
0.0 0.25873836874961853 0.0
0.0 0.2209118902683258 0.0
0.0 0.19603902101516724 0.0
0.0 0.17321759462356567 0.0
0.0 0.10643111169338226 0.0
0.0 0.0 0.0
0.0 0.0 0.0
0.0 0.0 0.0
0.0 0.0 0.0
0.0 0.0 0.0
0.0 0.0 0.0
0.0 0.0 0.0
0.0 0.0 0.0
0.0 0.0 0.0
0.042108748108148575 0.0 0.0
0.01000460609793663 0.029474016278982162 0.0
0.01608966290950775 0.03745284676551819 0.01722158119082451
0.048918716609478 0.00927580427378416 0.14245113730430603
0.05322131887078285 0.0 0.24180833995342255
0.10295318812131882 0.0 0.385398805141449
0.17408381402492523 0.0 0.5173137187957764
0.22447136044502258 0.0 0.5989974141120911
0.24091371893882751 0.0015845941379666328 0.6742287874221802
0.2584282457828522 0.05657167732715607 0.7440224885940552
0.25830307602882385 0.0837596207857132 0.8648290634155273
0.21930243074893951 0.19625288248062134 0.9385179281234741
0.16342078149318695 0.3485577404499054 0.8946524858474731
0.15810644626617432 0.3394058048725128 0.7866697907447815
0.15322034060955048 0.22309301793575287 0.6206550002098083
0.1936418116092682 0.05547446012496948 0.5040690302848816
0.26449891924858093 0.0 0.4336342215538025
0.21484430134296417 0.0 0.27274149656295776
0.09447048604488373 0.0 0.15856166183948517
0.04044347256422043 0.0 0.13376496732234955
0.0723116546869278 0.0 0.1457792967557907
0.10665258765220642 0.0 0.11814980208873749
0.08619844168424606 0.0 0.028146132826805115
0.0 0.0 0.0
0.0 0.055419862270355225 0.0
0.0 0.09633320569992065 0.0
0.0 0.14614683389663696 0.0
0.0 0.19533328711986542 0.0
0.0 0.19808247685432434 0.0
0.0 0.12265528738498688 0.0
0.0 0.0 0.0
0.0 0.0 0.0
0.0 0.0 0.0
0.0 0.0 0.0
0.0 0.0 0.0
0.0 0.009885862469673157 0.0
0.0 0.008195021189749241 0.0
0.057702429592609406 0.0 0.0
0.10599272698163986 0.0 0.0
0.07400869578123093 0.0 0.05327834561467171
0.10309440642595291 0.0 0.12501057982444763
0.11449327319860458 0.0 0.147320955991745
0.1002325713634491 0.0 0.19984248280525208
0.05641106143593788 0.0025421958416700363 0.24292975664138794
0.02902577631175518 0.1638442724943161 0.3361225724220276
0.094858318567276 0.19295048713684082 0.4778922200202942
0.22766244411468506 0.13044902682304382 0.6317853927612305
0.37722715735435486 0.026359377428889275 0.8102824091911316
0.407474547624588 0.0 0.9738279581069946
0.22078615427017212 0.08873406797647476 0.9851940274238586
0.09797341376543045 0.24340727925300598 0.9118231534957886
0.20558670163154602 0.20487931370735168 0.9234563708305359
0.38266721367836 0.0 1.0003085136413574
0.41496869921684265 0.0 0.9553935527801514
0.2964279353618622 0.0 0.8700624108314514
0.181343674659729 0.12042701244354248 0.7765811681747437
0.13194683194160461 0.25468575954437256 0.7220388054847717
0.19989925622940063 0.19850105047225952 0.643480122089386
0.2684290409088135 0.01820930652320385 0.4897427558898926
0.216704860329628 0.0 0.20898298919200897
0.07402733713388443 0.0 0.0
0.0 0.028565539047122 0.0
0.0 0.07607047259807587 0.0
0.0 0.03946559131145477 0.0
0.0 0.0 0.0
0.0 0.0 0.0
0.0 0.0 0.0
0.0 0.0 0.0
0.0 0.026065366342663765 0.0
0.0 0.022700993344187737 0.0
0.0 0.0 0.0
0.0 0.0 0.0
0.0 0.0 0.0
0.0 0.0 0.0
0.0 0.0 0.0
0.0 0.0 0.0
0.0 0.0 0.0
0.0 0.0 0.0
0.0299320500344038 0.0 0.007490617223083973
0.048189375549554825 0.009456097148358822 0.1082635447382927
0.05851924419403076 0.058187153190374374 0.14912068843841553
0.07605855166912079 0.020741507411003113 0.20259031653404236
0.12291154265403748 0.0 0.3130001723766327
0.09795985370874405 0.017993126064538956 0.3566376566886902
0.05210528522729874 0.08291193842887878 0.3627999424934387
0.07651209086179733 0.08600040525197983 0.37694185972213745
0.14998339116573334 0.04435522481799126 0.3871556222438812
0.15964825451374054 0.04117061570286751 0.3808319568634033
0.1257621943950653 0.041334666311740875 0.35485440492630005
0.11671410501003265 0.019243746995925903 0.2970033586025238
0.11851786077022552 0.0 0.21999673545360565
0.08391567319631577 0.0 0.15982979536056519
0.009904835373163223 0.03933250531554222 0.09943143278360367
0.0 0.039653148502111435 0.03493500128388405
0.0 0.0 0.0
0.0 0.0 0.0
0.0 0.0 0.00723333191126585
0.0 0.02055215835571289 0.023165162652730942
0.0 0.029064953327178955 0.020009580999612808
0.016094287857413292 0.012007937766611576 0.01180278230458498
0.005549235735088587 0.008887778036296368 0.0
0.017328929156064987 0.0 0.0
0.008747692219913006 0.0 0.0
0.02481294423341751 0.0 0.0
0.0 0.020749762654304504 0.0
0.0 0.0 0.0
0.03969042748212814 0.0 0.0
0.08859245479106903 0.0 0.00801550131291151
0.04291738197207451 0.0066949306055903435 0.0
0.0 0.050419241189956665 0.0
0.0005936254747211933 0.03666374832391739 0.0
0.029463090002536774 0.016438636928796768 0.0
0.01981525681912899 0.01644183322787285 0.0
0.0 0.019735630601644516 0.0
0.0 0.03035418689250946 0.0
0.0 0.014330479316413403 0.0
0.0 0.011148002929985523 0.0
0.0 0.03139122202992439 0.0
0.0 0.03878149390220642 0.007768626324832439
0.0 0.08661932498216629 0.003747520036995411
0.0 0.12500959634780884 0.0
0.0 0.07926899939775467 0.0
0.010175945237278938 0.0 0.0
0.08696792274713516 0.0 0.0
0.027373839169740677 0.010084069333970547 0.0
0.0 0.09437870979309082 0.0
0.0 0.037963904440402985 0.0
0.04657389968633652 0.0 0.0
0.014626620337367058 0.0 0.0
0.0 0.02080867998301983 0.0
0.0 0.021731466054916382 0.0
0.0 0.049380138516426086 0.0
0.0 0.048295699059963226 0.0
0.0 0.037646252661943436 0.0
0.0 0.07709166407585144 0.0
0.0 0.12719078361988068 0.0
0.0 0.18882352113723755 0.0
0.0 0.24080921709537506 0.024929452687501907
0.0 0.252712219953537 0.0
0.0 0.22876614332199097 0.0
0.0 0.14820072054862976 0.0
0.0 0.09288181364536285 0.0
0.0 0.13757658004760742 0.0
0.0 0.13778190314769745 0.0
0.0 0.13060815632343292 0.0
0.0 0.10009418427944183 0.0
0.0 0.0364193320274353 0.0
0.0 0.0 0.0
0.05627025291323662 0.0 0.0
0.1613660454750061 0.0 0.0
0.19557195901870728 0.0 0.0
0.0998837798833847 0.0 0.0
0.0 0.0 0.0
0.0 0.0 0.00264731515198946
0.030452771112322807 0.0 0.0957263931632042
0.41507449746131897 0.0 0.17674213647842407
1.1268682479858398 0.0 0.27864402532577515
2.0796453952789307 0.0 0.37381234765052795
2.8958709239959717 0.0 0.5614868998527527
3.663280487060547 0.0 1.048074722290039
4.395813941955566 0.0 1.6462966203689575
5.25247859954834 0.0 2.0611205101013184
6.158311367034912 0.0 2.310765266418457
7.59608268737793 0.0 2.6898434162139893
8.562653541564941 0.0 3.4545514583587646
8.739181518554688 0.0 4.582666397094727
8.554274559020996 0.0 4.971927165985107
8.888005256652832 0.0 3.9225456714630127
9.75794506072998 0.0 2.827094078063965
10.355551719665527 0.0 1.8386178016662598
7.733447551727295 0.0 1.0262647867202759
3.939067840576172 2.66351318359375 0.22196607291698456
2.2814836502075195 3.5506935119628906 0.0
2.251108169555664 2.9469964504241943 0.0
2.4590461254119873 2.6166951656341553 0.0
2.195021390914917 3.333169937133789 0.0
1.9785093069076538 3.9275622367858887 0.0
1.8205350637435913 3.8821263313293457 0.0
1.5993454456329346 3.6018993854522705 0.0
1.6145466566085815 3.359271287918091 0.0
1.6061161756515503 3.6241321563720703 0.0
1.5931953191757202 3.862241744995117 0.0
1.3951706886291504 3.7250678539276123 0.0
0.7805639505386353 3.1138956546783447 0.0
0.15354394912719727 2.544887065887451 0.0
0.30927574634552 2.0101358890533447 0.0
0.24211056530475616 1.4465196132659912 0.0
0.0 1.0989373922348022 0.0
0.0 0.9584444761276245 0.0
0.0 0.9736228585243225 0.0
0.0 0.5005629062652588 0.0
0.0 0.09014610946178436 0.0
0.0 0.0 0.0
0.0 0.0 0.0
0.0 0.0 0.0
0.0 0.0 0.0
0.0 0.0 0.0
0.0 0.0 0.0
0.0 0.0 0.0
0.0 0.0 0.0
0.0 0.0 0.0
0.0 0.0 0.0
0.0 0.0 0.0
0.0 0.0 0.0
0.0 0.0 0.0
0.0 0.0 0.0
0.0 0.0 0.0
0.0 0.0 0.0
0.0 0.0 0.03422534093260765
0.0 0.0 0.2608640789985657
0.0 0.0 0.24432609975337982
0.2851744294166565 0.0 0.08131828159093857
0.3951808214187622 0.0 0.0
0.3428347706794739 0.03266390785574913 0.0
0.27981266379356384 0.14433477818965912 0.0212743878364563
0.3053792715072632 0.12195384502410889 0.022525541484355927
0.40514928102493286 0.0 0.055112242698669434
0.35971710085868835 0.0 0.0
0.29254311323165894 0.0 0.0
0.25064948201179504 0.0 0.01695127785205841
0.23212051391601562 0.0 0.057420410215854645
0.15094098448753357 0.04441217705607414 0.08483046293258667
0.09462498128414154 0.08924063295125961 0.06732017546892166
0.11909756809473038 0.012661969289183617 0.06304313987493515
0.12540845572948456 0.0 0.06618353724479675
0.07212606072425842 0.03718781843781471 0.06799501925706863
0.03689323738217354 0.06912817806005478 0.0741565078496933
0.02642808109521866 0.11916470527648926 0.061394378542900085
0.008641362190246582 0.08639158308506012 0.02158278226852417
0.028977185487747192 0.04069267958402634 0.008818857371807098
0.0639980211853981 0.012924962677061558 0.024035094305872917
0.04065621271729469 0.03745986893773079 0.014266619458794594
0.07777401804924011 0.013924446888267994 0.03379078954458237
0.12017340213060379 0.0 0.054342932999134064
0.08524444699287415 0.0 0.029499100521206856
0.029069064185023308 0.036476098001003265 0.0
0.028921259567141533 0.0034829918295145035 0.008697682991623878
0.07482483237981796 0.0 0.00045786332339048386
0.0812973752617836 0.0 0.0
0.03864872083067894 0.005634027533233166 0.0
0.01301952451467514 0.0 0.0
0.019369831308722496 0.0 0.0
0.031166570261120796 0.0 0.0
0.0 0.008958184160292149 0.0
0.0 0.0 0.0
0.024439426138997078 0.0 0.024570656940340996
0.0009157233871519566 0.011943588964641094 0.035153262317180634
0.0 0.02162790670990944 0.01363944448530674
0.03757892921566963 0.0 0.0
0.040904417634010315 0.0 0.0
0.010951313190162182 0.0 0.0
0.0 0.018421195447444916 0.012667391449213028
0.024649016559123993 0.0 0.006463291123509407
0.038788802921772 0.0 0.0
0.0 0.0 0.0
0.0 0.0 0.0
0.0 0.0 0.011431951075792313
0.013998769223690033 0.007769349962472916 0.007494201883673668
0.010118542239069939 0.004732280969619751 0.0
0.010147305205464363 0.0 0.0
0.02390626072883606 0.0 0.0
0.027143066748976707 0.0 0.0
0.013183841481804848 0.0 0.0
0.0 0.0 0.0
0.0 0.0 0.0
0.0 0.0 0.0
0.0 0.0 0.0
0.0006424831226468086 0.0 0.0
0.0 0.0 0.0
0.0023437105119228363 0.0 0.0
0.0108498465269804 0.0 0.0
0.0 0.0 0.0
0.0 0.0 0.0
0.0 0.0 0.0
0.022539259865880013 0.0 0.0021276650950312614
0.035304322838783264 0.0 0.006535196676850319
0.02602507174015045 0.0 0.0
0.027112707495689392 0.0 0.0
0.0 0.0059813037514686584 0.0
0.0 0.0602542944252491 0.0
0.0024178908206522465 0.004669597372412682 0.0
0.09265697002410889 0.0 0.02290204167366028
0.0685175433754921 0.0 0.0
0.004916734993457794 0.0 0.0
0.0 0.05477723851799965 0.0
0.011967187747359276 0.04075702652335167 0.0022399043664336205
0.04803437739610672 0.0 0.01742178574204445
0.019372373819351196 0.0 0.0
0.0 0.0 0.0
0.0 0.03767974674701691 0.006910023279488087
0.0010045513045042753 0.05023468658328056 0.0320739671587944
0.03835325688123703 0.027846287935972214 0.02916952222585678
0.0 0.02698928490281105 0.009267454035580158
0.0 0.003720979206264019 0.0
0.0 0.0 0.0
0.019483426585793495 0.0 0.0
0.007869115099310875 0.008951426483690739 0.0
0.0 0.009036914445459843 0.0
0.0 0.0 0.0
0.0 0.0 0.0
0.004458405077457428 0.0003808424808084965 0.0
0.0003347662277519703 0.0 0.0
0.0 0.0 0.0
0.020488504320383072 0.0 0.0
0.018226947635412216 0.01094054151326418 0.011820626445114613
0.0 0.015413853339850903 0.0
0.0 0.0 0.0
0.017696445807814598 0.0 0.0
0.015530230477452278 0.0 0.0
0.006978554185479879 0.0 0.0
0.0005182581953704357 0.0 0.0
0.027140546590089798 0.0 0.0
0.03047163039445877 0.0 0.0
0.07830865681171417 0.0 0.0
0.13259880244731903 0.0 0.0
0.13906708359718323 0.0 0.0
0.05349625647068024 0.0 0.0
0.0 0.0 0.07127010822296143
0.011357057839632034 0.0 0.151475727558136
0.043319519609212875 0.0 0.2542002499103546
0.04538453370332718 0.0 0.35549595952033997
0.06981956213712692 0.0 0.46457239985466003
0.13851848244667053 0.0 0.6274851560592651
0.2908875048160553 0.0 0.8411849141120911
0.4789058566093445 0.0 1.1051923036575317
0.6345186829566956 0.0 1.3157402276992798
0.6404548287391663 0.0 1.4773613214492798
0.5204054117202759 0.0 1.5842028856277466
0.38210421800613403 0.01880405843257904 1.689531922340393
0.44036951661109924 0.0 1.824468731880188
0.5281254649162292 0.0 1.795315146446228
0.5741025805473328 0.04283500462770462 1.703279733657837
0.553610622882843 0.2369653284549713 1.5445252656936646
0.4851905405521393 0.2750307023525238 1.3527367115020752
0.4587181806564331 0.1548137366771698 1.1053016185760498
0.4417940676212311 0.04663773253560066 0.7607842087745667
0.28904739022254944 0.05735163018107414 0.25291138887405396
0.08768445998430252 0.07856903225183487 0.0
0.0 0.16386422514915466 0.0
0.0 0.2527354955673218 0.0
0.0 0.3530440032482147 0.0
0.0 0.3639611005783081 0.0
0.0 0.2932400703430176 0.0
0.0 0.16015923023223877 0.0
0.0 0.036598414182662964 0.0
0.0 0.030568484216928482 0.0
0.0 0.02278672717511654 0.0
0.0 0.030842524021863937 0.0
0.0 0.019102245569229126 0.0
0.0 0.06574804335832596 0.0
0.0 0.08752337843179703 0.0
0.0 0.16726268827915192 0.0
0.0 0.1341465413570404 0.0
0.0 0.0 0.0
0.0 0.0 0.0
0.0 0.0 0.0
0.0 0.0 0.0
0.0 0.0 0.0
0.0 0.0 0.0
0.0 0.0 0.0
0.2397482991218567 0.0 0.1538149118423462
0.32100051641464233 0.0 0.3436053395271301
0.21613484621047974 0.0 0.48048675060272217
0.13937748968601227 0.026621412485837936 0.5867679119110107
0.2137579768896103 0.01785535179078579 0.6173953413963318
0.27029553055763245 0.013092288747429848 0.723707914352417
0.2615997791290283 0.06153598800301552 0.8509076833724976
0.31421107053756714 0.0 1.0102101564407349
0.2647934556007385 0.0 1.0395777225494385
0.16784080862998962 0.016758130863308907 0.9331546425819397
0.1246589869260788 0.00430359086021781 0.8749938607215881
0.21205514669418335 0.0 0.8636221885681152
0.2742149233818054 0.0 0.7262696623802185
0.19691480696201324 0.0 0.3679266571998596
0.23027543723583221 0.0 0.018731651827692986
0.5034648776054382 0.0 0.0
0.8769960999488831 0.0 0.0
0.8975656032562256 0.0 0.0
0.5964193344116211 0.06497518718242645 0.044479891657829285
0.3986247181892395 0.3274017870426178 0.0
0.3845674991607666 0.45565295219421387 0.0
0.4265032112598419 0.3983084261417389 0.0
0.42646700143814087 0.16520434617996216 0.0
0.41087472438812256 0.0 0.0
0.3434506952762604 0.0 0.0
0.13378213346004486 0.0 0.0
0.0 0.06367027014493942 0.0
0.0 0.19929653406143188 0.0
0.0 0.140146404504776 0.0
0.0 0.008341767825186253 0.0
0.0 0.0 0.0
0.0 0.0327959768474102 0.0
0.0 0.12216553837060928 0.0
0.0 0.11452093720436096 0.0
0.0 0.20279434323310852 0.0
0.0 0.3294614553451538 0.0
0.0 0.2420021891593933 0.0
0.0 0.1632314920425415 0.0
0.0 0.19225379824638367 0.0
0.0 0.1859021782875061 0.0
0.0 0.14514541625976562 0.0
0.0 0.058635830879211426 0.0
0.0 0.0 0.0
0.0 0.0 0.0
0.08926793187856674 0.0 0.0
0.2959390878677368 0.0 0.0
0.5385429263114929 0.0 0.0
0.7868334054946899 0.0 0.0
0.9832745790481567 0.0 0.0
0.8867512345314026 0.0 0.0
0.627071738243103 0.0 0.0
0.5432623028755188 0.0 0.0
0.6247920393943787 0.0 0.06674237549304962
0.5873804688453674 0.0 0.06732693314552307
0.4625205993652344 0.0 0.061700474470853806
0.3832910358905792 0.0 0.0865488350391388
0.29569220542907715 0.0 0.10512438416481018
0.09770109504461288 0.06689535826444626 0.07582694292068481
0.0 0.12388407438993454 0.010952340438961983
0.0 0.08271932601928711 0.0
0.0 0.019935308024287224 0.008373068645596504
0.0 0.0009136795997619629 0.0
0.0 0.028835590928792953 0.0
0.0 0.19312041997909546 0.0
0.0 0.358440637588501 0.0
0.0 0.3104337155818939 0.0
0.0 0.03869381546974182 0.0
0.0 0.0 0.0
0.0 0.0 0.0
0.0 0.0 0.0
0.0 0.0 0.0
0.0 0.0 0.0
0.0 0.0 0.0
0.03881087899208069 0.0 0.0
0.06037742644548416 0.0 0.0
0.08493709564208984 0.0 0.0
0.2013217657804489 0.1388196051120758 0.0
0.5605536699295044 0.0759383887052536 0.0
0.7859681248664856 0.0 0.0
0.8082886338233948 0.0 0.0
0.7451546788215637 0.0 0.07073870301246643
0.7163968086242676 0.0 0.17526938021183014
0.6536431312561035 0.0 0.2623195946216583
0.48136913776397705 0.0 0.3196460008621216
0.2642480134963989 0.04841195419430733 0.38083240389823914
0.1969406008720398 0.07787637412548065 0.4967019855976105
0.16480369865894318 0.07750272750854492 0.6128261685371399
0.06654690206050873 0.12548384070396423 0.6269566416740417
0.0 0.22395741939544678 0.5421876907348633
0.0 0.2509344220161438 0.4994003474712372
0.0 0.16492977738380432 0.4922846257686615
0.0 0.0 0.4569130539894104
0.0 0.0 0.35410916805267334
0.0 0.0 0.17949554324150085
0.0 0.023305537179112434 0.03158837556838989
0.0 0.014934156090021133 0.0
0.0 0.006666639819741249 0.0
0.0 0.0 0.0
0.0 0.0 0.0
0.0 0.0 0.0
0.0 0.0 0.0
0.0 0.07596076279878616 0.0
0.0 0.25590014457702637 0.0
0.0 0.3180207908153534 0.0
0.0 0.17451158165931702 0.0
0.0 0.016802364960312843 0.0
0.00616532051935792 0.0 0.0
0.027805369347333908 0.04475570097565651 0.0
0.0 0.13659879565238953 0.0
0.13233764469623566 0.03445938974618912 0.0
0.35519787669181824 0.0 0.11390641331672668
0.38108086585998535 0.0 0.1932467818260193
0.252329558134079 0.0 0.17529253661632538
0.14157667756080627 0.019708406180143356 0.16157753765583038
0.10493344068527222 0.048337653279304504 0.20083199441432953
0.08632407337427139 0.04182729125022888 0.24549426138401031
0.13417495787143707 0.001292380504310131 0.2565240263938904
0.16964054107666016 0.0 0.2290298044681549
0.16014130413532257 0.0 0.22042647004127502
0.11198880523443222 0.0184128750115633 0.23712755739688873
0.08614736050367355 0.0 0.24838314950466156
0.03510894253849983 0.0 0.2220655232667923
0.0 0.0 0.12752383947372437
0.0 0.0 0.01772809959948063
0.0 0.0 0.0
0.0 0.0 0.0
0.0 0.0 0.0
0.0 0.017793424427509308 0.0
0.0 0.0 0.0
0.0 0.0 0.0
0.0 0.0 0.0
0.0 0.0 0.0
0.0 0.03611304610967636 0.0
0.0 0.06768321990966797 0.0
0.055951643735170364 0.06412842869758606 0.0
0.14514116942882538 0.019158028066158295 0.021661320701241493
0.1238824874162674 0.009668385609984398 0.011803364381194115
0.08474627137184143 0.04493849352002144 0.0
0.1304764747619629 0.07879126071929932 0.003546766936779022
0.15565958619117737 0.0626453161239624 0.043273672461509705
0.10541798919439316 0.04146280139684677 0.04804472625255585
0.05423257127404213 0.022452624514698982 0.04106191545724869
0.05123678222298622 0.014033839106559753 0.019638385623693466
0.04290188476443291 0.039626020938158035 0.003613346256315708
0.041579894721508026 0.022534117102622986 0.02597937174141407
0.046741630882024765 0.0012088553048670292 0.039849914610385895
0.03189024701714516 0.0 0.028973830863833427
0.0 0.0 0.01123238354921341
0.0 0.0 0.001295330934226513
0.0 0.0 0.011921076104044914
0.0 0.0024861074052751064 0.026204140856862068
0.0 0.016191799193620682 0.04359591752290726
0.002970980480313301 0.010852428153157234 0.04264889657497406
0.018875645473599434 0.0 0.04913821816444397
0.04549021273851395 0.0 0.05035848170518875
0.023335373029112816 0.0 0.027758097276091576
0.0 0.016290603205561638 0.021089274436235428
0.0 0.005619050469249487 0.02230394445359707
0.0203558299690485 0.0 0.007461613044142723
0.025870436802506447 0.0 0.0
0.01421298272907734 0.0 0.0
0.0 0.0 0.0
0.0 0.0 0.0
0.005643729120492935 0.0 0.0
0.038499150425195694 0.0 0.009831028059124947
0.04694962501525879 0.016160640865564346 0.021739086136221886
0.04802607372403145 0.01509937085211277 0.02067808248102665
0.013875294476747513 0.0279171634465456 0.022515131160616875
0.00020901625975966454 0.04183351621031761 0.004262357950210571
0.023742305114865303 0.006743170786648989 0.0
0.04076167196035385 0.0 0.0
0.03642498329281807 0.0 0.0033862749114632607
0.0 0.05472087860107422 0.0
0.0 0.100520059466362 0.0
0.0 0.09730269759893417 0.0
0.0 0.12804807722568512 0.014499912038445473
0.022740595042705536 0.0 0.16392241418361664
0.20100487768650055 0.0 0.05347500741481781
0.0 0.3891553282737732 0.0
0.0 0.45159897208213806 0.1741391122341156
0.0 0.28212234377861023 0.37606850266456604
0.054556846618652344 0.24066677689552307 0.25116199254989624
0.16831083595752716 0.0827471911907196 0.061626143753528595
0.0 0.0 0.0
0.0 0.0 0.0
0.0 0.018881123512983322 0.0
0.0 0.14709101617336273 0.0
0.0 0.23078937828540802 0.0
0.0 0.242147758603096 0.0
0.052698761224746704 0.03648515045642853 0.0
0.053003691136837006 0.0 0.0
0.018221477046608925 0.09034544974565506 0.0
0.045003022998571396 0.0 0.0
0.0 0.0 0.0
0.0 0.05938008427619934 0.0
0.0 0.0 0.0
0.0 0.0 0.0
0.0 0.07614627480506897 0.0
0.0 0.022854827344417572 0.01177576556801796
0.0 0.0 0.0
0.09850912541151047 0.0 0.0
0.018692323938012123 0.0 0.0
0.0 0.08365213125944138 0.0
0.0 0.0 0.0
0.0 0.0 0.0
0.0 0.0 0.0
0.0 0.09803106635808945 0.06596390157938004
0.0 0.22454878687858582 0.07683412730693817
0.0 0.0 0.1532370150089264
0.0 0.0 0.1851763129234314
0.0 0.0 0.01706640049815178
0.37714555859565735 0.0 0.0
0.5882066488265991 0.0 0.0
0.5255057215690613 0.0 0.0
