0.01769186742603779 0.0 0.0
0.1283922791481018 0.0 0.0
0.06278078258037567 0.0027208300307393074 0.03477431833744049
0.0 0.00932493805885315 0.023186368867754936
0.0 0.0 0.0
0.0036418293602764606 0.0 0.0
0.02064771018922329 0.0 0.0
0.034458599984645844 0.016770869493484497 0.0
0.027903759852051735 0.0 0.00021633785218000412
0.043737586587667465 0.0 0.010919582098722458
0.05972400680184364 0.0 0.012126794084906578
0.06927037239074707 0.0 0.01755671203136444
0.061841219663619995 0.0 0.014294872060418129
0.07800900191068649 0.0 0.006068367511034012
0.11241864413022995 0.0 0.0
0.1328807771205902 0.0 0.0
0.09008723497390747 0.0 0.0
0.02468452975153923 0.01991553045809269 0.005604978650808334
0.030985569581389427 0.010302582755684853 0.01418328657746315
0.07587447762489319 0.0 0.0049546342343091965
0.0799536406993866 0.0 0.020964760333299637
0.04681620001792908 0.0 0.024879606440663338
0.028682466596364975 0.0 0.029082072898745537
0.018044205382466316 0.007090810686349869 0.026863394305109978
0.046921659260988235 0.0 0.018556995317339897
0.06731081753969193 0.0 0.006995415315032005
0.04390163719654083 0.0 0.0
0.05561395362019539 0.0 0.00041714031249284744
0.054196882992982864 0.0 0.03240383416414261
0.055110346525907516 0.0 0.04409191757440567
0.06464392691850662 0.0 0.04949413985013962
0.04881543293595314 0.0 0.034435026347637177
0.024168675765395164 0.0 0.04488580673933029
0.0 0.0 0.03282914310693741
0.0 0.0 0.01899801567196846
0.021219756454229355 0.0 0.02574753202497959
0.05502193048596382 0.0 0.06136997789144516
0.018592549487948418 0.0 0.0737914890050888
0.0 0.0 0.07242342829704285
0.0 0.0 0.038030028343200684
0.0 0.0 0.0
0.0 0.0 0.0
0.0 0.0 0.0
0.0 0.0 0.0
0.0 0.0 0.0
0.0 0.0 0.0
0.0 0.0 0.0
0.052609510719776154 0.0 0.0
0.0 0.0 0.0
0.0 0.0 0.0
0.0 0.0 0.0
0.0 0.0 0.04316721111536026
0.0 0.0 0.10772489756345749
0.0 0.0 0.1775979846715927
0.0 0.0 0.2926444411277771
0.0 0.0 0.30426672101020813
0.0 0.0 0.2741580903530121
0.0 0.0 0.2538839876651764
0.0 0.0 0.11094386130571365
0.2590164840221405 0.24927031993865967 0.0
0.3717331886291504 0.5266164541244507 0.0
0.27800002694129944 0.7241092920303345 0.07238368690013885
0.0 0.4876123070716858 0.0697503536939621
0.0 0.22478841245174408 0.0
0.0 0.0 0.0
0.0 0.0 0.0
0.0 0.0 0.0
0.0 0.0 0.0
0.0 0.0037966547533869743 0.0
0.0 0.0 0.0
0.0 0.0 0.0
0.0 0.0 0.0
0.0 0.0 0.0
0.0 0.0 0.0
0.017360445111989975 0.0 0.0
0.017348460853099823 0.0 0.0
0.028373416513204575 0.0 0.0
0.08025898784399033 0.0 0.0
0.006189284846186638 0.0 0.024357041344046593
0.0 0.005182829685509205 0.07959073036909103
0.0 0.0 0.028893468901515007
0.0 0.0 0.012405039742588997
0.0 0.0 0.03506960719823837
0.0 0.010499564930796623 0.04186679422855377
0.0 0.022244105115532875 0.03746166080236435
0.0 0.04990742355585098 0.04792468249797821
0.0 0.11995575577020645 0.0770476832985878
0.0 0.1771436631679535 0.08777516335248947
0.05994279682636261 0.12155311554670334 0.11953149735927582
0.20049723982810974 0.0 0.011206084862351418
0.23994958400726318 0.0 0.12387511134147644
0.1427505910396576 0.0 0.13253676891326904
0.043657831847667694 0.0 0.11876928806304932
0.0 0.0 0.18650414049625397
0.0 0.010022513568401337 0.16809630393981934
0.0 0.0 0.07938454300165176
0.0 0.0 0.0
0.0 0.0 0.0
0.0 0.0 0.0
0.0 0.0 0.0
0.0 0.0 0.006248278543353081
0.0 0.0 0.029697945341467857
0.0 0.0 0.017155254259705544
0.0 0.0 0.0
0.0 0.0 0.0
0.0 0.0 0.0
0.002654489129781723 0.0010868096724152565 0.0
0.019742928445339203 0.010620925575494766 0.0
0.029191024601459503 0.00841955654323101 0.0
0.0 0.0105223897844553 0.0031227916479110718
0.0 0.0 0.0
0.0 0.0 0.0
0.010806690901517868 0.0 0.0
0.009653542190790176 0.0 0.0031409012153744698
0.0 0.0 0.009461913257837296
0.0 0.03176349401473999 0.019023194909095764
0.0 0.005295402370393276 0.0
0.003805773798376322 0.0 0.0
0.0 0.00637424923479557 0.0
0.0 0.0 0.0
0.030044566839933395 0.0 0.0
0.04167698696255684 0.0 0.0034812530502676964
0.013642692007124424 0.0029140040278434753 0.036425620317459106
0.0 0.0 0.06393447518348694
0.011148108169436455 0.0 0.06510360538959503
0.017645422369241714 0.0 0.05991310626268387
0.016943946480751038 0.004006698727607727 0.026847297325730324
0.013029365800321102 0.0 0.0
0.002437974326312542 0.009507991373538971 0.0
0.0 0.0010173004120588303 0.0
0.0 0.0010407362133264542 0.0
0.0 0.005311648361384869 0.0
0.0 0.022295692935585976 0.0
0.0 0.013769848272204399 0.0
0.0 0.0010354099795222282 0.0
0.0 0.0020836303010582924 0.0
0.0034161533694714308 0.008410768583416939 0.0
0.003341318340972066 0.00944593921303749 0.0010894685983657837
0.0 0.0 0.005253320559859276
0.0 0.0 0.0
0.0 0.0 0.0
0.0 0.005188077688217163 0.005295132286846638
0.0 0.010503746569156647 0.005312442779541016
0.00444253534078598 0.003080984577536583 0.0
0.0 0.02333921194076538 0.0
0.0 0.008466524071991444 0.0
0.0 0.0 0.0
0.0012279227375984192 0.006299509666860104 0.0
0.0 0.0009521478787064552 0.00742971058934927
0.0160345658659935 0.0 0.00863372627645731
0.026657648384571075 0.0 0.014095070771872997
0.004267122130841017 0.0072963302955031395 0.013912909664213657
0.0 0.01797134429216385 0.00953627098351717
0.0 0.0020842580124735832 0.0
0.0 0.002093312330543995 0.0
0.0 0.0010003512725234032 0.0
0.0 0.003157511353492737 0.0
0.0 0.0 0.0
0.007663451135158539 0.0062987105920910835 0.0
0.0053686052560806274 0.008369318209588528 0.010722442530095577
0.0 0.0041314298287034035 0.009587137959897518
0.00011978112161159515 0.0 0.0
0.0 0.0 0.0
0.0 0.0 0.0
0.0 0.0 0.0
0.01398792676627636 0.0 0.0011592982336878777
0.012789503671228886 0.0 0.012874544598162174
0.007615780457854271 0.0 0.0
0.002402110258117318 0.0 0.0
0.0 0.0 0.0
0.0 0.019145533442497253 0.0
0.0 0.010691327042877674 0.0
0.0 0.007512046955525875 0.0
0.0 0.01919187232851982 0.0
0.0 0.017101556062698364 0.0
0.0 0.0 0.0
0.0 0.004281365312635899 0.0
0.0 0.017025921493768692 0.0
0.0 0.0 0.0
0.00875641219317913 0.0 0.0
0.007586485706269741 0.0 0.0
0.004444488324224949 0.0 0.0
0.0 0.0010325750336050987 0.0
0.0 0.0063714152202010155 0.0
0.0 0.007434814237058163 0.0
0.0 0.009544304572045803 0.0
0.0 0.011672968976199627 0.0
0.0 0.0 0.0
0.0013629449531435966 0.0 0.0
0.01525452546775341 0.0 0.0
0.006655178498476744 0.0 0.0
0.011995082721114159 0.0 0.0
0.0 0.0 0.0
0.0 0.006383930332958698 0.0
0.0 0.0 0.0
0.0 0.0 0.0
0.0314658097922802 0.0 0.0
0.059371210634708405 0.0 0.0
0.023738114163279533 0.0 0.0
0.0 0.0 0.0
0.0 0.0 0.0
0.07391579449176788 0.0 0.0
0.12302981317043304 0.0 0.0
0.32002437114715576 0.0 0.0
0.41033777594566345 0.0 0.08554905652999878
0.6137779951095581 0.0 0.4444137513637543
1.0628279447555542 0.0 0.7897194623947144
1.3794628381729126 0.0 1.095409870147705
1.553956151008606 0.0 1.2007392644882202
2.2874488830566406 0.0 1.291616439819336
3.1160483360290527 0.0 1.367232322692871
2.981863498687744 0.0 1.3806768655776978
4.303440093994141 0.0 1.2300158739089966
5.576338768005371 0.0 1.5550943613052368
6.684813022613525 0.0 1.8074928522109985
7.253366947174072 0.0 1.7068895101547241
7.242035865783691 0.0 1.4295862913131714
7.408844470977783 0.0 0.544387698173523
7.031242370605469 0.0 0.3885781764984131
6.413114070892334 0.0 0.0027052992954850197
6.190410614013672 0.0 0.0
5.546598434448242 0.8009240627288818 0.0
4.81289005279541 1.6457884311676025 0.0
4.159942150115967 2.0921874046325684 0.0
3.5603411197662354 2.2764194011688232 0.0
3.1179215908050537 2.3333394527435303 0.0
2.7316412925720215 2.5908150672912598 0.0
2.230877161026001 2.4481050968170166 0.0
2.0059943199157715 2.0107247829437256 0.0
1.7227110862731934 1.777855396270752 0.0
1.3076651096343994 1.4862302541732788 0.0
0.8230656981468201 1.4981704950332642 0.0
0.0 1.3168675899505615 0.0
0.0 0.6908255219459534 0.0
0.0 0.16898122429847717 0.0
0.0 0.3072371184825897 0.0
0.0 0.00548497773706913 0.0
0.0 0.0 0.0
0.0 0.0 0.0
0.0 0.0 0.0
0.0 0.0 0.0
0.0 0.0 0.0
0.0 0.0 0.0
0.0 0.0 0.0
0.0 0.0 0.0
0.0 0.0 0.0
0.0 0.0 0.0
0.0 0.0 0.0
0.0 0.0 0.0
0.0 0.0 0.0
0.0 0.0 0.0
0.0 0.0 0.0
0.0 0.0 0.0
0.0 0.0 0.0
0.0 0.0 0.05038614571094513
0.0 0.0 0.08945658057928085
0.0 0.0 0.11947386711835861
0.31323662400245667 0.0 0.15666306018829346
0.6212016344070435 0.14280492067337036 0.13162028789520264
0.8458597660064697 0.08731024712324142 0.07065386325120926
0.8542066812515259 0.0971791222691536 0.0
0.7744412422180176 0.0 0.0
0.6050293445587158 0.0 0.0
0.382135272026062 0.0 0.0
0.3390248119831085 0.0 0.0
0.3939056396484375 0.0 0.0
0.2827703356742859 0.0 0.0
0.017158368602395058 0.0 0.0
0.0 0.0 0.0
0.0 0.0 0.024044817313551903
0.14699333906173706 0.0 0.013673936948180199
0.18587015569210052 0.0 0.0
0.1506836712360382 0.0 0.0
0.12800472974777222 0.0 0.004131563939154148
0.08417867869138718 0.0 0.008994229137897491
0.11720693856477737 0.0 0.009210212156176567
0.21438302099704742 0.0 0.0
0.15498042106628418 0.0 0.0
0.08458933979272842 0.0 0.0
0.12528270483016968 0.0 0.0
0.1756814420223236 0.0 0.0
0.1897791475057602 0.0 0.0
0.18867340683937073 0.0 0.0
0.16398882865905762 0.0 0.0
0.14909616112709045 0.0 0.0
0.1449379026889801 0.0 0.0
0.1353830099105835 0.0 0.0
0.05957586690783501 0.0 0.0
0.0 0.0 0.0
0.0 0.07762406766414642 0.007115103304386139
0.0 0.05514698475599289 0.02457025833427906
0.09400734305381775 0.0 0.0
0.16771964728832245 0.0 0.0
0.13501550257205963 0.0 0.0
0.03567172586917877 0.0 0.0
0.013943260535597801 0.0019760876893997192 0.006513416767120361
0.033169686794281006 0.028508096933364868 0.008928105235099792
0.03228311985731125 0.017950791865587234 0.0
0.03546133637428284 0.0 0.0
0.03865260258316994 0.0 0.0
0.0 0.0 0.0
0.0 0.038228366523981094 0.0029578302055597305
0.0 0.0573463998734951 0.0062566883862018585
0.0 0.01058262586593628 0.0
0.021542323753237724 0.0 0.0
0.03964250162243843 0.0 0.0
0.03335504233837128 0.0 0.0
0.04590758681297302 0.0 0.006725670769810677
0.052231527864933014 0.0 0.017537305131554604
0.027639897540211678 0.008259283378720284 0.024831969290971756
0.0 0.044485464692115784 0.019310439005494118
0.0 0.08930300176143646 0.0008065290749073029
0.0 0.04880830645561218 0.010586988180875778
0.03317874297499657 0.020011013373732567 0.006764020770788193
0.014072423800826073 0.037087470293045044 0.0
0.003502338193356991 0.03183305263519287 0.0
0.029001040384173393 0.0 0.0
0.05980129912495613 0.0 0.0014504818245768547
0.036477863788604736 0.0 0.0
0.0 0.005337528884410858 0.0
0.001523609273135662 0.019143622368574142 0.0
0.01953510008752346 0.012684658169746399 0.0
0.0246526300907135 0.0 0.0
0.022562315687537193 0.0 0.0
0.0 0.029769103974103928 0.0
0.0 0.02123553492128849 0.0
0.006537009961903095 0.0 0.0
0.012977066449820995 0.0 0.0
0.005597180686891079 0.020126329734921455 0.0
0.008489374071359634 0.010443873703479767 0.019306177273392677
0.007341018412262201 0.007228640839457512 0.026762496680021286
0.005356164649128914 0.0 0.010687122121453285
0.006554586812853813 0.005208365619182587 0.0
0.0 0.004170798696577549 0.0
0.006425157189369202 0.006223563104867935 0.011793665587902069
0.022465109825134277 0.013641532510519028 0.009841302409768105
0.0 0.020071467384696007 0.009606411680579185
0.0 0.007416659966111183 0.0
0.0 0.0 0.0
0.0005358429625630379 0.0 0.0
0.024007879197597504 0.0 0.0
0.00897353608161211 0.0 0.0
0.0 0.004256552085280418 0.0
0.0 0.021326350048184395 0.0
0.009036120027303696 0.0 0.0
0.038886427879333496 0.0 0.0
0.030270302668213844 0.0 0.0
0.028951505199074745 0.0 0.0
0.023712534457445145 0.0 0.0
0.028106750920414925 0.0 0.0
0.0927315503358841 0.0 0.0
0.2920747399330139 0.0 0.030170008540153503
0.4925122559070587 0.0 0.07424133270978928
0.7406597137451172 0.0 0.16725195944309235
1.2212367057800293 0.0 0.36574986577033997
1.950484275817871 0.0 0.6986724138259888
3.4797065258026123 0.0 1.2469693422317505
5.64634370803833 0.0 1.564572811126709
7.251035690307617 0.0 1.9376667737960815
7.739513874053955 0.0 2.448115587234497
7.7369890213012695 0.0 3.172623872756958
7.772037506103516 0.0 3.7202515602111816
8.025883674621582 0.0 3.366058588027954
8.403594970703125 0.0 1.997697353363037
8.89346694946289 0.0 0.015364965423941612
9.026717185974121 0.0 0.0
8.032872200012207 0.0 0.0
5.021550178527832 0.0 0.0
2.312281608581543 1.7755812406539917 0.0
1.8874125480651855 1.982460856437683 0.0
2.3094637393951416 1.131450891494751 0.0
2.0350232124328613 1.4235283136367798 0.0
1.296039342880249 2.309309720993042 0.0
0.5562637448310852 2.460857629776001 0.0
0.0 2.2178094387054443 0.0
0.0 1.8971502780914307 0.0
0.0 1.7694047689437866 0.0
0.0 1.4299707412719727 0.0
0.0 0.7933330535888672 0.0
0.0 0.5647688508033752 0.0
0.0 0.9086639285087585 0.0
0.0 1.4961165189743042 0.0
0.0 1.6973910331726074 0.0
0.0 0.5909325480461121 0.0
0.0 0.0 0.0
0.0 0.0 0.0
0.0 0.0 0.0
0.0 0.0 0.0
0.0 0.0 0.0
0.0 0.0 0.0
0.0 0.0 0.0
0.0 0.0 0.0
0.0 0.0 0.0
0.0 0.0 0.0
0.0 0.0 0.0
0.0 0.0 0.0
0.0 0.0 0.0
0.0 0.0 0.0
0.0 0.0 0.0
0.0 0.0 0.07805248349905014
0.08856794238090515 0.0 0.24039985239505768
0.4658356010913849 0.0 0.3522816598415375
0.5729151964187622 0.08035927265882492 0.3574170172214508
0.5732176899909973 0.12190937250852585 0.33405178785324097
0.5931107401847839 0.0 0.24073593318462372
0.6489095687866211 0.0 0.19500786066055298
0.6653138399124146 0.0 0.15453819930553436
0.5666828751564026 0.0 0.09591350704431534
0.4166792333126068 0.0 0.04846183583140373
0.25575345754623413 0.0 0.03311563655734062
0.259871244430542 0.0 0.03064795210957527
0.2920646071434021 0.0 0.0007845936343073845
0.2393886148929596 0.0 0.0
0.15747830271720886 0.0 0.0
0.1399533599615097 0.0 0.0
0.1621185839176178 0.0 0.0
0.08455029129981995 0.0 0.0
0.06428416818380356 0.0 0.0
0.059032682329416275 0.0 0.0
0.026118142530322075 0.0 0.0
0.0 0.0 0.0
0.0067271338775753975 0.0 0.0
0.06433690339326859 0.0 0.0
0.1436823308467865 0.0 0.0
0.19105437397956848 0.0 0.0
0.2745705544948578 0.0 0.0
0.22004713118076324 0.0 0.0
0.0 0.005440552718937397 0.0
0.0 0.09139513969421387 0.05024082586169243
0.0 0.008301585912704468 0.0644432008266449
0.025507744401693344 0.0 0.01171180885285139
0.017440231516957283 0.0 0.0
0.0 0.0 0.0
0.0 0.0 0.0
0.0 0.0 0.0
0.0 0.0 0.0008375905454158783
0.0 0.0 0.01033069472759962
0.0 0.0 0.005966572090983391
0.008648337796330452 0.0 0.0
0.03654388710856438 0.0 0.0
0.02980901673436165 0.0 0.015100947581231594
0.0 0.0 0.024403102695941925
0.0 0.007340718060731888 0.013613839633762836
0.0 0.022241903468966484 0.0
0.00781647115945816 0.0 0.0
0.0258181095123291 0.0 0.0
0.03651789203286171 0.0 0.0
0.036359697580337524 0.014690682291984558 0.007847161032259464
0.043591778725385666 0.0 0.028151631355285645
0.0373205691576004 0.0 0.010903137736022472
0.027877265587449074 0.0 0.0
0.010979774408042431 0.0 0.0
0.0 0.0 0.0
0.0 0.0 0.0
0.0 0.0 0.007118786685168743
0.0 0.0 0.012560955248773098
0.02026781439781189 0.0 0.0
0.025704126805067062 0.0 0.0
0.007516333367675543 0.0 0.0
0.005284604616463184 0.0 0.005076407454907894
0.0030819037929177284 0.0 0.005998660810291767
0.0827716737985611 0.0 0.007142222486436367
0.2340994030237198 0.0 0.0
0.3335687518119812 0.0 0.0
0.411218523979187 0.0 0.0
0.7714529037475586 0.0 0.1988954097032547
1.3982970714569092 0.0 0.502496063709259
2.15425705909729 0.0 0.8914437890052795
3.1623854637145996 0.0 1.387220025062561
4.472092628479004 0.0 1.735637903213501
6.2965216636657715 0.0 1.9001182317733765
7.8012566566467285 0.0 2.232459545135498
8.585969924926758 0.0 2.8921093940734863
8.63573932647705 0.0 3.499464273452759
8.63941478729248 0.0 3.1331591606140137
8.786724090576172 0.0 2.1346776485443115
9.18648910522461 0.0 0.4930407702922821
9.474217414855957 0.0 0.0
8.357917785644531 0.0 0.0
5.454397678375244 0.0 0.0
3.259449005126953 1.247226357460022 0.0
2.7393035888671875 1.0298354625701904 0.0
2.5268731117248535 0.5488510131835938 0.0
2.110379695892334 0.8340058326721191 0.0
1.6100941896438599 1.495658278465271 0.0
1.0783147811889648 1.7107865810394287 0.0
0.5726521611213684 1.7442377805709839 0.0
0.0 1.398737907409668 0.0
0.0 1.0978925228118896 0.0
0.0 0.8123223185539246 0.0
0.0 0.5462967753410339 0.0
0.0 0.4603880047798157 0.0
0.0 0.423001229763031 0.0
0.0 0.45269760489463806 0.0
0.0 0.9642477631568909 0.0
0.0 1.1668763160705566 0.0
0.0 1.020770788192749 0.0
0.0 0.9928935170173645 0.0
0.0 0.9405829310417175 0.0
0.0 0.6148378849029541 0.0
0.0 0.0 0.0
0.0 0.0 0.0
0.0 0.0 0.0
0.0 0.0 0.0
0.0 0.0 0.0
0.0 0.0 0.0
0.0 0.0 0.0
0.0 0.0 0.0
0.0 0.0 0.0
0.0 0.0 0.0
0.0 0.0 0.0
0.0 0.0 0.22647389769554138
0.0 0.0 0.40415069460868835
0.0 0.0 0.37628471851348877
0.0 0.0 0.309691846370697
0.08507922291755676 0.0 0.31616172194480896
0.48631399869918823 0.0 0.3496350049972534
0.6204896569252014 0.0 0.3842124044895172
0.5643046498298645 0.005947918631136417 0.3538838028907776
0.5530046224594116 0.007194278761744499 0.31104233860969543
0.5318348407745361 0.0480695404112339 0.1955852210521698
0.6107618808746338 0.0 0.07084063440561295
0.6579366326332092 0.0 0.028114208951592445
0.5905623435974121 0.0 0.028220469132065773
0.522431492805481 0.0 0.011519255116581917
0.35935550928115845 0.0 0.015770457684993744
0.123951256275177 0.0 0.0
0.028871875256299973 0.0 0.0011646179482340813
0.07048403471708298 0.0 0.0
0.0792413055896759 0.0 0.0
0.033473819494247437 0.0 0.0
0.0 0.0 0.0
0.0 0.0 0.0
0.0 0.0 0.0
0.019674647599458694 0.0 0.0
0.05057796835899353 0.0 0.0
0.03452097252011299 0.0 0.0
0.0 0.0 0.0
0.0 0.0 0.0006495621055364609
0.0 0.0 0.021065354347229004
0.003082888899371028 0.0 0.024544240906834602
0.022146062925457954 0.0 0.03861558437347412
0.045435138046741486 0.0 0.05482092499732971
0.0049295248463749886 0.021982014179229736 0.056697919964790344
0.0 0.027373673394322395 0.043833762407302856
0.012590810656547546 0.0 0.033176057040691376
0.05004444345831871 0.0 0.015213037841022015
0.03414484113454819 0.0 0.003275417722761631
0.03005369007587433 0.0 0.0
0.007816828787326813 0.0 0.0
0.0 0.0 0.0
0.005598681978881359 0.0 0.0
0.0 0.0011655054986476898 0.0
0.0 0.0 0.0
0.0429346039891243 0.0 0.0
0.04391811043024063 0.0 0.0
0.018430057913064957 0.0 0.0
0.024738021194934845 0.0 0.0
0.04164137318730354 0.0 0.0077750952914357185
0.03197223320603371 0.0 0.009722131304442883
0.025639500468969345 0.0 0.0021670106798410416
0.024672241881489754 0.0 0.0
0.015178073197603226 0.0 0.0
0.0 0.0 0.0
0.0 0.0 0.0
0.05367380008101463 0.0 0.0
0.10477720201015472 0.0 0.0
0.09417542070150375 0.0 0.0
0.0950675830245018 0.0 0.0
0.17183612287044525 0.0 0.0
0.3292188048362732 0.0 0.0
0.6788415908813477 0.0 0.004342013970017433
0.9877578616142273 0.0 0.007329282350838184
1.0384467840194702 0.0 0.14523282647132874
1.425855278968811 0.0 0.6627436280250549
2.407620906829834 0.0 1.2045589685440063
3.823599100112915 0.0 1.4724055528640747
5.1975884437561035 0.0 1.6497372388839722
6.0204925537109375 0.0 2.0290284156799316
6.7614946365356445 0.0 2.570528745651245
7.380894660949707 0.0 3.0084097385406494
7.625561237335205 0.0 3.216517686843872
7.749629497528076 0.0 2.9151816368103027
8.31056022644043 0.0 1.8141229152679443
8.443578720092773 0.0 0.5309509634971619
8.550176620483398 0.0 0.0
8.385062217712402 0.0 0.0
6.7809576988220215 0.0 0.0
4.0200042724609375 2.3641669750213623 0.0
2.755289316177368 2.8497657775878906 0.0
2.44758939743042 1.8061517477035522 0.0
2.163846492767334 1.1626925468444824 0.0
1.6251819133758545 1.511260986328125 0.0
1.059464454650879 1.7194889783859253 0.0
0.790359616279602 1.2721879482269287 0.0
0.491580069065094 0.8476085066795349 0.0
0.06105346605181694 0.8656870722770691 0.0
0.0 1.1932060718536377 0.0
0.0 1.348213791847229 0.0
0.0 1.0643863677978516 0.0
0.0 0.6950849890708923 0.0
0.0 0.5227267742156982 0.0
0.0 0.56159907579422 0.0
0.0 0.49748876690864563 0.0
0.0 0.20092931389808655 0.0
0.0 0.0 0.0
0.0 0.0 0.0
0.0 0.0 0.0
0.0 0.2994593381881714 0.0
0.0 0.4644014239311218 0.0
0.0 0.008519383147358894 0.0
0.0 0.0 0.0
0.0 0.0 0.0
0.0 0.0 0.0
0.0 0.0 0.0
0.0 0.0 0.0
0.0 0.0 0.0
0.0 0.0 0.0
0.0 0.0 0.0
0.0 0.0 0.0
0.0 0.0 0.0
0.0 0.0 0.0
0.0 0.0 0.0
0.0 0.0 0.0
0.0 0.0 0.0
0.0 0.0 0.0
0.0 0.0 0.0
0.2489200383424759 0.08870849758386612 0.001663336530327797
0.5259303450584412 0.1273067593574524 0.05369804427027702
0.6853764653205872 0.0608811229467392 0.10635459423065186
0.721615731716156 0.0 0.10007220506668091
0.6025436520576477 0.03888127952814102 0.06272323429584503
0.4610876739025116 0.07015132158994675 0.019747266545891762
0.34503698348999023 0.05879294127225876 0.0
0.1787654459476471 0.0 0.0
0.1297965794801712 0.0 0.0
0.10943084955215454 0.0 0.0
0.12306863069534302 0.0 0.0
0.03850048407912254 0.0 0.0
0.0 0.0 0.0
0.0 0.0 0.0
0.0 0.0 0.0
0.036468759179115295 0.0 0.0
0.0011118357069790363 0.0 0.0
0.03192548081278801 0.0 0.0052594346925616264
0.04445672035217285 0.0 0.033181082457304
0.1160062700510025 0.0 0.017629552632570267
0.07807087898254395 0.0 0.0
0.0 0.04356539249420166 0.0
0.025646813213825226 0.0008794469758868217 0.009831815958023071
0.09169161319732666 0.0 0.008054688572883606
0.09833593666553497 0.0 0.0
0.0 0.0 0.0
0.0 0.01721794158220291 0.0
0.0 0.0 0.0
0.030045289546251297 0.0 0.0
0.04178237169981003 0.0 0.0
0.03853011876344681 0.0 0.001393323764204979
0.04794599115848541 0.0 0.015275318175554276
0.06094434857368469 0.0 0.0
0.029173903167247772 0.0 0.0
0.029197074472904205 0.0 0.0
0.03335533291101456 0.0 0.0
0.02784844860434532 0.0 0.0
0.04605142027139664 0.0 0.0
0.03975836932659149 0.0 0.0
0.025809265673160553 0.0 0.0
0.04079247638583183 0.0 0.0
0.03980550915002823 0.0 0.0
0.015269273892045021 0.0 0.0
0.008720559999346733 0.0 0.0
0.013013842515647411 0.0 0.0
0.027881473302841187 0.0 0.0
0.0885927602648735 0.0 0.0
0.1419326812028885 0.0 0.0
0.06861478835344315 0.0 0.0
0.0 0.0 0.0
0.004344720393419266 0.0 0.0
0.048081282526254654 0.0 0.0
0.07602956146001816 0.0 0.0
0.07316506654024124 0.0 0.0
0.11352687329053879 0.0 0.0
0.3275933563709259 0.0 0.0
0.993280291557312 0.0 0.17242738604545593
1.8145637512207031 0.0 0.48390668630599976
2.435626983642578 0.0 0.9000418782234192
3.3109848499298096 0.0 1.3968050479888916
4.843846797943115 0.0 1.7695575952529907
6.547441005706787 0.0 2.222490072250366
7.650074005126953 0.0 2.7465856075286865
8.161450386047363 0.0 3.318249464035034
8.167433738708496 0.0 3.5041112899780273
8.372332572937012 0.0 2.863903284072876
8.923653602600098 0.0 1.338356375694275
9.106719017028809 0.0 0.0
8.5852632522583 0.0 0.0
6.812004089355469 0.0 0.0
3.0295801162719727 3.2261428833007812 0.0
0.9971269369125366 4.470582962036133 0.0
0.8497632741928101 3.124983072280884 0.0
1.367793321609497 1.2094088792800903 0.0
1.213483452796936 0.5140180587768555 0.0
0.3432422876358032 1.0838615894317627 0.0
0.0 1.662378191947937 0.0
0.0 1.8414603471755981 0.0
0.0 2.0452334880828857 0.0
0.0 2.252824068069458 0.0
0.0 2.4351160526275635 0.0
0.0 2.4580845832824707 0.0
0.0 2.3458776473999023 0.0
0.0 1.9566338062286377 0.0
0.0 1.4222209453582764 0.0
0.0 0.8581938147544861 0.0
0.0 0.3711213767528534 0.0
0.0 0.13642925024032593 0.0
0.0 0.0 0.0
0.0 0.0 0.0
0.0 0.0 0.0
0.0 0.0 0.0
0.0 0.0 0.0
0.0 0.0 0.0
0.0 0.0 0.0
0.0 0.0 0.0
0.0 0.0 0.0
0.0 0.0 0.0
0.0 0.0 0.0
0.0 0.0 0.0
0.0 0.0 0.007170890457928181
0.0 0.0 0.4101276695728302
0.0 0.0 0.6561161279678345
0.0 0.0 0.7740080952644348
0.0 0.0 0.5922404527664185
0.0 0.0 0.4123426079750061
0.0 0.0 0.40121859312057495
0.0 0.0 0.5216293931007385
0.0 0.0 0.5341830253601074
0.0 0.0 0.5268297791481018
0.03745121881365776 0.0 0.413655549287796
0.0 0.19136759638786316 0.29406630992889404
0.0 0.35122063755989075 0.2402598112821579
0.0 0.33552104234695435 0.1813187301158905
0.0 0.09630659967660904 0.12712712585926056
0.08981482684612274 0.013641281984746456 0.0
0.20492036640644073 0.08281662315130234 0.0
0.25504767894744873 0.17088332772254944 0.0
0.2624129056930542 0.166579931974411 0.0
0.1793057769536972 0.19441954791545868 0.0
0.11192566901445389 0.20299892127513885 0.0
0.11569616943597794 0.10399111360311508 0.0
0.11989224702119827 0.041265685111284256 0.0
0.11043509840965271 0.00839961227029562 0.0
0.12971530854701996 0.0 0.0
0.16153369843959808 0.0 0.0
0.12814857065677643 0.0 0.0
0.0498412549495697 0.0 0.0366571880877018
0.010085321962833405 0.0 0.05969405919313431
0.0666079893708229 0.0 0.060182489454746246
0.10946544259786606 0.0 0.04023674130439758
0.08825762569904327 0.0 0.029397141188383102
0.010211022570729256 0.0 0.04468049108982086
0.0 0.0 0.060587815940380096
0.027173761278390884 0.0 0.05989566445350647
0.09462045133113861 0.0 0.042476724833250046
0.05767387896776199 0.02851979434490204 0.011313214898109436
0.0 0.0615009143948555 0.03855442255735397
0.0017775907181203365 0.027419641613960266 0.05027898773550987
0.06587056070566177 0.0 0.03686544671654701
0.055391017347574234 0.0 0.017521042376756668
0.0 0.009620671160519123 0.0
0.0 0.037343379110097885 0.0
0.05803393945097923 0.021213676780462265 0.0
0.08348710089921951 0.0 0.0
0.03688817098736763 0.0 0.0
0.0006369589827954769 0.027787424623966217 0.0
0.03682718798518181 0.06805814802646637 0.0
0.08375555276870728 0.058392204344272614 0.0
0.10181950777769089 0.036014195531606674 0.0
0.10798951983451843 0.026353314518928528 0.0
0.08962888270616531 0.040122389793395996 0.01914823427796364
0.08529964834451675 0.043296344578266144 0.02552517130970955
0.022482603788375854 0.08810163289308548 0.017564717680215836
0.0 0.13278734683990479 0.0343112088739872
0.012726910412311554 0.08169007301330566 0.03133459389209747
0.05535559728741646 0.029519278556108475 0.02945466712117195
0.04587021470069885 0.07952172309160233 0.025248736143112183
0.03172563761472702 0.1092013269662857 0.056184813380241394
0.015567705035209656 0.07411391288042068 0.06552451848983765
0.015604190528392792 0.04756352677941322 0.05796060711145401
0.017111806198954582 0.06472334265708923 0.017435288056731224
0.003805055283010006 0.05645768344402313 0.0
0.02053236961364746 0.08711066842079163 0.0
0.058711446821689606 0.20489002764225006 0.04073981195688248
0.07988891005516052 0.16759778559207916 0.05151363089680672
0.07135800272226334 0.12086489796638489 0.043798718601465225
0.0068035125732421875 0.09141404181718826 0.0
0.0 0.05764036625623703 0.0
0.0 0.0799400806427002 0.0
0.0 0.1404694765806198 0.0
0.0 0.11599288880825043 0.0
0.03798859566450119 0.039374545216560364 0.0
0.031633760780096054 0.027716822922229767 0.0
0.016579709947109222 0.06064388155937195 0.0
0.0 0.11276061087846756 0.0
0.009124724194407463 0.12866739928722382 0.0
0.04538552463054657 0.09246040135622025 0.0
0.04543745890259743 0.01810094714164734 0.0
0.04742524027824402 0.0 0.0
0.00979930255562067 0.012703786604106426 0.0
0.0 0.059534408152103424 0.0
0.0 0.034088969230651855 0.0
0.0024007747415453196 0.0 0.0
0.0 0.0 0.0
0.0 0.05203281715512276 0.009595433250069618
0.0 0.06909169256687164 0.008358927443623543
0.0 0.05107008293271065 0.0
0.04064110293984413 0.08804461359977722 0.016676247119903564
0.06349076330661774 0.12814515829086304 0.08433838188648224
0.05080745369195938 0.31841179728507996 0.10085317492485046
0.08145857602357864 0.29592832922935486 0.12672604620456696
0.03989328816533089 0.0640023946762085 0.19072633981704712
0.0 0.0 0.20768189430236816
0.0 0.027365554124116898 0.11122086644172668
0.0 0.13833095133304596 0.021533053368330002
0.0 0.06508523225784302 0.0
0.14990980923175812 0.0 0.0
0.39916250109672546 0.0 0.0
0.21615247428417206 0.0 0.0
0.06980670988559723 0.0 0.0
0.05508289486169815 0.0 0.024481171742081642
