0.0 0.0 0.007858644239604473
0.0 0.010362097062170506 0.0
0.0 0.0 0.0
0.0 0.0 0.03369636833667755
0.0 0.0 0.04004347696900368
0.0 0.0 0.021718531847000122
0.0 0.0 0.0020476263016462326
0.0 0.05689204856753349 0.0031035691499710083
0.0 0.03453720733523369 0.006320667453110218
0.044517599046230316 0.004632306285202503 0.0
0.07015478610992432 0.0 0.0
0.09360445290803909 0.0 0.0
0.13418224453926086 0.0 0.0
0.12997844815254211 0.0 0.0
0.07966599613428116 0.010912838391959667 0.003228737972676754
0.0028146293479949236 0.07162492722272873 0.013341027311980724
0.0 0.05152710899710655 0.0022843806073069572
0.0 0.0 0.0
0.0 0.0 0.0
0.0 0.0 0.0
0.0 0.011221232824027538 0.0
0.0 0.004740164615213871 0.008466643281280994
0.004796021152287722 0.0 0.015214825980365276
0.028328778222203255 0.0 0.009019249118864536
0.0218501053750515 0.0 0.018617548048496246
0.01545798685401678 0.029038045555353165 0.022944118827581406
0.048618339002132416 0.023688286542892456 0.014711488969624043
0.05296621471643448 0.018396057188510895 0.0061912378296256065
0.010147909633815289 0.002494320273399353 0.016395140439271927
0.0006428216584026814 0.0 0.0034116972237825394
0.0 0.016450881958007812 0.0
0.0 0.026072882115840912 0.0
0.0 0.0037420112639665604 0.0
0.008325242437422276 0.0 0.0
0.0 0.0 0.0
0.0 0.0 0.0009205760434269905
0.0 0.0 0.0
0.012762866914272308 0.010103770531713963 0.0
0.0 0.029210619628429413 0.0
0.0 0.0035872822627425194 0.016249466687440872
0.015289940871298313 0.0 0.03459038957953453
0.016418855637311935 0.0 0.026000097393989563
0.005978198256343603 0.0 0.002372531220316887
0.0 0.0 0.0
0.0 0.02416881173849106 0.0
0.0 0.0 0.014018778689205647
0.023790786042809486 0.0 0.030347950756549835
0.003600562456995249 0.0 0.025962788611650467
0.0 0.026246078312397003 0.0
0.0 0.0 0.0
0.024330608546733856 0.0 0.0
0.006898887455463409 0.0059117767959833145 0.017469968646764755
0.0 0.02080737054347992 0.02165272831916809
0.011285379528999329 0.0 0.003574126400053501
0.015616745688021183 0.002773241139948368 0.0
0.0 0.007063327357172966 0.004452703520655632
0.0 0.0 0.02153395116329193
0.0013643063139170408 0.0 0.03336344659328461
0.008787334896624088 0.0 0.03770386427640915
0.0 0.0 0.017241202294826508
0.0 0.0 0.0
0.0 0.024080127477645874 0.00552302785217762
0.0 0.01126712653785944 0.014144212938845158
0.028291793540120125 0.0 0.00796541292220354
0.032623425126075745 0.0 0.004869221709668636
0.0 0.02515178546309471 0.0
0.0 0.018782835453748703 0.0
0.026598555967211723 0.006053190678358078 0.0
0.011516276746988297 0.0 0.0
0.0 0.0 0.0045147547498345375
0.007114603649824858 0.018741287291049957 0.0
0.0 0.014519645832479 0.0
0.002899884944781661 0.0 0.0
0.0 0.00923060905188322 0.0
0.0 0.0 0.0
0.0 0.0 0.017120294272899628
0.0 0.0 0.02369217574596405
0.0 0.0 0.008765959180891514
0.0 0.0 0.00868526566773653
0.0 0.0027426155284047127 0.021551262587308884
0.0 0.0 0.014013984240591526
0.0 0.0 0.02261439710855484
0.0077745346352458 0.0 0.03125981613993645
0.003561414312571287 0.0 0.029153522104024887
0.0 0.005998861975967884 0.00760055985301733
0.0 0.0 0.0
0.0007736170664429665 0.0017758877947926521 0.0
0.0 0.0 0.008818688802421093
0.0 0.0 0.00874492060393095
0.0 0.0 0.0
0.0 0.015722595155239105 0.0
0.0 0.007169853895902634 0.0
0.0008678929880261421 0.0209362655878067 0.0
0.016805697232484818 0.0017975224182009697 0.0
0.01989549584686756 0.0 0.0
0.0 0.0 0.0
0.0 0.0061227623373270035 0.0
0.0 0.0 0.0
0.0 0.0 0.009737390093505383
0.008804761804640293 0.0 0.03557964041829109
0.009990934282541275 0.0 0.026021555066108704
0.0 0.007059396244585514 0.009926741011440754
0.006024954374879599 0.0 0.0
0.0 0.018762124702334404 0.00887532439082861
0.002664577681571245 0.0 0.01206392701715231
0.02946263551712036 0.0 0.0
0.013421617448329926 0.0 0.0036214403808116913
0.0 0.0028505362570285797 0.005501631647348404
0.0 0.0 0.0
0.01909734681248665 0.0 0.0
0.008283315226435661 0.0 0.0
0.002713846042752266 0.0 0.004527714103460312
0.0 0.001756776124238968 0.010892403312027454
0.0 0.0 0.001272265799343586
0.0029221053700894117 0.0018212245777249336 0.0
0.004003615118563175 0.011387299746274948 0.0
0.0017942565027624369 0.00498878862708807 0.0
0.0 0.004976271651685238 0.003414778970181942
0.0 0.0038905013352632523 0.006669160909950733
0.008195163682103157 0.0 0.0
0.007160526234656572 0.0 0.0
0.0 0.0 0.0
0.0 0.0 0.0022871969267725945
0.0006773266941308975 0.008160347118973732 0.0
0.0 0.0017541134729981422 0.008809278719127178
0.0 0.0017317421734333038 0.013114011846482754
0.0 0.008120931684970856 0.012034633196890354
0.006007643882185221 0.0 0.0
0.007251339964568615 0.0 0.0
0.0 0.007160063832998276 0.0
0.0 0.0038849087432026863 0.00984178576618433
0.01651993952691555 0.0 0.013256757520139217
0.017755379900336266 0.0 0.0
0.0 0.0 0.0
0.0 0.021040726453065872 0.0
0.0 0.012451764196157455 0.0
0.011243950575590134 0.003850553184747696 0.008965338580310345
0.020716281607747078 0.0 0.01860225200653076
0.0 0.0 0.0
0.0 0.008280988782644272 0.0
0.0 0.0019093751907348633 0.0
0.0 0.0 0.0
0.010151522234082222 0.0 0.009991721250116825
0.0005026161670684814 0.0 0.013095011934638023
0.0 0.0 0.011970624327659607
0.0007936996407806873 0.017807910218834877 0.0
0.0 0.008237307891249657 0.0
0.0007345774210989475 0.0 0.0
0.009286521002650261 0.0028990013524889946 0.0
0.0 0.008221860975027084 0.002298024483025074
0.0029183696024119854 0.011424845084547997 0.0
0.0 0.0029333559796214104 0.0
0.0 0.0 0.00015631038695573807
0.0 0.0 0.0034029697999358177
0.0 0.0 0.0
0.0 0.0 0.0
0.0 0.0049981046468019485 0.009796952828764915
0.0015561627224087715 0.003881175071001053 0.016351791098713875
0.015517517924308777 0.0 0.006855757907032967
0.015563057735562325 0.006027682684361935 0.0036788731813430786
0.0 0.0 0.0
0.0 0.0 0.0013408837839961052
0.0 0.0007556891068816185 0.007636064663529396
0.0 0.006128083914518356 0.012610848993062973
0.031878646463155746 0.0 0.0
0.04326978698372841 0.0 0.0
0.0 0.0 0.0039049750193953514
0.0 0.0 0.027298713102936745
0.0 0.0 0.0
0.04758570343255997 0.0 0.0
0.02185584232211113 0.0 0.0
0.0 0.0 0.0
0.03829393535852432 0.0 0.0
0.18026518821716309 0.0 0.0
0.1985459178686142 0.0 0.0
0.07549590617418289 0.0 0.0
0.0 0.0 0.0
0.0 0.07875169068574905 0.0
0.0 0.04689202457666397 0.0
0.00036120228469371796 0.0 0.0
0.015812596306204796 0.005056427791714668 0.0
0.0 0.0379166379570961 0.0258206594735384
0.0 0.026166774332523346 0.03444530814886093
0.038662515580654144 0.05259491875767708 0.04786151647567749
0.0 0.09200756996870041 0.06437764316797256
0.0 0.0867648720741272 0.0744776800274849
0.0 0.06777679920196533 0.02860020287334919
0.0 0.0 0.0
0.025331534445285797 0.0 0.0
0.0 0.0 0.0
0.0 0.02203088440001011 0.014980264008045197
0.0 0.07207034528255463 0.005348142236471176
0.0 0.0391337051987648 0.0
0.01466637384146452 0.0 0.0
0.046913791447877884 0.0 0.0
0.0 0.014724796637892723 0.0
0.0 0.05411028861999512 0.0
0.0 0.021112920716404915 0.0
0.0394446924328804 0.0 0.0
0.0319252535700798 0.0 0.0
0.0 0.015746917575597763 0.0
0.0 0.010654687881469727 0.0
0.0 0.01180969923734665 0.0
0.0 0.0 0.0
0.030568640679121017 0.0 0.09556374698877335
0.015044809319078922 0.0 0.36360105872154236
0.0 0.045243822038173676 0.3692197799682617
0.0 0.020464174449443817 0.1662970334291458
0.025621287524700165 0.0 0.0
0.18898199498653412 0.0 0.0
0.1022697240114212 0.0 0.07269757986068726
0.009569616056978703 0.05533560365438461 0.180049866437912
0.0 0.10430953651666641 0.16937804222106934
0.0 0.06745671480894089 0.07942205667495728
0.0 0.0 0.0
0.0 0.0 0.0
0.0 0.0 0.0
0.0 0.0 0.0
0.0 0.0 0.0
0.008988514542579651 0.0 0.0
0.0 0.0 0.0
0.0 0.0 0.0
0.0 0.0 0.0
0.0 0.0 0.0
0.0 0.0 0.0
0.0 0.0 0.0
0.0 0.0 0.0
0.0 0.0 0.0
0.0 0.03129258751869202 0.0
0.0 0.016603656113147736 0.0
0.0 0.0 0.0
0.0 0.0 0.0
0.0 0.0 0.0
0.0 0.0 0.0
0.0 0.0 0.0
0.0 0.0 0.713192880153656
0.0 0.0 1.9139575958251953
0.0 0.0 2.812324285507202
1.0653369426727295 0.0 3.4942641258239746
3.0466790199279785 0.0 3.734654188156128
5.0576701164245605 0.0 4.071901321411133
6.59708833694458 0.0 4.288057804107666
7.302884578704834 0.0 4.265328884124756
7.995845317840576 0.0 3.12564754486084
8.287480354309082 0.0 1.587232232093811
8.164017677307129 0.0 0.9336217045783997
7.4354963302612305 0.0 0.03521573916077614
6.272790908813477 0.22692905366420746 0.0
5.689976215362549 1.642353892326355 0.0
5.028571605682373 2.8939342498779297 0.0
3.963080883026123 2.2278130054473877 0.0
3.025676965713501 1.4296910762786865 0.0
2.1371757984161377 1.1332722902297974 0.0
1.0745108127593994 1.2500585317611694 0.0
0.32873454689979553 0.7548360228538513 0.0
0.0 0.0 0.0
0.0 0.0 0.0
0.0 0.0 0.0
0.0 0.0 0.0
0.0 0.0 0.0
0.0 0.0 0.0
0.0 0.0 0.0
0.0 0.0 0.0
0.0 0.0 0.0
0.0 0.9384481906890869 0.0
0.0 2.7552170753479004 0.0
0.0 1.5763013362884521 0.0
0.0 0.0 0.0
0.0 0.0 0.0
0.0 0.0 0.0
0.0 0.0 0.0
0.0 0.06542298197746277 0.0
0.0 0.5363361239433289 0.0
0.0 0.12137360125780106 0.0
0.0 0.0 0.0
0.0 0.0 0.0
0.0 0.0 0.0
0.0 0.0 0.0
0.0 0.0 0.0
0.0 0.0 0.0
0.0 0.0 0.140590101480484
0.0 0.0 0.6110835671424866
0.0 0.0 0.6746689677238464
0.0 0.0 0.5835443735122681
0.0 0.0 0.5264475345611572
0.09314200282096863 0.0 0.3548629879951477
0.147060364484787 0.0 0.38597536087036133
0.0 0.0 0.39628392457962036
0.0 0.0 0.2493956834077835
0.008476920425891876 0.028491858392953873 0.0
0.37671032547950745 0.0 0.0
0.5931524038314819 0.0 0.0
0.6412194967269897 0.0 0.0
0.5745989084243774 0.0 0.0
0.5616881847381592 0.0 0.0
0.4502553939819336 0.0 0.0
0.2629995048046112 0.0 0.0
0.3853784203529358 0.0 0.0
0.44604867696762085 0.0 0.0
0.3236679136753082 0.0 0.0
0.13441194593906403 0.0 0.0
0.0 0.07545199245214462 0.0
0.05914995074272156 0.0 0.00703742541372776
0.15933246910572052 0.0 0.0023031234741210938
0.1193043664097786 0.0 0.0
0.017376672476530075 0.0 0.0
0.0 0.0 0.0
0.04140850529074669 0.0 0.0
0.12054513394832611 0.0 0.04697418957948685
0.09287462383508682 0.0 0.052318621426820755
0.016465339809656143 0.0 0.015347287058830261
0.0 0.013698876835405827 0.0
0.0 0.0 0.0
0.0 0.0 0.0
0.0 0.016894403845071793 0.0
0.0 0.02428201213479042 0.0
0.0 0.019026797264814377 0.0
0.0 0.0 0.0
0.0 0.0 0.0
0.009995188564062119 0.0 0.007494423538446426
0.0 0.0 0.030948348343372345
0.0 0.06359053403139114 0.0
0.0 0.12855090200901031 0.004904232919216156
0.0 0.11884314566850662 0.02653522416949272
0.016354551538825035 0.019747182726860046 0.032576873898506165
0.05459434911608696 0.0 0.041312042623758316
0.0 0.08788043260574341 0.019756415858864784
0.0 0.17194445431232452 0.026985298842191696
0.0 0.13473129272460938 0.038411859422922134
0.0 0.11773260682821274 0.016286583617329597
0.04509059339761734 0.06322621554136276 0.04689296334981918
0.08515492081642151 0.0 0.0822746530175209
0.25035321712493896 0.0 0.09439656138420105
0.6007580757141113 0.0 0.16958105564117432
0.966221272945404 0.0224233940243721 0.2397122085094452
1.062308430671692 0.0 0.3214488923549652
1.3098423480987549 0.04153530299663544 0.35003817081451416
1.8714529275894165 0.39155855774879456 0.2745223939418793
2.0777812004089355 0.5591664910316467 0.2653752267360687
1.94114089012146 0.7453677654266357 0.296663373708725
1.5710393190383911 0.9682501554489136 0.3075770139694214
1.0623995065689087 1.0990365743637085 0.2847587764263153
0.7477163672447205 1.0544118881225586 0.15861442685127258
0.60294109582901 0.9241096377372742 0.10332681983709335
0.40233102440834045 0.7279422879219055 0.07077420502901077
0.14974883198738098 0.5468710064888 0.00890684686601162
0.0 0.41557371616363525 0.025737224146723747
0.0 0.2705094516277313 0.04435005784034729
0.0 0.09773875772953033 0.017076091840863228
0.0 0.0 0.0
0.0 0.0 0.0
0.0 0.0 0.007513746619224548
0.0 0.0 0.0660601481795311
0.0 0.0 0.16842113435268402
0.0 0.0 0.32741132378578186
0.0 0.0 0.36400341987609863
0.0 0.0 0.25102466344833374
0.0 0.0 0.09346140921115875
0.0 0.0 0.037153132259845734
0.0 0.0 0.0
0.0 0.0 0.0
0.04729355871677399 0.0 0.0
0.336609810590744 0.19774603843688965 0.0
0.7056035399436951 0.410888671875 0.0
1.1744046211242676 0.3852435052394867 0.0
1.6811599731445312 0.4787505567073822 0.0
1.7653648853302002 0.7892032265663147 0.0
1.5345298051834106 1.189451813697815 0.0
1.3402502536773682 1.330073356628418 0.0
1.2757679224014282 1.17451012134552 0.0
1.0952727794647217 0.838264524936676 0.05775561183691025
0.8646289110183716 0.5992058515548706 0.13800543546676636
0.611755907535553 0.5731604099273682 0.1279168576002121
0.2920228838920593 0.48788145184516907 0.07209912687540054
0.08538208901882172 0.3141765296459198 0.00644129142165184
0.0 0.0 0.009659722447395325
0.0 0.0 0.0
0.0 0.0 0.017310185357928276
0.0 0.0 0.0028817104175686836
0.0 0.0 0.0
0.0 0.0 0.0
0.0 0.0 0.029984699562191963
0.0 0.0 0.10514017194509506
0.0 0.0 0.13140186667442322
0.0 0.0 0.28298208117485046
0.0 0.0 0.5061944127082825
0.0 0.0 0.6677137613296509
0.0 0.0 0.6496093273162842
0.0 0.0 0.30852922797203064
0.0 0.0 0.0
0.09728029370307922 0.0 0.0
0.1968580186367035 0.09843836724758148 0.0
0.38112586736679077 0.340204656124115 0.0
0.5534428954124451 0.41976019740104675 0.0
0.7128589153289795 0.4826771020889282 0.0
0.8266717195510864 0.6123374104499817 0.0
0.8772150874137878 0.6470509171485901 0.0
0.9920175671577454 0.610530436038971 0.0
1.2695677280426025 0.652513861656189 0.0
1.376813530921936 0.7179812788963318 0.0
1.0788342952728271 0.604398787021637 0.06431400030851364
0.774015486240387 0.45281001925468445 0.10564705729484558
0.5648361444473267 0.3150881230831146 0.08494976907968521
0.45581355690956116 0.25506845116615295 0.0
0.3372938334941864 0.12989908456802368 0.0
0.15219427645206451 0.010021678172051907 0.0018519535660743713
0.0 0.0 0.02860953100025654
0.0 0.0 0.006575070321559906
0.0 0.0 0.0
0.0 0.0 0.0
0.0 0.0 0.0
0.0 0.0 0.0662866085767746
0.0 0.0 0.1369522511959076
0.0 0.0 0.0
0.0 0.0 0.0
0.0 0.0 0.0
0.0 0.0 0.08268475532531738
0.0 0.0 0.23661519587039948
0.0 0.0 0.21652990579605103
0.0 0.0 0.0
0.09090641140937805 0.026697594672441483 0.0
0.36389535665512085 0.21521423757076263 0.0
0.606943666934967 0.39951804280281067 0.0
1.0225547552108765 0.5905228853225708 0.0
1.3483712673187256 0.737692654132843 0.0
1.3181421756744385 0.7319191694259644 0.0
1.1765978336334229 0.8583937883377075 0.03940598666667938
1.030956745147705 0.9902524948120117 0.10781913250684738
1.0392605066299438 1.058545708656311 0.03654628247022629
1.0143764019012451 0.9267142415046692 0.04975849390029907
0.8186660408973694 0.5291623473167419 0.1341167837381363
0.6637422442436218 0.35939377546310425 0.12560905516147614
0.5253188014030457 0.3364056348800659 0.09103403240442276
0.344310462474823 0.27847522497177124 0.04096393287181854
0.1650022268295288 0.1640666425228119 0.024913864210247993
0.0 0.007087141275405884 0.07289443910121918
0.0 0.0 0.10304675251245499
0.0 0.0 0.030808771029114723
0.0 0.0 0.0
0.0 0.0 0.0
0.0 0.0 0.0
0.0 0.0 0.0
0.0 0.0 0.0
0.0 0.0 0.030743733048439026
0.0 0.0 0.0
0.0 0.0 0.0
0.0 0.0 0.0
0.0 0.0 0.0
0.0 0.0 0.026986543089151382
0.0 0.0 0.09606654196977615
0.0 0.0 0.018916364759206772
0.0 0.0 0.0
0.0 0.0 0.008570517413318157
0.0 0.028574775904417038 0.0
0.44340506196022034 0.0 0.0
0.8369172215461731 0.0 0.0
1.127590298652649 0.25537171959877014 0.0
1.0959211587905884 0.4644913971424103 0.0
1.0661954879760742 0.625052273273468 0.0
1.098656415939331 0.6538407802581787 0.0
1.1783230304718018 0.6178122162818909 0.0
1.1970176696777344 0.5212864875793457 0.0
1.1143696308135986 0.29137206077575684 0.0
1.0351533889770508 0.31481480598449707 0.0
0.8321893215179443 0.4791680574417114 0.0
0.6195657253265381 0.39767879247665405 0.0
0.47512945532798767 0.23632211983203888 0.0
0.2799551486968994 0.17366938292980194 0.0
0.0 0.09315350651741028 0.055525247007608414
0.0 0.0 0.03950712829828262
0.0 0.0 0.0
0.0 0.0 0.0
0.0 0.0 0.0
0.0 0.0 0.0321514792740345
0.0 0.0 0.04522227123379707
0.0 0.0 0.0
0.0 0.0 0.0
0.0 0.0 0.0
0.0 0.0 0.13877592980861664
0.0 0.0 0.1989484578371048
0.0 0.0 0.16892345249652863
0.0 0.0 0.0514114610850811
0.0 0.0 0.0
0.0 0.0 0.0
0.34661194682121277 0.0 0.0
0.52953040599823 0.0 0.03744557499885559
0.6907895803451538 0.0 0.03167716786265373
0.8603954315185547 0.26598629355430603 0.0
0.9316914081573486 0.7457645535469055 0.0
0.9026893377304077 0.9391366839408875 0.0
1.0077846050262451 0.8122810125350952 0.0
1.1967246532440186 0.6546679735183716 0.0
1.3385419845581055 0.6968460083007812 0.0
1.1584125757217407 0.7734308838844299 0.03040486015379429
0.8609374761581421 0.7120977640151978 0.09774342179298401
0.7630138397216797 0.6985729336738586 0.07001352310180664
0.8032358288764954 0.6611824035644531 0.09700199961662292
0.7528666257858276 0.3824237287044525 0.17999222874641418
0.6976186037063599 0.14461223781108856 0.11991210281848907
0.4295796751976013 0.039215244352817535 0.015403008088469505
0.059494562447071075 0.0 0.0
0.0 0.0 0.045065298676490784
0.0 0.0 0.06523661315441132
0.0 0.0 0.0
0.0 0.0 0.0
0.0 0.0 0.0
0.0 0.0 0.0021114377304911613
0.0 0.0 0.002187337726354599
0.0 0.0 0.0
0.0 0.0 0.0
0.0 0.0 0.0
0.0 0.0 0.12309272587299347
0.0 0.0 0.31383684277534485
0.0 0.0 0.34436118602752686
0.0 0.0 0.07476114481687546
0.0 0.0 0.0
0.0 0.0 0.0
0.0 0.0 0.0
0.0 0.0 0.0
0.0 0.0 0.0
0.0 0.0 0.0
0.0 0.01578075811266899 0.0
0.060931604355573654 0.12556052207946777 0.0
0.18108171224594116 0.2059142142534256 0.0
0.22219932079315186 0.2634182572364807 0.0
0.24303989112377167 0.31989964842796326 0.0
0.3013215661048889 0.2718175947666168 0.0
0.5626271963119507 0.3445599675178528 0.0
0.7575224041938782 0.44245219230651855 0.046693816781044006
0.6732128262519836 0.4326626658439636 0.14944656193256378
0.46920403838157654 0.3883740305900574 0.15901663899421692
0.3648832440376282 0.44963499903678894 0.03745345026254654
0.36219558119773865 0.42114049196243286 0.0
0.33553919196128845 0.24123838543891907 0.05785113573074341
0.26390761137008667 0.06668148934841156 0.14844495058059692
0.08015696704387665 0.018095843493938446 0.15927176177501678
0.0 0.013493634760379791 0.07078131288290024
0.0 0.0013240538537502289 0.0
0.0 0.0 0.0
0.0 0.0 0.0
0.0 0.0 0.022547202184796333
0.0 0.0 0.0010275309905409813
0.0 0.0 0.0
0.0 0.0 0.0
0.08806375414133072 0.0 0.0
0.12805777788162231 0.0 0.047147076576948166
0.02935543842613697 0.042118288576602936 0.016755882650613785
0.0 0.0944153219461441 0.0
0.017051102593541145 0.056140366941690445 0.0
0.0721532329916954 0.0 0.0
0.09439782053232193 0.0 0.0052816541865468025
0.06474059075117111 0.0 0.0
0.0 0.026457570493221283 0.0
0.0 0.0009322380647063255 0.0
0.0 0.013687980361282825 0.0
0.0 0.0 0.0
0.0 0.0 0.0012448346242308617
0.0 0.0 0.00755359698086977
0.04980532079935074 0.0 0.0
0.06180286034941673 0.04008789733052254 0.0
0.020132379606366158 0.05609003081917763 0.0
0.010241664946079254 0.025190439075231552 0.0047586094588041306
0.03459733724594116 0.0 0.018789738416671753
0.020557153970003128 0.0 0.03248238191008568
0.015400474891066551 0.0 0.013163545168936253
0.0 0.0 0.0
0.0 0.013780391775071621 0.0
0.0 0.007317699491977692 0.0
0.0 0.0 0.0
0.0 0.0 0.0
0.0 0.0 0.0
0.0 0.004160522483289242 0.0
0.0 0.0 0.0
0.0 0.0 0.008602882735431194
0.0 0.0 0.0
0.0 0.0 0.0
0.0 0.0 0.0
0.0 0.0 0.0
0.0 0.0 0.16954942047595978
0.0 0.0 0.5560638308525085
0.09320685267448425 0.0 0.8924746513366699
0.43507206439971924 0.0 1.680696964263916
1.5559052228927612 0.0 3.0229291915893555
3.1630160808563232 0.0 4.245062351226807
4.245166778564453 0.0 4.984574794769287
5.271387577056885 0.0 5.790277481079102
6.657307147979736 0.0 6.149270534515381
7.711434364318848 0.0 5.812516212463379
8.60876178741455 0.0 4.773106575012207
9.732730865478516 0.0 3.2067911624908447
10.43466567993164 0.0 1.8229471445083618
8.938542366027832 0.0 0.5172402858734131
6.200333118438721 2.8094112873077393 0.0
4.104698181152344 3.590243339538574 0.0
3.658421039581299 2.1892271041870117 0.0
3.6044139862060547 0.6471270322799683 0.0
2.865626573562622 0.6542520523071289 0.0
2.0726184844970703 1.3095999956130981 0.0
1.5005022287368774 1.3130477666854858 0.0
0.8796173930168152 1.0425726175308228 0.0
0.12004872411489487 0.6893961429595947 0.0
0.0 0.342754602432251 0.0
0.0 0.5583550333976746 0.0
0.0 0.4984445571899414 0.0
0.0 0.0 0.0
0.0 0.0 0.0
0.0 0.0 0.0
0.0 0.0 0.0
0.0 0.0 0.0
0.0 0.0 0.0
0.0 0.0 0.0
0.0 0.0 0.0
0.0 0.0 0.0
0.0 0.0 0.0
0.0 0.0 0.0
0.0 0.0 0.0
0.0 0.0 0.4193294942378998
0.0 0.0 1.0713615417480469
0.0 0.0 1.3455004692077637
0.0 0.0 1.5587743520736694
0.0 0.0 1.4764862060546875
0.0 0.0 1.0600833892822266
0.0 0.0 0.3936254382133484
0.0 0.15366536378860474 0.18005964159965515
0.14733174443244934 0.5056611895561218 0.2384430468082428
0.7112683057785034 0.3619424104690552 0.2788647711277008
1.0354013442993164 0.11362046748399734 0.2716827690601349
1.0426310300827026 0.17419806122779846 0.0
0.7951163649559021 0.356132447719574 0.0
0.44478315114974976 0.4827668070793152 0.0
0.2476961612701416 0.4601837396621704 0.12285174429416656
0.29083991050720215 0.2367384135723114 0.1492663025856018
0.40133339166641235 0.0 0.0
0.31858792901039124 0.0 0.0
0.13145557045936584 0.0 0.0
0.0 0.0 0.0
0.0 0.0 0.042643189430236816
0.0 0.0 0.019345592707395554
0.0 0.0 0.0
0.0 0.0 0.0
0.0 0.0 0.0
0.0 0.0 0.047518372535705566
0.0 0.10606560856103897 0.038235925137996674
0.0006050178781151772 0.03370746225118637 0.008964313194155693
0.05608212575316429 0.0 0.0
0.02651650831103325 0.0 0.0
0.0 0.0 0.0
0.0 0.0 0.0
0.001936598215252161 0.013613644056022167 0.0
0.0647435262799263 0.0 0.0
0.02761772647500038 0.009337940253317356 0.0
0.0 0.006328567862510681 0.0
0.0 0.05746179446578026 0.0
0.0 0.09153454750776291 0.0
0.0 0.06581933051347733 0.0
0.039196353405714035 0.03369467705488205 0.0
0.03170594573020935 0.0 0.0
0.0 0.006342415697872639 0.0
0.0 0.06601720303297043 0.0
0.0 0.04664163663983345 0.0
0.0358990915119648 0.013477557338774204 0.0
0.0012130173854529858 0.02436695620417595 0.0
0.0 0.11313890665769577 0.0
0.0 0.16962161660194397 0.0
0.0 0.12138565629720688 0.0
0.013557035475969315 0.07304981350898743 0.0006746919825673103
0.01394559070467949 0.07173687219619751 0.06690990179777145
0.0 0.14212819933891296 0.06916054338216782
0.0 0.2189052700996399 0.06510800868272781
0.0 0.2610737681388855 0.18862435221672058
0.0 0.29217976331710815 0.4285179078578949
0.0 0.2954258918762207 0.6903777122497559
0.0 0.10783176124095917 0.9784233570098877
0.0917716771364212 0.07400402426719666 1.1199859380722046
0.03640322759747505 0.22079132497310638 1.129523515701294
0.10760550200939178 0.24922937154769897 1.1634446382522583
0.23061184585094452 0.09423445910215378 1.3222817182540894
0.40142300724983215 0.0 1.583646535873413
0.6002460718154907 0.0 1.8316717147827148
0.4745502173900604 0.0 1.6433398723602295
0.32001736760139465 0.24949488043785095 1.264920711517334
0.36182260513305664 0.26765871047973633 0.9363558292388916
0.39420637488365173 0.16052772104740143 0.570967972278595
0.3416379690170288 0.09940978139638901 0.17069461941719055
0.1495146006345749 0.1321626603603363 0.0
0.02941109985113144 0.24929779767990112 0.0
0.0 0.3562335669994354 0.0
0.0 0.33230161666870117 0.0
0.0 0.29697078466415405 0.0
0.0 0.36081287264823914 0.0
0.0 0.30645057559013367 0.0
0.0 0.08310377597808838 0.0
0.0 0.0 0.0
0.0 0.0 0.0
0.0 0.0 0.0
0.0 0.0 0.0
0.0 0.0 0.0
0.0 0.0 0.0
0.0 0.0 0.03228291869163513
0.0 0.0 0.42189911007881165
0.0 0.0 0.7302857637405396
0.0 0.0 1.0414761304855347
0.04279562458395958 0.0 1.3814544677734375
0.19929201900959015 0.0 1.742173194885254
0.326341837644577 0.0 1.960617184638977
0.4235285818576813 0.05533278360962868 1.967214822769165
0.6143824458122253 0.0 1.9720458984375
0.8182311654090881 0.0 1.9413838386535645
0.8841183185577393 0.0 1.9414488077163696
0.8250230550765991 0.0 1.8735040426254272
0.7083707451820374 0.0 1.6339460611343384
0.6094247102737427 0.10772861540317535 1.2246254682540894
0.5223923325538635 0.16741643846035004 0.6641519665718079
0.47610363364219666 0.07939950376749039 0.06301073729991913
0.3290952742099762 0.009496317245066166 0.0
0.03255150839686394 0.011309397406876087 0.0
0.0 0.06176644191145897 0.0
0.0 0.1654273271560669 0.0
0.0 0.20324395596981049 0.0
0.0 0.1799578070640564 0.0
0.0 0.059041764587163925 0.0
0.0 0.0 0.0
0.0 0.0 0.0
0.0 0.0 0.0
0.0 0.0 0.0
0.0 0.0 0.0
0.0 0.0 0.0
0.0 0.0 0.0
0.0 0.0 0.0
0.0 0.02062087506055832 0.0
0.0 0.0 0.18228785693645477
0.1478583961725235 0.0 0.7160407304763794
0.2833773195743561 0.0 1.1449146270751953
0.25324100255966187 0.14599370956420898 1.4124201536178589
0.2396133542060852 0.3614160120487213 1.5251554250717163
0.3725559413433075 0.2458377480506897 1.657511591911316
0.6805729269981384 0.0 1.9585739374160767
0.8802271485328674 0.0 2.137429714202881
0.8828727602958679 0.0 2.1963090896606445
0.9017404317855835 0.0 2.1303696632385254
0.9717866778373718 0.0 1.959054946899414
0.8983835577964783 0.0 1.7330378293991089
0.7791000008583069 0.0 1.5120351314544678
0.6759648323059082 0.0 1.2751208543777466
0.5623179078102112 0.07958512753248215 0.8170352578163147
0.4024805426597595 0.1014707162976265 0.16917844116687775
0.11692897230386734 0.05383262410759926 0.0
0.0 0.0011086920276284218 0.0
0.0 0.0 0.0
0.0 0.0 0.0
0.0 0.0 0.0
0.0 0.0 0.0
0.0 0.01481757964938879 0.0
0.0 0.014137941412627697 0.0
0.0 0.006826498545706272 0.0
0.0 0.019021645188331604 0.0
0.0 0.0 0.0
0.0 0.0 0.0
0.0 0.0 0.0
0.0 0.0 0.0
0.0 0.0 0.0
0.0 0.0 0.0
0.0 0.0 0.0
0.0 0.0 0.0
0.03501812741160393 0.0 0.16034448146820068
0.1297353208065033 0.03047856315970421 0.5305196046829224
0.12773048877716064 0.14875061810016632 0.7445461750030518
0.2012270838022232 0.1488315761089325 0.9674903154373169
0.3193497061729431 0.23800645768642426 1.2232184410095215
0.4251301884651184 0.2434350550174713 1.4208627939224243
0.5724064707756042 0.052834201604127884 1.7058881521224976
0.781180202960968 0.0 2.0376229286193848
0.9503915905952454 0.0 2.0765302181243896
1.0212793350219727 0.0 1.9167479276657104
0.980747401714325 0.0 1.6949737071990967
0.7540742754936218 0.0 1.4366180896759033
0.4823812246322632 0.0059572430327534676 1.2134116888046265
0.33148521184921265 0.05044960975646973 1.0518012046813965
0.34867724776268005 0.0 0.8177146315574646
0.3182484805583954 0.0 0.4563865065574646
0.18792112171649933 0.0 0.15597449243068695
0.0 0.04269235208630562 0.0
0.0 0.07059349864721298 0.0
0.0 0.05257561057806015 0.0
0.0 0.07589132338762283 0.0
0.0 0.07378023862838745 0.0
0.0 0.07138977944850922 0.0
0.0 0.0 0.0
0.0 0.0 0.0
0.0 0.0 0.0
0.0 0.0 0.0
0.0 0.0 0.0
0.0 0.0 0.0
0.0 0.0 0.0
0.0 0.0 0.0
0.0 0.0 0.0
0.0 0.0 0.0
0.0 0.0 0.0
0.0 0.0 0.0
0.0 0.0062866248190402985 0.0
0.03809394687414169 0.09882587939500809 0.21360397338867188
0.08142942935228348 0.16580410301685333 0.4738547205924988
0.15699130296707153 0.19985714554786682 0.7086811065673828
0.24723652005195618 0.26499301195144653 0.8689727783203125
0.33140891790390015 0.31007394194602966 0.9938843846321106
0.36690032482147217 0.39365354180336 1.0842483043670654
0.38269394636154175 0.4041690230369568 1.106874704360962
0.40107694268226624 0.31815478205680847 1.070456862449646
0.3949498236179352 0.2676585912704468 0.9313508868217468
0.2983047664165497 0.20292910933494568 0.6663016676902771
0.20626938343048096 0.07629553973674774 0.4630601406097412
0.14074230194091797 0.03415793925523758 0.39389678835868835
0.09380833804607391 0.06188517063856125 0.39565446972846985
0.07963952422142029 0.06817982345819473 0.42544618248939514
0.08991292864084244 0.07053059339523315 0.3603891432285309
0.05009095370769501 0.0457695871591568 0.18043403327465057
0.0 0.0 0.005243034102022648
0.0 0.0 0.0
0.0 0.0 0.0
0.0 0.0 0.0
0.0 0.014998091384768486 0.0
0.0 0.01640317402780056 0.0
0.0 0.0 0.0
0.04842541366815567 0.0 0.0
0.05130988359451294 0.0 0.0
0.042610131204128265 0.0 0.0
0.0 0.05973333865404129 0.0
0.0 0.04294983297586441 0.0
0.0 0.0 0.0
0.0011404547840356827 0.0 0.0
0.0 0.03277948498725891 0.0
0.0 0.05413564294576645 0.0
0.0 0.025682425126433372 0.0
0.0 0.0 0.0
0.0 0.008498379960656166 0.0
0.0 0.1028888002038002 0.03314577043056488
0.0 0.19780251383781433 0.0
0.0 0.14816519618034363 0.0
0.0 0.17510679364204407 0.0
0.0 0.01958432048559189 0.0
0.0 0.0 0.0
0.0 0.0 0.0
0.0 0.0 0.0
0.0 0.0 0.0
0.0 0.0 0.18373598158359528
0.0 0.0 0.592593789100647
0.4712681472301483 0.0 1.040825366973877
1.2519469261169434 0.0 1.5939388275146484
2.941115617752075 0.0 2.392392158508301
4.852148056030273 0.0 2.9725279808044434
6.331843376159668 0.0 3.6864378452301025
7.203843593597412 0.0 4.349647045135498
7.114200592041016 0.0 4.925625324249268
6.909622669219971 0.0 5.195889949798584
7.517736434936523 0.0 4.828812599182129
9.078473091125488 0.0 3.490032911300659
10.396442413330078 0.0 1.9055355787277222
9.063390731811523 0.0 0.07413545250892639
5.143797874450684 0.12222550809383392 0.0
2.5848374366760254 2.4046807289123535 0.0
1.4712227582931519 2.179203510284424 0.0
1.9604634046554565 1.2710596323013306 0.0
1.8603657484054565 0.9790893197059631 0.0
0.7006925344467163 2.0721964836120605 0.0
0.0 2.5224499702453613 0.0
0.0 2.039724826812744 0.0
0.0 1.7156879901885986 0.0
0.0 1.578250765800476 0.0
0.0 0.873820960521698 0.0
0.0 0.4822190999984741 0.0
0.0 0.0 0.0
0.0 0.0 0.0
0.0 0.0 0.0
0.0 0.0 0.0
0.0 0.0 0.0
0.0 0.0 0.0
0.0 0.0 0.0
0.0 0.0 0.0
0.0 0.0 0.0
0.0 0.0 0.0
0.0 0.0 0.0
0.0 0.0 0.062283847481012344
0.0 0.0 0.5250800251960754
0.0 0.0 0.6721805334091187
0.0 0.0 0.6905373930931091
0.0 0.0 0.5678117275238037
0.0 0.0 0.1150040552020073
0.0 0.0 0.012862768955528736
0.3184809982776642 0.0 0.19728107750415802
0.37541326880455017 0.0 0.18118733167648315
0.2942792475223541 0.17779050767421722 0.011306417174637318
0.31227877736091614 0.24011540412902832 0.0
0.4096628427505493 0.13270477950572968 0.0
0.3878956437110901 0.09009239822626114 0.0
0.32856041193008423 0.11972565203905106 0.0
0.2006559818983078 0.19866520166397095 0.0
0.11472854763269424 0.15333473682403564 0.0
0.18034671247005463 0.0 0.0
0.23446853458881378 0.0 0.0
0.25294288992881775 0.0 0.026670468971133232
0.10540109127759933 0.0 0.0
0.0 0.06290818005800247 0.0
0.0 0.0 0.0
0.0820251926779747 0.0 0.0
0.07965870946645737 0.0 0.0
0.09869179129600525 0.0 0.0
0.0 0.0 0.06863310188055038
0.0 0.01764589175581932 0.08746831119060516
0.0 0.04245030879974365 0.005073298700153828
0.0 0.0 0.0
0.0 0.0 0.0022327713668346405
0.0 0.009341888129711151 0.022493833675980568
0.0 0.0029407143592834473 0.043549321591854095
0.010759539902210236 0.0 0.0462082177400589
0.06871365010738373 0.0 0.00818999670445919
0.09964040666818619 0.0 0.0
0.09322351962327957 0.0 0.006177445873618126
0.0 0.04460560530424118 0.01017618179321289
0.0 0.127829909324646 0.0
0.0 0.03835010528564453 0.00010490603744983673
0.0 0.0 0.029949618503451347
0.10222820192575455 0.0 0.06939370185136795
0.06781483441591263 0.0 0.10123365372419357
0.0 0.03678523004055023 0.09066063910722733
0.0 0.0708950012922287 0.09032401442527771
0.0 0.0 0.0650775134563446
0.008638331666588783 0.0 0.04075592756271362
0.0 0.0 0.040592677891254425
0.0 0.0 0.030924072489142418
0.0 0.0 0.022415803745388985
0.0 0.0 0.010667001828551292
0.0 0.013720391318202019 0.0
0.011612549424171448 0.0 0.0
0.05837313085794449 0.0007920758798718452 0.0
0.02955133654177189 0.045473262667655945 0.0
0.0 0.0679980143904686 0.0
0.016182534396648407 0.0467478483915329 0.0
0.05212055891752243 0.01361040398478508 0.0
0.05833131819963455 0.00927717424929142 0.0
0.0445912703871727 0.0104159414768219 0.0
0.025148067623376846 0.028431693091988564 0.007065875455737114
0.024826623499393463 0.025126444175839424 0.03803311288356781
0.0642978623509407 0.0 0.032940879464149475
0.06867889314889908 0.0 0.021202057600021362
0.04202570766210556 0.017669938504695892 0.025357387959957123
0.02703983150422573 0.0378713496029377 0.03275138884782791
0.06852363049983978 0.0 0.03942713513970375
0.10264112055301666 0.0 0.038609810173511505
0.026144476607441902 0.0 0.010184028185904026
0.0 0.04991176724433899 0.0
0.0 0.1095106452703476 0.0
0.0 0.19813664257526398 0.0
0.0 0.235232874751091 0.0
0.04166005551815033 0.13016638159751892 0.07806587219238281
0.23625722527503967 0.013707156293094158 0.12984304130077362
0.19721288979053497 0.04476068168878555 0.09109432250261307
0.0 0.1537041962146759 0.06796370446681976
0.0 0.1431804597377777 0.09674128890037537
0.0 0.05797608196735382 0.11295595020055771
0.0005842559039592743 0.0 0.1060037687420845
0.07346458733081818 0.0 0.06482969969511032
0.0 0.0 0.0019913455471396446
0.0 0.0 0.0
0.0 0.0 0.0
0.0 0.0 0.0
0.0 0.0 0.0
0.0 0.0 0.0
0.0 0.05028727278113365 0.0
0.0 0.03384891152381897 0.0
0.0 0.0 0.06511306017637253
0.051615744829177856 0.0 0.013412312604486942
0.07088664919137955 0.0 0.00828040111809969
0.0 0.022315558046102524 0.0
0.0 0.07485919445753098 0.0
0.0 0.0 0.0
0.0 0.0 0.0
0.0 0.04985504224896431 0.0
0.0 0.1328417956829071 0.0
0.0 0.13942858576774597 0.0
0.0 0.11615017801523209 0.0
0.0 0.07971733063459396 0.0
0.04984448105096817 0.0464714951813221 0.0
0.03707009553909302 0.08901043236255646 0.0
0.0 0.14770196378231049 0.0
0.0 0.1394147425889969 0.0
0.0 0.06061367690563202 0.0
0.010451268404722214 0.005144027993083 0.0
0.0 0.037067074328660965 0.0
0.0 0.0647711381316185 0.0
0.0 0.058439478278160095 0.0
0.0 0.01585366576910019 0.0
0.027601491659879684 0.0 0.0
0.020033054053783417 0.03380550071597099 0.0
0.0038343872874975204 0.040170591324567795 0.005822435952723026
0.03175763040781021 0.04230538010597229 0.0
0.014711536467075348 0.0391620509326458 0.0
0.04540686309337616 0.0 0.0028636641800403595
0.0676778182387352 0.0 0.010429703630506992
0.027272336184978485 0.0 0.0
0.0 0.0052245911210775375 0.0
0.0 0.009458217769861221 0.0019848207011818886
0.001286541111767292 0.0 0.032201312482357025
0.07136842608451843 0.0 0.06381276994943619
0.10321557521820068 0.0 0.08124076575040817
0.05120936036109924 0.0 0.06277067959308624
0.0 0.01570759154856205 0.0215207040309906
0.0 0.0 0.0023158518597483635
0.011373530142009258 0.0 0.0
0.03500029444694519 0.0 0.0
0.012689132243394852 0.026456642895936966 0.0
0.026445422321558 0.04338715597987175 0.0
0.03625437617301941 0.05619350075721741 0.0
0.0435064323246479 0.027410052716732025 0.0
0.05074650049209595 0.012435365468263626 0.006201137788593769
0.024069085717201233 0.0 0.002660997211933136
0.029501669108867645 0.0 0.0
0.03356245532631874 0.0 0.0068842386826872826
0.007748168893158436 0.0 0.031300898641347885
0.0 0.0 0.026860609650611877
0.0 0.0 0.012772486545145512
0.0 0.0 0.0
0.0 0.0 0.0
0.009280018508434296 0.0 0.0
0.0 0.011533619835972786 0.0
0.004859438166022301 0.0 0.003558216616511345
0.06238797679543495 0.0 0.008291984908282757
0.09102734923362732 0.0 0.01912306249141693
0.04500792175531387 0.0 0.03693854436278343
0.0 0.0 0.02584115043282509
0.0 0.03587384521961212 0.033283352851867676
0.005729226395487785 0.06239227205514908 0.032621290534734726
0.01529423613101244 0.014544056728482246 0.029356788843870163
0.06856171786785126 0.0 0.03188040107488632
0.07207176834344864 0.0 0.0009174253791570663
0.07033432275056839 0.0 0.0
0.06633398681879044 0.02220543846487999 0.0
0.06405458599328995 0.06359602510929108 0.0
0.09044518321752548 0.04643674194812775 0.0
0.1083938255906105 0.02720419317483902 0.006824850104749203
0.0637509822845459 0.03585866466164589 0.0
0.030643898993730545 0.04760320484638214 0.0
0.02916664257645607 0.007078417576849461 0.028402846306562424
0.08115687221288681 0.0 0.04683830961585045
0.10894548892974854 0.0 0.03956037014722824
0.039079319685697556 0.0 0.0
0.0 0.03928321599960327 0.0
0.0 0.0050634583458304405 0.014156477525830269
0.08128376305103302 0.0 0.03509717807173729
0.09187781810760498 0.0 0.04595488682389259
0.025048989802598953 0.026256360113620758 0.016671033576130867
0.0 0.06790793687105179 0.0
0.0 0.053076259791851044 0.0
0.0007769404910504818 0.0 0.0
0.020951449871063232 0.009326646104454994 0.0
0.0 0.03914233297109604 0.009781435132026672
0.0 0.005070382729172707 0.01621829718351364
0.05265505239367485 0.0 0.02210548147559166
0.009185338392853737 0.019965441897511482 0.0015357565134763718
0.0 0.019065560773015022 0.0
0.0 0.0 0.0
0.0 0.0 0.0
0.005725626368075609 0.0 0.016230015084147453
0.03576315566897392 0.0 0.0026763882488012314
0.027575263753533363 0.0 0.0
0.0 0.0 0.0
0.0 0.06266150623559952 0.0
0.0 0.00930241122841835 0.019479336217045784
0.04320668801665306 0.00816284492611885 0.012520497664809227
0.0 0.0499102920293808 0.0
0.0 0.03928934037685394 0.0
0.0 0.0061039552092552185 0.0174177847802639
0.03755519539117813 0.0 0.04017103463411331
0.0 0.02428802102804184 0.00015117879956960678
0.0 0.06916707754135132 0.0
0.0 0.05412607640028 0.008282342925667763
0.03229651600122452 0.0 0.028274159878492355
0.07080262899398804 0.0 0.015749312937259674
0.0 0.0 0.0
0.0 0.03396408259868622 0.0
0.0 0.02542678639292717 0.0
0.02087315358221531 0.0007976070046424866 0.0037270057946443558
0.0028446188662201166 0.010437984019517899 0.0
0.0 0.0 0.0
0.029212575405836105 0.0 0.01867000199854374
0.0037666051648557186 0.008257653564214706 0.007853573188185692
0.0 0.01892814226448536 0.0024513518437743187
0.014487160369753838 0.0 0.00042388681322336197
0.024085458368062973 0.000795210711658001 0.0026907697319984436
0.0 0.0 0.0
0.0 0.0019896384328603745 0.0
0.0 0.0 0.00977104902267456
0.0 0.0 0.0
0.0015854761004447937 0.0 0.005547010339796543
0.0 0.0 0.00557421799749136
0.0 0.009420616552233696 0.0
0.0 0.0 0.0
0.03584784269332886 0.0 0.0
0.041144873946905136 0.0 0.001742195338010788
0.016703711822628975 0.024227792397141457 0.0
0.0017303552012890577 0.0019318079575896263 0.0
0.023159481585025787 0.0 0.0
0.03898531571030617 0.0 0.0027579255402088165
0.0 0.03597100079059601 0.0
0.0 0.0 0.004480457864701748
0.011209078133106232 0.0 0.006781428121030331
0.0 0.0 0.004417607560753822
0.0 0.0 0.013903520070016384
0.012305501848459244 0.0 0.0024881474673748016
0.02293151430785656 0.0 0.006863986141979694
0.009022090584039688 0.0 0.013196983374655247
0.013359314762055874 0.0 0.006837355904281139
0.013632820919156075 0.009406235069036484 0.0
0.002016378566622734 0.017974689602851868 0.0
0.0009263469837605953 0.0 0.0
0.018974322825670242 0.0 0.0
0.03589098900556564 0.0 0.0
0.0 0.01583270914852619 0.0
0.0 0.021259432658553123 0.0
0.010302804410457611 0.0 0.0
0.027292706072330475 0.0 0.0005562901496887207
0.0007148920558393002 0.0072655873373150826 0.0
0.0 0.004072722978889942 0.0
0.0 0.021042652428150177 0.014092338271439075
0.0 0.06892335414886475 0.027676593512296677
0.0 0.062440425157547 0.04599621146917343
0.0 0.0356367751955986 0.08267565816640854
0.004125868435949087 0.01756882481276989 0.07839728891849518
0.0 0.0 0.06414058804512024
0.0 0.04108773171901703 0.06943788379430771
0.0 0.13069511950016022 0.0325685515999794
0.0 0.10866304486989975 0.0
0.0 0.0 0.0
0.0 0.0 0.0
0.0 0.0 0.09891694784164429
0.0 0.0 0.1976078301668167
0.0 0.0 0.22869572043418884
0.0 0.0 0.5839752554893494
0.7387940287590027 0.0 1.5368173122406006
2.8529553413391113 0.0 3.1044352054595947
4.842662334442139 0.0 4.660871982574463
5.99760103225708 0.0 5.689487457275391
6.392493724822998 0.0 5.815836429595947
5.975652694702148 0.0 5.287724018096924
6.386233806610107 0.0 5.261542797088623
7.511399745941162 0.0 4.961512088775635
8.933064460754395 0.0 4.136338710784912
10.141826629638672 0.0 3.1183578968048096
8.341450691223145 0.0 2.562143564224243
4.427085876464844 0.8224843740463257 1.4221237897872925
3.0053164958953857 2.57081937789917 0.0
3.4305262565612793 1.0414409637451172 0.0
4.105225563049316 0.0 0.0
3.7304015159606934 0.0 0.0
2.823621988296509 0.8027799129486084 0.0
1.4768273830413818 1.7970287799835205 0.0
0.26000675559043884 1.6266621351242065 0.0
0.0 0.9989174008369446 0.0
0.0 1.2512123584747314 0.0
0.0 1.2418787479400635 0.0
0.0 0.3359152674674988 0.0
0.0 0.0 0.0
0.0 0.0 0.0
0.0 0.018486445769667625 0.0
0.0 0.0 0.0
0.0 0.0 0.0
0.0 0.0 0.0
0.0 0.0 0.0
0.0 0.0 0.0
0.0 0.0 0.0
0.0 0.0 0.0
0.0 0.0 0.0
0.0 0.0 0.0
0.0 0.0 0.0
0.0 0.0 0.0
0.0 0.0 0.0
0.0 0.0 0.0
0.0 0.0 0.23392432928085327
0.0 0.0 0.7060255408287048
0.0 0.0 0.9358422160148621
0.0 0.0 0.6848499774932861
0.0 0.0 0.7892722487449646
0.0 0.0788632407784462 1.0985243320465088
0.3431304097175598 0.6866189241409302 0.9471524357795715
0.5797964930534363 0.3944811224937439 0.1975434273481369
0.8020828366279602 0.04972798749804497 0.0
0.9169979691505432 0.0285169780254364 0.0
0.6565536260604858 0.33742982149124146 0.0
0.4325561821460724 0.5322450995445251 0.10998561233282089
0.5175291299819946 0.543617308139801 0.15146727859973907
0.608588457107544 0.35018157958984375 0.0887192040681839
0.5476399064064026 0.11649743467569351 0.06491826474666595
0.29364436864852905 0.0 0.04378049075603485
0.0 0.0 0.010631861165165901
0.0 0.0 0.0
0.0 0.0 0.0
0.0 0.0 0.0
0.06932632625102997 0.0 0.0
0.10324327647686005 0.0 0.0
0.0717303603887558 0.0 0.012199487537145615
0.018099885433912277 0.0 0.047104209661483765
0.002906817477196455 0.0 0.0758863165974617
0.06053335964679718 0.0 0.06991391628980637
0.15711450576782227 0.0 0.010898001492023468
0.13638818264007568 0.0 0.0
0.05583661049604416 0.0 0.0
0.00842302292585373 0.03073955327272415 0.0
0.11188097298145294 0.0 0.06742146611213684
0.23418104648590088 0.0 0.0961252823472023
0.19090202450752258 0.0 0.05849907547235489
0.019573679193854332 0.0 0.025067081674933434
0.0 0.09270837903022766 0.0
0.0 0.0 0.0
0.054005686193704605 0.0 0.0
0.02070898376405239 0.03197898715734482 0.0
0.0 0.07256050407886505 0.0
0.0 0.0 0.026704927906394005
0.08175050467252731 0.0 0.08623296767473221
0.07328431308269501 0.0 0.08193382620811462
0.06668046861886978 0.0 0.0
0.03051554225385189 0.0 0.0
0.0 0.037435803562402725 0.0
0.0 0.07641223073005676 0.0171071607619524
0.04727774113416672 0.018742546439170837 0.032897576689720154
0.10670618712902069 0.0 0.0
0.07269629091024399 0.054470181465148926 0.0
0.027477674186229706 0.10687106847763062 0.0
0.03732684254646301 0.11012918502092361 0.0
0.06270330399274826 0.0047998325899243355 0.0
0.057738374918699265 0.0 0.0
0.0 0.0 0.0
0.0 0.003809402696788311 0.0
0.0 0.0 0.0
0.008516766130924225 0.0 0.0
0.2440406084060669 0.0 0.0
0.5075947642326355 0.0 0.3850598931312561
0.25361546874046326 0.226778045296669 0.8646461963653564
0.0 0.46847641468048096 1.1980575323104858
0.0 0.2968229055404663 1.5952019691467285
0.20871324837207794 0.0 2.082204580307007
0.36103618144989014 0.0 2.633925199508667
0.3823675811290741 0.0967332199215889 2.867534637451172
0.5546016693115234 0.1928456425666809 2.9464855194091797
0.7302017211914062 0.1427726149559021 2.8829100131988525
0.9361258745193481 0.0 2.655823230743408
0.9622581601142883 0.04878068342804909 2.3016178607940674
0.7804004549980164 0.2716752588748932 1.6456462144851685
0.5030114650726318 0.4131320118904114 0.9264938831329346
0.2898908853530884 0.2530624270439148 0.3480238914489746
0.21775704622268677 0.0 0.0
0.18609978258609772 0.0 0.0
0.08101651817560196 0.0 0.0
0.0 0.0 0.0
0.0 0.20169833302497864 0.0
0.0 0.2621872127056122 0.0
0.0 0.06913389265537262 0.0
0.0 0.0 0.0
0.0 0.0 0.0
0.0 0.0 0.0
0.0 0.0 0.0
0.0 0.0 0.0
0.0 0.0 0.0
0.0 0.0 0.0
0.0 0.0 0.0
0.0 0.0 0.0
0.0 0.0 0.0
0.03660963475704193 0.0 0.43738335371017456
0.1320597231388092 0.07042711973190308 0.9355656504631042
0.2906903922557831 0.13254909217357635 1.296305775642395
0.5096136927604675 0.10655529797077179 1.5921952724456787
0.7443540096282959 0.0 1.8823738098144531
0.930753231048584 0.0 2.1103527545928955
0.9223567843437195 0.0 2.1171233654022217
0.7974262833595276 0.1280643194913864 1.9423426389694214
0.6764676570892334 0.17464327812194824 1.7756963968276978
0.6961694359779358 0.016465619206428528 1.703803300857544
0.7860404849052429 0.0 1.5644701719284058
0.6655423045158386 0.08342254906892776 1.159941554069519
0.38448426127433777 0.27107420563697815 0.5979447364807129
0.09620080143213272 0.3050380349159241 0.19776169955730438
0.00315980170853436 0.1539904624223709 0.0
0.048315294086933136 0.0 0.0
0.022634167224168777 0.0 0.0
0.0 0.16873478889465332 0.0
0.0 0.34965234994888306 0.0
0.0 0.29038503766059875 0.0
0.0 0.07313768565654755 0.0
0.0 0.017965514212846756 0.0
0.0 0.014844554476439953 0.0
0.0 0.0 0.0
0.0 0.0 0.0
0.0 0.0 0.0
0.0 0.0 0.0
0.0 0.0 0.0
0.0 0.0 0.0
0.016034996137022972 0.0 0.0
0.07749436050653458 0.0 0.08948245644569397
0.108042411506176 0.05246406048536301 0.35837945342063904
0.22360071539878845 0.028185619041323662 0.5346588492393494
0.3767159581184387 0.0 0.6779131889343262
0.48038244247436523 0.0 0.8668453097343445
0.5143573880195618 0.0 1.098048210144043
0.505281388759613 0.0 1.2637306451797485
0.45753490924835205 0.09199708700180054 1.2551108598709106
0.40724244713783264 0.09350204467773438 1.163806438446045
0.4405471384525299 0.0 1.1187635660171509
0.4861673414707184 0.0 1.12082839012146
0.47162967920303345 0.0 1.0800601243972778
0.3172782063484192 0.0 0.8666679263114929
0.12100082635879517 0.08464836329221725 0.5573199391365051
0.04079999402165413 0.03492261469364166 0.25188761949539185
0.040524356067180634 0.0 0.053900763392448425
0.020257171243429184 0.0 0.0
0.0 0.015558505430817604 0.0
0.0 0.0910029336810112 0.0
0.0 0.05012553930282593 0.0
0.0 0.005585500039160252 0.0
0.0 0.051302388310432434 0.0
0.0 0.21864929795265198 0.0
0.0 0.39952215552330017 0.0
0.0 0.2631129026412964 0.0
0.0 0.0 0.0
0.0 0.0 0.0
0.0 0.0 0.0
0.0 0.012174427509307861 0.0
0.0 0.0 0.0
0.0 0.0 0.0
0.0 0.0 0.0
0.07525517046451569 0.0 0.0
0.1387936770915985 0.0 0.35608112812042236
0.17525634169578552 0.0 0.6600154042243958
0.21483837068080902 0.0 0.9681714177131653
0.23596550524234772 0.0507521778345108 1.3125895261764526
0.34907421469688416 0.014282051473855972 1.6223444938659668
0.5733796954154968 0.0 1.8998266458511353
0.7267277240753174 0.0 2.1319077014923096
0.7772500514984131 0.0 2.1124587059020996
0.7341574430465698 0.027156038209795952 1.9563424587249756
0.7795326113700867 0.0 1.8913911581039429
0.8505167961120605 0.0 1.9215642213821411
0.8421696424484253 0.0 1.797537088394165
0.7207372188568115 0.0 1.374724268913269
0.508209764957428 0.08303182572126389 0.7855288982391357
0.22505000233650208 0.0397338792681694 0.2900664210319519
0.0789501741528511 0.0 0.057583145797252655
0.04530327022075653 0.0 0.0
0.0 0.0 0.0
0.0 0.050543028861284256 0.0
0.0 0.03138824179768562 0.0
0.0 0.018407728523015976 0.0
0.0 0.003916671499609947 0.0
0.0 0.0 0.0
0.0 0.014383692294359207 0.0
0.0 0.005463168956339359 0.0
0.0 0.0 0.0
0.0 0.0 0.0
0.0 0.0 0.0
0.0 0.024000901728868484 0.0
0.0 0.06709324568510056 0.0
0.0 0.042950622737407684 0.0
0.0 0.04767320677638054 0.0
0.0 0.0 0.0
0.0 0.0 0.0
0.0 0.0 0.0
0.0205577090382576 0.009596128016710281 0.0
0.010355405509471893 0.07633707672357559 0.0
0.01100068911910057 0.05705472081899643 0.03799932450056076
0.057064589112997055 0.0 0.11624539643526077
0.075689397752285 0.0 0.17304103076457977
0.07339482009410858 0.0010766759514808655 0.19014199078083038
0.06407828629016876 0.0 0.15791374444961548
0.08729652315378189 0.0 0.17178188264369965
0.12059935182332993 0.0 0.24890463054180145
0.12532086670398712 0.0 0.3109546899795532
0.07848705351352692 0.0 0.31729674339294434
0.005058910697698593 0.06920167058706284 0.20356830954551697
0.0 0.0 0.13369148969650269
0.03946828469634056 0.0 0.15534192323684692
0.059832144528627396 0.0 0.14481738209724426
0.018780581653118134 0.0 0.10304703563451767
0.0 0.053959596902132034 0.0396139994263649
0.0 0.0 0.0
0.054045893251895905 0.0 0.0
0.10058010369539261 0.0 0.01802029274404049
0.05081814527511597 0.0 0.0
0.0 0.05756179243326187 0.0
0.0 0.043803367763757706 0.0
0.012153305113315582 0.0 0.0
0.050087105482816696 0.0 0.0
0.05605711415410042 0.0 0.0018373271450400352
0.01235037948936224 0.019966743886470795 0.004774793982505798
0.0 0.0317821241915226 0.0
0.0006503141485154629 0.0019408715888857841 0.0
0.03343648836016655 0.0 0.020809954032301903
0.017451543360948563 0.0 0.02398589625954628
0.0 0.029558178037405014 0.01843986287713051
0.011224273592233658 0.01997293159365654 0.010108164511620998
0.045505546033382416 0.0 0.0
0.049640901386737823 0.0 0.0039405496791005135
0.01971336640417576 0.0 0.010089523158967495
0.0 0.02009223774075508 0.0
0.0 0.032927077263593674 0.0
0.0 0.013810108415782452 0.0
0.0 0.0 0.0
0.01779455877840519 0.0 0.0
0.0049530621618032455 0.0 0.0
0.0 0.0 0.0
0.0 0.0 0.0
0.0 0.0318136103451252 0.0
0.0 0.03291882202029228 0.0
0.0005316822789609432 0.0 0.00777177419513464
0.05909379571676254 0.0 0.01899459958076477
0.014598499052226543 0.011529377661645412 0.0
0.0 0.057429492473602295 0.0
0.0 0.015806682407855988 0.0
0.06448376923799515 0.0 0.012614465318620205
0.04536093771457672 0.0 0.002781275659799576
0.0 0.02543747052550316 0.0
0.0 0.008521337993443012 0.0
0.0 0.0 0.00124276801943779
0.00907430425286293 0.0 0.004593556746840477
0.004463839344680309 0.0 0.03656560555100441
0.020775701850652695 0.028434857726097107 0.01664089784026146
0.0 0.05422544106841087 0.0
0.0006129085086286068 0.0 0.0003048023208975792
0.06763188540935516 0.0 0.01689842715859413
0.03468672186136246 0.010357852093875408 0.010311364196240902
0.0 0.010479026474058628 0.008657273836433887
0.016392936930060387 0.0 0.019626300781965256
0.025897491723299026 0.0 0.03042488545179367
0.0 0.025363966822624207 0.0045075369998812675
0.0 0.0 0.0
0.014497831463813782 0.0 0.0
0.0 0.021212365478277206 0.0
0.0 0.005210761912167072 0.0
0.019754912704229355 0.0 0.0036284271627664566
0.03671658784151077 0.0 0.014473884366452694
0.0 0.02543507143855095 0.0
0.0 0.02014097571372986 0.0
0.004096855875104666 0.0009872540831565857 0.0
0.0 0.01917983964085579 0.0
0.0 0.0020828787237405777 0.0
0.030596373602747917 0.0 0.0
0.005165582522749901 0.002048257738351822 0.0
0.0 0.013883929699659348 0.0
0.0 0.011774439364671707 0.0
0.0 0.001196363940834999 0.0
0.0 0.0 0.0
0.004880119580775499 0.0 0.0
0.007997349835932255 0.0 0.006774992682039738
0.0 0.0 0.0
0.0 0.0031836144626140594 0.0
0.0 0.010736072435975075 0.0
0.0 0.01179228164255619 0.0
0.0 0.019181489944458008 0.0
0.0 0.0170243289321661 0.0
0.0 0.025609828531742096 0.0
0.0 0.06942442059516907 0.0
0.0 0.07591268420219421 0.0
0.0 0.05253332108259201 0.0
0.0 0.00240410678088665 0.0
0.05465193837881088 0.0 0.0
0.0473620668053627 0.0 0.0
0.013151098974049091 0.0 0.0
0.019567187875509262 0.0 0.0
0.0 0.02262335829436779 0.0
0.0 0.0 0.0
0.0 0.0 0.0
0.0 0.0 0.0
0.0 0.14786943793296814 0.0
0.056047700345516205 0.0 0.0
0.5352239012718201 0.0 0.0
1.3076425790786743 0.0 0.5240806937217712
2.5649361610412598 0.0 1.4877796173095703
4.158483505249023 0.0 2.490006446838379
5.417657852172852 0.0 3.2582075595855713
5.744296550750732 0.0 3.7393200397491455
5.462573528289795 0.0 4.204321384429932
5.321201324462891 0.0 4.323976039886475
5.924765110015869 0.0 4.308445930480957
7.321854591369629 0.0 3.736152172088623
8.829399108886719 0.0 2.60223126411438
9.656414031982422 0.0 0.9857258200645447
7.62861967086792 0.0 0.0
4.437259674072266 2.6614081859588623 0.0
2.5850067138671875 3.425832986831665 0.0
2.465579032897949 2.4810585975646973 0.0
3.482546329498291 1.7533725500106812 0.0
3.3206558227539062 2.795846939086914 0.0
2.2133913040161133 3.9782629013061523 0.0
1.2406367063522339 3.6656994819641113 0.0
0.545772135257721 2.627183437347412 0.0
0.0 2.3823907375335693 0.0
0.0 2.096402883529663 0.0
0.0 0.9605130553245544 0.0
0.0 0.0 0.0
0.0 0.0 0.0
0.0 0.0 0.0
0.0 0.0 0.0
0.0 0.0 0.0
0.0 0.0 0.0
0.0 0.0 0.0
0.0 0.0 0.0
0.0 0.0 0.0
0.0 0.0 0.0
0.0 0.0 0.0
0.0 0.0 0.0
0.0 0.0 0.0
0.0 0.0 0.0
0.0 0.0 0.0
0.0 0.0 0.34470292925834656
0.0 0.0 0.8342057466506958
0.0 0.0 1.0917960405349731
0.0 0.0 0.9244807958602905
0.0 0.0 0.5492914915084839
0.14893585443496704 0.07070685923099518 0.32574519515037537
0.45721882581710815 0.0 0.2805284559726715
0.4993641674518585 0.0 0.3201834559440613
0.21074755489826202 0.01463080570101738 0.2214859127998352
0.0 0.34214290976524353 0.0774855986237526
0.0 0.48263317346572876 0.07296674698591232
0.17498715221881866 0.12964953482151031 0.187315434217453
0.6336857676506042 0.0 0.2339993119239807
0.7980493903160095 0.0 0.33384469151496887
0.6209872961044312 0.0 0.2603078782558441
0.30285295844078064 0.24128471314907074 0.11951401829719543
0.0 0.4062390625476837 0.0
0.0 0.1472940444946289 0.0
0.0 0.0 0.0
0.05046839639544487 0.0 0.0
0.11601810902357101 0.0 0.0
0.0017133727669715881 0.1954493224620819 0.02555050328373909
0.0 0.19958201050758362 0.09953897446393967
0.0 0.0 0.1461392343044281
0.06956325471401215 0.0 0.1070363000035286
0.08658485114574432 0.0 0.03078121691942215
0.08324125409126282 0.11575210094451904 0.0
0.07260298728942871 0.11751804500818253 0.0740802139043808
0.11068752408027649 0.0 0.19154639542102814
0.1250491589307785 0.0 0.14033539593219757
0.025577958673238754 0.0 0.05598723515868187
0.0 0.0 0.0
0.0 0.03525645285844803 0.0
0.0 0.04779381677508354 0.01922762393951416
0.0 0.0391661636531353 0.03138793259859085
0.0592067651450634 0.0 0.0
0.0 0.0 0.0
0.0 0.0 0.002388239838182926
0.0 0.0 0.0
0.05174831673502922 0.022119004279375076 0.011601444333791733
0.0 0.05003771930932999 0.0
0.0 0.005673719570040703 0.0
0.0 0.0 0.0
0.12216336280107498 0.0 0.007903646677732468
0.08264924585819244 0.09323126077651978 0.027097046375274658
0.012466956861317158 0.055210910737514496 0.0
0.010439226403832436 0.0 0.0
0.024085264652967453 0.0 0.0
0.02826828882098198 0.0 0.0
0.015101621858775616 0.0 0.043205443769693375
0.0 0.05829032510519028 0.03360794484615326
0.0 0.008604261092841625 0.0
0.02742087095975876 0.0 0.0
0.07938899844884872 0.0 0.0018249806016683578
0.0355062298476696 0.0 0.022942516952753067
0.0 0.04775672405958176 0.03203641250729561
0.0 0.05007074400782585 0.006995508447289467
0.0 0.0 0.0
0.0 0.0 0.0
0.014227306470274925 0.0 0.015224410220980644
0.011049889028072357 0.0402093231678009 0.028346601873636246
0.0 0.09364672005176544 0.0
0.0 0.06088610738515854 0.0
0.06195301562547684 0.0 0.0
0.08083190023899078 0.013660273514688015 0.0
0.043236587196588516 0.0317082479596138 0.010479189455509186
0.03471793234348297 0.022169072180986404 0.007158227264881134
0.0 0.06281343847513199 0.0
0.0 0.0383395180106163 0.0
0.011199824512004852 0.0 0.0013751732185482979
0.10857245326042175 0.0 0.0
0.05174698308110237 0.0 0.0
0.0 0.042570751160383224 0.013550879433751106
0.0 0.07457315921783447 0.0
0.0 0.0 0.0
0.004776546265929937 0.0 0.008909787982702255
0.0 0.0 0.0
0.0 0.01080110389739275 0.0
0.0 0.1077263206243515 0.0
0.0 0.12898872792720795 0.0
0.0 0.04163651168346405 0.0
0.0 0.0 0.059995345771312714
0.0 0.0 0.0
0.0 0.0 0.0
0.0 0.0 0.0
0.0 0.0 0.0
0.08269011974334717 0.0 0.0
0.40679919719696045 0.08981182426214218 0.0
