0.0 0.0 0.0
0.0 0.0 0.0
0.0 0.08555179834365845 0.08162462711334229
0.0 0.0970931351184845 0.12540540099143982
0.0 0.12146718800067902 0.1290198415517807
0.0 0.040821343660354614 0.09864488989114761
0.0 0.0 0.00870515126734972
0.08860956877470016 0.0 0.0
0.1132241040468216 0.0 0.0
0.10758592933416367 0.0 0.0
0.1028529554605484 0.0 0.0
0.07305564731359482 0.0 0.0
0.0 0.0 0.0
0.0 0.0 0.0
0.0 0.0 0.0
0.0 0.014558849856257439 0.02360367402434349
0.0 0.0 0.04288975149393082
0.002212899038568139 0.0 0.021501637995243073
0.0 0.0 0.0
0.0 0.020313141867518425 0.0
0.0 0.014903195202350616 0.0
0.027480438351631165 0.0 0.0
0.0380217619240284 0.0 0.0
0.01885232888162136 0.0 0.0
0.008595431223511696 0.0 0.0
0.014510044828057289 0.0 0.0
0.0 0.0 0.0
0.0 0.0 0.0
0.0003643990494310856 0.04003331437706947 0.014456513337790966
0.0 0.02197175845503807 0.01853194832801819
0.036090705543756485 0.024211741983890533 0.0
0.028377125039696693 0.014574561268091202 0.0
0.012078046798706055 0.0017490438185632229 0.011244474910199642
0.009742986410856247 0.013367883861064911 0.03262513130903244
0.005193508695811033 0.007960867136716843 0.05927005782723427
0.01072409562766552 0.0069589861668646336 0.04009236767888069
0.00445394916459918 0.0516473613679409 0.03376469761133194
0.0 0.001798312645405531 0.012046352960169315
0.0 0.0 0.016288768500089645
0.0 0.0 0.03220967948436737
0.0 0.0 0.03232339397072792
0.027055397629737854 0.004920602310448885 0.008199417032301426
0.004587905947118998 0.0028191017918288708 0.013309755362570286
0.0 0.0 0.033153776079416275
0.0 0.0 0.02149871736764908
0.0 0.0 0.005692325532436371
0.012062291614711285 0.0 0.009078002534806728
0.0023502761032432318 0.0 0.01857510209083557
0.0 0.0 0.006743208505213261
0.0 0.0 0.005380203016102314
0.0 0.0 0.0
0.0 0.012615050189197063 0.005331733264029026
0.0 0.0020415009930729866 0.0
0.0 0.0 0.0
0.0 0.0 0.0
0.0 0.0 0.015263726003468037
0.0 0.0 0.03227919340133667
0.0 0.0358644463121891 0.04384157434105873
0.0 0.05927522853016853 0.05429075285792351
0.0 0.03801335021853447 0.03220489248633385
0.0 0.02207433059811592 0.0132450507953763
0.0 0.0 0.0
0.021862458437681198 0.0 0.0
0.0024701182264834642 0.0 0.005732539109885693
0.0 0.0 0.010936622507870197
0.0 0.010491444729268551 0.0
0.0 0.019022349268198013 0.0
0.0 0.02326769381761551 0.0
0.0 0.01682976633310318 0.0
0.0 0.01481535378843546 0.0
0.0 0.040273576974868774 0.0
0.0 0.01464011613279581 0.018423300236463547
0.016430675983428955 0.0 0.0
0.040256645530462265 0.0 0.0
0.0 0.006278323940932751 0.0
0.0 0.006174992769956589 0.007713665254414082
0.0 0.0 0.019549552351236343
0.0 0.009301011450588703 0.018523167818784714
0.0 0.006082048639655113 0.03648032993078232
0.0 0.010349764488637447 0.029080737382173538
0.0 0.023193657398223877 0.0
0.0 0.007298048585653305 0.0
0.0 0.0029429811984300613 0.016302093863487244
0.0 0.010391042567789555 0.00686171930283308
0.0 0.009424849413335323 0.0
0.0 0.0 0.0
0.006159661337733269 0.0 0.0
0.0 0.0010731755755841732 0.0
0.0 0.053282320499420166 0.0
0.0 0.02988937869668007 0.0
0.0 0.002194100059568882 0.0
0.0 0.0 0.0
0.0 0.0 0.0
0.0 0.0 0.0
0.0 0.0 0.0
0.0 0.028752867132425308 0.0
0.0 0.020243801176548004 0.0
0.0 0.0 0.0
0.0 0.0 0.0034623686224222183
0.008900461718440056 0.0 0.004802738316357136
0.014138367027044296 0.010389038361608982 0.0166546031832695
0.03436720743775368 0.01564425602555275 0.022215284407138824
0.040859196335077286 0.024164505302906036 0.014829539693892002
0.02908722311258316 0.0018621301278471947 0.01463965605944395
0.025818726047873497 0.0007814192213118076 0.021013397723436356
0.022634116932749748 0.033732976764440536 0.02429334819316864
0.038694046437740326 0.03265785798430443 0.01910870522260666
0.04375138878822327 0.014482052065432072 0.04367157444357872
0.03728283569216728 0.007032923400402069 0.04892439395189285
0.013952478766441345 0.0028831856325268745 0.033721473067998886
0.0 0.0 0.01060203742235899
0.0 0.0 0.008171104826033115
0.0 0.0 0.0
0.0 0.0 0.0010026730597019196
0.0 0.0 0.030876684933900833
0.0 0.0 0.038416892290115356
0.0 0.02322281152009964 0.02260464057326317
0.015346111729741096 0.016813650727272034 0.0038677025586366653
0.04728114232420921 0.0 0.00838389154523611
0.02481125108897686 0.0 0.010213482193648815
0.00576885137706995 0.0 0.0
0.0 0.010579454712569714 0.0
0.005989893339574337 0.014798435382544994 0.0
0.03145477548241615 0.026381853967905045 0.0
0.03559252619743347 0.033763337880373 0.00946646649390459
0.050539519637823105 0.01673535257577896 0.006355627439916134
0.03350221365690231 0.0 0.0
0.0 0.0 0.0
0.0 0.009565322659909725 0.0
0.0 0.004204646684229374 0.0
0.0 0.0 0.002307889051735401
0.009672779589891434 0.0 0.033654626458883286
0.00946984626352787 0.0 0.05286826938390732
0.0 0.012491338886320591 0.03145645558834076
0.0 0.01799182966351509 0.0
0.0 0.004229946993291378 0.0
0.0 0.0 0.0
0.0 0.0 0.0030325353145599365
0.0 0.0 0.007671761326491833
0.0100120659917593 0.0 0.0
0.0 0.0 0.00031318143010139465
0.0 0.0 0.0
0.0018058011773973703 0.0 0.0
0.00592128885909915 0.0 0.0
0.019500480964779854 0.021015845239162445 0.015674568712711334
0.028047095984220505 0.027377603575587273 0.015780560672283173
0.05592506751418114 0.02843328006565571 0.0032426659017801285
0.031359538435935974 0.03591223806142807 0.006226471625268459
0.0067505971528589725 0.05081315338611603 0.014575480483472347
0.0 0.032878898084163666 0.0
0.0 0.002015521749854088 0.005497830919921398
0.0 0.0 0.0
0.0 0.0 0.0
0.0 0.07237250357866287 0.0
0.0 0.08390559256076813 0.0
0.032380592077970505 0.012517165392637253 0.007229152135550976
0.004580121021717787 0.0 0.010108294896781445
0.0 0.010587705299258232 0.0009970879182219505
0.0 0.0 0.0
0.0 0.0 0.0
0.00870828703045845 0.0 0.010938669554889202
0.023494422435760498 0.0 0.029316343367099762
0.035086099058389664 0.0 0.04330965504050255
0.038342878222465515 0.0 0.0412779301404953
0.0 0.0 0.018492192029953003
0.0 0.01057438924908638 0.0
0.0 0.0 0.0
0.02297084778547287 0.0 0.0
0.016687916591763496 0.0 0.0
0.03829121217131615 0.0 0.0
0.02043604850769043 0.011795181781053543 0.0
0.0 0.01286151260137558 0.0
0.0 0.0 0.0
0.008815879002213478 0.0 0.013355487026274204
0.02459191158413887 0.0 0.035943884402513504
0.02109438180923462 0.002750554122030735 0.06584213674068451
0.03168444335460663 0.0 0.07341562956571579
0.019197680056095123 0.015592316165566444 0.044498492032289505
0.0 0.019977211952209473 0.0197414830327034
0.0 0.0019308337941765785 0.016403473913669586
0.0 0.0 0.02274952083826065
0.0 0.012574423104524612 0.014280403964221478
0.0 0.02116231806576252 0.0
0.0 0.0032179392874240875 0.0
0.0 0.0 0.0
0.0 0.0 0.0
0.0 0.0 0.008723718114197254
0.0 0.0 0.0
0.0 0.026614075526595116 0.0
0.0 0.04558669775724411 0.004678109660744667
0.010808189399540424 0.04116452485322952 0.03381442278623581
0.002124952618032694 0.05281611531972885 0.049790192395448685
0.0 0.06250336766242981 0.048177916556596756
0.0 0.06163734197616577 0.000947210006415844
0.0 0.015871714800596237 0.0
0.02582620456814766 0.0 0.01446648221462965
0.061953313648700714 0.0 0.033053748309612274
0.031024163588881493 0.0 0.0327829048037529
0.0 0.0 0.01205791812390089
0.0 0.003132748417556286 0.0
0.0 0.02749720960855484 0.00772495474666357
0.006495383568108082 0.0 0.02929522842168808
0.0418832004070282 0.0 0.010367344133555889
0.026093587279319763 0.0 0.0
0.0 0.0 0.0
0.0 0.0 0.0
0.0 0.0 0.0
0.0 0.0 0.0
0.0 0.0 0.0
0.0 0.0 0.0
0.015291271731257439 0.0 0.0037368712946772575
0.028262464329600334 0.0 0.0
0.02192147821187973 0.012590966187417507 0.0
0.03352753445506096 0.01889440044760704 0.0008484069257974625
0.05163756012916565 0.019909333437681198 0.004237545654177666
0.04100861772894859 0.026321426033973694 0.000947210006415844
0.001658816821873188 0.021136514842510223 0.0
0.0 0.0 0.0
0.0 0.0 0.0
0.0 0.018026478588581085 0.0
0.0 0.01583416387438774 0.0
0.0163195189088583 0.0 0.008030685596168041
0.0172263253480196 0.0 0.025163598358631134
0.0 0.003994015045464039 0.028136219829320908
0.0 0.01894766464829445 0.008967853151261806
0.0 0.00625903345644474 0.0
0.013404687866568565 0.011552865616977215 0.0
0.0 0.00628726277500391 0.0
0.0 0.0 0.0
0.0 0.0 0.0
0.0 0.0 0.0
0.01697891764342785 0.012745427899062634 0.0
0.0 0.012675919570028782 0.0
0.001691573765128851 0.021148499101400375 0.0
0.01018519327044487 0.028553422540426254 0.0
0.011284014210104942 0.0 0.0
0.006092713680118322 0.022251050919294357 0.0
0.0 0.03816956281661987 0.0
0.0003338940441608429 0.00935628917068243 0.010100760497152805
0.01837920770049095 0.0 0.016625240445137024
0.010715428739786148 0.0 0.033600226044654846
0.0 0.0 0.04192766547203064
0.0 0.0029396694153547287 0.029137033969163895
0.0 0.0 0.0
0.0 0.0 0.0
0.0 0.0 0.0
0.0 0.023333866149187088 0.0
0.00690105278044939 0.0 0.0
0.019881833344697952 0.0 0.0
0.0 0.0032594911754131317 0.0
0.0 0.04156746715307236 0.0
0.000653010793030262 0.008447062224149704 0.0
0.05591360107064247 0.0 0.0
0.05072789266705513 0.0 0.0
0.007029949687421322 0.02755071595311165 0.0
0.0 0.02544602006673813 0.0012280261144042015
0.0 0.0 0.0002969857305288315
0.011020696721971035 0.0 0.0037090275436639786
0.015185082331299782 0.0 0.015536392107605934
0.0 0.0 0.011089179664850235
0.0 0.010514474473893642 0.0
0.0 0.02112823724746704 0.004685075953602791
0.012019116431474686 0.022100556641817093 0.016673028469085693
0.034404315054416656 0.0 0.014659944921731949
0.024954356253147125 0.0 0.0
0.0 0.013776314444839954 0.0
0.0 0.03293962404131889 0.0
0.0 0.0 0.0003827391192317009
0.04520929232239723 0.0 0.0
0.014304906129837036 0.0 0.0
0.0 0.0020602690055966377 0.0
0.0 0.021182831376791 0.0012674415484070778
0.0 0.0 0.015308424830436707
0.01938781701028347 0.0 0.020895738154649734
0.02155829221010208 0.0 0.018811814486980438
0.009969813749194145 0.0 0.004825424402952194
0.0 0.004108772613108158 0.0015316270291805267
0.0 0.0 0.013129692524671555
0.0 0.0 0.011011147871613503
0.0 0.0 0.001437351107597351
0.009004950523376465 0.0 0.0
0.0 0.0 0.0
0.0 0.0031005004420876503 0.0
0.0 0.0 0.011078260838985443
0.004565460607409477 0.0 0.011174401268362999
0.014195717871189117 0.0 0.006959415972232819
0.00798202957957983 0.0 0.0
0.0 0.020129017531871796 0.0
0.0 0.012615974061191082 0.009934432804584503
0.0 0.0019830381497740746 0.0036184797063469887
0.0 0.02014872431755066 0.0
0.0 0.012688678689301014 0.0022333702072501183
0.000625846441835165 0.0 0.0
0.01868963986635208 0.0 0.0
0.0 0.0 0.001381167210638523
0.0 0.0 0.0
0.0 0.0 0.0
0.0 0.0 0.0
0.012115627527236938 0.0 0.0015974156558513641
0.05486016348004341 0.0 0.0
0.05497041717171669 0.0 0.0
0.042057815939188004 0.0 0.0
0.0014201062731444836 0.005149797070771456 0.00689763855189085
0.0 0.004187596496194601 0.0011484064161777496
0.0 0.010591432452201843 0.0
0.0 0.0 0.0
0.0 0.0 0.0
0.0 0.0010693012736737728 0.0
0.0 0.014874862506985664 0.0
0.0 0.004195586312562227 0.0
0.010067390277981758 0.0 0.0
0.012234671041369438 0.0 0.0
0.0 0.0031260610558092594 0.0
0.0 0.008431343361735344 0.0
0.007878005504608154 0.020032871514558792 0.003805442713201046
0.022822333499789238 0.01575450412929058 0.002872536890208721
0.011203228496015072 0.0 0.0
0.0015202409122139215 0.0 0.0
0.033758871257305145 0.0 0.0
0.014618732035160065 0.0 0.0
0.0 0.0 0.0
0.04153556749224663 0.0 0.0
0.04661048948764801 0.0 0.0
0.0 0.0 0.0
0.0 0.0 0.0
0.0 0.0 0.0
0.0 0.0 0.0
0.0 0.0 0.0
0.0 0.0 0.0
0.0 0.0 0.8041210770606995
0.0 0.0 2.238279104232788
0.0 0.0 3.9637553691864014
0.0 0.0 4.4341654777526855
0.6987044215202332 0.0 5.003925323486328
2.0973269939422607 0.0 5.595036029815674
3.5450758934020996 0.0 5.907441139221191
4.067392826080322 0.0 5.570133686065674
4.831818580627441 0.0 5.370354652404785
5.725812911987305 0.0 4.638293743133545
5.753081798553467 0.0 3.8260252475738525
5.151164531707764 0.0 2.5405654907226562
5.8382463455200195 0.0 2.122842788696289
6.523538589477539 0.0 1.3177355527877808
7.083586692810059 0.0 0.02185685560107231
8.191923141479492 0.0 0.0
8.501710891723633 0.0 0.0
6.118772983551025 0.0 0.0
2.671088457107544 0.9501069784164429 0.0
0.8887578845024109 1.1090599298477173 0.0
0.14415164291858673 0.0 0.0
0.0 0.0 0.0
0.0 0.0 0.0
0.0 0.0 0.0
0.0 0.0 0.0
0.0 0.09541764855384827 0.0
0.0 0.41030368208885193 0.0
0.0 0.0 0.0
0.0 0.0 0.0
0.0 0.0 0.0
0.0 0.0 0.0
0.0 0.0 0.0
0.0 0.0 0.0
0.0 0.0 0.0
0.0 0.0 0.0
0.0 0.0 0.0
0.0 0.0 0.0
0.0 0.0 0.0
0.0 0.0 0.0
0.0 0.0 0.2705976963043213
0.0 0.0 0.8726718425750732
0.0 0.0 0.6387062072753906
0.0 0.0 0.0
0.09981666505336761 0.0 0.0
0.18348492681980133 0.0 0.03936421126127243
0.11658605933189392 0.0 0.3742538094520569
0.07485832273960114 0.0 0.1489146649837494
0.21191444993019104 0.0 0.0
0.19987322390079498 0.44104987382888794 0.18229100108146667
0.010365351103246212 0.6684683561325073 0.5892319083213806
0.017051484435796738 0.18017913401126862 0.383667528629303
0.18929089605808258 0.0 0.1015801802277565
0.21496456861495972 0.011805573478341103 0.10306329280138016
0.15275923907756805 0.009297408163547516 0.23704159259796143
0.0386182963848114 0.12602855265140533 0.3537946045398712
0.0 0.2625914514064789 0.2941768169403076
0.0 0.2718486189842224 0.1311146318912506
0.0 0.0 0.05976375192403793
0.06846407055854797 0.0 0.09330254048109055
0.1085028350353241 0.0 0.14173105359077454
0.09936340153217316 0.0 0.1153457909822464
0.12271319329738617 0.0 0.03462564945220947
0.1954324096441269 0.0 0.0
0.20505253970623016 0.0 0.0
0.1449117809534073 0.0 0.0
0.07817880809307098 0.003225136548280716 0.0
0.0 0.09159441292285919 0.0
0.0 0.09057362377643585 0.0
0.003268351312726736 0.0 0.0
0.0 0.0 0.0
0.0 0.08418097347021103 0.0
0.0 0.0839543342590332 0.0
0.12386293709278107 0.057249486446380615 0.0
0.11954435706138611 0.052989497780799866 0.0
0.02514968067407608 0.03387279435992241 0.0
0.0 0.036978039890527725 0.041867032647132874
0.0 0.09234782308340073 0.03951652720570564
0.0 0.09457582235336304 0.020146820694208145
0.0 0.08069489151239395 0.00992054957896471
0.004734421614557505 0.049800362437963486 0.002800854854285717
0.0001955963671207428 0.0 0.020734049379825592
0.0 0.0 0.004315661266446114
0.0 0.002147355116903782 0.0
0.0 0.027658306062221527 0.0
0.0 0.0052568623796105385 0.008404145948588848
0.0 0.0 0.02042938396334648
0.012060511857271194 0.0 0.009114942513406277
0.02292940393090248 0.027470286935567856 0.0
0.0 0.016939349472522736 0.0
0.0 0.05210905522108078 0.0
0.0016014790162444115 0.0009545255452394485 0.0
0.038659900426864624 0.0 0.007026758976280689
0.04152945429086685 0.035039789974689484 0.0
0.0 0.07885278761386871 0.0
0.0 0.027781076729297638 0.0
0.0 0.0 0.0
0.0 0.044734496623277664 0.0
0.0 0.055326420813798904 0.0
0.0 0.03724462166428566 0.0
0.0 0.003298640251159668 0.0
0.0 0.0 0.0
0.0 0.0 0.0
0.0 0.0 0.0
0.0 0.0 0.0
0.0 0.03663289174437523 0.0
0.0 0.003676275722682476 0.0
0.0 0.24738508462905884 0.27048370242118835
0.0 0.3789103329181671 0.7609783411026001
0.0 0.23884111642837524 1.3914319276809692
0.0 0.0 2.091198682785034
0.0 0.0 2.626488208770752
0.0 0.0 2.7115604877471924
0.25563615560531616 0.0 2.5694596767425537
0.18318699300289154 0.0 2.4229133129119873
0.15818150341510773 0.0 2.521026849746704
0.26358672976493835 0.0 2.74515438079834
0.38015544414520264 0.0 2.9823474884033203
0.3998468518257141 0.0 2.9399118423461914
0.39469948410987854 0.0 2.667656898498535
0.39408668875694275 0.22482304275035858 2.450495958328247
0.36084166169166565 0.1038135290145874 2.1346182823181152
0.48563018441200256 0.0 1.7016369104385376
0.5244764089584351 0.13981521129608154 0.9569489359855652
0.4472697675228119 0.23592177033424377 0.0
0.16975347697734833 0.04218904674053192 0.0
0.0 0.0 0.0
0.0 0.0683322325348854 0.0
0.0 0.13294264674186707 0.0
0.0 0.4651975631713867 0.0
0.0 0.9637607336044312 0.0
0.0 0.8495180606842041 0.0
0.0 0.370658814907074 0.0
0.0 0.0997127890586853 0.0
0.0 0.0 0.0
0.0 0.0 0.0
0.0 0.0 0.0
0.0 0.0 0.0
0.22878696024417877 0.021317854523658752 0.10964154452085495
0.2497260719537735 0.0 0.6630523204803467
0.1381521373987198 0.0 1.2453042268753052
0.0 0.0 1.7870734930038452
0.0 0.0 2.346472978591919
0.0 0.0 2.9642701148986816
0.0 0.0 3.4397168159484863
0.2588907778263092 0.0 3.8216397762298584
0.8999656438827515 0.0 4.133914947509766
1.4094221591949463 0.0 4.171487331390381
1.3962626457214355 0.0 4.019061088562012
1.1219596862792969 0.0 3.5778775215148926
1.033234715461731 0.0 2.8198578357696533
0.9549670815467834 0.024686221033334732 1.945863127708435
0.7125898599624634 0.0 0.9975682497024536
0.2638501226902008 0.0 0.30923694372177124
0.00628438126295805 0.0 0.0
0.0 0.026741381734609604 0.0
0.0 0.14327065646648407 0.0
0.0 0.18254348635673523 0.0
0.0 0.23224925994873047 0.0
0.0 0.28706857562065125 0.0
0.0 0.516501247882843 0.0
0.0 0.5274593234062195 0.0
0.0 0.3807673752307892 0.0
0.0 0.17994184792041779 0.0
0.0 0.02731209620833397 0.0
0.0 0.0 0.0
0.0 0.0 0.0
0.0 0.0 0.0
0.0 0.0 0.0
0.0 0.0 0.0
0.0 0.0 0.0
0.0 0.0 0.0
0.0 0.013750236481428146 0.3784809112548828
0.0 0.0 0.6316311955451965
0.19381168484687805 0.0 0.7990239262580872
0.34716954827308655 0.0 1.0322179794311523
0.4326508939266205 0.0 1.3343086242675781
0.4652852714061737 0.0 1.810339331626892
0.5127249956130981 0.0 2.2851359844207764
0.6498730182647705 0.0 2.62788987159729
0.8212913274765015 0.0 2.8512635231018066
1.0008552074432373 0.0 2.919066905975342
1.091951847076416 0.0 2.8847877979278564
1.039568543434143 0.0 2.8077502250671387
1.0138911008834839 0.0 2.7266714572906494
1.0553722381591797 0.0 2.534860134124756
1.1311942338943481 0.0 2.004594564437866
1.016123652458191 0.0 1.253462791442871
0.6406747102737427 0.0 0.594607412815094
0.2646368443965912 0.0 0.10031987726688385
0.019329631701111794 0.0 0.0
0.0 0.0 0.0
0.0 0.0 0.0
0.0 0.0 0.0
0.0 0.1933615505695343 0.0
0.0 0.1943700909614563 0.0
0.0 0.09964756667613983 0.0
0.0 0.14633944630622864 0.0
0.0 0.29071977734565735 0.0
0.0 0.2960977852344513 0.0
0.0 0.22745373845100403 0.0
0.0 0.0902647152543068 0.0
0.0 0.044609349220991135 0.0
0.0 0.007886221632361412 0.0
0.0 0.0 0.0
0.0 0.0 0.0
0.0 0.0 0.0
0.0 0.0 0.0
0.00597867276519537 0.0 0.0
0.24857240915298462 0.01497742161154747 0.36621174216270447
0.3327037990093231 0.08515197783708572 0.6033774614334106
0.32302799820899963 0.0826273038983345 0.7143774628639221
0.38015812635421753 0.06706298887729645 0.865530252456665
0.45144936442375183 0.04162101820111275 1.0915745496749878
0.6080049276351929 0.018094917759299278 1.3291599750518799
0.7237731218338013 0.02435811422765255 1.5931475162506104
0.758082926273346 0.034859493374824524 1.8926527500152588
0.8427122831344604 0.02977525256574154 2.069753885269165
0.8953188061714172 0.0 2.229045867919922
0.9866159558296204 0.0 2.3729376792907715
1.0042660236358643 0.0 2.318671703338623
0.8622194528579712 0.005015044007450342 2.1414456367492676
0.6436614990234375 0.12319175153970718 1.9281189441680908
0.44717082381248474 0.12963074445724487 1.731743574142456
0.3465923070907593 0.09332866221666336 1.5425975322723389
0.3012368083000183 0.16771554946899414 1.2923997640609741
0.21803885698318481 0.24663938581943512 0.9862860441207886
0.22508397698402405 0.1683480441570282 0.5983039736747742
0.24101980030536652 0.03491648659110069 0.1674993336200714
0.12969540059566498 0.0 0.0
0.0 0.0 0.0
0.0 0.0 0.0
0.0 0.1440349817276001 0.0
0.0 0.2654103934764862 0.0
0.0 0.24145421385765076 0.0
0.0 0.14223894476890564 0.0
0.0 0.22685077786445618 0.0
0.0 0.31357765197753906 0.0
0.0 0.39135873317718506 0.0
0.0 0.38774004578590393 0.0
0.0 0.10609638690948486 0.0
0.0 0.0 0.0
0.0 0.0 0.0
0.0 0.0 0.0
0.0 0.0 0.0
0.0 0.024685950949788094 0.0
0.0 0.0 0.0
0.05791974812746048 0.0 0.0
0.22547465562820435 0.0 0.3100453019142151
0.21607743203639984 0.03749975189566612 0.6244977712631226
0.207304447889328 0.05789637193083763 0.8595057725906372
0.2754667103290558 0.05161317437887192 1.0813077688217163
0.4019237160682678 0.0 1.3115694522857666
0.6694899201393127 0.0 1.5066521167755127
0.9143587946891785 0.0 1.526427149772644
1.086076259613037 0.0 1.434165120124817
1.110449194908142 0.0 1.4798974990844727
0.9516246914863586 0.0 1.6227017641067505
0.7869369387626648 0.0 1.8799282312393188
0.8389053344726562 0.0 2.204773426055908
0.9312219619750977 0.0 2.2591583728790283
0.8512400388717651 0.0 2.044706344604492
0.7464888095855713 0.0 1.8557254076004028
0.6530342698097229 0.0 1.8055436611175537
0.5873811841011047 0.0 1.950966715812683
0.5227140784263611 0.0 2.0417373180389404
0.37859687209129333 0.35596558451652527 1.7926833629608154
0.25274786353111267 0.47788164019584656 1.3847930431365967
0.2879689633846283 0.17935222387313843 1.0262913703918457
0.33325308561325073 0.0 0.818228006362915
0.29156023263931274 0.0 0.5406733751296997
0.045326218008995056 0.3089940845966339 0.03823234140872955
0.0 0.524739146232605 0.0
0.0 0.38501110672950745 0.0
0.0 0.1058066338300705 0.0
0.0 0.0 0.0
0.0 0.08223951607942581 0.0
0.0 0.27213168144226074 0.0
0.0 0.3244284391403198 0.0
0.0 0.3116319477558136 0.0
0.0 0.2281125783920288 0.0
0.0 0.2639230191707611 0.0
0.0 0.2675324082374573 0.0
0.0 0.10458716750144958 0.0
0.0 0.0 0.0
0.0 0.0 0.0
0.0 0.0 0.0
0.0 0.0 0.0
0.0 0.0 0.0
0.0 0.0 0.0
0.0 0.0 0.0
0.0 0.06677640974521637 0.036558810621500015
0.06805337220430374 0.18356961011886597 0.3019268214702606
0.1706833392381668 0.13416317105293274 0.38184723258018494
0.2739655375480652 0.0 0.4892674386501312
0.33321714401245117 0.0 0.7440219521522522
0.3103792071342468 0.06348980218172073 1.0090466737747192
0.2868213951587677 0.18704023957252502 1.2442413568496704
0.3040587306022644 0.2914731502532959 1.4530736207962036
0.42491376399993896 0.2760627865791321 1.5300812721252441
0.5260111093521118 0.038809485733509064 1.5228439569473267
0.6235983371734619 0.0 1.5531206130981445
0.6117502450942993 0.0 1.4775456190109253
0.4317503571510315 0.1679437756538391 1.1580251455307007
0.27473756670951843 0.15277335047721863 0.7504476308822632
0.26334136724472046 0.0 0.5699422955513
0.37033867835998535 0.0 0.6097208857536316
0.4030313789844513 0.0 0.6550675630569458
0.24573200941085815 0.0 0.5305150151252747
0.05719326436519623 0.13783220946788788 0.3134215772151947
0.0 0.03981722891330719 0.13271623849868774
0.0018961871974170208 0.0 0.03510046377778053
0.09613986313343048 0.0 0.0
0.0809481292963028 0.0 0.0
0.0 0.03458065539598465 0.0
0.0 0.06880094856023788 0.0
0.0 0.0 0.0
0.03709828108549118 0.0 0.0
0.042055219411849976 0.0 0.0
0.0 0.0534459613263607 0.0
0.0 0.04825492575764656 0.0
0.003626604564487934 0.0 0.0
0.08949863165616989 0.0 0.0
0.06726949661970139 0.0 0.0
0.0 0.11495885998010635 0.0
0.0 0.04772815480828285 0.0
0.07152469456195831 0.0 0.027631357312202454
0.1054922491312027 0.0 0.027581021189689636
0.09183955192565918 0.0 0.01918433979153633
0.0 0.05415116623044014 0.0033497177064418793
0.0 0.04571906477212906 0.013439369387924671
0.009971851482987404 0.0 0.0026389192789793015
0.07700308412313461 0.0 0.010524273850023746
0.04913923144340515 0.0 0.022000901401042938
0.03546283021569252 0.0 0.008093605749309063
0.0 0.013718790374696255 0.0
0.0 0.07434964179992676 0.0
0.0 0.044502533972263336 0.00581713579595089
0.02307034283876419 0.01901688054203987 0.0
0.0050881472416222095 0.015923619270324707 0.0
0.00596539257094264 0.0 0.0
0.012372691184282303 0.02327873930335045 0.0
0.0 0.041486505419015884 0.0
0.0 0.03200272098183632 0.0
0.0 0.0 0.0
0.019719287753105164 0.0 0.0
0.0 0.006302684545516968 0.0
0.0 0.03519798070192337 0.0
0.0 0.0 0.0
0.025486096739768982 0.0 0.0
0.0 0.0 0.0
0.006924130488187075 0.0 0.0
0.007945719175040722 0.0 0.0
0.0 0.023426011204719543 0.0
0.0 0.0 0.0
0.03265079855918884 0.0 0.0
0.028091466054320335 0.0 0.006048831157386303
0.0 0.040047064423561096 0.05503608286380768
0.0 0.06975089758634567 0.08060988783836365
0.0 0.0890316516160965 0.04431099817156792
0.0 0.06673061102628708 0.04096979647874832
0.011758300475776196 0.028366707265377045 0.043397001922130585
0.047163695096969604 0.0 0.017956089228391647
0.0430925227701664 0.0 0.0
0.0 0.0 0.0
0.0 0.0 0.0
0.0 0.013863406144082546 0.0
0.0 0.0 0.0
0.01968482881784439 0.0 0.0
0.024059869349002838 0.0 0.0
0.007028421387076378 0.0 0.0
0.0 0.008368772454559803 0.0
0.0 0.03180538862943649 0.0
0.0 0.04029314965009689 0.0
0.010973628610372543 0.019969500601291656 0.014517144300043583
0.008945630863308907 0.06888990849256516 0.011450515128672123
0.0 0.09768719971179962 0.0068877218291163445
0.0 0.05941145122051239 0.012018834240734577
0.004729047883301973 0.0 0.0
0.03153190016746521 0.0 0.0
0.03341288864612579 0.0 0.0
0.01311853714287281 0.0 0.005826718173921108
0.0 0.048842426389455795 0.0
0.0 0.0563805028796196 0.0
0.0 0.012791750021278858 0.0
0.015479696914553642 0.0 0.0
0.04717610403895378 0.0 0.014706228859722614
0.03747261315584183 0.0 0.026405498385429382
0.0 0.054147180169820786 0.0
0.0 0.046743590384721756 0.0
0.0 0.0 0.0
0.03557910397648811 0.0 0.0
0.04301944375038147 0.0 0.001803746446967125
0.0024693559389561415 0.0 0.004676232114434242
0.0 0.05310108885169029 0.0
0.0 0.020213179290294647 0.0
0.01882835477590561 0.0 0.0
0.028318796306848526 0.0 0.0
0.0 0.0 0.0
0.0006456230767071247 0.0 0.0
0.008261464536190033 0.0 0.0
0.0168544203042984 0.0 0.0
0.00920608825981617 0.0 0.0
0.0 0.019009165465831757 0.0
0.013285784050822258 0.02215542271733284 0.0
0.013458624482154846 0.013718263246119022 0.0
0.0 0.039226286113262177 0.0013989461585879326
0.0 0.008325628936290741 0.012129620648920536
0.03666221350431442 0.0061335815116763115 0.005114056169986725
0.049604643136262894 0.0 0.0
0.03591199964284897 0.013689502142369747 0.0
0.0 0.035118892788887024 0.0
0.0 0.06920389086008072 0.0
0.0 0.06592927128076553 0.0
0.0017465739510953426 0.009501148946583271 0.0
0.0 0.0 0.0
0.0 0.08417778462171555 0.0
0.0 0.2983880937099457 0.0
0.0 0.42966699600219727 0.0
0.0 0.3283238708972931 0.0
0.0 0.0 0.07211518287658691
0.31766968965530396 0.0 0.4938448369503021
0.5697925090789795 0.0 1.2177382707595825
0.8519690632820129 0.0 2.259683132171631
1.7821861505508423 0.0 3.188626289367676
3.9364137649536133 0.0 3.919208288192749
6.1788201332092285 0.0 4.87014102935791
7.369855880737305 0.0 5.781889915466309
8.04090404510498 0.0 5.98560094833374
8.533065795898438 0.0 5.270205497741699
8.534708976745605 0.0 3.8778443336486816
8.720189094543457 0.0 1.3602653741836548
8.813613891601562 0.0 0.0
8.51601505279541 0.0 0.0
5.9875168800354 0.6456493735313416 0.0
2.9378981590270996 1.9747662544250488 0.0
1.5358301401138306 1.2236669063568115 0.0
0.7591081261634827 0.3379959464073181 0.0
0.0 0.04101167246699333 0.0
0.0 0.0 0.0
0.0 0.0 0.0
0.0 0.0 0.0
0.0 0.012857263907790184 0.0
0.0 0.6480400562286377 0.0
0.0 1.164063811302185 0.0
0.0 0.8907485604286194 0.0
0.0 0.25648272037506104 0.0
0.0 0.0 0.0
0.0 0.007943999022245407 0.0
0.0 0.22060354053974152 0.0
0.0 0.2790396809577942 0.0
0.0 0.0 0.0
0.0 0.0 0.0
0.0 0.0 0.0
0.0 0.0 0.0
0.0 0.0 0.0
0.0 0.0 0.0
0.0 0.0 0.0
0.0 0.0 0.0
0.0 0.0 0.0
0.0 0.0 0.3627925515174866
0.0 0.0 0.6696169376373291
0.0 0.0 0.3559575378894806
0.19053705036640167 0.0 0.06375551968812943
0.5110487937927246 0.0 0.1025812104344368
0.6143879294395447 0.0 0.22978420555591583
0.5275539755821228 0.0 0.3121347427368164
0.42449653148651123 0.11805291473865509 0.29352375864982605
0.44224783778190613 0.2185387760400772 0.13805268704891205
0.48398834466934204 0.06761850416660309 0.10379431396722794
0.5126991271972656 0.0 0.1768978238105774
0.4810261130332947 0.0 0.2372509092092514
0.37936022877693176 0.0 0.2705526649951935
0.1512192040681839 0.0 0.27203497290611267
0.0 0.0364784300327301 0.19111590087413788
0.0 0.0 0.0940530002117157
0.0 0.0 0.02494024485349655
0.09605607390403748 0.0 0.0
0.12357079237699509 0.0 0.02326139062643051
0.009890567511320114 0.0 0.0002815043553709984
0.0 0.05432693660259247 0.0
0.0 0.0 0.02811446785926819
0.0 0.0 0.0
0.028548939153552055 0.0 0.0
0.0 0.0 0.0
0.0 0.0 0.010904320515692234
0.026130257174372673 0.012588012032210827 0.0
0.014354025945067406 0.0019721193239092827 0.0
0.023063628003001213 0.0 0.0
0.09467176347970963 0.0 0.0
0.06897039711475372 0.0 0.0
0.01143493503332138 0.0010192403569817543 0.0
0.02563464269042015 0.1169290617108345 0.0
0.04368821531534195 0.1094229444861412 0.0
0.0605902299284935 0.05301080271601677 0.0
0.06852671504020691 0.0 0.007297336123883724
0.045179583132267 0.0 0.0
0.0 0.08094629645347595 0.0
0.0 0.155398428440094 0.0
0.04438675940036774 0.052970852702856064 0.0
0.12167808413505554 0.0 0.031406402587890625
0.06825720518827438 0.0 0.04165264591574669
0.0 0.01678009331226349 0.039696820080280304
0.0 0.0 0.006162563338875771
0.0 0.0 0.0
0.0 0.0 0.0
0.0 0.02431018278002739 0.02565344050526619
0.0 0.01666557788848877 0.059137362986803055
0.03296392783522606 0.0 0.04877500608563423
0.03969187289476395 0.0 0.013512355275452137
0.0 0.01266817282885313 0.005436851643025875
0.0 0.03501715511083603 0.021117012947797775
0.010919347405433655 0.021019048988819122 0.019862394779920578
0.04156167805194855 0.0 0.04244067519903183
0.0 0.0 0.016368862241506577
0.0 0.0 0.0
0.0 0.0 0.0012076059356331825
0.0 0.0 0.02349187061190605
0.0 0.0 0.011717771179974079
0.0 0.0 0.024224773049354553
0.0 0.0 0.02937612682580948
0.0 0.0 0.015980426222085953
0.0026544921565800905 0.0 0.0
0.010337712243199348 0.017958607524633408 0.0
0.0 0.03602735698223114 0.0
0.0 0.014778262004256248 0.0
0.0 0.012592071667313576 0.007662841118872166
0.0 0.0 0.03185020387172699
0.0 0.0 0.023139003664255142
0.0 0.0 0.013397159986197948
0.0 0.0 0.0011002803221344948
0.06567846238613129 0.012480219826102257 0.0
0.15459901094436646 0.17181341350078583 0.0
0.25947457551956177 0.2747805416584015 0.0
0.22504042088985443 0.3023703694343567 0.0
0.2622075080871582 0.17366059124469757 0.0
0.6677611470222473 0.0 0.0
1.481974720954895 0.0 0.0
1.9066578149795532 0.0 0.0
1.934085726737976 0.0 0.0
1.979084849357605 0.0 0.0
2.0956344604492188 0.10852419584989548 0.0
2.0781290531158447 0.20788753032684326 0.0
2.145054578781128 0.2178751826286316 0.0
2.275972843170166 0.21748928725719452 0.014274139888584614
2.0539515018463135 0.324165940284729 0.03376847878098488
1.5560427904129028 0.5034376978874207 0.11697787791490555
1.0718164443969727 0.556168794631958 0.19991376996040344
0.7678733468055725 0.3280043601989746 0.24848558008670807
0.5538071393966675 0.22020864486694336 0.18830877542495728
0.4072760045528412 0.29408660531044006 0.12619054317474365
0.1069960817694664 0.28603240847587585 0.16269263625144958
0.0 0.2506142258644104 0.1494990736246109
0.0 0.09939993917942047 0.11139163374900818
0.0 0.0 0.07001569867134094
0.0 0.0 0.0
0.0 0.0 0.0
0.0 0.016812384128570557 0.0
0.0 0.0 0.14090505242347717
0.0 0.0 0.22838616371154785
0.0 0.0 0.0893033817410469
0.0 0.0 0.0
0.0 0.0 0.0
0.0 0.0 0.0
0.0 0.0 0.19112268090248108
0.0 0.0 0.3816590905189514
0.0 0.0 0.48174840211868286
0.0 0.0 0.4586595892906189
0.0 0.0 0.40202242136001587
0.0 0.0 0.2302868813276291
0.05455874651670456 0.0 0.006928358227014542
0.0 0.14562121033668518 0.0
0.11437734216451645 0.24813267588615417 0.0611543133854866
0.7542837858200073 0.31086423993110657 0.008992306888103485
1.6820505857467651 0.31168848276138306 0.0
1.9792531728744507 0.13211581110954285 0.0
2.0586042404174805 0.2621220052242279 0.0
1.9713904857635498 0.7228794693946838 0.0
1.7917245626449585 0.9062463641166687 0.0
2.048032283782959 0.9511041045188904 0.0
2.298482656478882 0.5285374522209167 0.0
2.4932122230529785 0.35077622532844543 0.0809759572148323
2.039482355117798 0.5598682165145874 0.12733227014541626
1.3238623142242432 0.7863205075263977 0.21706640720367432
0.8154312968254089 0.817973792552948 0.26336947083473206
0.5543025135993958 0.7176697850227356 0.21449832618236542
0.2740274667739868 0.5207349061965942 0.14482471346855164
0.0 0.41847485303878784 0.1275905966758728
0.0 0.21402397751808167 0.15260273218154907
0.0 0.0 0.08333631604909897
0.0 0.0 0.0
0.0 0.0 0.0
0.0 0.0 0.021515822038054466
0.0 0.0 0.10738066583871841
0.0 0.0 0.19439838826656342
0.0 0.0 0.26495856046676636
0.0 0.0 0.4577184319496155
0.0 0.0 0.6665595173835754
0.0 0.0 0.6198932528495789
0.0 0.0 0.3664729595184326
0.0 0.0 0.0896376222372055
0.0 0.0 0.0
0.0 0.0 0.12859247624874115
0.0 0.11881916970014572 0.26198649406433105
0.0 0.4994112253189087 0.3472108244895935
0.0 0.7422718405723572 0.3237353265285492
0.0 0.5870537161827087 0.21212118864059448
0.0 0.2072121500968933 0.11910761892795563
0.155084028840065 0.0 0.0
0.615481436252594 0.0 0.0
0.8919529914855957 0.0 0.0
1.1016870737075806 0.23824810981750488 0.0
1.3236969709396362 0.16025608777999878 0.0
1.8038790225982666 0.0 0.0
2.3492424488067627 0.0 0.0
2.4623186588287354 0.0 0.0
2.155536413192749 0.18243837356567383 0.0
1.6273891925811768 0.6240882277488708 0.0
1.2442476749420166 0.7813098430633545 0.17458923161029816
1.2369500398635864 0.8394354581832886 0.2708531618118286
1.2353404760360718 0.7673782706260681 0.20864121615886688
1.0744857788085938 0.7140055894851685 0.06691204011440277
0.7298905849456787 0.7204310297966003 0.0
0.30557048320770264 0.5223349928855896 0.0
0.03802798315882683 0.3727699816226959 0.03194979578256607
0.0 0.2503969371318817 0.08347770571708679
0.0 0.004110455513000488 0.06619644910097122
0.0 0.0 0.0
0.0 0.0 0.0
0.0 0.0 0.0
0.0 0.0 0.0
0.0 0.0 0.0
0.0 0.0 0.0
0.0 0.0 0.014505559578537941
0.0 0.0 0.21270093321800232
0.0 0.0 0.3019255995750427
0.0 0.0 0.19021400809288025
0.0 0.0 0.0
0.0 0.0 0.0
0.0 0.0 0.0033048363402485847
0.0 0.0 0.13536620140075684
0.0 0.0 0.05847407877445221
0.0 0.13943098485469818 0.0
0.0 0.2434905618429184 0.019900856539607048
0.0 0.01290687546133995 0.07944247871637344
0.13783766329288483 0.0 0.09507656842470169
0.6994178891181946 0.0 0.08379648625850677
0.8058042526245117 0.21735535562038422 0.0
0.7723520398139954 0.4900833070278168 0.0
1.1142421960830688 0.7237045764923096 0.0
1.5776104927062988 0.6027975678443909 0.0
1.897641658782959 0.25639811158180237 0.0
2.180129289627075 0.0 0.0
2.297775983810425 0.0 0.0
2.2452940940856934 0.01615273766219616 0.0
1.9531997442245483 0.2648123502731323 0.0
1.703160047531128 0.458573579788208 0.0
1.4243556261062622 0.7204129099845886 0.0
1.044263482093811 0.6006396412849426 0.0
0.9116750359535217 0.40317291021347046 0.0
0.7124189138412476 0.2889246344566345 0.0
0.23613999783992767 0.1293056458234787 0.0
0.0 0.08430276811122894 0.0
0.0 0.09123390913009644 0.0
0.0 0.0 0.03972329944372177
0.0 0.0 0.02839474566280842
0.0 0.0 0.0
0.0 0.0 0.0
0.0 0.0 0.0
0.0 0.0 0.16119113564491272
0.0 0.0 0.23944546282291412
0.0 0.0 0.22398102283477783
0.0 0.0 0.32595160603523254
0.0 0.0 0.5380465388298035
0.0 0.0 0.5754421353340149
0.0 0.0 0.4328234791755676
0.0 0.0 0.3105026185512543
0.0 0.0 0.29007670283317566
0.0 0.0 0.2845517098903656
0.0 0.0 0.1900416910648346
0.0 0.0 0.0
0.05236921086907387 0.0 0.0
0.496158629655838 0.0 0.0
0.680223286151886 0.0651189386844635 0.0
0.7940829992294312 0.19121615588665009 0.0
1.3111869096755981 0.2991820275783539 0.0
1.8750468492507935 0.3829357922077179 0.0
1.9180781841278076 0.2065940499305725 0.0
1.9361813068389893 0.052081700414419174 0.0
2.002840518951416 0.16649429500102997 0.0
1.7598592042922974 0.4189228117465973 0.0
1.447803020477295 0.5745108127593994 0.0
1.1554266214370728 0.6894634962081909 0.0
0.8557644486427307 0.5930511951446533 0.0
0.8138582706451416 0.47402337193489075 0.0
0.6858915686607361 0.33153730630874634 0.0
0.3608575463294983 0.19980698823928833 0.059185415506362915
0.08857355266809464 0.2204779088497162 0.07576225697994232
0.0 0.19131523370742798 0.07263997197151184
0.0 0.014401965774595737 0.03327179700136185
0.0 0.0 0.0
0.0 0.0 0.0
0.0 0.0 0.0
0.0 0.0 0.09946945309638977
0.0 0.0 0.14322546124458313
0.0 0.0 0.08462952077388763
0.0 0.0 0.0
0.0 0.0 0.0
0.0 0.0 0.047871775925159454
0.0 0.03327765315771103 0.039878830313682556
0.0 0.19685646891593933 0.07048121094703674
0.0 0.18733060359954834 0.08596163243055344
0.0 0.0844082161784172 0.07308737933635712
0.0 0.0 0.026679405942559242
0.0 0.0 0.0
0.09559494256973267 0.0 0.0
0.0933845192193985 0.0 0.0
0.04914648458361626 0.05267643555998802 0.044909510761499405
0.0 0.048488080501556396 0.06239449232816696
0.0 0.0 0.0396881140768528
0.02178889699280262 0.0 0.0
0.0 0.0 0.0
0.0 0.0 0.0
0.0 0.0 0.008763756603002548
0.0 0.0 0.0239296592772007
0.0 0.0 0.0
0.0 0.0 0.0
0.0 0.0 0.0
0.0 0.0 0.0
0.0 0.0 0.0
0.0 0.0 0.00483186449855566
0.0 0.0 0.0
0.0 0.0 0.0
0.0 0.017141610383987427 0.0
0.0 0.06476345658302307 0.0
0.05000801756978035 0.0 0.053209517151117325
0.13120833039283752 0.0 0.038946691900491714
0.08447837829589844 0.0 0.01930934190750122
0.008836346678435802 0.0 0.010087080299854279
0.0 0.0 0.015165463089942932
0.0 0.02113182470202446 0.0
0.0 0.0 0.00010475423187017441
0.0 0.01999039389193058 0.003614267334342003
0.0 0.017847614362835884 0.005786341615021229
0.0 0.0 0.018323704600334167
0.03262956067919731 0.0 0.0
0.005477034952491522 0.019185055047273636 0.0
0.0 0.022359542548656464 0.0
0.00284742983058095 0.0 0.0
0.039985477924346924 0.0 0.0
0.011220674961805344 0.0 0.0
0.0 0.037281498312950134 0.0
0.0 0.04906598851084709 0.0
0.0 0.0 0.0
0.0 0.06668918579816818 0.0
0.0 0.0 0.0
0.0 0.0 0.0
0.0 0.0 0.02328277751803398
0.0 0.0 0.6331839561462402
0.5914406776428223 0.0 1.3132189512252808
1.409562349319458 0.0 2.006547212600708
1.9471174478530884 0.0 2.729902505874634
2.921149492263794 0.0 3.54379940032959
4.5557355880737305 0.0 4.014279842376709
5.67210578918457 0.0 4.220844268798828
6.456625461578369 0.0 4.12327241897583
6.708393573760986 0.0 4.009034156799316
6.774352550506592 0.0 3.2221152782440186
7.476603031158447 0.0 1.2511523962020874
8.09048080444336 0.0 0.0
7.697196006774902 0.0 0.0
5.730094909667969 1.4453288316726685 0.0
3.7796802520751953 3.1361052989959717 0.0
3.1687605381011963 2.7213988304138184 0.0
3.0947399139404297 1.5523219108581543 0.0
2.7812676429748535 1.1016913652420044 0.0
2.1234350204467773 0.7226651906967163 0.0
1.3027266263961792 0.7429579496383667 0.0
0.38870230317115784 0.9350024461746216 0.0
0.0 1.098222017288208 0.0
0.0 0.8501051664352417 0.0
0.0 0.534782350063324 0.0
0.0 0.20113594830036163 0.0
0.0 1.0362452268600464 0.0
0.0 1.4619256258010864 0.0
0.0 0.47388145327568054 0.0
0.0 0.0 0.0
0.0 0.0 0.0
0.0 0.0 0.0
0.0 0.0 0.0
0.0 0.0 0.0
0.0 0.0 0.0
0.0 0.0 0.0
0.0 0.0 0.0
0.0 0.0 0.0
0.0 0.0 0.0
0.0 0.0 0.0
0.0 0.0 0.0
0.0 0.0 0.0
0.0 0.0 0.0
0.0 0.0 0.0
0.0 0.0 0.23631782829761505
0.0 0.0 0.4853167235851288
0.0 0.0 0.40693509578704834
0.0 0.05352996662259102 0.1434563249349594
0.3386518955230713 0.0 0.0832984447479248
0.5288998484611511 0.0 0.144684836268425
0.5230222344398499 0.0 0.23408102989196777
0.36025920510292053 0.3022468388080597 0.23791837692260742
0.27181828022003174 0.4257272481918335 0.2427767813205719
0.34095048904418945 0.29201552271842957 0.141543909907341
0.40324315428733826 0.027463214471936226 0.0633215382695198
0.4019986689090729 0.0 0.05637548863887787
0.37877190113067627 0.0 0.04030517116189003
0.3514215052127838 0.0 0.009220224805176258
0.2820401191711426 0.0 0.012851430103182793
0.20940348505973816 0.0 0.005420145578682423
0.17183586955070496 0.0 0.0012991707772016525
0.17191337049007416 0.0 0.0
0.15588274598121643 0.0 0.0
0.07510267943143845 0.0 0.0
0.0 0.0 0.0
0.0 0.0 0.0
0.0019344543106853962 0.0 0.0
0.011879229918122292 0.0 0.0
0.014890466816723347 0.0 0.0
0.016885440796613693 0.0 0.0
0.04003150761127472 0.0 0.0
0.0895356759428978 0.0 0.012204814702272415
0.19470258057117462 0.0 0.047161199152469635
0.20596268773078918 0.0 0.0
0.14131870865821838 0.0 0.0
0.05412974953651428 0.0 0.0
0.0 0.0872219055891037 0.0
0.0 0.08469536155462265 0.041211433708667755
0.08828426152467728 0.02483789250254631 0.07512225955724716
0.09510354697704315 0.0 0.028047161176800728
0.0560980886220932 0.010355622507631779 0.0
0.0 0.048761334270238876 0.0
0.0 0.055202189832925797 0.0
0.004695885814726353 0.0 0.0
0.06400155276060104 0.0 0.03286109119653702
0.07696635276079178 0.0 0.024599166586995125
0.0 0.08276110887527466 0.0
0.0 0.07857382297515869 0.0
0.0 0.0 0.0
0.04445049166679382 0.0 0.0
0.038015760481357574 0.0 0.0
0.014360231347382069 0.017832715064287186 0.0
0.0 0.045439042150974274 0.01867256872355938
0.02661503292620182 0.0 0.04441840946674347
0.007942546159029007 0.08053044974803925 0.00826466828584671
0.0 0.09037082642316818 0.0
0.007659984286874533 0.0 0.015295414254069328
0.1044435203075409 0.0 0.031938038766384125
0.1152772605419159 0.0 0.010559514164924622
0.057805709540843964 0.0 0.0037655234336853027
0.0 0.0711292251944542 0.0021575074642896652
0.0 0.18711520731449127 0.010398659855127335
0.0 0.062416691333055496 0.033565498888492584
0.06634966284036636 0.0 0.01915167085826397
0.0 0.0 0.0
0.0 0.03310354799032211 0.0
0.0 0.04265923425555229 0.0
0.0 0.03511103615164757 0.0
0.00708957901224494 0.04236600548028946 0.0
0.017475107684731483 0.033739760518074036 0.008209019899368286
0.04404519870877266 0.0633983165025711 0.023526988923549652
0.06323140859603882 0.09947855770587921 0.031313806772232056
0.05231378227472305 0.015468345955014229 0.042683906853199005
0.07016255706548691 0.0 0.06188476085662842
0.0 0.050760556012392044 0.01659691147506237
0.0 0.05838305875658989 0.0
0.0 0.046555690467357635 0.011103609576821327
0.029050271958112717 0.004967768210917711 0.019982853904366493
0.0258888341486454 0.0315525084733963 0.020037449896335602
0.02142590843141079 0.0038636219687759876 0.034859538078308105
0.0 0.01884496957063675 0.02393844723701477
0.0 0.03082093596458435 0.0
0.0 0.01174098625779152 0.0
0.0 0.0 0.0
0.0 0.0 0.0
0.0 0.015855304896831512 0.0
0.0 0.0 0.0
0.010121587663888931 0.0 0.0
0.01354854367673397 0.0 0.0
0.0 0.014794567599892616 0.0
0.01011466421186924 0.0 0.0
0.03672310709953308 0.00927729532122612 0.0008437810465693474
0.011248904280364513 0.04231753945350647 0.0
0.007893853820860386 0.019954174757003784 0.0037953630089759827
0.04736003652215004 0.008180871605873108 0.004151427187025547
0.02810591459274292 0.03582874685525894 0.012595245614647865
0.009989495389163494 0.030561279505491257 0.00919225811958313
0.01638001576066017 0.0 0.00486222468316555
0.0 0.0 0.0
0.0 0.0 0.0
0.0 0.037100937217473984 0.0
0.0 0.020026879385113716 0.0
0.0027174674905836582 0.0 0.0
0.0 0.0 0.0
0.0 0.025361724197864532 0.0
0.0 0.023153429850935936 0.008997581899166107
0.022982260212302208 0.03166675940155983 0.0
0.04219643399119377 0.0 0.0
0.049323853105306625 0.0 0.012538254261016846
0.0 0.0870748832821846 0.0
0.0 0.06270642578601837 0.0
0.032352060079574585 0.0 0.006038276478648186
0.0598372146487236 0.0 0.026496678590774536
0.012032939121127129 0.0209608506411314 0.01665976271033287
0.0 0.05099784582853317 0.0
0.0 0.0201650969684124 0.0
0.00575134065002203 0.0 0.0
0.014121655374765396 0.0 0.013306843116879463
0.0016235688235610723 0.0 0.0
0.0 0.0 0.0
0.009111312218010426 0.0 0.0
0.0 0.0 0.010939795523881912
0.01734607294201851 0.0 0.013377919793128967
0.008724088780581951 0.004969167988747358 0.025118999183177948
0.005611119791865349 0.0347592867910862 0.0209112036973238
0.004501114133745432 0.013494744896888733 0.021899502724409103
0.02145559713244438 0.0 0.0294538252055645
0.0 0.04752674698829651 0.02614458277821541
0.0 0.012482479214668274 0.020593488588929176
0.0036797954235225916 0.0 0.0
0.013358787633478642 0.0 0.0
0.0004539084620773792 0.008271487429738045 0.0
0.0 0.046653762459754944 0.0
0.0 0.0 0.0
0.04400750994682312 0.0 0.010332329198718071
0.047040317207574844 0.0 0.026376809924840927
0.0 0.039138857275247574 0.00037370529025793076
0.0 0.03808504343032837 0.003468298353254795
0.032256580889225006 0.0 0.017830992117524147
0.03448697552084923 0.0 0.006050232797861099
0.0 0.013619115576148033 0.0
0.00884046871215105 0.0 0.011177083477377892
0.04743633046746254 0.0 0.0
0.017562586814165115 0.0 0.0
0.0 0.004037593957036734 0.0
0.0 0.005103124771267176 0.0
0.0 0.007270139176398516 0.0
0.0 0.0 0.0
0.0 0.0 0.0
0.018568996340036392 0.0 0.0
0.00691234041005373 0.0 0.0
0.0 0.016826093196868896 0.0
0.007654829882085323 0.0 0.022920027375221252
0.03307496756315231 0.0 0.03913974389433861
0.005539214238524437 0.0 0.020755408331751823
0.0 0.0 0.004494413733482361
0.0014331527054309845 0.0 0.005778856575489044
0.005629229359328747 0.017765125259757042 0.0165830347687006
0.004529077559709549 0.010317327454686165 0.01868453435599804
0.009039141237735748 0.004021881613880396 0.0
0.004904316738247871 0.0 0.0
0.0 0.0 0.0
0.0 0.01787511259317398 0.0
0.0 0.005117239896208048 0.0
0.014411535114049911 0.0 0.0
0.009217039681971073 0.00621206546202302 0.0
0.0 0.01474057324230671 0.0
0.0059336284175515175 0.0242517851293087 0.0
0.014361249282956123 0.010388405062258244 0.0
0.006818377412855625 0.0 0.0
0.011143084615468979 0.0 0.0
0.0 0.0 0.0
0.0 0.0 0.003410782665014267
0.0036225842777639627 0.0 0.0
0.0 0.0 0.0
0.0 0.0 0.0
0.0 0.0 0.0
0.0 0.0 0.0
0.0 0.0 0.0
0.003657205495983362 0.0 0.0
0.014492277055978775 0.0 0.0
0.007021310739219189 0.0 0.0
0.01964256353676319 0.0 0.0
0.03984184190630913 0.0 0.005056882277131081
0.015387896448373795 0.012496563605964184 0.0006394973024725914
0.0 0.0083191292360425 0.0
0.0016451871488243341 0.0 0.0
0.004854829050600529 0.0 0.0
0.0 0.0 0.0
0.0462225079536438 0.0 0.0
0.09340652823448181 0.0 0.0
0.0 0.013659565709531307 0.0
0.0 0.04555544629693031 0.0
0.022930767387151718 0.0029454026371240616 0.0
0.042170774191617966 0.0 0.0
0.0 0.0 0.0
0.0 0.010509845800697803 0.0
0.0 0.04555944353342056 0.005459285341203213
0.002579157706350088 0.010395861230790615 0.0005047405138611794
0.016375131905078888 0.0029022591188549995 0.007028154097497463
0.0 0.03911219537258148 0.013118269853293896
0.0 0.0699305608868599 0.03110099956393242
0.0009879190474748611 0.010206243954598904 0.05176739767193794
0.08096850663423538 0.0 0.04043884202837944
0.04837727174162865 0.0 0.0
0.0 0.030775703489780426 0.0
0.0 0.04982795566320419 0.0012003583833575249
0.004629258997738361 0.012485911138355732 0.009078522212803364
0.03134768828749657 0.0 0.0
0.011242154985666275 0.0 0.0
0.0 0.0 0.0
0.0 0.0 0.0
0.0 0.0 0.0003819689154624939
0.008879664354026318 0.0 0.006898191757500172
0.0 0.0 0.0
0.006967514753341675 0.0 0.0
0.009057562798261642 0.0 0.0
0.0 0.01253544632345438 0.002541526220738888
0.014029846526682377 0.0 0.0240180566906929
0.015181131660938263 0.0 0.015476231463253498
0.0 0.0062008630484342575 0.00019234977662563324
0.0 0.012615353800356388 0.0
0.0 0.0 0.0
0.023736802861094475 0.0 0.013418140821158886
0.028954200446605682 0.0 0.019766319543123245
0.026189573109149933 0.0 0.0
0.03922068700194359 0.0 0.0
0.038846246898174286 0.0 0.0
0.1823224574327469 0.0 0.08713923394680023
0.23863579332828522 0.0 0.08717411756515503
0.0793132483959198 0.0 0.036969006061553955
0.015126270242035389 0.0 0.06437293440103531
0.0 0.0 0.22468963265419006
0.0 0.039038438349962234 0.3405989408493042
0.0 0.13172736763954163 0.27388089895248413
0.06920547783374786 0.017084136605262756 0.16571232676506042
0.13197246193885803 0.0 0.06777246296405792
0.11602306365966797 0.0 0.06773730367422104
0.08359640836715698 0.07143606245517731 0.12329963594675064
0.10481300950050354 0.16910189390182495 0.15053604543209076
0.1323506385087967 0.11796814203262329 0.16346515715122223
0.1345144510269165 0.02872055396437645 0.1471727341413498
0.08995629847049713 0.006592081859707832 0.11781138926744461
0.04259251430630684 0.0 0.15139330923557281
0.08184857666492462 0.0 0.26472893357276917
0.2817419767379761 0.0 0.6425843834877014
0.5192086100578308 0.0 1.118354320526123
0.5618165135383606 0.0 1.66722571849823
0.46731051802635193 0.44556304812431335 2.212629556655884
0.4624073803424835 0.6088569164276123 2.6126601696014404
0.4889811873435974 0.6441070437431335 2.837386131286621
0.5132801532745361 0.6293701529502869 3.0683374404907227
0.6179431676864624 0.4488363564014435 3.2429332733154297
0.7682783603668213 0.24900659918785095 3.436084032058716
0.8844350576400757 0.21471412479877472 3.4478163719177246
1.0055246353149414 0.20812013745307922 2.876387119293213
1.0051989555358887 0.14286071062088013 1.853793978691101
0.8479968905448914 0.025568965822458267 0.6136653423309326
0.3763555884361267 0.0 0.0
0.0 0.0 0.0
0.0 0.0 0.0
0.018144430592656136 0.0 0.0
0.0 0.0 0.0
0.0 0.05244079604744911 0.0
0.0 0.06951858848333359 0.0
0.0 0.0 0.0
0.0 0.0 0.0
0.0 0.19812743365764618 0.0
0.0 0.27035874128341675 0.0
0.0 0.2484595626592636 0.0
0.0 0.24993787705898285 0.0
0.0 0.07160942256450653 0.0
0.0 0.0 0.0
0.0 0.0 0.0
0.0 0.0 0.0
0.0 0.0 0.0
0.0 0.0 0.20619609951972961
0.0278406273573637 0.0 0.7481589317321777
0.16355159878730774 0.0 1.1588873863220215
0.3502466380596161 0.0 1.4725542068481445
0.5761412382125854 0.0 1.7096877098083496
0.7310570478439331 0.0 1.8991899490356445
0.7541376352310181 0.0 2.151639699935913
0.7329463362693787 0.0 2.3567869663238525
0.7944581508636475 0.0 2.4874825477600098
1.0028923749923706 0.0 2.537137031555176
1.1452910900115967 0.0 2.4773380756378174
1.0587338209152222 0.0 2.3988118171691895
0.8150584697723389 0.0 2.263702869415283
0.6395505666732788 0.21620547771453857 2.034123182296753
0.5865731239318848 0.187876895070076 1.678821325302124
0.5376580357551575 0.0 1.212956190109253
0.3841865062713623 0.0 0.7646564245223999
0.16861426830291748 0.08556517958641052 0.2662743628025055
0.0 0.1859823316335678 0.0
0.0 0.12731261551380157 0.0
0.0 0.029431868344545364 0.0
0.0 0.0 0.0
0.0 0.02097899653017521 0.0
0.0 0.10900045931339264 0.0
0.0 0.1686033308506012 0.0
0.0 0.1282641738653183 0.0
0.0 0.0 0.0
0.0 0.0 0.0
0.0 0.0 0.0
0.0 0.0005762525834143162 0.0
0.0 0.0 0.0
0.0 0.0 0.0
0.0 0.0 0.0
0.0 0.0 0.0
0.0 0.046528831124305725 0.0
0.0 0.0 0.0
0.0 0.0 0.0
0.08936230838298798 0.0 0.0
0.07217399775981903 0.06581518054008484 0.19687476754188538
0.11399388313293457 0.07245869934558868 0.38747429847717285
0.19241999089717865 0.01858294941484928 0.5376472473144531
0.2881796658039093 0.0 0.6634571552276611
0.36975976824760437 0.0 0.8222941756248474
0.41958191990852356 0.0 0.9628046751022339
0.450298547744751 0.0 1.08587646484375
0.45094195008277893 0.0 1.2267920970916748
0.44881144165992737 0.0 1.429627776145935
0.4761112332344055 0.0 1.5663949251174927
0.5113853216171265 0.0 1.565782070159912
0.45319151878356934 0.0 1.5193262100219727
0.3850471079349518 0.0 1.4993200302124023
0.3639508783817291 0.0 1.4876303672790527
0.35458213090896606 0.0 1.4771260023117065
0.37178510427474976 0.0 1.462289810180664
0.3953322172164917 0.0 1.3394150733947754
0.39886385202407837 0.0 1.0980069637298584
0.32953670620918274 0.0 0.8945441246032715
0.2496141642332077 0.0 0.7783696055412292
0.21668097376823425 0.0 0.5613166689872742
0.22699859738349915 0.0 0.17679612338542938
0.16678132116794586 0.02817150205373764 0.0
0.0 0.02690383791923523 0.0
0.0 0.04942033067345619 0.0
0.0 0.0916556715965271 0.0
0.0 0.12641523778438568 0.0
0.0 0.11576686799526215 0.0
0.0 0.11827395856380463 0.0
0.0 0.06402270495891571 0.0
0.0 0.0 0.0
0.0 0.0 0.0
0.0 0.045834917575120926 0.0
0.0 0.11066371202468872 0.0
0.0 0.12020023167133331 0.0
0.0 0.0 0.0
0.0 0.0 0.0
0.0 0.0 0.0
0.0 0.0 0.0
0.0 0.0 0.0
0.0 0.0 0.0
0.0 0.06246023252606392 0.06988326460123062
0.04145590215921402 0.023375414311885834 0.4806060791015625
0.2330000251531601 0.03051002323627472 0.7453482747077942
0.3304690718650818 0.11187171936035156 0.827777624130249
0.3428479731082916 0.17650558054447174 0.8793899416923523
0.41720476746559143 0.1099606454372406 1.0081148147583008
0.5290721654891968 0.0 1.2073224782943726
0.5880625247955322 0.0 1.3808317184448242
0.5432782769203186 0.0 1.3935626745224
0.4663323760032654 0.11188717186450958 1.3184235095977783
0.42257609963417053 0.049675196409225464 1.2045432329177856
0.4506300985813141 0.0 1.1541719436645508
0.5088586211204529 0.0 1.0861836671829224
0.5070918798446655 0.0 0.9440438151359558
0.39897629618644714 0.0 0.7743312120437622
0.24949868023395538 0.0 0.6832532286643982
0.16403570771217346 0.0 0.5851431488990784
0.21286369860172272 0.0 0.39313963055610657
0.2277691513299942 0.0 0.0
0.03469742462038994 0.06332383304834366 0.0
0.0 0.1210012435913086 0.0
0.0 0.1224776953458786 0.0
0.0 0.0388384647667408 0.0
0.0 0.0 0.0
0.0 0.021783050149679184 0.0
0.0 0.07921464741230011 0.0
0.0 0.10843592137098312 0.0
0.0 0.06975004076957703 0.0
0.0 0.08194412291049957 0.0
0.0 0.0923224613070488 0.0
0.0 0.0 0.0
0.0 0.0 0.0
0.0 0.0 0.0
0.0 0.0 0.0
0.05695798993110657 0.0 0.0
0.1272934079170227 0.0043787588365375996 0.11924442648887634
0.19325138628482819 0.0 0.23835696280002594
0.25433871150016785 0.0 0.30601486563682556
0.2937215268611908 0.0 0.4283599555492401
0.23317989706993103 0.0 0.6104732751846313
0.2893206477165222 0.0 0.8435550332069397
0.4164215922355652 0.0 1.139513373374939
0.4064810872077942 0.0 1.4015895128250122
0.3363448679447174 0.02074042148888111 1.5967299938201904
0.3666386008262634 0.0 1.7538248300552368
0.4420103132724762 0.0 1.7875739336013794
0.42974141240119934 0.0 1.7351081371307373
0.45232075452804565 0.0 1.6069786548614502
0.4595879912376404 0.0 1.329637050628662
0.4117962121963501 0.1503351628780365 1.0210131406784058
0.33931005001068115 0.1342930793762207 0.8012323379516602
0.2934211194515228 0.0788537934422493 0.5837261080741882
0.22712945938110352 0.0461144894361496 0.27741941809654236
0.11852974444627762 0.04653739929199219 0.0
0.0 0.07315356284379959 0.0
0.0 0.12318503856658936 0.0
0.0 0.126350998878479 0.0
0.0 0.12934866547584534 0.0
0.0 0.17193686962127686 0.0
0.0 0.26033303141593933 0.0
0.0 0.30561476945877075 0.0
0.0 0.2588858902454376 0.0
0.0 0.14182062447071075 0.0
0.0 0.05768470838665962 0.0
0.0 0.04462882876396179 0.0
0.0 0.006766668986529112 0.0
0.0 0.0 0.0
0.0 0.0 0.0
0.0 0.0 0.0
0.0 0.0 0.0
0.0 0.007825808599591255 0.0
0.0426262691617012 0.0 0.04674731194972992
0.1398329883813858 0.0 0.2442268431186676
0.20987571775913239 0.0 0.389188289642334
0.27526378631591797 0.0 0.4580504298210144
0.3313707113265991 0.0 0.4958529472351074
0.3369787931442261 0.0 0.5640735626220703
0.36269456148147583 0.0 0.6452352404594421
0.42350971698760986 0.0 0.7428752183914185
0.49183496832847595 0.0 0.8417688012123108
0.5026130080223083 0.0 0.9446229934692383
0.4220191240310669 0.0 1.0277767181396484
0.2390138953924179 0.019993258640170097 0.9910852909088135
0.1344645768404007 0.0 0.9660841226577759
0.25735989212989807 0.0 1.0243479013442993
0.37152746319770813 0.0 1.0156282186508179
0.31254005432128906 0.0 0.8541357517242432
0.15675418078899384 0.0 0.5701764225959778
0.02545420452952385 0.016350319609045982 0.37465861439704895
0.031084394082427025 0.0 0.3316759765148163
0.15358208119869232 0.0 0.34552201628685
0.22772395610809326 0.0 0.3091472387313843
0.14807572960853577 0.11460898071527481 0.19138331711292267
0.06367216259241104 0.1973419338464737 0.003853108733892441
0.04184702783823013 0.10555130243301392 0.0
0.021593421697616577 0.024176018312573433 0.0
0.0 0.04372655227780342 0.0
0.0 0.08028989285230637 0.0
0.0 0.0647711232304573 0.0
0.0 0.034292034804821014 0.0
0.0 0.05670546367764473 0.0
0.0 0.052349068224430084 0.0
0.0 0.03828118368983269 0.0
0.0 0.017736762762069702 0.0
0.0 0.0 0.0
0.0 0.03275672346353531 0.0
0.0 0.04965448006987572 0.0
0.0 0.0 0.0
0.0 0.0 0.07974734157323837
0.06802695989608765 0.0 0.36610639095306396
0.09827195107936859 0.0 0.5525755882263184
0.06594623625278473 0.10365433990955353 0.6028973460197449
0.04740672931075096 0.18957266211509705 0.6553336977958679
0.11427817493677139 0.08372265845537186 0.779583215713501
0.2674400210380554 0.0 0.9043770432472229
0.3817053437232971 0.0 0.9809157848358154
0.41021794080734253 0.0 0.7243217825889587
0.24205610156059265 0.20897646248340607 0.20010173320770264
0.03294310346245766 0.28496628999710083 0.0
0.0 0.11623452603816986 0.0
0.051169779151678085 0.0 0.0
0.05063794553279877 0.0 0.0
0.0 0.11403661966323853 0.0
0.0 0.23101064562797546 0.0
0.0 0.25612345337867737 0.0
0.0 0.13616643846035004 0.0
0.0 0.08783377707004547 0.0
0.0 0.29136770963668823 0.0
0.0 0.4886229932308197 0.0
0.0 0.43605300784111023 0.0
0.0 0.10349716246128082 0.0
0.0 0.0 0.0
0.0 0.0 0.0
0.0 0.0 0.0
0.0 0.0003002048470079899 0.0
0.0 0.0 0.0
0.0 0.0 0.0
0.0858507975935936 0.0 0.16382254660129547
0.20203758776187897 0.0 0.41450005769729614
0.11734693497419357 0.09972106665372849 0.481605589389801
0.1437540352344513 0.15163354575634003 0.5162237286567688
0.3047346770763397 0.0 0.6112762093544006
0.47389358282089233 0.0 0.7351166605949402
0.5373135805130005 0.0 0.7977664470672607
0.3840193748474121 0.02929750271141529 0.69343101978302
0.18303459882736206 0.1833568513393402 0.5412902235984802
0.1515088975429535 0.09434521198272705 0.4797927737236023
0.265825092792511 0.0 0.43863949179649353
0.3034193217754364 0.0 0.40132778882980347
0.2840847671031952 0.0 0.40741366147994995
0.2804256081581116 0.0 0.44897201657295227
0.2556810975074768 0.0 0.4843236207962036
0.1143530085682869 0.0 0.5452327132225037
0.0735270157456398 0.02887033112347126 0.6860548257827759
0.12197551131248474 0.0 0.8400846123695374
0.24718135595321655 0.0 0.9848902821540833
0.37642431259155273 0.0 1.1499823331832886
0.4060114920139313 0.0 1.1955047845840454
0.3141036629676819 0.0 1.1343625783920288
0.33347469568252563 0.033112745732069016 0.8360928297042847
0.28153613209724426 0.13692037761211395 0.39896929264068604
0.17711572349071503 0.08523719757795334 0.06123918667435646
0.06915956735610962 0.038771308958530426 0.0
0.0 0.04465183615684509 0.0
0.0 0.12493228912353516 0.0
0.0 0.1344115436077118 0.0
0.0 0.10118861496448517 0.0
0.0 0.0 0.0
0.0 0.0 0.0
0.0 0.0 0.0
0.0 0.11187668144702911 0.0
0.0 0.11663761734962463 0.0
0.0 0.0 0.0
0.0 0.0 0.0
0.0 0.0 0.0
0.0 0.07491360604763031 0.0
0.0 0.1149478405714035 0.0
0.003828768152743578 0.10284537076950073 0.0
0.07063283026218414 0.0813046544790268 0.03666218742728233
0.12189681828022003 0.07271729409694672 0.031804848462343216
0.11120875179767609 0.08335794508457184 0.03493752330541611
0.08210626244544983 0.08649702370166779 0.0635015219449997
0.06263668835163116 0.06518879532814026 0.08567260950803757
0.03505033627152443 0.06211471185088158 0.0693623423576355
0.03734251856803894 0.0 0.04242952913045883
0.041649915277957916 0.0 0.03818897902965546
0.0 0.0 0.03333243727684021
0.0 0.0 0.0030347201973199844
0.0 0.0 0.0
0.0 0.0 0.0
0.0 0.00299200601875782 0.0
0.0 0.0 0.0
0.009807297959923744 0.0 0.01967894285917282
0.05772768706083298 0.0 0.027583736926317215
0.037443190813064575 0.009077595546841621 0.03609653189778328
0.0 0.06990338861942291 0.006856090389192104
0.0 0.02309354580938816 0.006863546557724476
0.03631587326526642 0.0 0.03813917562365532
0.046087540686130524 0.0005994220264256 0.024403922259807587
0.0 0.019939031451940536 0.0014376230537891388
0.0 0.0 0.0
0.03545380383729935 0.0 0.014552093110978603
0.019729437306523323 0.0103327427059412 0.0
0.0 0.00837691780179739 0.0
0.0 0.0 0.0
0.0 0.0 0.0
0.0 0.018979229032993317 0.0
0.0 0.02647016942501068 0.0
0.0 0.015721915289759636 0.0
0.02054889313876629 0.0 0.01338669378310442
0.024801960214972496 0.0 0.015579541213810444
0.0 0.019936634227633476 0.0004013869911432266
0.0 0.01895049773156643 0.0
0.003961880691349506 0.0 0.0
0.021834086626768112 0.0 0.0
0.004532862454652786 0.0 0.016479158774018288
0.0 0.0008114418014883995 0.002346828579902649
0.0 0.0 0.0
0.006158722564578056 0.0 0.0
0.04643290862441063 0.0 0.0
0.11260926723480225 0.0 0.0
0.12121207267045975 0.0 0.0
0.0 0.0 0.0
0.0 0.26527103781700134 0.0
0.0 0.15360070765018463 0.0
0.0 0.0 0.0
0.01068875938653946 0.0 0.0
0.0 0.0 0.0
0.0 0.0 0.0
0.0 0.0 0.11864573508501053
0.0 0.0 0.6219040751457214
0.4227844476699829 0.0 1.271106243133545
1.5171598196029663 0.0 1.8358838558197021
2.8217251300811768 0.0 2.457277774810791
4.092573165893555 0.0 3.124030828475952
5.070969104766846 0.0 4.07344913482666
5.810644626617432 0.0 4.508584976196289
6.144630432128906 0.0 4.388602256774902
6.785299777984619 0.0 3.200469970703125
7.788455963134766 0.0 2.056837558746338
7.567004680633545 0.0 0.568210780620575
7.289923191070557 0.0 0.0
7.046403408050537 0.0 0.0
6.554534912109375 0.0 0.0
5.20352840423584 1.5271108150482178 0.0
3.071788787841797 3.705598831176758 0.0
2.4030017852783203 3.0267364978790283 0.0
2.534374475479126 1.0949170589447021 0.0
2.272451877593994 0.24081285297870636 0.0
1.4607508182525635 0.32316604256629944 0.0
0.7481579780578613 0.4679621160030365 0.0
0.07195025682449341 0.3792399764060974 0.0
0.0 0.35282352566719055 0.0
0.0 0.0 0.0
0.0 0.0 0.0
0.0 0.0 0.0
0.0 0.0 0.0
0.0 0.0 0.0
0.0 0.0 0.0
0.0 0.0 0.0
0.0 0.0 0.0
0.0 0.0 0.0
0.0 0.0 0.0
0.0 0.0 0.0
0.0 0.0 0.0
0.0 0.0 0.0
0.0 0.0 0.0
0.0 0.0 0.0
0.0 0.0 0.0
0.0 0.0 0.0
0.0 0.0 0.0
0.0 0.0 0.0
0.0 0.0 0.0
0.0 0.0 0.0
0.0 0.0 0.0
0.0 0.0 0.04959449917078018
0.0 0.0 0.10159830749034882
0.0 0.0 0.0
0.0 0.0 0.0
0.0 0.0 0.033662669360637665
0.0 0.0 0.12969225645065308
0.0376485139131546 0.0 0.2208288311958313
0.08796708285808563 0.10501930117607117 0.2238674908876419
0.17840111255645752 0.14019539952278137 0.1522393822669983
0.22320720553398132 0.11672496795654297 0.15047423541545868
0.30512309074401855 0.10796795785427094 0.17476706206798553
0.3701772093772888 0.10251033306121826 0.1786041408777237
0.345211923122406 0.011025963351130486 0.20583443343639374
0.31820881366729736 0.0 0.21578267216682434
0.305087149143219 0.0 0.1386580616235733
0.20596855878829956 0.0 0.03978794068098068
0.05713114142417908 0.030465707182884216 0.0
0.0 0.054939623922109604 0.01978573575615883
0.005411218386143446 0.0 0.033554013818502426
0.0755239948630333 0.0 0.04121166467666626
0.1583957076072693 0.0 0.0609065443277359
0.14637739956378937 0.0 0.0013406835496425629
0.04173487424850464 0.05197206512093544 0.0
0.0 0.06472274661064148 0.0
0.0361318439245224 0.0 0.04975082725286484
0.08684296160936356 0.0 0.0764511451125145
0.14210036396980286 0.0 0.08960183709859848
0.13063839077949524 0.0 0.07698138058185577
0.0 0.0 0.029091887176036835
0.0 0.0796753317117691 0.0
0.0 0.04346592724323273 0.007113351486623287
0.031039616093039513 0.0 0.026204220950603485
0.08438432961702347 0.0 0.024527762085199356
0.06127554923295975 0.0 0.0
0.06003584712743759 0.0 0.0006855465471744537
0.0016399160958826542 0.10282965004444122 0.002924998290836811
0.0 0.11026519536972046 0.011366953141987324
0.07708509266376495 0.033488430082798004 0.024819379672408104
0.12054255604743958 0.0 0.04099515825510025
0.04979541525244713 0.0 0.0581674799323082
0.0 0.0 0.04928131401538849
0.0 0.05085809901356697 0.03775222599506378
0.0 0.0 0.039761580526828766
0.0 0.0 0.04591268301010132
0.06358153373003006 0.0 0.06357769668102264
0.0 0.0 0.07501383870840073
0.0 0.0719444751739502 0.04079940915107727
0.0 0.08163198828697205 0.015076737850904465
0.0 0.008232606574892998 0.004571367055177689
0.0 0.0 0.0
0.0 0.0 0.0
0.0 0.0 0.0
0.0 0.0 0.0
0.0 0.05525097995996475 0.0
0.0 0.058453962206840515 0.0
0.05125509575009346 0.0 0.0
0.0745668113231659 0.0 0.0
0.09048984944820404 0.0 0.0
0.048033736646175385 0.03278854861855507 0.0
0.006404265761375427 0.06155627965927124 0.0
0.005267628468573093 0.037094347178936005 0.0
0.026176106184720993 0.0 0.0
0.044909048825502396 0.0 0.027423953637480736
0.058450955897569656 0.0 0.059601329267024994
0.08526179939508438 0.0 0.0536038875579834
0.058434177190065384 0.0 0.0628405287861824
0.011190231889486313 0.0 0.0901310071349144
0.026004865765571594 0.0 0.10092746466398239
0.05689114332199097 0.0 0.10219725966453552
0.10152998566627502 0.0 0.12190677970647812
0.1241636574268341 0.030922740697860718 0.1171564981341362
0.09126748889684677 0.05230738967657089 0.10194079577922821
0.07245492190122604 0.039739932864904404 0.061116136610507965
0.0703534185886383 0.0 0.05133914202451706
0.06193942949175835 0.0 0.038418278098106384
0.019505420699715614 0.0 0.01342371478676796
0.0 0.038302358239889145 0.0
0.0 0.020378751680254936 0.0
0.0 0.0 0.0
0.0 0.0 0.0
0.0 0.0 0.0
0.0 0.018099619075655937 0.0
0.0 0.05108952522277832 0.0
0.0 0.023447511717677116 0.0
0.029898405075073242 0.0 0.0
0.06925726681947708 0.0 0.0
0.06382734328508377 0.0 0.0
0.03171680122613907 0.01678023487329483 0.0
0.0 0.044480305165052414 0.0
0.0 0.05083753541111946 0.0
0.03786337375640869 0.0060482267290353775 0.0
0.07070308178663254 0.0 0.013887901790440083
0.09187787026166916 0.0 0.03339076042175293
0.0789831131696701 0.030221473425626755 0.047263700515031815
0.047397758811712265 0.06125609204173088 0.00965773593634367
0.03573204576969147 0.0007408130913972855 0.0
0.0506255067884922 0.0 0.0
0.06209814175963402 0.0 0.016931094229221344
0.04268316179513931 0.0 0.04031231626868248
0.008771803230047226 0.009191290475428104 0.021922923624515533
0.0 0.0710834190249443 0.0
0.015542090870440006 0.03587669879198074 0.0
0.06746414303779602 0.0 0.017050139605998993
0.02696039527654648 0.0 0.013471915386617184
0.0 0.03060869872570038 0.018073856830596924
0.0 0.046651046723127365 0.007166882045567036
0.0 0.0 0.0
0.0 0.0 0.0
0.0 0.0 0.0
0.0 0.0 0.0
0.0 0.0 0.0
0.0 0.0 0.0
0.0 0.0 0.0
0.0 0.0 0.0
0.0 0.0 0.0
0.0 0.0 0.0
0.0 0.0 0.0
0.0 0.0 0.0
0.0 0.0 0.0
0.0 0.0 0.03435935452580452
0.0 0.0 0.24861998856067657
0.0 0.0 0.3522065579891205
0.37268558144569397 0.0 0.26655104756355286
1.3918917179107666 0.0 0.36416760087013245
2.2007646560668945 0.0 0.5554147958755493
2.8939590454101562 0.0 0.6017860174179077
3.3028299808502197 0.0 0.42847761511802673
3.395878553390503 0.6159272789955139 0.039562106132507324
3.3872318267822266 1.0045197010040283 0.0
3.3687381744384766 1.4986274242401123 0.0
3.1102044582366943 1.6339813470840454 0.0
2.7181785106658936 1.5874758958816528 0.0
2.1787421703338623 1.6818598508834839 0.0
1.2164874076843262 1.5566612482070923 0.08494050800800323
0.43177178502082825 1.424208402633667 0.09376569092273712
0.0 1.235326886177063 0.0
0.0 1.0545315742492676 0.0
0.0 0.7949709296226501 0.0
0.0 0.3543599843978882 0.0
0.0 0.0 0.0
0.0 0.0 0.0
0.0 0.0 0.0
0.0 0.0 0.0
0.0 0.0 0.0
0.0 0.0 0.0
0.0 0.0 0.0
0.0 0.0 0.0
0.0 0.0 0.0
0.0 0.0 0.0
0.0 0.0 0.0
0.0 0.0 0.0
0.0 0.2254113256931305 0.0
0.0 0.20215260982513428 0.0
0.4008009433746338 0.07692837715148926 0.0
0.9801471829414368 0.03362377732992172 0.0
1.6202787160873413 0.15169022977352142 0.0
2.1909713745117188 0.29391366243362427 0.0
2.4638445377349854 0.3400063216686249 0.0
2.6735119819641113 0.6121806502342224 0.0
2.8666651248931885 1.0592443943023682 0.0
2.7795002460479736 1.1214486360549927 0.0
2.4776644706726074 0.9962223172187805 0.030552111566066742
1.9279084205627441 1.1445536613464355 0.16976407170295715
1.27981436252594 1.0326972007751465 0.2847156822681427
0.7224551439285278 0.8715155124664307 0.18140900135040283
0.2652391195297241 0.6700881123542786 0.0
0.0 0.5776175856590271 0.0
0.0 0.5004445314407349 0.0
0.0 0.3709051311016083 0.0038629742339253426
0.0 0.12545490264892578 0.0
0.0 0.0 0.0
0.0 0.0 0.0
0.0 0.0 0.0
0.0 0.0 0.0
0.0 0.0 0.0
0.0 0.0 0.0
0.0 0.0 0.0
0.0 0.0 0.0
0.0 0.0 0.0
0.0 0.0 0.0
0.0 0.0 0.0
0.0 0.0 0.0
0.0 0.3449515700340271 0.0
0.0 0.3233237564563751 0.0
0.20603440701961517 0.025720316916704178 0.04210596904158592
0.9189333319664001 0.0 0.027508385479450226
1.5209404230117798 0.1351301670074463 0.0
1.8639461994171143 0.1735491007566452 0.016414973884820938
1.92000412940979 0.1966293901205063 0.0693972259759903
2.12241268157959 0.2549307644367218 0.009645751677453518
2.4375038146972656 0.37911850214004517 0.0
2.3807661533355713 0.19998736679553986 0.0
2.292884588241577 0.4398827850818634 0.0
1.8713005781173706 0.7962608933448792 0.0
1.3076251745224 0.8627866506576538 0.0
0.9853494763374329 1.1358342170715332 0.0
0.48570236563682556 1.1356842517852783 0.0
0.13942217826843262 0.8648378252983093 0.002497827634215355
0.0 0.5534729957580566 0.06475773453712463
0.0 0.411522775888443 0.10577041655778885
0.0 0.28814783692359924 0.13280150294303894
0.0 0.09659866988658905 0.15399014949798584
0.0 0.0 0.07789990305900574
0.0 0.0 0.1315932273864746
0.0 0.0 0.2769930362701416
0.0 0.0 0.5285376906394958
0.0 0.0 0.5265802145004272
0.0 0.0 0.5702803134918213
0.0 0.0 0.3912346661090851
0.0 0.0 0.11484407633543015
0.0 0.0 0.0
0.0 0.20725993812084198 0.0
0.6791006326675415 0.2619737684726715 0.0
1.2826011180877686 0.1787707656621933 0.0
1.4368313550949097 0.2849251627922058 0.0
1.5540826320648193 0.5489395260810852 0.0
2.330613374710083 0.94158536195755 0.0
2.8531551361083984 0.9754769802093506 0.0
2.7413551807403564 0.9410050511360168 0.0
2.4253392219543457 0.9550028443336487 0.0
2.0430335998535156 0.9350845813751221 0.0
1.5853830575942993 0.8251548409461975 0.0
1.132330060005188 0.8092339634895325 0.0
0.6367536783218384 0.7225440740585327 0.0
0.22279509902000427 0.6305683255195618 0.0591919980943203
0.06700417399406433 0.42687350511550903 0.02599436417222023
0.0 0.13164480030536652 0.009792490862309933
0.0 0.0 0.08086799830198288
0.0 0.0 0.1332443803548813
0.0 0.0 0.11083947867155075
0.0 0.0 0.10634459555149078
0.0 0.0 0.13946419954299927
0.0 0.0 0.1903609335422516
0.0 0.0 0.24573443830013275
0.0 0.0 0.2878510057926178
0.0 0.0 0.2276611626148224
0.0 0.0 0.022068332880735397
0.0 0.0 0.0
0.0 0.0 0.05739997699856758
0.0 0.0 0.18972258269786835
0.0 0.0 0.22971421480178833
0.0 0.0 0.1582174003124237
0.0 0.0 0.0
0.17006686329841614 0.09933437407016754 0.0
0.7580944299697876 0.12871144711971283 0.0
1.5166587829589844 0.29966214299201965 0.0
2.3360371589660645 0.5508480668067932 0.0
2.539522647857666 0.7422470450401306 0.0
2.3684945106506348 0.9054452776908875 0.0
2.39768385887146 0.9424374103546143 0.0
2.4725422859191895 0.7797765731811523 0.0
2.3287813663482666 0.46979498863220215 0.0
2.076978921890259 0.17480863630771637 0.0
1.7045104503631592 0.12839266657829285 0.0
1.1542167663574219 0.25141870975494385 0.029873806983232498
0.417131245136261 0.45276007056236267 0.023163706064224243
0.0 0.5699189305305481 0.08004802465438843
0.0 0.6336177587509155 0.1686742901802063
0.0 0.595238447189331 0.1721489280462265
0.0 0.297204852104187 0.13304945826530457
0.0 0.0 0.09299951046705246
0.0 0.0 0.06931362301111221
0.0 0.0 0.18160021305084229
0.0 0.0 0.355673223733902
0.0 0.0 0.529276967048645
0.0 0.0 0.6702159643173218
0.0 0.0 0.45248526334762573
0.0 0.0 0.16326062381267548
0.0 0.0 0.08169358968734741
0.0 0.0 0.12794657051563263
0.1741042137145996 0.0 0.06586828827857971
0.436145156621933 0.0 0.0
0.6930440664291382 0.17761985957622528 0.0
1.0938431024551392 0.3230116665363312 0.0
1.5720269680023193 0.31398966908454895 0.0
2.0083062648773193 0.39738762378692627 0.0
2.252232551574707 0.5777624845504761 0.0
2.3770828247070312 0.7783336639404297 0.0
2.3881919384002686 0.8025186657905579 0.0
2.0248982906341553 0.826054573059082 0.0
1.4215149879455566 0.9106405973434448 0.0
0.9461924433708191 0.9677390456199646 0.0
0.653456449508667 0.8491918444633484 0.0
0.37082767486572266 0.5731597542762756 0.0
0.016258666291832924 0.3077339231967926 0.06569518148899078
0.0 0.11776851117610931 0.1766054630279541
0.0 0.0355956144630909 0.22079582512378693
0.0 0.0 0.17295877635478973
0.0 0.0 0.11801005154848099
0.0 0.0 0.09542058408260345
0.0 0.0 0.15339893102645874
0.0 0.0 0.31279951333999634
0.0 0.0 0.5265632271766663
0.0 0.0 0.714580237865448
0.0 0.0 0.786536455154419
0.0 0.0 0.579710841178894
0.0 0.0 0.10085529834032059
0.0 0.0 0.0
0.3101356029510498 0.0 0.0
0.18277712166309357 0.026912327855825424 0.020511457696557045
0.08014075458049774 0.3770178556442261 0.0
0.4711780250072479 0.524888813495636 0.0
1.2289040088653564 0.5996258854866028 0.0
1.7160308361053467 0.5499659180641174 0.0
1.9017969369888306 0.5428587794303894 0.0
1.920132040977478 0.7241968512535095 0.0
1.880890130996704 0.9868138432502747 0.0
1.697777509689331 1.3829997777938843 0.0
1.4817930459976196 1.5511575937271118 0.0
1.2548214197158813 1.3873133659362793 0.0
0.9440060257911682 1.0718607902526855 0.0
0.6545273661613464 0.7234245538711548 0.017866671085357666
0.36311015486717224 0.4398796558380127 0.08561376482248306
0.03776693344116211 0.17348498106002808 0.13384786248207092
0.0 0.0 0.1725635677576065
0.0 0.0 0.14306506514549255
0.0 0.0 0.10705620050430298
0.0 0.0 0.0
0.0 0.0 0.0
0.0 0.0 0.09966752678155899
0.0 0.0 0.29344311356544495
0.0 0.0 0.2967481017112732
0.0 0.0 0.060940906405448914
0.0 0.0 0.0
0.0 0.0 0.0
0.0 0.0 0.11345870792865753
0.0 0.0 0.255219042301178
0.0 0.0 0.15376538038253784
0.06905508041381836 0.0 0.0
0.1671542227268219 0.04129046946763992 0.0
0.28388136625289917 0.21227872371673584 0.0
0.5209104418754578 0.3467957675457001 0.0
0.6534269452095032 0.45285695791244507 0.0
0.7526515126228333 0.5057795643806458 0.0
0.7099807858467102 0.5647028088569641 0.0
0.6381803750991821 0.6143971085548401 0.0
0.6376527547836304 0.7031807899475098 0.0
0.7707030773162842 0.7198224663734436 0.0
0.8703910708427429 0.7268324494361877 0.0
1.0165048837661743 0.6729902625083923 0.0
1.0803650617599487 0.6065305471420288 0.0
0.8922508358955383 0.5107738971710205 0.0
0.5757138729095459 0.5381168723106384 0.0
0.7209997177124023 0.6459868550300598 0.0
0.9519871473312378 0.6229990124702454 0.0
0.9074710607528687 0.3648848533630371 0.0
0.6034472584724426 0.13696834444999695 0.2280539870262146
0.16886277496814728 0.0 0.43254828453063965
0.0 0.0 0.5474961400032043
0.0 0.0 0.5758974552154541
0.0 0.0 0.411529541015625
0.0 0.0 0.19738395512104034
0.0 0.0 0.13709717988967896
0.0 0.0 0.33531680703163147
0.0 0.0 0.5119954347610474
0.0 0.0 0.32057008147239685
0.0 0.0 0.0
0.0 0.0 0.0
0.0 0.0 0.0
0.0 0.0 0.0513460598886013
0.058535460382699966 0.0 0.04560348391532898
0.07483027130365372 0.0767606720328331 0.0
0.21380281448364258 0.2820381820201874 0.0
0.3868643343448639 0.34937193989753723 0.0
0.5169491171836853 0.2938210666179657 0.0
0.7306491136550903 0.2871200144290924 0.0
0.8293285965919495 0.45499104261398315 0.0
0.8741540908813477 0.6809493899345398 0.0
1.0471125841140747 0.7564683556556702 0.0
1.3186726570129395 0.6841377019882202 0.0
1.4637867212295532 0.5402830839157104 0.0
1.3353794813156128 0.3313652575016022 0.17189644277095795
0.920139729976654 0.2276252806186676 0.26890236139297485
0.36835724115371704 0.0774240642786026 0.3526422679424286
0.0 0.0 0.4359038472175598
0.0 0.0 0.459200918674469
0.0 0.0 0.4145250618457794
0.0 0.0 0.3006536364555359
0.0 0.0 0.15500295162200928
0.0 0.0 0.09578516334295273
0.0 0.0 0.21378929913043976
0.0 0.0 0.2949390113353729
0.0 0.0 0.21819789707660675
0.0 0.0 0.25916770100593567
0.0 0.0 0.42618411779403687
0.0 0.0 0.4812167286872864
0.0 0.0 0.2656567692756653
0.0 0.0 0.0
0.0 0.0 0.0
0.36985260248184204 0.0 0.0
0.25672203302383423 0.41229870915412903 0.0
0.4122740924358368 0.751634955406189 0.0
0.8947768211364746 0.7107463479042053 0.0
1.2563809156417847 0.5431480407714844 0.0
1.3374322652816772 0.39488083124160767 0.0
1.1820839643478394 0.38713449239730835 0.0
0.9230832457542419 0.5021289587020874 0.0
0.740831196308136 0.609893798828125 0.0
0.6452865600585938 0.5922039747238159 0.0
0.5833954811096191 0.4414464831352234 0.0
0.4933164715766907 0.30120787024497986 0.0
0.4296797215938568 0.329105019569397 0.0
0.4311593770980835 0.30017244815826416 0.0
0.35829341411590576 0.15955805778503418 0.0
0.17540161311626434 0.045016031712293625 0.014085523784160614
0.0 0.0 0.0012493543326854706
0.0 0.0 0.0
0.0 0.0 0.0
0.07479537278413773 0.013624019920825958 0.0
0.14412890374660492 0.0 0.03272365778684616
0.07488378882408142 0.0 0.12279336899518967
0.0 0.0 0.18446046113967896
0.0 0.0 0.29179489612579346
0.0 0.0 0.4267521798610687
0.0 0.0 0.5198333859443665
0.0 0.0 0.4005381762981415
0.0 0.0 0.27377623319625854
0.0 0.0 0.2887333333492279
0.0 0.0 0.4561425745487213
0.0 0.0 0.5331491827964783
0.0 0.0 0.29928505420684814
0.0 0.0 0.0
0.0 0.0928083211183548 0.0
0.0823153406381607 0.14857117831707 0.0
0.12702901661396027 0.10873615741729736 0.057609833776950836
0.16840122640132904 0.03949742764234543 0.0716867670416832
0.15839199721813202 0.0 0.0
0.07132314145565033 0.0 0.0
0.0 0.03187226504087448 0.0
0.0 0.08611898869276047 0.0
0.0 0.025418628007173538 0.0
0.0037153391167521477 0.0 0.0
0.0 0.0 0.0
0.0 0.02018951065838337 0.0
0.0 0.0074790422804653645 0.0
0.0 0.0 0.0
0.0 0.0 0.0
0.0 0.0 0.0
0.0 0.0 0.0
0.0 0.03710996359586716 0.0
0.0 0.0742860957980156 0.0
0.0 0.03183797001838684 0.0
0.010705186985433102 0.007344611454755068 0.0
0.0038384925574064255 0.0 0.0
0.0 0.0 0.0046622054651379585
0.0 0.05408681556582451 0.0
0.0 0.027523117139935493 0.0
0.0 0.0 0.0
0.031692493706941605 0.0 0.0
0.030748669058084488 0.0 0.0
0.0 0.0 0.0
0.0 0.0 0.0
0.011302534490823746 0.0 0.0
0.0018296700436621904 0.00723781855776906 0.0
0.0 0.019952548667788506 0.0
0.008889177814126015 0.002822564449161291 0.01014778483659029
0.04596943408250809 0.0 0.03286614641547203
0.0 0.0 0.039933644235134125
0.0 0.0 0.03189835324883461
0.0 0.0 0.03508536145091057
0.0 0.0 0.016224585473537445
0.01388313714414835 0.0 0.030205916613340378
0.0 0.0 0.036498431116342545
0.0 0.051901157945394516 0.0
0.0 0.011570516973733902 0.0
0.004663539584726095 0.0 0.0
0.03635835275053978 0.0 0.02402045950293541
0.017386790364980698 0.0 0.012331309728324413
0.0 0.048758894205093384 0.0
0.0 0.009440785273909569 0.0
0.020078182220458984 0.0 0.0
0.02318129688501358 0.0 0.0
0.013359559699892998 0.0 0.0
0.013503369875252247 0.0 0.0
0.0 0.03828921169042587 0.0
0.0 0.03831371292471886 0.0
0.0 0.0 0.0
0.0521295927464962 0.0 0.0
0.019008124247193336 0.0 0.0
0.0 0.0 0.0
0.0 0.04252523556351662 0.0
0.0 0.015780441462993622 0.0
0.02948979288339615 0.0 0.0
0.02425321936607361 0.0018853978253901005 0.0
0.0 0.0030055237002670765 0.0
0.024465739727020264 0.012588642537593842 0.0
0.0 0.07332123070955276 0.0
0.0 0.030990976840257645 0.0
0.0 0.0940471813082695 0.0
0.0 0.1905106008052826 0.0
0.0 0.17806458473205566 0.0
0.0 0.057775456458330154 0.0
0.0 0.0 0.0
0.0 0.0 0.0
0.0 0.0 0.0
0.0 0.0 0.0
0.0 0.0 0.0
0.0 0.0 0.0
0.0 0.0 0.0
0.0 0.0 0.0
0.0 0.0 0.0
0.0 0.0 0.24775607883930206
0.0 0.0 1.0265405178070068
0.5078246593475342 0.0 2.3160548210144043
1.7320810556411743 0.0 3.217400312423706
3.1248199939727783 0.0 3.644702196121216
5.148410320281982 0.0 3.947899580001831
7.1676025390625 0.0 4.017470359802246
7.962605953216553 0.0 4.543313026428223
7.647132396697998 0.0 5.502973556518555
7.303511142730713 0.0 4.784451961517334
8.067718505859375 0.0 2.612605094909668
8.795207023620605 0.0 0.5777616500854492
8.666937828063965 0.0 0.0
6.8802924156188965 1.0990558862686157 0.0
4.478271961212158 2.278900384902954 0.0
3.555344581604004 1.6896920204162598 0.0
3.4148738384246826 0.9154230356216431 0.0
3.1540849208831787 0.4112650752067566 0.0
2.229771614074707 0.5106364488601685 0.0
1.2098912000656128 0.9731422662734985 0.0
0.858868420124054 0.6021362543106079 0.0
0.5563010573387146 0.0 0.0
0.0 0.0 0.0
0.0 0.0 0.0
0.0 0.0 0.0
0.0 0.0 0.0
0.0 0.0 0.0
0.0 0.0 0.0
0.0 0.0 0.0
0.0 0.0 0.0
0.0 0.0 0.0
0.0 0.0 0.0
0.0 0.0 0.0
0.0 0.0 0.0
0.0 0.0 0.0
0.0 0.0 0.0
0.0 0.0 0.0
0.0 0.0 0.0
0.0 0.0 0.0
0.0 0.0 0.0
0.0 0.0 0.0
0.0 0.0 0.0
0.0 0.0 0.2561894953250885
0.0 0.0 0.6103102564811707
0.0 0.0 0.6919993162155151
0.02038991078734398 0.0 0.28564590215682983
0.32717302441596985 0.09167960286140442 0.0
0.5071765780448914 0.15321512520313263 0.0
0.5997342467308044 0.042306192219257355 0.0
0.6138883829116821 0.0 0.21781973540782928
0.553523600101471 0.0 0.2879732549190521
0.38874557614326477 0.21099907159805298 0.15350039303302765
0.20028990507125854 0.181110680103302 0.0008884863927960396
0.1862795352935791 0.0 0.0
0.2709217369556427 0.0 0.11752854287624359
0.23529262840747833 0.0 0.14903587102890015
0.1289920210838318 0.0 0.03870457410812378
0.01689744181931019 0.02958879992365837 0.0
0.026454728096723557 0.0 0.0
0.14134909212589264 0.0 0.0
0.24188075959682465 0.0 0.032791025936603546
0.16833409667015076 0.0 0.04097545146942139
0.0 0.0 0.0
0.0 0.006254714913666248 0.009042019955813885
0.0 0.0 0.043427158147096634
0.03810366243124008 0.0 0.055965323001146317
0.09984106570482254 0.0 0.06497985124588013
0.029820697382092476 0.0 0.03022613748908043
0.0 0.0 0.015464498661458492
0.0 0.0 0.020031288266181946
0.0 0.003946286626160145 0.02252453938126564
0.005370215978473425 0.0 0.03345921263098717
0.05236249044537544 0.0 0.028552338480949402
0.08161838352680206 0.0 0.0
0.040218744426965714 0.0 0.0
0.04318790137767792 0.0 0.0
0.06560346484184265 0.0 0.0
0.046532563865184784 0.0 0.0
0.03575049340724945 0.0 0.0
0.07733495533466339 0.0 0.0
0.016929134726524353 0.08697805553674698 0.0
0.0 0.0956016406416893 0.0
0.0 0.04450516402721405 0.0
0.028418276458978653 0.0 0.0
0.04838905483484268 0.0 0.0007609212771058083
0.05711809918284416 0.04213761165738106 0.0
0.0 0.059331122785806656 0.0
0.005429361946880817 0.0 0.029208030551671982
0.0695984959602356 0.0 0.020326923578977585
0.011237982660531998 0.014582561329007149 0.0
0.0 0.01891925372183323 0.0
0.026788979768753052 0.0 0.02727431058883667
0.0749538466334343 0.017528284341096878 0.022606588900089264
0.015516083687543869 0.06451736390590668 0.0
0.0 0.046571917831897736 0.0
0.03110889345407486 0.0 0.021969027817249298
0.06656515598297119 0.021849796175956726 0.00864869449287653
0.034326788038015366 0.0 0.024220462888479233
0.037570517510175705 0.0 0.021068613976240158
0.021392881870269775 0.0 0.03473302349448204
0.03984618932008743 0.01657540537416935 0.011569649912416935
0.04656827449798584 0.003928851801902056 0.0
0.025370845571160316 0.00614966219291091 0.0
0.009326632134616375 0.010418176651000977 0.0
0.012247852981090546 0.0 0.0
0.024590807035565376 0.0 0.03366563096642494
0.03623787313699722 0.0 0.03904414921998978
0.015367746353149414 0.0 0.0
0.0 0.010539084672927856 0.0
0.0 0.003072113264352083 0.0
0.0 0.0 0.0
0.014055607840418816 0.0 0.015292483381927013
0.0492415577173233 0.0 0.019947953522205353
0.0 0.0 0.0
0.0 0.035980526357889175 0.0
0.0 0.011418459936976433 0.0
0.03746532276272774 0.0 0.02848365157842636
0.05566563457250595 0.0 0.022241733968257904
0.0 0.015691235661506653 0.0
0.0 0.0 0.0
0.025896821171045303 0.0 0.011264984495937824
0.014165861532092094 0.0 0.015531369484961033
0.0 0.0 0.032356951385736465
0.018512140959501266 0.0 0.0070076556876301765
0.004719629418104887 0.0 0.0
0.031198108568787575 0.0 0.014519368298351765
0.029443085193634033 0.05707169696688652 0.0
0.0 0.06034419313073158 0.0
0.04183157533407211 0.0 0.023278769105672836
0.08244531601667404 0.01008341833949089 0.01945234090089798
0.004868500400334597 0.029483215883374214 0.0
0.0 0.0 0.01625361666083336
0.07042354345321655 0.0 0.03619084134697914
0.07425636798143387 0.060167621821165085 0.0
0.01462046429514885 0.062457140535116196 0.0
0.017412520945072174 0.0006731376051902771 0.011294013820588589
0.04533402621746063 0.020850207656621933 0.0
0.00819331407546997 0.014625867828726768 0.0
0.0 0.0 0.0
0.0 0.0 0.0
0.0 0.0 0.0
0.006185824051499367 0.0 0.0
0.03491014614701271 0.003961239475756884 0.0
0.03694692999124527 0.026234854012727737 0.0
0.05276823788881302 0.02613498643040657 0.002112532965838909
0.0888277068734169 0.0 0.018369533121585846
0.06229782849550247 0.03458892181515694 0.010781655088067055
0.013959857635200024 0.01969306543469429 0.03909505158662796
0.0 0.04521892964839935 0.04751064255833626
0.0 0.009105933830142021 0.03674294799566269
0.0 0.0 0.029196616262197495
0.0 0.0 0.017178567126393318
0.0 0.0 0.012563575059175491
0.0 0.0 0.0
0.0 0.0 0.0
0.0 0.0 0.0
0.038854822516441345 0.0 0.0
0.0804230347275734 0.0 0.0043770186603069305
0.06055265665054321 0.05386142060160637 0.0
0.04548342525959015 0.0549064464867115 0.0
0.09406507760286331 0.030184589326381683 0.03458765149116516
0.13861709833145142 0.011933945119380951 0.05847647041082382
0.10453236848115921 0.03965159133076668 0.056089214980602264
0.043786995112895966 0.03555245324969292 0.04692261666059494
0.0 0.04740911349654198 0.03042646124958992
0.0 0.0 0.03218095377087593
0.0 0.0 0.01791013777256012
0.0 0.0 0.0
0.0 0.0 0.0
0.0 0.0 0.0
0.0 0.0 0.0
0.0 0.0 0.0
0.013575296849012375 0.0 0.0
0.041435159742832184 0.01993141695857048 0.0
0.06253644824028015 0.033613674342632294 0.0
0.10057411342859268 0.0355234257876873 0.025055132806301117
0.0992065817117691 0.053478989750146866 0.05714915692806244
0.08212319761514664 0.0545722171664238 0.05805036425590515
0.062024056911468506 0.05573974922299385 0.04076032713055611
0.005618836730718613 0.09203517436981201 0.030699703842401505
0.0 0.04211874678730965 0.02923443168401718
0.0 0.0 0.03537914156913757
0.0 0.0 0.007104095071554184
0.0 0.0 0.0
0.0 0.0 0.0
0.0 0.0 0.0
0.0 0.0 0.0
0.021855100989341736 0.0 0.0
0.026359837502241135 0.0 0.0
0.031849414110183716 0.019975481554865837 0.0
0.050739213824272156 0.05488473176956177 0.0
0.07797776162624359 0.05889412388205528 0.046273574233055115
0.08441994339227676 0.07058379799127579 0.04423918575048447
0.06963753700256348 0.0664210096001625 0.028053289279341698
0.039843156933784485 0.05057360604405403 0.017021143808960915
0.0 0.04118170216679573 0.0
0.0 0.005120635498315096 0.0
0.0 0.0 0.0
0.0 0.0 0.0
0.0 0.0 0.0
0.0 0.0 0.0
0.0 0.0 0.0
0.0 0.0 0.0
0.025039710104465485 0.0 0.0
0.08017326891422272 0.0 0.028957964852452278
0.07702754437923431 0.013249402865767479 0.02795475162565708
0.04835275560617447 0.06860986351966858 0.022506190463900566
0.03345716372132301 0.08353155106306076 0.020269135013222694
0.029177196323871613 0.0686601921916008 0.019109860062599182
0.017281655222177505 0.036749668419361115 0.02957075648009777
0.017296303063631058 0.010191293433308601 0.024143235757946968
0.006639397237449884 0.0 0.017516758292913437
0.0 0.0 0.0
0.0 0.0 0.0
0.0 0.0 0.0
0.0 0.0 0.0
0.0 0.0 0.005673680454492569
0.05050485581159592 0.000608974602073431 0.01055578701198101
0.0505213662981987 0.026116197928786278 0.012775266543030739
0.029255758970975876 0.04106266051530838 0.0072697121649980545
0.02067292481660843 0.025124704465270042 0.009268948808312416
0.04404029995203018 0.017599942162632942 0.01909281685948372
0.034492865204811096 0.033578112721443176 0.01584429293870926
0.0 0.04435965418815613 0.0
0.0 0.009182488545775414 0.019675249233841896
0.02277815341949463 0.0 0.008135506883263588
0.022809844464063644 0.0 0.0005612103268504143
0.0 0.0 0.0
0.0 0.0 0.0
0.0 0.008436271920800209 0.0
0.0 0.0040050377137959 0.0
0.0077392831444740295 0.0 0.014322828501462936
0.03771102800965309 0.0 0.0060859378427267075
0.019638553261756897 0.0 0.0
0.0 0.00186625262722373 0.0
0.0 0.042234715074300766 0.0
0.0 0.06020050868391991 0.020886743441224098
0.023702440783381462 0.0324796661734581 0.027482861652970314
0.047326281666755676 0.0 0.00838240422308445
0.02290509082376957 0.0 0.0
0.0 0.0 0.0
0.0 0.0 0.0
0.0 0.0 0.0
0.0 0.0 0.0
0.0004858025349676609 0.0 0.0
0.020827826112508774 0.0 0.0
0.0 0.008270733058452606 0.0
0.0 0.030597612261772156 0.0
0.0004996513016521931 0.01881365478038788 0.0
0.05046534910798073 0.001643456518650055 0.014830449596047401
0.053624387830495834 0.0 0.018046217039227486
0.015357693657279015 0.0006905775517225266 0.0037935106083750725
0.0 0.02419111132621765 0.0
0.0 0.027392763644456863 0.0
0.0 0.0 0.006733374670147896
0.0057343607768416405 0.0 0.0036560920998454094
0.0 0.0 0.0
0.0 0.0 0.0
0.0026722580660134554 0.0007600863464176655 0.0
0.030420532450079918 0.0 0.0
0.012264431454241276 0.014549667946994305 0.0
0.0 0.0337662398815155 0.0
0.0 0.017789669334888458 0.0
0.013290280476212502 0.0 0.0
0.0 0.0007414440624415874 0.0024909591302275658
0.0 0.0018498515710234642 0.0
0.007001226302236319 0.0 0.0
0.015437854453921318 0.0 0.0
0.0 0.0 0.0
0.007709627039730549 0.0 0.019710691645741463
0.019404366612434387 0.0 0.02410064823925495
0.0 0.005001170560717583 0.0
0.0 0.01458535436540842 0.0013718986883759499
0.0 0.01991380751132965 0.001325293444097042
0.0 0.0 0.0
0.004743131808936596 0.0 0.0
0.004581212066113949 0.0 0.011102024465799332
0.011042306199669838 0.0 0.008016752079129219
0.018615271896123886 0.0017672935500741005 0.0
0.023857170715928078 0.0 0.007072927430272102
0.009088079445064068 0.016690317541360855 0.0
0.0 0.03374919667840004 0.0
0.0 0.015654079616069794 0.0
0.012221554294228554 0.0 0.0
0.00888887420296669 0.0 0.007953900843858719
0.0 0.0 0.015331655740737915
0.0 0.0 0.013091368600726128
0.0 0.0 0.014231201261281967
0.01529945433139801 0.0 0.006955977529287338
0.0 0.0028944206424057484 0.0
0.0 0.00181930186226964 0.002539924345910549
0.013276251032948494 0.0 0.0
0.009042357094585896 0.003947966266423464 0.0
0.0 0.0 0.0
0.004698474891483784 0.0 0.000450674444437027
0.0 0.002886430826038122 0.0014751926064491272
0.0 0.021047592163085938 0.0
0.0 0.0 0.0
0.0024156132712960243 0.0 0.013209613040089607
0.0 0.00392586225643754 0.008934706449508667
0.0 0.01456332765519619 0.007890481501817703
0.0024635500740259886 0.010271642357110977 0.013313475996255875
0.02696489915251732 0.0 0.015649868175387383
0.02600349672138691 0.0 0.003857922740280628
0.0 0.0 0.0
0.0 0.0 0.0
0.0 0.0 0.0
0.0 0.0 0.0
0.0 0.014711931347846985 0.0
0.0 0.0 0.0
0.01746806502342224 0.0 0.0037761637941002846
0.020684631541371346 0.0 0.0005654571577906609
0.010145705193281174 0.0 0.0
0.008130490779876709 0.0273829847574234 0.0
0.0 0.03050261363387108 0.011125689372420311
0.0003572562709450722 0.007098486181348562 0.010077202692627907
0.0014038784429430962 0.0007135574705898762 0.011135276407003403
0.0 0.0 0.002388124354183674
0.0 0.0 0.0
0.0013708551414310932 0.0 0.013247430324554443
0.008896416053175926 0.0 0.005799633450806141
0.012303929775953293 0.0 0.0
0.0 0.0 0.0
0.0 0.007196490187197924 0.0
0.0 0.019942913204431534 0.0
0.0 0.0007612281478941441 0.005655822344124317
0.00575894583016634 0.0 0.0
0.0038467959966510534 0.0 0.0
0.0 0.01467837579548359 0.0
0.008126761764287949 0.010380832478404045 0.0
0.005826323758810759 0.0 0.0
0.0 0.0 0.0
0.0 0.0 0.0
0.0 0.0 0.0
0.0281076617538929 0.0 0.0
0.0014669953379780054 0.0 0.0014453651383519173
0.012066464871168137 0.0 0.011202719062566757
0.0024503234308212996 0.0038529210723936558 0.014356434345245361
0.0 0.0049882265739142895 0.004565056413412094
0.0 0.0 0.0023546330630779266
0.0 0.0 0.004583965055644512
0.0 0.0 0.0
0.012163404375314713 0.0 0.0026779407635331154
0.025063756853342056 0.0 0.0
0.0 0.0 0.0
0.0 0.0 0.0
0.014269432052969933 0.0 0.004821784794330597
0.01984742283821106 0.008187215775251389 0.0
0.0 0.03384118154644966 0.0
0.0 0.028510330244898796 0.0
0.02394789271056652 0.0 0.0
0.032456692308187485 0.0 0.0
0.008051217533648014 0.0 0.0
0.0 0.0 0.0
0.0 0.0 0.0
0.0 0.0 0.0
0.0 0.0 0.0
0.0 0.0 0.0
0.0 0.0 0.0
0.0 0.0 0.0
0.0 0.0 0.05458800867199898
0.0 0.0 0.5834745168685913
0.4857751727104187 0.0 1.3752607107162476
1.339421272277832 0.0 2.5712733268737793
2.6500840187072754 0.0 3.522664785385132
4.0014567375183105 0.0 3.904357433319092
5.639667510986328 0.0 4.3027496337890625
6.771122455596924 0.0 4.798882007598877
6.957962512969971 0.0 4.904554843902588
6.728374481201172 0.0 4.565016746520996
6.895290374755859 0.0 3.6788411140441895
7.41780948638916 0.0 2.479376792907715
8.004430770874023 0.0 1.196642279624939
8.421311378479004 0.0 0.0
8.104628562927246 0.0 0.0
6.0689544677734375 1.0368726253509521 0.0
3.5227608680725098 3.1954095363616943 0.0
2.530271291732788 2.925701856613159 0.0
2.368396043777466 1.7628843784332275 0.0
2.1680991649627686 0.5838111042976379 0.0
1.5760126113891602 0.46258509159088135 0.0
0.7935982942581177 0.5558420419692993 0.0
0.3565537929534912 0.46523386240005493 0.0
0.0 0.14155752956867218 0.0
0.0 0.0 0.0
0.0 0.04422351345419884 0.0
0.0 0.11893349885940552 0.0
0.0 0.0 0.0
0.0 0.0 0.0
0.0 0.0 0.0
0.0 0.0 0.0
0.0 0.0 0.0
0.0 0.0 0.0
0.0 0.0 0.0
0.0 0.0 0.0
0.0 0.0 0.0
0.0 0.0 0.0
0.0 0.0 0.0
0.0 0.0 0.0
0.0 0.0 0.0
0.0 0.0 0.0
0.0 0.0 0.0
0.0 0.0 0.0
0.0 0.0 0.0
0.0 0.0 0.0
0.0 0.0 0.0
0.0 0.0 0.0
0.0 0.0 0.0
0.0 0.0 0.3323264420032501
0.0 0.0 0.48838767409324646
0.0 0.0 0.17444252967834473
0.0 0.0 0.0
0.14847725629806519 0.0 0.0
0.5335269570350647 0.0 0.0
0.6416094303131104 0.0 0.0
0.6817840337753296 0.0 0.04532555118203163
0.6982002854347229 0.0 0.11831668019294739
0.6192178726196289 0.0 0.1861649602651596
0.4773651361465454 0.0 0.17290109395980835
0.33718857169151306 0.0 0.13585492968559265
0.269052118062973 0.07125066220760345 0.0450134314596653
0.14774727821350098 0.0 0.0
0.09722365438938141 0.0 0.010497798211872578
0.14453789591789246 0.0 0.08041669428348541
0.18612688779830933 0.0 0.19638776779174805
0.10305517911911011 0.04228292778134346 0.2013721466064453
0.02911704033613205 0.12027652561664581 0.13785575330257416
0.10780945420265198 0.01695093885064125 0.15005835890769958
0.14290964603424072 0.0 0.15016062557697296
0.1421104371547699 0.0 0.1223423033952713
0.11443726718425751 0.0 0.12331356108188629
0.04325735941529274 0.05871888995170593 0.10254304111003876
0.00116769690066576 0.13552552461624146 0.0553656704723835
0.0929303765296936 0.0630851462483406 0.046432629227638245
0.21825847029685974 0.0 0.0846194326877594
0.14042624831199646 0.0 0.08180580288171768
0.0 0.043156854808330536 0.03144858777523041
0.0 0.04970530420541763 0.002319198101758957
0.0 0.025154953822493553 0.01845422573387623
0.050324421375989914 0.0 0.027623755857348442
0.10003151744604111 0.0 0.05772573500871658
0.11381444334983826 0.0 0.06968013197183609
0.04993852972984314 0.0 0.06281876564025879
0.0 0.0 0.0481567308306694
0.0 0.0 0.019273946061730385
0.0 0.07515127956867218 0.032098665833473206
0.010965028777718544 0.11327709257602692 0.03295833617448807
0.06082979217171669 0.021691514179110527 0.04811598360538483
0.07464893162250519 0.0 0.044862933456897736
0.0 0.0 0.00883808359503746
0.0 0.007477157283574343 0.0
0.0 0.0723285898566246 0.0
0.011236138641834259 0.06131136044859886 0.0
0.059904877096414566 0.0 0.02876012586057186
0.037751369178295135 0.0 0.0
0.0 0.005297625903040171 0.0
0.0 0.04469509795308113 0.0
0.0 0.07945627719163895 0.003548246808350086
0.06530816107988358 0.1322648972272873 0.044245876371860504
0.09842509776353836 0.04720805585384369 0.02827622927725315
0.07014366239309311 0.0 0.0
0.0 0.0 0.0
0.0 0.0 0.0
0.0 0.02068510465323925 0.06984151899814606
0.0 0.0642235279083252 0.09958396852016449
0.0 0.07294964045286179 0.054481200873851776
0.0 0.07541759312152863 0.0
0.0 0.038215626031160355 0.0
0.047311052680015564 0.0 0.0061621395871043205
0.11796364933252335 0.0 0.09130126982927322
0.10296685248613358 0.005467535462230444 0.09976346790790558
0.018124671652913094 0.030269822105765343 0.05092215538024902
0.0 0.032687172293663025 0.0
0.007922634482383728 0.02302495762705803 0.0037908609956502914
0.03387140855193138 0.0 0.0712633803486824
0.035775572061538696 0.0 0.09043946862220764
0.01918567530810833 0.0 0.04546027630567551
0.0 0.0 0.0
0.0 0.012525178492069244 0.0
0.013322725892066956 0.0 0.0
0.00280323950573802 0.0 0.0
0.0 0.0 0.0
0.0 0.03922789543867111 0.0
0.0 0.0 0.0
0.0011560744605958462 0.0 0.0
0.000658063217997551 0.056446563452482224 0.0
0.0 0.08107388019561768 0.0
0.0 0.15307368338108063 0.04011988639831543
0.0 0.3712393045425415 0.09631764888763428
0.0 0.27065783739089966 0.05512334406375885
0.0 0.161824032664299 0.0
0.0 0.01283961534500122 0.0
0.0 0.0 0.0
0.011813902296125889 0.0526093989610672 0.045587629079818726
0.3800864517688751 0.11991893500089645 0.04841616749763489
0.5579584836959839 0.0 0.2119121551513672
