0.0 0.0 0.03141148388385773
0.0 0.0 0.07270192354917526
0.0 0.025659382343292236 0.02239002287387848
0.0 0.057543277740478516 0.0
0.08526483923196793 0.05845540761947632 0.0
0.10412987321615219 0.05510382354259491 0.0
0.04612169414758682 0.025327283889055252 0.016712963581085205
0.0 0.050919730216264725 0.026892099529504776
0.0 0.04343385249376297 0.06377527862787247
0.0 0.06901271641254425 0.05410614237189293
0.0 0.052057165652513504 0.02547582983970642
0.008240360766649246 0.0 0.0
0.028827127069234848 0.015047749504446983 0.0
0.001388047356158495 0.0 0.0011654291301965714
0.0 0.0 0.06479127705097198
0.0 0.03327921777963638 0.0
0.0 0.06563529372215271 0.0
0.0 0.004835326224565506 0.0
0.0 0.0 0.0
0.0 0.0 0.01897398754954338
0.06363837420940399 0.0 0.1267920583486557
0.06618408858776093 0.0 0.09822486340999603
0.0 0.0 0.04483967274427414
0.0 0.0 0.0
0.0 0.0 0.0
0.0 0.0 0.0
0.0 0.30037349462509155 0.0
0.1452259123325348 0.648517370223999 0.0
0.2444656789302826 0.5969231724739075 0.014137153513729572
0.12394485622644424 0.22065258026123047 0.054446231573820114
0.0 0.0 0.03690531849861145
0.0 0.0 0.07202628254890442
0.0 0.0 0.05584732070565224
0.0 0.0 0.03721397742629051
0.0 0.0 0.045419178903102875
0.0 0.0 0.016652774065732956
0.0 0.0 0.031041301786899567
0.0 0.0 0.07756326347589493
0.0 0.0 0.1510486602783203
0.0 0.0 0.1989639848470688
0.0 0.0 0.1772155463695526
0.09503411501646042 0.0 0.21857976913452148
0.15408651530742645 0.0 0.28752341866493225
0.181113600730896 0.0 0.3353774845600128
0.22396978735923767 0.0 0.33606934547424316
0.13385027647018433 0.09708493947982788 0.3233322501182556
0.0 0.11007370799779892 0.33479663729667664
0.0 0.04009196162223816 0.31582292914390564
0.00973578728735447 0.0 0.22432976961135864
0.11045040935277939 0.0 0.07783354818820953
0.08916323632001877 0.0 0.0
0.0 0.0 0.0
0.0 0.044696565717458725 0.0
0.0 0.06152508407831192 0.04976223409175873
0.0 0.008126304484903812 0.08748724311590195
0.0 0.008739364333450794 0.1715022474527359
0.0 0.09665536880493164 0.2646052837371826
0.0 0.14110539853572845 0.3192179501056671
0.0 0.18273219466209412 0.24515461921691895
0.010720357298851013 0.1117781326174736 0.1554926484823227
0.11479455977678299 0.057587333023548126 0.09332595765590668
0.14118489623069763 0.0 0.00792184378951788
0.07107717543840408 0.0 0.0
0.0038264987524598837 0.04333063215017319 0.0
0.005832391791045666 0.03052881732583046 0.0
0.0 0.01461403165012598 0.0
0.0 0.04116015508770943 0.011739217676222324
0.006871823221445084 0.041142046451568604 0.0
0.025834063068032265 0.05163916200399399 0.025114145129919052
0.0 0.048312075436115265 0.07925141602754593
0.0 0.020588301122188568 0.1078748032450676
0.0 0.017494771629571915 0.09061352163553238
0.0 0.03250674530863762 0.04075515642762184
0.009903565980494022 0.008134559728205204 0.010925889946520329
0.0 0.04724494740366936 0.08031614869832993
0.0 0.09924502670764923 0.1323159635066986
0.0 0.0950193926692009 0.1290229707956314
0.0 0.026003308594226837 0.07909348607063293
0.18554995954036713 0.07031617313623428 0.06416114419698715
0.26002418994903564 0.0 0.0
0.19854246079921722 0.02041919156908989 0.038489606231451035
0.09313027560710907 0.09045127034187317 0.12953881919384003
0.0 0.21722200512886047 0.13704760372638702
0.0 0.2264072448015213 0.01837022230029106
0.0 0.13100562989711761 0.0
0.0 0.0 0.0
0.1813506782054901 0.0 0.0
0.1569976806640625 0.0 0.0
0.07182685285806656 0.0 0.002873554825782776
0.13188566267490387 0.09793635457754135 0.09790073335170746
0.12693405151367188 0.0 0.028801027685403824
0.11414288729429245 0.0 0.009051023982465267
0.25586405396461487 0.0 0.220511332154274
0.27786657214164734 0.0998530313372612 0.6431379318237305
0.018600568175315857 0.17699146270751953 1.4826364517211914
0.0 0.1439184695482254 2.5022122859954834
0.0 0.025119375437498093 3.4189400672912598
0.0 0.5531861186027527 4.39519739151001
0.0 0.8355424404144287 5.035778522491455
0.0 0.2317548394203186 5.008292198181152
0.0 0.0 4.3307600021362305
0.0 0.0 2.951000452041626
0.0 0.0 1.3683511018753052
0.0 0.0 0.08885505050420761
0.04318873584270477 0.2245163768529892 0.0
0.11844460666179657 0.5144845247268677 0.0
0.0 0.4711357355117798 0.0
0.0 0.375030517578125 0.0
0.0 0.6678628921508789 0.0
0.0 1.040910005569458 0.0
0.0 0.6513118743896484 0.0
0.0 0.0 0.0
0.0 0.0 0.0
0.0 0.0 0.0
0.07094500213861465 0.0 0.0
0.16932617127895355 0.0 0.0
0.04684365540742874 0.0 0.0
0.0 0.0 0.0
0.0 0.0 0.0
0.4752839505672455 0.23720286786556244 0.0
0.9905177354812622 0.2834116518497467 0.3827095627784729
1.3584829568862915 0.3210197389125824 0.9334847927093506
1.2141971588134766 0.6305898427963257 1.5227574110031128
0.8050379157066345 0.6526548862457275 2.0881540775299072
0.5353015065193176 0.0 3.2157397270202637
0.21631285548210144 0.17114129662513733 4.066711902618408
0.6294652819633484 0.4969281852245331 3.1627581119537354
0.35549578070640564 0.23686198890209198 3.1976377964019775
0.034957170486450195 0.6595793962478638 3.192601203918457
0.0 1.3560585975646973 2.9404890537261963
0.09314563870429993 0.5406649708747864 3.1201515197753906
0.599012553691864 0.0 3.1818454265594482
0.7463375926017761 0.0 2.9718644618988037
0.9975705742835999 0.0 2.4278390407562256
0.8400680422782898 0.0 1.958174467086792
0.6459483504295349 0.0 1.3477829694747925
0.7525150179862976 0.0 0.6974024772644043
0.325960248708725 0.0 0.0
0.0 0.6915056109428406 0.0
0.0 1.2409645318984985 0.0
0.0 1.2940362691879272 0.0
0.0 1.0429483652114868 0.0
0.0 0.3452681005001068 0.0
0.0 0.10048629343509674 0.0
0.0 0.2275160402059555 0.0
0.0 0.12521816790103912 0.0
0.0 0.0 0.0
0.0 0.0 0.0
0.0 0.0 0.0
0.0 0.0 0.0
0.0 0.0 0.0
0.0 0.0 0.0
0.0 0.0 0.0
0.0 0.0 0.0
0.0 0.0 0.0
0.0 0.0 0.5910730361938477
0.1403510868549347 0.0 1.0553267002105713
0.12609384953975677 0.0 1.2125557661056519
0.024904388934373856 0.0 1.4420957565307617
0.051306966692209244 0.0 2.0666892528533936
0.33802154660224915 0.0 2.809354782104492
0.31593701243400574 0.0 3.02032732963562
0.2469819337129593 0.09456519037485123 2.933289051055908
0.24075280129909515 0.0 2.7950539588928223
0.5211477279663086 0.0 2.7536184787750244
0.6187717318534851 0.0 2.6148555278778076
0.47897306084632874 0.0 2.4127843379974365
0.17435672879219055 0.0 2.2529168128967285
0.0 0.2568102777004242 2.1724743843078613
0.0 0.30718156695365906 1.902194619178772
0.0 0.0 1.404335618019104
0.028973165899515152 0.0 0.897460401058197
0.440429151058197 0.0 0.3433554172515869
0.466842919588089 0.045741721987724304 0.0
0.14487260580062866 0.345694899559021 0.0
0.0 0.584480881690979 0.0
0.0 0.5409078001976013 0.0
0.0 0.4914132058620453 0.0
0.0 0.4621290862560272 0.0
0.0 0.5485966205596924 0.0
0.0 0.7158101201057434 0.0
0.0 0.6078090667724609 0.0
0.0 0.31422698497772217 0.0
0.0 0.0 0.0
0.0 0.0 0.0
0.0 0.0 0.0
0.0 0.0 0.0
0.0 0.07332674413919449 0.0
0.0 0.00035986024886369705 0.0
0.0 0.0 0.0
0.08990496397018433 0.0 0.3028516471385956
0.10619871318340302 0.028347287327051163 0.8249492049217224
0.051966097205877304 0.20373135805130005 1.1454707384109497
0.19287128746509552 0.11980237066745758 1.3389030694961548
0.43510475754737854 0.0 1.5190446376800537
0.5510313510894775 0.0 1.737494707107544
0.4802336096763611 0.0 1.9901618957519531
0.3346087634563446 0.0 2.2603671550750732
0.27062445878982544 0.0 2.4550280570983887
0.36027178168296814 0.0 2.5224266052246094
0.4910393953323364 0.0 2.444181203842163
0.5397613644599915 0.0 2.392679214477539
0.464285284280777 0.0 2.4089291095733643
0.3882877230644226 0.0 2.331359386444092
0.47266650199890137 0.0 2.101127862930298
0.46941903233528137 0.0 1.7978144884109497
0.3954415023326874 0.0 1.4255720376968384
0.33359143137931824 0.0 0.908099353313446
0.2953633666038513 0.14092715084552765 0.18941842019557953
0.0 0.43135473132133484 0.0
0.0 0.5648475289344788 0.0
0.0 0.5390452146530151 0.0
0.0 0.5247936248779297 0.0
0.0 0.42734453082084656 0.0
0.0 0.2668488919734955 0.0
0.0 0.2549762427806854 0.0
0.0 0.3580951690673828 0.0
0.0 0.3819083571434021 0.0
0.0 0.2803420424461365 0.0
0.0 0.11406172066926956 0.0
0.0 0.02727515622973442 0.0
0.0 0.02625969424843788 0.0
0.0 0.08792892098426819 0.0
0.0 0.09719325602054596 0.0
0.0 0.11541754007339478 0.0
0.02461095340549946 0.09824308007955551 0.0
0.20953181385993958 0.028691161423921585 0.11234681308269501
0.3222586214542389 0.0 0.7714053988456726
0.19337013363838196 0.0 1.3758947849273682
0.05182020366191864 0.02985282987356186 1.8649499416351318
0.02545677311718464 0.0479695163667202 2.1499855518341064
0.13049903512001038 0.003580748103559017 2.3079335689544678
0.294569194316864 0.0 2.402775526046753
0.563393235206604 0.0 2.3473916053771973
0.8587313890457153 0.0 2.3596134185791016
0.7231413125991821 0.0 2.400702476501465
0.41956627368927 0.0 2.4981131553649902
0.346235066652298 0.0 2.4794681072235107
0.5004802942276001 0.0 2.3076775074005127
0.5148331522941589 0.0 2.0459556579589844
0.40170496702194214 0.0 1.7219644784927368
0.3074418604373932 0.0 1.4181665182113647
0.305515855550766 0.0 1.077200174331665
0.33069178462028503 0.0 0.6283507943153381
0.23482583463191986 0.07738057523965836 0.1512146294116974
0.0 0.24978536367416382 0.0
0.0 0.25395667552948 0.0
0.0 0.23482905328273773 0.0
0.0 0.2603442668914795 0.0
0.0 0.4014582335948944 0.0
0.0 0.4720911383628845 0.0
0.0 0.4440770745277405 0.0
0.0 0.2987225353717804 0.0
0.0 0.11156810820102692 0.0
0.0 0.0 0.0
0.0 0.0 0.0
0.0 0.0 0.0
0.0 0.0 0.0
0.0 0.0 0.0
0.0 0.0 0.0
0.0 0.04378000646829605 0.0
0.0 0.03135502710938454 0.0
0.0035425545647740364 0.0004956480115652084 0.0
0.19738471508026123 0.0 0.4461818039417267
0.2790369987487793 0.0 1.0206997394561768
0.2327997088432312 0.07204386591911316 1.288933515548706
0.20516887307167053 0.2587572932243347 1.409982442855835
0.3410915732383728 0.19196893274784088 1.571371078491211
0.5449932813644409 0.0 1.8330868482589722
0.686356782913208 0.0 2.071068525314331
0.6461832523345947 0.0 2.1696300506591797
0.5936891436576843 0.2095756232738495 2.1294755935668945
0.6115451455116272 0.21581034362316132 2.1585185527801514
0.6543560028076172 0.0 2.201681613922119
0.6463063359260559 0.0 2.097834587097168
0.7420839667320251 0.0 2.0066237449645996
0.7697225213050842 0.0 1.9631130695343018
0.5675361156463623 0.0 1.9393908977508545
0.345115602016449 0.0 1.8620551824569702
0.3587786853313446 0.0 1.6272269487380981
0.5643624663352966 0.0 1.2413405179977417
0.512050211429596 0.0 0.7532999515533447
0.14976048469543457 0.0 0.2981875538825989
0.0 0.0 0.0
0.0 0.03650744631886482 0.0
0.0 0.223097026348114 0.0
0.0 0.33317291736602783 0.0
0.0 0.2515539526939392 0.0
0.0 0.13169200718402863 0.0
0.0 0.05632136017084122 0.0
0.0 0.09841768443584442 0.0
0.0 0.2935168743133545 0.0
0.0 0.3702148497104645 0.0
0.0 0.26937398314476013 0.0
0.0 0.15274444222450256 0.0
0.0 0.1799105554819107 0.0
0.0 0.1985526829957962 0.0
0.0 0.057026442140340805 0.0
0.0 0.0 0.0
0.0 0.0 0.0
0.0 0.0 0.0
0.0 0.0 0.21216286718845367
0.05648829787969589 0.08848236501216888 0.6857641935348511
0.18366356194019318 0.1083705872297287 0.985159158706665
0.2614566385746002 0.10526560246944427 1.2049310207366943
0.3049284815788269 0.059663500636816025 1.4349054098129272
0.3574281632900238 0.0 1.7183195352554321
0.37541913986206055 0.05081435292959213 2.055203914642334
0.35238173604011536 0.19541361927986145 2.347092866897583
0.44979962706565857 0.14992070198059082 2.5199172496795654
0.6516246199607849 0.0 2.4643607139587402
0.69210284948349 0.0 2.33807110786438
0.561438262462616 0.0 2.1798434257507324
0.4398181140422821 0.0 2.09037709236145
0.30295079946517944 0.0 2.1146225929260254
0.23786048591136932 0.0 2.0801351070404053
0.3710978925228119 0.0 1.9698827266693115
0.35096094012260437 0.0 1.864188551902771
0.1340952068567276 0.0 1.7884727716445923
0.0 0.0 1.7069331407546997
0.0 0.0 1.4927912950515747
0.07107096910476685 0.0 1.0766433477401733
0.237173393368721 0.0 0.5060804486274719
0.22363947331905365 0.057144682854413986 0.0
0.05266639590263367 0.26376524567604065 0.0
0.0 0.36022573709487915 0.0
0.0 0.3212330639362335 0.0
0.0 0.3263830840587616 0.0
0.0 0.2810475528240204 0.0
0.0 0.24908298254013062 0.0
0.0 0.2734420895576477 0.0
0.0 0.42030957341194153 0.0
0.0 0.5865563154220581 0.0
0.0 0.6610609292984009 0.0
0.0 0.5137697458267212 0.0
0.0 0.3086134195327759 0.0
0.0 0.20770516991615295 0.0
0.0 0.14920590817928314 0.0
0.0 0.1214243471622467 0.0
0.0 0.11411742866039276 0.0
0.015228474512696266 0.12410588562488556 0.0
0.03575851768255234 0.07874637842178345 0.0
0.08507227152585983 0.0 0.06390788406133652
0.18279990553855896 0.0 0.10649902373552322
0.20612001419067383 0.08741649240255356 0.037717342376708984
0.12421607971191406 0.08236474543809891 0.010174931026995182
0.07197364419698715 0.0 0.0958930253982544
0.0848098173737526 0.0 0.18768499791622162
0.12322884798049927 0.0 0.18479813635349274
0.0932626873254776 0.0 0.09926565736532211
0.06340226531028748 0.0 0.0
0.027476489543914795 0.0 0.0
0.00998963974416256 0.0 0.0
0.036440689116716385 0.0 0.0
0.0644877701997757 0.0 0.0
0.03628356009721756 0.0 0.0
0.0 0.03735891729593277 0.0
0.0 0.0 0.0
0.04050813242793083 0.0 0.0
0.06364195048809052 0.0 0.0
0.041136641055345535 0.0 0.0
0.0 0.00934992078691721 0.0
0.0 0.0 0.0
0.02268332988023758 0.0 0.006642247550189495
0.05559787154197693 0.0 0.01862221211194992
0.0652150809764862 0.0 0.019838210195302963
0.0 0.04235314577817917 0.0
0.0 0.03500042483210564 0.0
0.0011665872298181057 0.0 0.025705154985189438
0.06490641832351685 0.0 0.044282034039497375
0.0771510973572731 0.0 0.0
0.03784390538930893 0.0 0.0
0.01221577636897564 0.0 0.0
0.00945221446454525 0.0 0.0
0.0 0.03499962389469147 0.0
0.0 0.01025486271828413 0.0341806635260582
0.028511393815279007 0.0 0.06005353853106499
0.06223713234066963 0.0 0.0
0.040283627808094025 0.024228468537330627 0.0
0.0 0.02754303812980652 0.0
0.006839386653155088 0.0 0.0
0.03316100686788559 0.0 0.024890761822462082
0.043889548629522324 0.0 0.02402949333190918
0.0 0.0029452843591570854 0.0
0.0 0.0 0.0
0.011233602650463581 0.0 0.0
0.03237563744187355 0.0 0.0014698561280965805
0.0 0.008177063427865505 0.015063428319990635
0.0 0.0 0.012674040161073208
0.00252533215098083 0.0 0.0
0.0 0.0 0.0
0.0 0.009375751949846745 0.0
0.009278309531509876 0.0 0.0
0.0324813649058342 0.0 0.0
0.0484456829726696 0.0 0.0
0.03135281801223755 0.003938331268727779 0.0
0.0 0.04755771532654762 0.020332638174295425
0.0 0.0 0.03626366704702377
0.03348308056592941 0.0 0.0
0.028616955503821373 0.023240922018885612 0.0
0.0 0.0031068921089172363 0.0
0.009061096236109734 0.0 0.0
0.0 0.0 0.002178668975830078
0.0 0.031633876264095306 0.010730878449976444
0.0 0.013568587601184845 0.00853563379496336
0.016282524913549423 0.0 0.007683689706027508
0.03538324683904648 0.0 0.01856083795428276
0.008766816928982735 0.0028560226783156395 0.016244687139987946
0.0 0.08276151120662689 0.0
0.0 0.0540987029671669 0.0
0.04531656950712204 0.0 0.0
0.06217305362224579 0.0 0.01142596360296011
0.0075540137477219105 0.02936859056353569 0.034479882568120956
0.0 0.0040001170709729195 0.01584334671497345
0.010345006361603737 0.0 0.0
0.018029024824500084 0.0 0.0
0.0 0.0 0.0
0.0 0.0018149930983781815 0.027661126106977463
0.0 0.018763616681098938 0.03745809569954872
0.006802735850214958 0.007172740064561367 0.000214320607483387
0.011442229151725769 0.0 0.0
0.011276314035058022 0.0 0.0
0.0014258138835430145 0.030544374138116837 0.007714581675827503
0.0 0.03470183536410332 0.036505747586488724
0.013938143849372864 0.0 0.030136000365018845
0.01544682402163744 0.0 0.0
0.004007748328149319 0.0 0.0
0.0 0.0 0.0
0.0 0.010373860597610474 0.004358998499810696
0.006640549749135971 0.008175952360033989 0.016240689903497696
0.02823052927851677 0.0 0.0
0.0 0.0 0.0
0.0 0.0 0.0
0.017749926075339317 0.0 0.0
0.009868833236396313 0.0 0.008687966503202915
0.0 0.016750000417232513 0.019068170338869095
0.0 0.037043020129203796 0.0
0.0 0.0 0.0
0.013365031220018864 0.0 0.0
0.0 0.0018200529739260674 0.0140089625492692
0.0 0.0 0.03955134004354477
0.013945866376161575 0.0 0.029060881584882736
0.019478850066661835 0.008162371814250946 0.013163941912353039
0.011272318661212921 0.0029875831678509712 0.0
0.0 0.0 0.0
0.00776103138923645 0.0 0.005443383939564228
0.03545604273676872 0.0017304271459579468 0.015437961556017399
0.0013468076940625906 0.0 0.010813913308084011
0.0 0.01788116805255413 0.0
0.0 0.029695747420191765 0.0
0.0 0.0 0.0
0.0015156520530581474 0.0 0.0
0.0 0.014642497524619102 0.0
0.0 0.026325518265366554 0.007464989088475704
0.0 0.0 0.004271060228347778
0.050862960517406464 0.0 0.0
0.03716951608657837 0.0 0.0
0.07852361351251602 0.0 0.0
0.6300560235977173 0.0 0.0
0.7863215208053589 0.0 0.0
0.5427144765853882 0.0 0.0
0.7386059165000916 0.0 0.0
1.4448331594467163 0.0 0.12447230517864227
2.6343908309936523 0.0 1.1520309448242188
3.6201059818267822 0.0 1.5733294486999512
3.4411752223968506 0.0 1.3137582540512085
3.289888620376587 0.0 1.6922709941864014
3.6145424842834473 0.0 2.0506603717803955
4.5820441246032715 0.0 2.6921749114990234
5.6429667472839355 0.0 2.6125664710998535
6.143820762634277 0.0 1.8538020849227905
6.558180809020996 0.0 1.3449428081512451
6.971966743469238 0.0 1.526366949081421
6.249210834503174 0.0 0.9123560190200806
5.353766918182373 0.6711639165878296 0.0
5.084901332855225 2.005401611328125 0.0
5.002265930175781 1.5836308002471924 0.0
4.733887195587158 1.292948603630066 0.0
3.0437328815460205 3.1344358921051025 0.0
0.4448278546333313 4.580737590789795 0.0
0.0 4.955552577972412 0.0
0.0 5.026810646057129 0.0
0.0 4.659900665283203 0.0
0.0 3.3936407566070557 0.0
0.0 1.606683373451233 0.0
0.0 0.27467647194862366 0.0
0.0 0.0 0.0
0.0 0.05929651856422424 0.0
0.0 0.0 0.0
0.0 0.0 0.0
0.0 0.0 0.0
0.0 0.0 0.0
0.0 0.0 0.0
0.0 0.0 0.0
0.0 0.0 0.0
0.0 0.0 0.0
0.0 0.0 0.0
0.0 0.0 0.0
0.0 0.0 0.0
0.0 0.0 0.0
0.0 0.0 0.1821921318769455
0.0 0.0 0.4093400835990906
0.13763415813446045 0.0 0.5043376684188843
0.0 0.0 0.3593948781490326
0.045148421078920364 0.3403341472148895 0.16192626953125
0.3840673565864563 0.10573921352624893 0.172029510140419
0.6683158278465271 0.0 0.28793826699256897
0.6294366121292114 0.0 0.3422369360923767
0.4461190104484558 0.0 0.3343486487865448
0.3071374297142029 0.01979074999690056 0.16777749359607697
0.28084829449653625 0.0883820578455925 0.03526606410741806
0.40112224221229553 0.0 0.048896923661231995
0.444046288728714 0.0 0.11086655408143997
0.3195781111717224 0.0 0.08752740919589996
0.13582080602645874 0.062145400792360306 0.019844233989715576
0.07085458189249039 0.0 0.0
0.10124976933002472 0.0 0.02077074907720089
0.18827016651630402 0.0 0.05335079878568649
0.192045196890831 0.0 0.09272270649671555
0.14760155975818634 0.0 0.0
0.1592925786972046 0.0 0.0
0.23979035019874573 0.0 0.0
0.2317579835653305 0.0 0.0
0.08645351231098175 0.0 0.032942995429039
0.0 0.08594446629285812 0.013676885515451431
0.0 0.06688395887613297 0.0
0.161801278591156 0.0 0.0
0.25912222266197205 0.0 0.0
0.1961267590522766 0.0 0.0
0.10221383720636368 0.0 0.0
0.035102445632219315 0.07958963513374329 0.0
0.023052174597978592 0.08268662542104721 0.0
0.09735436737537384 0.0 0.0051587652415037155
0.09195267409086227 0.0 0.009329808875918388
0.0 0.06267882883548737 0.0
0.0 0.06278641521930695 0.0
0.003750914242118597 0.0 0.0
0.056770190596580505 0.0 0.0
0.05090298131108284 0.0 0.046059057116508484
0.0 0.0 0.04316526651382446
0.0 0.04699254408478737 0.0
0.0 0.010905913077294827 0.0
0.0 0.0 0.0
0.020669709891080856 0.0 0.0
0.0 0.03163118660449982 0.021394971758127213
0.0 0.06057415530085564 0.0
0.0 0.015012528747320175 0.0
0.017822138965129852 0.0 0.0
0.015095595270395279 0.0 0.018344586715102196
0.0 0.008104555308818817 0.05030917748808861
0.0 0.05289866030216217 0.040308207273483276
0.0 0.04357945919036865 0.0
0.0 0.0 0.0
0.0 0.0 0.0
0.0 0.0 0.002882007509469986
0.0 0.01890207640826702 0.04112713038921356
0.0 0.005175345577299595 0.04166029393672943
0.0 0.0 0.0
0.0 0.0 0.0
0.0 0.0 0.0
0.0 0.0 0.007455453276634216
0.0 0.0 0.0
0.0 0.0 0.0
0.052271727472543716 0.0 0.0
0.13416126370429993 0.0 0.0
0.22121308743953705 0.0 0.00874042883515358
0.35176149010658264 0.12775079905986786 0.0
0.6722849607467651 0.15806636214256287 0.0
1.1702768802642822 0.0 0.0
2.016376495361328 0.0 0.10024265199899673
2.943542718887329 0.0 0.20291602611541748
3.249648332595825 0.0 0.3004993200302124
3.333756923675537 0.0 0.3216642737388611
3.4106996059417725 0.0 0.0544261559844017
3.247831344604492 0.41983193159103394 0.0
2.918848752975464 0.5042021870613098 0.32790911197662354
2.4345860481262207 0.5342139005661011 0.5154659152030945
1.7901278734207153 0.5865351557731628 0.5081297159194946
1.1145917177200317 0.5064440369606018 0.38894903659820557
0.5285144448280334 0.4137500524520874 0.18195082247257233
0.0 0.2991872727870941 0.10789337754249573
0.0 0.18455256521701813 0.06144917756319046
0.0 0.1389014571905136 0.0
0.0 0.16829875111579895 0.0
0.0 0.30094894766807556 0.01192663423717022
0.0 0.4217089116573334 0.06885915994644165
0.0 0.7120935916900635 0.0
0.0 0.9339684844017029 0.0
0.0 0.0 0.0
0.0 0.0 0.0
0.0 0.0 0.0
0.0 0.0 0.0
0.0 0.0 0.0
0.0 0.0 0.0
0.0 0.0 0.0
0.0 0.0 0.0
0.0 0.0 0.0
0.6729450225830078 0.0 0.0
1.2740774154663086 0.0 0.0
1.4572986364364624 0.0 0.0
1.8848187923431396 0.49069398641586304 0.0
2.4850988388061523 0.9232193231582642 0.0
3.3804945945739746 0.6647148132324219 0.0
4.721195220947266 0.6767786741256714 0.0
5.498396396636963 0.44583839178085327 0.0
5.670770645141602 0.7663623094558716 0.0
4.160280227661133 0.9041838645935059 0.4698055684566498
2.2746524810791016 1.2415847778320312 0.5022745132446289
1.181233286857605 1.597184419631958 0.0886816456913948
0.7071844935417175 1.3327964544296265 0.0
0.7290695309638977 0.7399346828460693 0.13480201363563538
0.9296015501022339 0.0 0.23792040348052979
0.8394037485122681 0.0 0.1975996196269989
0.38819265365600586 0.0 0.020006179809570312
0.0 0.0 0.0
0.0 0.0 0.0
0.0 0.0 0.0
0.0 0.0 0.172448992729187
0.0 0.0 0.5153520107269287
0.0 0.0 0.7468507289886475
0.0 0.6951526403427124 0.7562013268470764
0.0 1.2872350215911865 0.898036539554596
0.0 0.2314523160457611 0.752572774887085
0.0 0.0 0.10135163366794586
0.0 0.0 0.0
0.0 0.0 0.28113844990730286
0.0 0.3518517017364502 0.758083164691925
0.0 0.41907545924186707 0.5884621739387512
0.0 0.0 0.14852795004844666
0.4096079468727112 0.0 0.0
0.729345977306366 0.0 0.0
1.0928226709365845 0.0 0.12928368151187897
1.5441398620605469 0.36952337622642517 0.10862526297569275
2.0331108570098877 0.9328440427780151 0.17622961103916168
2.567007064819336 1.3937164545059204 0.3230060040950775
2.7254116535186768 1.2685847282409668 0.15538877248764038
2.9716718196868896 0.604578971862793 0.1866774559020996
3.614739418029785 0.0 0.1190565899014473
3.547133684158325 0.0 0.21681033074855804
2.7897908687591553 0.0 0.38003042340278625
2.4412660598754883 0.0 0.1746213287115097
2.064822196960449 0.42343080043792725 0.0
1.1209512948989868 0.6266124248504639 0.09775317460298538
0.47794225811958313 0.13744859397411346 0.18055139482021332
0.0 0.0 0.06034877896308899
0.0 0.0 0.0
0.0 0.0510086715221405 0.0
0.0 0.24860404431819916 0.0
0.0 0.16466546058654785 0.0
0.0 0.00896215159446001 0.0
0.0 0.0 0.0
0.0 0.0 0.0
0.0 0.008802096359431744 0.0
0.0 0.0 0.0
0.0 0.0 0.0
0.0 0.0 0.0
0.0 0.0 0.0
0.0 0.0 0.0
0.0 0.0 0.0
0.0 0.0 0.0
0.0 0.0 0.0
0.42031845450401306 0.0 0.0
0.9044001698493958 0.0 0.0
1.1950565576553345 0.008694238029420376 0.0
1.686675786972046 0.0 0.0
2.149160146713257 0.0 0.0
2.050224542617798 0.19201692938804626 0.0
1.930459976196289 0.4188809394836426 0.0
2.2631518840789795 0.3126541078090668 0.0
2.848132610321045 0.0 0.0
3.0143375396728516 0.0 0.0
2.665301561355591 0.01298672053962946 0.20841386914253235
2.0343687534332275 0.32363006472587585 0.4830172061920166
1.5631901025772095 0.5270287394523621 0.35611358284950256
1.239405870437622 0.5977550745010376 0.0935078039765358
0.8791683316230774 0.4941181540489197 0.13444270193576813
0.38872137665748596 0.4502367377281189 0.18495382368564606
0.0 0.32036715745925903 0.20939870178699493
0.0 0.24618376791477203 0.11670339852571487
0.0 0.1656673401594162 0.0
0.0 0.006546398624777794 0.0
0.0 0.0 0.0
0.0 0.0 0.0
0.0 0.0 0.0
0.0 0.0 0.0
0.0 0.0 0.0
0.0 0.0 0.0
0.0 0.0 0.0
0.0 0.0 0.0
0.0 0.0 0.0
0.0 0.0 0.013360233046114445
0.0 0.0 0.1400475949048996
0.0 0.0 0.20546415448188782
0.0 0.0 0.1531205177307129
0.0 0.001675354316830635 0.0
0.0 0.0 0.0
0.034265801310539246 0.0 0.0
0.7700974941253662 0.0 0.0
1.3363981246948242 0.33015337586402893 0.0
1.7024294137954712 0.7183178663253784 0.02267376333475113
2.0943098068237305 0.6113703846931458 0.0
2.6953370571136475 0.34461912512779236 0.0
3.2542431354522705 0.2732759714126587 0.0
3.4021291732788086 0.21079660952091217 0.09142273664474487
3.356577157974243 0.22443120181560516 0.16472570598125458
2.9927892684936523 0.48977020382881165 0.19079646468162537
2.394622564315796 1.000106692314148 0.21318352222442627
1.73009192943573 1.486732840538025 0.35555049777030945
1.0122792720794678 1.7832963466644287 0.46151474118232727
0.369153767824173 1.6653121709823608 0.5070555806159973
0.024920236319303513 1.1805795431137085 0.3866676688194275
0.0 0.5500265955924988 0.18070627748966217
0.0 0.16505682468414307 0.014332742430269718
0.0 0.07761219888925552 0.0
0.0 0.021061036735773087 0.0
0.0 0.0 0.0
0.0 0.0 0.0
0.0 0.0 0.0
0.0 0.0 0.0
0.0 0.0 0.0
0.0 0.0 0.0
0.0 0.0 0.0
0.0 0.0 0.0
0.0 0.0 0.0
0.0 0.0 0.013994519598782063
0.0 0.0 0.19965866208076477
0.0 0.0 0.2120455503463745
0.0 0.0 0.12379531562328339
0.0 0.0 0.1360677033662796
0.0 0.0 0.30228835344314575
0.0 0.24995121359825134 0.4116966128349304
0.011513616889715195 0.3377835750579834 0.318634569644928
0.5704866051673889 0.36433449387550354 0.03479061275720596
1.29246187210083 0.2990820109844208 0.0
1.8779687881469727 0.16004660725593567 0.0
2.2402560710906982 0.42688843607902527 0.0
2.5008347034454346 0.8929005861282349 0.0
2.480598211288452 1.0640257596969604 0.0
2.4637813568115234 1.1480953693389893 0.0
2.509838342666626 0.8926616907119751 0.0
2.456326484680176 0.5890997052192688 0.0661083236336708
2.1400723457336426 0.43898531794548035 0.2868089973926544
1.6420518159866333 0.3713122606277466 0.4482721984386444
1.0792452096939087 0.614931583404541 0.4167321026325226
0.5802701115608215 0.8587645292282104 0.3003670573234558
0.3587862253189087 0.6347924470901489 0.3219999372959137
0.2216280996799469 0.3022802770137787 0.3259619176387787
0.0 0.03176863119006157 0.29488787055015564
0.0 0.0 0.1789117455482483
0.0 0.035414230078458786 0.014682858251035213
0.0 0.07779843360185623 0.0
0.0 0.0 0.0
0.0 0.0 0.03088446706533432
0.0 0.0 0.0
0.0 0.0 0.0
0.0 0.0 0.0
0.0 0.0 0.0
0.0 0.0 0.18934467434883118
0.0 0.0 0.24818402528762817
0.0 0.0 0.0
0.0 0.0 0.0
0.0 0.0 0.0
0.0 0.0 0.0
0.0 0.0 0.0
0.0 0.0 0.3819173276424408
1.4177544116973877 0.43876275420188904 0.1620803028345108
1.9442951679229736 0.3363785743713379 0.0
1.8445569276809692 0.45976629853248596 0.0
1.600014567375183 0.6319324970245361 0.0
1.7032618522644043 0.8163976669311523 0.0
2.1120615005493164 0.8751171827316284 0.0
2.804335832595825 0.648759663105011 0.0
3.0620548725128174 0.42172864079475403 0.0
2.779597520828247 0.35401883721351624 0.0
2.5257151126861572 0.2315821498632431 0.11478708684444427
2.1246321201324463 0.4460132122039795 0.1275004893541336
1.8298996686935425 0.5570313334465027 0.16123901307582855
1.5795574188232422 0.3985854983329773 0.30137908458709717
1.2026010751724243 0.1916528344154358 0.39629626274108887
0.675650417804718 0.2459099441766739 0.3783886432647705
0.09173507988452911 0.35471364855766296 0.3034680485725403
0.0 0.39132943749427795 0.17223040759563446
0.0 0.3533695638179779 0.013230103068053722
0.0 0.22977864742279053 0.0
0.0 0.12845097482204437 0.0
0.0 0.175026997923851 0.0
0.0 0.23307858407497406 0.0
0.0 0.0 0.0
0.0 0.0 0.0
0.0 0.0 0.0
0.0 0.0 0.0
0.0 0.0 0.0
0.0 0.0 0.0
0.0 0.0 0.0
0.0 0.0 0.1641305834054947
0.0 0.0 0.257412850856781
0.0 0.0 0.11092514544725418
0.0 0.0 0.0
0.0 0.0 0.0
0.19690904021263123 0.0 0.0
0.3749898374080658 0.11644420027732849 0.0
0.8828604817390442 0.1678573191165924 0.0
1.4512701034545898 0.2530454695224762 0.0
1.9025933742523193 0.1968652755022049 0.0
2.1689767837524414 0.03255409374833107 0.0
2.2750818729400635 0.0 0.0
2.35245680809021 0.0 0.0
2.4870922565460205 0.0 0.0
2.5879018306732178 0.0 0.0
2.613201141357422 0.0 0.0
2.4776694774627686 0.0 0.11960279196500778
2.120591402053833 0.0 0.20415256917476654
1.655537486076355 0.0 0.22071769833564758
1.21583092212677 0.2765297293663025 0.15847109258174896
0.6958474516868591 0.4464058578014374 0.2072434276342392
0.021360374987125397 0.6332833170890808 0.33892446756362915
0.0 0.7535918951034546 0.3656192123889923
0.0 0.9605719447135925 0.17806556820869446
0.0 0.9781088829040527 0.0
0.0 0.6158531904220581 0.0
0.0 0.15384218096733093 0.0
0.0 0.0 0.0
0.0 0.0 0.0
0.0 0.0 0.0
0.0 0.0628395602107048 0.0
0.0 0.0 0.0028692474588751793
0.0 0.0 0.0
0.0 0.0 0.0
0.0 0.03157884255051613 0.0
0.0 0.0 0.0
0.0 0.0 0.0
0.0 0.0 0.0
0.0 0.0 0.0
0.0 0.0 0.0
0.0 0.014039530418813229 0.03309452533721924
0.0 0.0 0.09640612453222275
0.0 0.0 0.0
0.34855130314826965 0.0 0.0
0.9473281502723694 0.12074573338031769 0.0
1.5234798192977905 0.22156423330307007 0.0
1.9737151861190796 0.19512996077537537 0.0
2.295330047607422 0.025300439447164536 0.0
2.684654951095581 0.0 0.0
2.751387596130371 0.0 0.0
2.5768003463745117 0.0 0.0
2.365236282348633 0.0 0.0
2.2495689392089844 0.0 0.0
2.050467014312744 0.0 0.07212638854980469
1.7931915521621704 0.0 0.09664478152990341
1.4850190877914429 0.0 0.09078396111726761
1.1952741146087646 0.05375209078192711 0.04750972241163254
0.8840610980987549 0.10233107954263687 0.013577323406934738
0.6145247220993042 0.08245271444320679 0.0685095489025116
0.37122416496276855 0.0 0.1565970629453659
0.0460631400346756 0.0 0.2183280736207962
0.0 0.13181200623512268 0.2340303361415863
0.0 0.5788515210151672 0.1237749308347702
0.0 1.0452288389205933 0.0
0.0 1.221673607826233 0.0
0.0 1.1900880336761475 0.0
0.0 1.0456809997558594 0.0
0.0 0.6992053985595703 0.0
0.0 0.07275108247995377 0.0
0.0 0.0 0.0
0.0 0.0 0.0
0.0 0.0 0.0
0.0 0.0 0.0
0.0 0.0 0.0
0.0 0.0 0.0
0.0 0.0 0.0
0.0 0.0 0.0
0.0 0.0 0.0
0.0 0.0 0.0
0.0 0.0 0.0
0.0 0.061911746859550476 0.0238731037825346
0.0 0.19930237531661987 0.1342773735523224
0.42898014187812805 0.2603188455104828 0.08005248755216599
1.0605107545852661 0.20518341660499573 0.0
1.6365993022918701 0.20436662435531616 0.0
1.8936598300933838 0.10393057018518448 0.0
1.9054044485092163 0.14428624510765076 0.0
2.012369155883789 0.426133394241333 0.0
2.402700662612915 0.32538706064224243 0.0
2.719939708709717 0.0 0.0
2.8442511558532715 0.0 0.15165077149868011
2.781515598297119 0.0 0.1885150521993637
2.3283531665802 0.0 0.15748709440231323
1.78311288356781 0.0 0.10207176953554153
1.1955196857452393 0.028340741991996765 0.019653592258691788
0.7007514834403992 0.3471703827381134 0.025359680876135826
0.3786053955554962 0.35384294390678406 0.11510688066482544
0.11343792080879211 0.1699676513671875 0.2400600016117096
0.0 0.22195520997047424 0.20399387180805206
0.0 0.5010981559753418 0.06659314036369324
0.0 0.8630818128585815 0.0012274626642465591
0.0 1.0170940160751343 0.007603602483868599
0.0 0.854589581489563 0.04613128677010536
0.0 0.4982529878616333 0.007120771333575249
0.0 0.06717430800199509 0.0
0.0 0.0 0.0
0.0 0.0 0.0
0.0 0.0 0.0
0.0 0.0 0.05087411031126976
0.0 0.0 0.0
0.0 0.0 0.0
0.0 0.0 0.0
0.0 0.0 0.0
0.0 0.0 0.033387795090675354
0.0 0.0 0.0
0.0 0.0 0.0
0.0 0.0 0.0
0.0 0.05775763839483261 0.0
0.21512450277805328 0.06867260485887527 0.0
0.42377036809921265 0.03300382196903229 0.033327341079711914
0.520190954208374 0.07439014315605164 0.0034434786066412926
0.531326174736023 0.09260190278291702 0.0
0.5880525708198547 0.1393028199672699 0.0
0.7864644527435303 0.11869103461503983 0.0
0.9690590500831604 0.029784858226776123 0.039832111448049545
0.8968071937561035 0.007338140159845352 0.1095464825630188
0.6395072340965271 0.04287109896540642 0.12418453395366669
0.3904781937599182 0.146685391664505 0.07075434923171997
0.1674797534942627 0.19708198308944702 0.07296343147754669
0.0 0.18121567368507385 0.15531742572784424
0.0 0.06763796508312225 0.18236075341701508
0.0 0.022298447787761688 0.08914053440093994
0.0 0.029084980487823486 0.0
0.0 0.0 0.0
0.0 0.0 0.0
0.0 0.0 0.0
0.0 0.0 0.0
0.0 0.0 0.0
0.0 0.0 0.0
0.0 0.0 0.0
0.0 0.0 0.0
0.00033656321465969086 0.0 0.0
0.04068877920508385 0.001898634247481823 0.022990014404058456
0.10396255552768707 0.0 0.0
0.09887884557247162 0.0 0.0
0.03885306045413017 0.0 0.0
0.002246582182124257 0.0 0.022551126778125763
0.023423772305250168 0.0 0.03878362476825714
0.008599819615483284 0.0 0.029058825224637985
0.0 0.0 0.02133432775735855
0.0 0.0 0.03182858228683472
0.0 0.0 0.0011937059462070465
0.0 0.0 0.011607464402914047
0.0 0.0 0.04140371084213257
0.0 0.0 0.0
0.018624475225806236 0.02442241460084915 0.0
0.04156574234366417 0.0 0.029153967276215553
0.06239698827266693 0.0 0.0
0.009316461160779 0.06173916161060333 0.0
0.0 0.03604285046458244 0.027912935242056847
0.01906629279255867 0.0 0.04729728400707245
0.033179979771375656 0.00831375177949667 0.02721278928220272
0.03580905497074127 0.018053464591503143 0.0
0.015370624139904976 0.0 0.0
0.0 0.01379054319113493 0.00650830939412117
0.0 0.06803114712238312 0.004484574310481548
0.020666055381298065 0.0063209086656570435 0.0
0.05046096444129944 0.0 0.0
0.03346600383520126 0.0 0.0
0.0 0.0627698004245758 0.0
0.0 0.0032031461596488953 0.0
0.0 0.0 0.0
0.0 0.0 0.0
0.0 0.0 0.0
0.0 0.0 0.0
0.0 0.013889080844819546 0.0
0.0 0.008596046827733517 0.0
0.0 0.0 0.0
0.0 0.0 0.0
0.0 0.0 0.0
0.0 0.0 0.0
0.0 0.0 0.008441232144832611
0.0 0.0 0.020327452570199966
0.003440195694565773 0.0 0.01083967462182045
0.0 0.040383804589509964 0.006520293653011322
0.0 0.03077857941389084 0.028686849400401115
0.02862517721951008 0.0 0.05166247487068176
0.060856349766254425 0.0 0.02624846063554287
0.008796079084277153 0.0 0.008753089234232903
0.0 0.0 0.028127053752541542
0.0 0.0 0.0
0.0 0.0 0.0
0.0 0.0 0.0
0.0 0.0 0.0
0.0 0.0 0.0
0.0 0.0 0.0
0.0 0.0 0.0
0.0 0.0 0.0
0.0 0.0 0.44070929288864136
0.0 0.0 1.2037161588668823
0.09767548739910126 0.0 1.8313603401184082
1.513535737991333 0.0 2.1852078437805176
3.374664068222046 0.0 2.4164650440216064
4.814085483551025 0.0 3.0139756202697754
6.100053310394287 0.0 3.784877300262451
7.06746768951416 0.0 4.188296794891357
7.509093284606934 0.0 3.953467845916748
8.150009155273438 0.0 2.8880374431610107
7.912631511688232 0.0 1.812767744064331
7.168624401092529 0.0 0.9926173090934753
6.754524230957031 0.0 0.11606252193450928
6.519181728363037 0.3819732964038849 0.0
5.683044910430908 1.7775636911392212 0.0
4.18107795715332 2.540440082550049 0.0
2.826145887374878 3.1755480766296387 0.0
1.355126976966858 3.3919355869293213 0.0
0.17049536108970642 2.7800562381744385 0.0
0.0 2.034351348876953 0.0
0.0 1.5415176153182983 0.0
0.0 1.0311464071273804 0.0
0.0 0.3651770055294037 0.0
0.0 0.0 0.0
0.0 0.0 0.0
0.0 0.0 0.0
0.0 0.0 0.0
0.0 0.0 0.0
0.0 0.0 0.0
0.0 0.0 0.0
0.0 0.0 0.0
0.0 0.0 0.0
0.0 0.0 0.0
0.0 0.0 0.0
0.0 0.0 0.0
0.0 0.0 0.03267575427889824
0.0 0.0 0.0
0.0 0.0 0.0
0.0 0.0 0.0
0.0 0.0 0.3180111050605774
0.0 0.0 0.6310864686965942
0.0 0.0 0.5898826122283936
0.09029293805360794 0.0 0.38119643926620483
0.22962260246276855 0.0 0.3140091598033905
0.26134005188941956 0.0 0.3497176170349121
0.2612878382205963 0.034265127032995224 0.3714415729045868
0.26057517528533936 0.17571599781513214 0.3580048382282257
0.34547170996665955 0.14920102059841156 0.29680460691452026
0.35450461506843567 0.06369145959615707 0.1310286968946457
0.35969164967536926 0.0 0.02060071751475334
0.23552629351615906 0.0 0.0
0.11855413764715195 0.0 0.0
0.16495372354984283 0.0 0.0
0.1901799887418747 0.0 0.0
0.14368146657943726 0.0 0.0
0.038745198398828506 0.0 0.0
0.0 0.0 0.0
0.023073026910424232 0.0 0.0
0.04574984684586525 0.0 0.0
0.0 0.0 0.015710681676864624
0.0 0.0 0.05730952322483063
0.0 0.0 0.04661240428686142
0.05050598457455635 0.0 0.0
0.12061050534248352 0.0 0.0
0.10957889258861542 0.0 0.03362656757235527
0.025306086987257004 0.0 0.04595300555229187
0.030048644170165062 0.005259336903691292 0.01863456889986992
0.06980271637439728 0.0 0.0
0.14849326014518738 0.0 0.0
0.09752701967954636 0.0 0.0
0.03769511356949806 0.0 0.0
0.09397942572832108 0.0 0.008145174942910671
0.03240767493844032 0.0 0.0
0.0 0.0 0.0
0.06601995974779129 0.0 0.0
0.11784587800502777 0.0 0.0
0.09737362712621689 0.0 0.0
0.03768819198012352 0.0 0.0
0.0026841326616704464 0.0 0.0
0.01421775110065937 0.0 0.0
0.02511034533381462 0.0 0.0
0.019955264404416084 0.0 0.0
0.04636503383517265 0.0 0.0
0.023948941379785538 0.0 0.0
0.0005405540578067303 0.0 0.0
0.0 0.0 0.0
0.0 0.0 0.0
0.0656130313873291 0.0 0.0
0.08056189119815826 0.0 0.0
0.057147908955812454 0.0 0.0
0.026162294670939445 0.005407675169408321 0.0
0.0 0.04061040282249451 0.0
0.0061057619750499725 0.02040393464267254 0.0
0.03989887982606888 0.0 0.0
0.05133955553174019 0.0 0.016551975160837173
0.014146644622087479 0.0 0.003416200168430805
0.030236929655075073 0.0 0.0
0.0 0.0 0.0
0.0 0.0 0.0
0.015502193942666054 0.012870917096734047 0.0
0.06315013766288757 0.0 0.011366267688572407
0.098066046833992 0.0 0.035089973360300064
0.08844536542892456 0.0 0.038256432861089706
0.028894420713186264 0.0 0.014090373180806637
0.0 0.0 0.0
0.0 0.0 0.0
0.0 0.0 0.004385815002024174
0.06300418823957443 0.0 0.020899277180433273
0.007793395780026913 0.004360056482255459 0.002390308305621147
0.0 0.026919428259134293 0.0
0.0 0.0 0.0
0.006841049529612064 0.0 0.0
0.0 0.0 0.0
0.015347452834248543 0.0 0.0
0.040808334946632385 0.0 0.0003937371075153351
0.002527793636545539 0.0001461370848119259 0.0
0.0 0.049257490783929825 0.0
0.0 0.011967908591032028 0.0
0.0558147169649601 0.0 0.0
0.03644607961177826 0.0 0.01543393824249506
0.0 0.02773808315396309 0.01824437454342842
0.0 0.04268960282206535 0.0
0.0 0.0 0.0
0.0 0.0 0.0
0.052432768046855927 0.0 0.011182469315826893
0.04203525558114052 0.008576372638344765 0.0
0.0 0.06325692683458328 0.0
0.0 0.017722200602293015 0.0
0.0 0.0 0.0
0.0 0.0 0.0
0.025286901742219925 0.0 0.0
0.0 0.018264686688780785 0.013546290807425976
0.0 0.011789742857217789 0.08004409074783325
0.0 0.0 0.16822054982185364
0.0 0.0 0.30955344438552856
0.0 0.0 0.5593656897544861
0.0 0.0 0.9236049056053162
0.0 0.0 1.2964786291122437
0.12453785538673401 0.03905039280653 1.742887258529663
0.4085938334465027 0.05571991950273514 2.2510921955108643
0.6662551760673523 0.0 2.7105119228363037
0.813771665096283 0.0 2.978588104248047
0.9630721807479858 0.0 3.1936357021331787
1.143492579460144 0.0 3.2751872539520264
1.2867182493209839 0.0 3.245450019836426
1.4345202445983887 0.0 3.000471591949463
1.4124196767807007 0.0 2.375993251800537
1.1734018325805664 0.08232302963733673 1.5633444786071777
0.8357376456260681 0.14933189749717712 0.8828763365745544
0.5188390612602234 0.2228548526763916 0.15563099086284637
0.2718066871166229 0.1370408833026886 0.0
0.0 0.12324569374322891 0.0
0.0 0.16241341829299927 0.0
0.0 0.13518552482128143 0.0
0.0 0.16748620569705963 0.0
0.0 0.25689250230789185 0.0
0.0 0.34278079867362976 0.0
0.0 0.2965317964553833 0.0
0.0 0.20018236339092255 0.0
0.0 0.0 0.0
0.0 0.0 0.0
0.0 0.0 0.0
0.0 0.0 0.0
0.0 0.0 0.0
0.0 0.0 0.0
0.0 0.0 0.0
0.0 0.0 0.0
0.21089258790016174 0.0 0.4642663300037384
0.2865181267261505 0.0 0.8148491382598877
0.2708933651447296 0.08267783373594284 1.1077803373336792
0.2833721339702606 0.212718665599823 1.577317237854004
0.4190596640110016 0.3136119842529297 2.1003377437591553
0.6983461380004883 0.15517866611480713 2.526735544204712
0.9613476991653442 0.0 2.874967098236084
1.1340352296829224 0.02243313565850258 3.1086161136627197
1.2502121925354004 0.07991985976696014 3.027702569961548
1.2543078660964966 0.0 2.812511444091797
1.2695246934890747 0.0 2.7499334812164307
1.3406840562820435 0.0 2.5514328479766846
1.248887062072754 0.0 1.9484691619873047
0.9104714393615723 0.03014139086008072 1.174892783164978
0.4017983675003052 0.32237592339515686 0.34388241171836853
0.0 0.27123817801475525 0.0
0.0 0.0792093276977539 0.0
0.0 0.0 0.0
0.0 0.0 0.0
0.0 0.0 0.0
0.0 0.0 0.0
0.0 0.0 0.0
0.0 0.0 0.0
0.0 0.0 0.0
0.0 0.0 0.0
0.0 0.0 0.0
0.0 0.0 0.0
0.0 0.0 0.0
0.0 0.0 0.0
0.0 0.0 0.0
0.0 0.0 0.0
0.20359474420547485 0.0 0.0
0.32237014174461365 0.0 0.19699734449386597
0.3986683785915375 0.0 0.5674813985824585
0.5306373238563538 0.0 0.8265665173530579
0.7007787823677063 0.0 1.1008156538009644
0.8168763518333435 0.0 1.3392894268035889
0.8504061102867126 0.0 1.6110178232192993
1.0083634853363037 0.0 1.9234673976898193
1.185278058052063 0.0 2.150517702102661
1.126024842262268 0.01734689623117447 2.219686508178711
0.9005419611930847 0.13814042508602142 2.1622731685638428
0.7786935567855835 0.11706070601940155 2.1770124435424805
0.8229920268058777 0.06963592767715454 2.3257970809936523
0.8877127170562744 0.12395162880420685 2.266793966293335
0.9115256071090698 0.11206221580505371 2.0234172344207764
0.8809762597084045 0.07413267344236374 1.6651034355163574
0.7756974697113037 0.06542254239320755 1.2089210748672485
0.5797700881958008 0.04986915364861488 0.6407060623168945
0.30989277362823486 0.035016436129808426 0.20743076503276825
0.04248078167438507 0.0 0.0
0.0 0.0 0.0
0.0 0.0 0.0
0.0 0.0 0.0
0.0 0.0 0.0
0.0 0.0 0.0
0.0 0.0 0.0
0.0 0.0 0.0
0.0 0.0 0.0
0.0 0.0 0.0
0.0 0.02487059310078621 0.0
0.0 0.011691671796143055 0.0
0.0 0.0 0.0
0.0 0.0 0.0
0.0 0.0 0.0
0.0 0.0 0.0
0.0 0.0 0.0
0.02383599430322647 0.0 0.0
0.13122344017028809 0.0 0.23632127046585083
0.32000452280044556 0.0 0.561915397644043
0.3825283646583557 0.0187290757894516 0.8255901336669922
0.29588454961776733 0.1678604930639267 1.076262354850769
0.30755719542503357 0.1868238002061844 1.3990718126296997
0.5755396485328674 0.0487612783908844 1.7858948707580566
0.936613142490387 0.0 2.050926685333252
0.9710944294929504 0.0215565524995327 2.0290606021881104
0.8542248010635376 0.05916837975382805 1.9831459522247314
0.9333683252334595 0.003430013544857502 2.0628111362457275
1.145729660987854 0.0 2.2372138500213623
1.3223768472671509 0.0 2.2870404720306396
1.2901169061660767 0.0 2.131380319595337
1.140086054801941 0.12202563881874084 1.7992498874664307
0.9578151106834412 0.15445761382579803 1.4684929847717285
0.7725035548210144 0.05016343295574188 1.3103296756744385
0.7012770771980286 0.0 1.165104866027832
0.5565761923789978 0.028366850689053535 0.7141176462173462
0.30234307050704956 0.14348812401294708 0.0
0.0 0.14204281568527222 0.0
0.0 0.024112453684210777 0.0
0.0 0.0 0.0
0.0 0.0 0.0
0.0 0.0 0.0
0.0 0.0 0.0
0.0 0.0 0.0
0.0 0.0 0.0
0.0 0.0 0.0
0.0 0.0 0.0
0.0 0.0 0.0
0.0 0.0 0.0
0.0 0.0 0.0
0.0 0.04879835993051529 0.0
0.0 0.12837308645248413 0.0
0.0 0.07890432327985764 0.0
0.0746377557516098 0.0 0.0
0.2973232865333557 0.0 0.37572067975997925
0.3621683418750763 0.01979200541973114 0.8339359164237976
0.3342123329639435 0.17478744685649872 1.190976619720459
0.38056492805480957 0.27888110280036926 1.4748808145523071
0.5615352392196655 0.22019462287425995 1.7200742959976196
0.8054137229919434 0.0 1.9406700134277344
1.0008844137191772 0.0 2.2112650871276855
1.0909268856048584 0.0 2.378760576248169
1.039231300354004 0.0 2.3500447273254395
0.9243552684783936 0.0868125855922699 2.22644305229187
0.9498659372329712 0.0 2.1174137592315674
1.0840834379196167 0.0 2.0037076473236084
1.1533186435699463 0.0 1.899422526359558
1.0102952718734741 0.0 1.8161627054214478
0.8103402853012085 0.0 1.564711093902588
0.6569504737854004 0.14814305305480957 1.0402766466140747
0.43381720781326294 0.21572130918502808 0.4314633011817932
0.09182047098875046 0.1399410516023636 0.0
0.0 0.023265833035111427 0.0
0.0 0.0 0.0
0.0 0.0 0.0
0.0 0.0023517627269029617 0.0
0.0 0.01858053356409073 0.0
0.0 0.0 0.0
0.0 0.0 0.0
0.0 0.0 0.0
0.0 0.0 0.0
0.0 0.0 0.0
0.0 0.0 0.0
0.0 0.0 0.0
0.0 0.08445781469345093 0.0
0.0 0.20947140455245972 0.0
0.0 0.123259536921978 0.0
0.0 0.0 0.0
0.0 0.0 0.0
0.20428124070167542 0.0 0.17805874347686768
0.2378271073102951 0.0975266844034195 0.5850973129272461
0.33621838688850403 0.21629993617534637 0.8962768316268921
0.574752926826477 0.16066384315490723 1.1484651565551758
0.8401193618774414 0.0837797075510025 1.3826912641525269
0.994284451007843 0.09880845993757248 1.5466638803482056
1.060626745223999 0.06926841288805008 1.7341861724853516
1.2096502780914307 0.061002764850854874 1.875597357749939
1.3003207445144653 0.07926458865404129 1.7782771587371826
1.264775037765503 0.008808267302811146 1.5907384157180786
1.2716255187988281 0.0 1.4302960634231567
1.2781894207000732 0.0 1.3194578886032104
1.200608253479004 0.026393651962280273 1.1884677410125732
1.0974295139312744 0.0430527925491333 1.052883267402649
0.9239543676376343 0.062026750296354294 0.9037842750549316
0.704990565776825 0.08442553132772446 0.715782642364502
0.4735352396965027 0.0761508196592331 0.49230244755744934
0.2016557902097702 0.07969149202108383 0.25777357816696167
0.0 0.07585760951042175 0.0029673753306269646
0.0 0.040358204394578934 0.0
0.0 0.0 0.0
0.0 0.0 0.0
0.0 0.0 0.0
0.0 0.0 0.0
0.0 0.030372414737939835 0.0
0.0 0.04351325333118439 0.0
0.0 0.0 0.0
0.0 0.0 0.0
0.0 0.0 0.0
0.0 0.0 0.0
0.0 0.00846818182617426 0.0
0.0 0.0 0.0
0.0 0.0 0.0
0.0 0.0 0.0
0.0 0.0 0.0
0.0 0.10523360222578049 0.0
0.0 0.07952184975147247 0.0
0.0737239271402359 0.0 0.3363504111766815
0.26463183760643005 0.13962912559509277 0.6837866306304932
0.21734820306301117 0.37190791964530945 0.8549978733062744
0.16197016835212708 0.5123164057731628 0.8645145893096924
0.23673707246780396 0.44843918085098267 0.8490296602249146
0.34127920866012573 0.3819464445114136 0.948143482208252
0.3857598602771759 0.28146085143089294 1.0711184740066528
0.40407466888427734 0.15890242159366608 1.1403446197509766
0.4408377408981323 0.16644369065761566 1.0947986841201782
0.36453524231910706 0.23345442116260529 0.8431994915008545
0.24043461680412292 0.11469634622335434 0.5413781404495239
0.2030065506696701 0.0 0.40993061661720276
0.2041381150484085 0.0 0.3926112651824951
0.10602300614118576 0.0 0.30125686526298523
0.0 0.03584068641066551 0.18548978865146637
0.0 0.019356250762939453 0.06330874562263489
0.0 0.0 0.0
0.0 0.0 0.0
0.0 0.0 0.0
0.0 0.0 0.0
0.0 0.0 0.0
0.0 0.0 0.0
0.02327939309179783 0.0 0.0
0.02310043014585972 0.0 0.0
0.009061308577656746 0.01837513968348503 0.0
0.003143765265122056 0.016047805547714233 0.0397845134139061
0.046915747225284576 0.0 0.03589656203985214
0.059888534247875214 0.0 0.014549728482961655
0.053524378687143326 0.0 0.0025591133162379265
0.06748680025339127 0.0 0.0
0.06430912017822266 0.0 0.0
0.05047745630145073 0.0 0.0
0.0 0.0 0.0
0.0 0.0 0.0
0.008025605231523514 0.0 0.0
0.08029713481664658 0.0 0.0
0.0705566257238388 0.0 0.008098222315311432
0.0 0.022604774683713913 0.0022267503663897514
0.0 0.03973475843667984 0.0037793731316924095
0.0 0.001391364261507988 0.0
0.02840384840965271 0.0 0.0
0.0 0.0 0.0
0.0 0.007657782174646854 0.014024287462234497
0.023605898022651672 0.0022624842822551727 0.01964621990919113
0.045104529708623886 0.0 0.0
0.03128591924905777 0.0 0.0
0.03244040161371231 0.0 0.0
0.031079526990652084 0.0 0.015361461788415909
0.01619458571076393 0.0 0.010963782668113708
0.0 0.0 0.0
0.0 0.015310109592974186 0.0
0.0 0.003563971258699894 0.0
0.008907378651201725 0.0 0.0
0.0376008078455925 0.0 0.0036717820912599564
0.014223048463463783 0.0 0.0
0.007959825918078423 0.0 0.0
0.0 0.004626039415597916 0.0
0.0 0.006799978204071522 0.0
0.0 0.0 0.0
0.0 0.0 0.011851220391690731
0.0 0.0012744823470711708 0.014963123016059399
0.006724377162754536 0.0 0.0
0.0026305662468075752 0.0 0.0
0.0 0.022699879482388496 0.0
0.0 0.00996251218020916 0.0
0.03992946818470955 0.0 0.0
0.06664656847715378 0.0 0.0
0.019932057708501816 0.0 0.0
0.0006481092423200607 0.0 0.0
0.004911830183118582 0.0 0.0
0.03275730833411217 0.0 0.0
0.03699466586112976 0.0 0.0
0.0 0.02801341935992241 0.0
0.0 0.043939653784036636 0.002872105687856674
0.008676741272211075 0.0001482316292822361 0.018419906497001648
0.06451603770256042 0.0 0.0
0.003973598126322031 0.0 0.0
0.0 0.0 0.0
0.02530818060040474 0.0 0.037284672260284424
0.2664337158203125 0.0 0.08751722425222397
0.4618127942085266 0.0 0.14851373434066772
0.4817260503768921 0.0 0.29302990436553955
0.6712989211082458 0.0 0.8099683523178101
1.5574029684066772 0.0 1.6167327165603638
3.083970069885254 0.0 2.484766960144043
4.322450637817383 0.0 2.9073033332824707
5.066723823547363 0.0 3.0007073879241943
6.39873743057251 0.0 3.1059954166412354
7.262569904327393 0.0 3.2682578563690186
7.402228832244873 0.0 2.8845252990722656
7.270457744598389 0.0 2.1353600025177
6.739480018615723 0.0 0.8770539164543152
6.761631011962891 0.2083592265844345 0.0
6.737390041351318 0.945440948009491 0.0
5.532876014709473 2.519247531890869 0.0
3.508746862411499 3.2457385063171387 0.0
2.60115122795105 3.6610302925109863 0.0
1.8002499341964722 3.972249746322632 0.0
0.9926010370254517 3.8887574672698975 0.0
0.17175540328025818 3.175218343734741 0.0
0.0 1.8909441232681274 0.0
0.0 0.5571709871292114 0.0
0.0 0.0 0.0
0.0 0.0 0.0
0.0 0.0 0.0
0.0 0.0 0.0
0.0 0.0 0.0
0.0 0.0 0.0
0.0 0.0 0.0
0.0 0.0 0.0
0.0 0.0 0.0
0.0 0.0 0.0
0.0 0.0 0.0
0.0 0.0 0.05876445770263672
0.0 0.0 0.49776098132133484
0.0 0.0 0.5798129439353943
0.0 0.0 0.5888993740081787
0.024221105501055717 0.0 0.5050455331802368
0.236484095454216 0.0 0.4568508565425873
0.3349691331386566 0.21431532502174377 0.28731560707092285
0.4230683743953705 0.40494704246520996 0.15420575439929962
0.7117302417755127 0.19697868824005127 0.1777813881635666
0.8093393445014954 0.0 0.19281946122646332
0.6141765117645264 0.0 0.17257225513458252
0.32303816080093384 0.0 0.06318717449903488
0.11959636211395264 0.05873452126979828 0.0
0.15264619886875153 0.0 0.0
0.25760164856910706 0.0 0.0
0.25685915350914 0.0 0.0
0.2146427184343338 0.0 0.0
0.13104476034641266 0.0 0.0
0.07039792835712433 0.0 0.0
0.14676406979560852 0.0 0.0
0.26871126890182495 0.0 0.0
0.18118302524089813 0.0 0.000784778967499733
0.0011032694019377232 0.0 0.0
0.0 0.0 0.0
0.0 0.0 0.0
0.00034560030326247215 0.0 0.0
0.0 0.0 0.0
0.0 0.0079858573153615 0.0
0.0018401660490781069 0.0 0.05890560895204544
0.04437670856714249 0.0 0.07211195677518845
0.03428598865866661 0.0 0.016487043350934982
0.0 0.01621023193001747 0.0
0.0 0.0 0.0
0.0 0.0 0.014993542805314064
0.0598645880818367 0.0 0.01448860578238964
0.0675446167588234 0.0 0.0
0.0 0.05445748567581177 0.0013666795566678047
0.0 0.04718013107776642 0.0
0.0 0.0 0.0
0.022778203710913658 0.0 0.0
0.021628517657518387 0.0 0.0013941098004579544
0.06009042263031006 0.0 0.0
0.011249113827943802 0.03005334362387657 0.0
0.0 0.08015113323926926 0.0
0.0 0.06192579120397568 0.021175270900130272
0.02446984499692917 0.0 0.0377688929438591
0.053270310163497925 0.0 0.035847630351781845
0.002284621587023139 0.0 0.01619536802172661
0.0 0.05143565312027931 0.0
0.0 0.05135282874107361 0.007233032025396824
0.0 0.029903464019298553 0.028013411909341812
0.019433781504631042 0.0 0.00997741986066103
0.020826080814003944 0.0 0.0
0.002659594640135765 0.0 0.0
0.0 0.0 0.0
0.0 0.0 0.0
0.0 0.0 0.018750671297311783
0.0023152478970587254 0.0 0.010802467353641987
0.037686556577682495 0.0 0.0
0.03219112008810043 0.0 0.008908960036933422
0.0 0.0 0.0022302838042378426
0.01412636786699295 0.0033669276162981987 0.007801617495715618
0.02790316566824913 0.0 0.014283484779298306
0.030032362788915634 0.0 0.013201975263655186
0.015216132625937462 0.0 0.002402057871222496
0.033295270055532455 0.0 0.010091668926179409
0.020542720332741737 0.0 0.00461940560489893
0.011874131858348846 0.0 0.015167654491961002
0.012990795075893402 0.0 0.008734521456062794
0.0 0.021797068417072296 0.0
0.0 0.1007709801197052 0.0
0.0 0.18155424296855927 0.0
0.0 0.15678125619888306 0.00354029331356287
0.0 0.07033157348632812 0.02485516667366028
0.040806181728839874 0.09150584042072296 0.021173615008592606
0.0 0.10029640793800354 0.0
0.0 0.027083709836006165 0.0
0.026491956785321236 0.006760594435036182 0.0
0.0037996938917785883 0.0003266632556915283 0.0
0.0 0.042958810925483704 0.0
0.0 0.04301633685827255 0.0
0.028288524597883224 0.0 0.0
0.06542523950338364 0.0 0.0
0.004834598395973444 0.015188433229923248 0.0
0.0 0.02704375982284546 0.0
0.0038841161876916885 0.005670296028256416 0.0
0.09742338210344315 0.0 0.0
0.13018053770065308 0.0 0.03132212162017822
0.06613869965076447 0.022287089377641678 0.03829534351825714
0.00024037901312112808 0.023578189313411713 0.012001688592135906
0.00996571034193039 0.009790206328034401 0.0
0.028189189732074738 0.042723122984170914 0.0
0.04187650606036186 0.050065457820892334 0.014640082605183125
0.03968792036175728 0.013923166319727898 0.014501064084470272
0.04516763985157013 0.0 0.0
0.010181160643696785 0.015181776136159897 0.0
0.0 0.00035379640758037567 0.0
0.04959941282868385 0.0 0.0
0.025074630975723267 0.0 0.0
0.0 0.0034949947148561478 0.0
0.0 0.0 0.007268114015460014
0.019348034635186195 0.0 0.010891877114772797
0.0006507802754640579 0.022688664495944977 0.0
0.0 0.013205946423113346 0.0
0.03427771478891373 0.0 0.015386493876576424
0.07161097228527069 0.0 0.021183397620916367
0.020445790141820908 0.02247241511940956 0.0186118483543396
0.0 0.014104229398071766 0.0
0.013203855603933334 0.0 0.0
0.019459621980786324 0.0 0.0034906864166259766
0.012015020474791527 0.0 0.002379083074629307
0.0 0.0 0.0
0.0 0.0 0.0
0.0 0.0 0.002176150679588318
0.00436322670429945 0.0 0.016104482114315033
0.006484434474259615 0.0 0.01500566303730011
0.0 0.0 0.022535216063261032
0.0 0.0 0.032128188759088516
0.016159165650606155 0.0 0.016346298158168793
0.0 0.0 0.0
0.007746772840619087 0.0 0.003428901545703411
0.03196369484066963 0.0 0.03135347738862038
0.022645561024546623 0.022492121905088425 0.012223990634083748
0.0 0.026989668607711792 0.0
0.0 0.0003543291240930557 0.0
0.029270173981785774 0.0 0.0
0.051425009965896606 0.0 0.008072655647993088
0.010986775159835815 0.024669788777828217 0.004636378958821297
0.0 0.05261913314461708 0.0
0.0 0.0184829980134964 0.0
0.04831364005804062 0.0 0.0
0.06302973628044128 0.0 0.023186095058918
0.010615795850753784 0.0 0.035496290773153305
0.023636789992451668 0.0 0.015345748513936996
0.0 0.0 0.015045076608657837
0.016029203310608864 0.0 0.02698323130607605
0.0 0.06081021949648857 0.022604461759328842
0.0 0.03732885792851448 0.05338873714208603
0.01347390003502369 0.0 0.06863187253475189
0.05094457417726517 0.0 0.05507318675518036
0.0 0.0 0.019304005429148674
0.0 0.0 0.0
0.0 0.0 0.0
0.0 0.0 0.0
0.0 0.0 0.0
0.0 0.0 0.0
0.02087447978556156 0.0 0.0
0.0 0.0 0.0
0.0 0.04820961132645607 0.0
0.01213611476123333 0.036392632871866226 0.0
0.06431489437818527 0.0 0.004018341191112995
0.056936874985694885 0.0 0.0
0.01120241079479456 0.01625514030456543 0.0
0.0 0.006709839217364788 0.0
0.0 0.0 0.00756806880235672
0.005410834681242704 0.0033483970910310745 0.024810172617435455
0.003150876145809889 0.0 0.0332513265311718
0.014138545840978622 0.0 0.0012878021225333214
0.0 0.0 0.0
0.0 0.0 0.0
0.009835943579673767 0.0 0.005538739264011383
0.029080476611852646 0.0 0.0036252588033676147
0.01093849167227745 0.007658191025257111 0.006717987358570099
0.002309317234903574 0.004453876055777073 0.015167931094765663
0.0 0.025745317339897156 0.010900482535362244
0.0 0.015199731104075909 0.0
0.021854521706700325 0.0034762294963002205 0.0
0.02272031642496586 0.00021279184147715569 0.0014699622988700867
0.02044730819761753 0.0022913888096809387 0.015342101454734802
0.0 0.020495694130659103 0.0
0.0 0.002460499294102192 0.0
0.012071933597326279 0.0 0.0
0.0 0.0 0.0
0.0 0.0 0.0
0.0 0.0 0.0
0.0 0.0 0.0
0.0 0.0 0.0
0.0 0.013068669475615025 0.0
0.0 0.013149362988770008 0.0
0.009768032468855381 0.0 0.015218265354633331
0.02044091746211052 0.0 0.01532825268805027
0.0 0.0 0.005256444215774536
0.010777371004223824 0.0 0.02056296356022358
0.011924659833312035 0.011876638047397137 0.015288040041923523
0.019383642822504044 0.011857730336487293 0.016430802643299103
0.034313589334487915 0.0 0.015466738492250443
0.01943211257457733 0.0 0.005617302842438221
0.013206173665821552 0.0 0.0
0.0 0.0216674841940403 0.0
0.0 0.006726084277033806 0.0
0.023669200018048286 0.0 0.007775528356432915
0.03531600534915924 0.0 0.018612729385495186
0.0 0.029058557003736496 0.0
0.0 0.005751367658376694 0.0
0.0 0.0 0.0
0.0162216704338789 0.0 0.0077494289726018906
0.0 0.0 0.01721053197979927
0.0 0.0 0.0
0.0 0.0 0.0
0.0 0.0 0.0
0.0 0.019399508833885193 0.005529106594622135
0.009838471189141273 0.0012844204902648926 0.008823969401419163
0.004645839799195528 0.0 0.0
0.0 0.0 0.0
0.0 0.008889343589544296 0.0
0.009725820273160934 0.0 0.01840655505657196
0.021662907674908638 0.0076677510514855385 0.0014845645055174828
0.015273449942469597 0.0 0.0
0.023669065907597542 0.002303878776729107 0.013238691724836826
0.03100767359137535 0.0 0.025039158761501312
0.0 0.03749755024909973 0.0023194653913378716
0.0 0.024869905784726143 0.0
0.0 0.0 0.004342135973274708
0.023632580414414406 0.0 0.014251491986215115
0.0 0.0 0.0011908169835805893
0.0 0.02696741186082363 0.0
0.0 0.013052396476268768 0.0
0.015278510749340057 0.0 0.0
0.004437580704689026 0.008709046989679337 0.016272298991680145
0.0 0.023726878687739372 0.0
0.0 0.010984186083078384 0.0
0.005624551326036453 0.0013129161670804024 0.003440389409661293
0.028015611693263054 0.003386453725397587 0.005807407200336456
0.005677814595401287 0.00770769827067852 0.0
0.0 0.0 0.00868575181812048
0.0 0.019398177042603493 0.008680424652993679
0.0 0.0 0.002224124036729336
0.0014463181141763926 0.0 0.0
0.0 0.031244715675711632 0.0
0.0 0.0 0.011894061230123043
0.027955690398812294 0.0 0.008953132666647434
0.0 0.0 0.0
0.0 0.0 0.0
0.005527612753212452 0.0 0.011965167708694935
0.012849440798163414 0.0 0.02700483798980713
0.0 0.020436543971300125 0.011952384375035763
0.0 0.003531062975525856 0.0
0.01216074824333191 0.0 0.0
0.016276396811008453 0.0 0.002412942238152027
0.0 0.016176285222172737 0.01512181293219328
0.0 0.008766837418079376 0.008645803667604923
0.0015254139434546232 0.0 0.0
0.002637550001963973 0.0 0.0
0.008807828649878502 0.0 0.001249406486749649
0.015126977115869522 0.0 0.012050655670464039
0.0 0.0034847240895032883 0.0
0.0 0.004680674523115158 0.0
0.009936897084116936 0.0 0.0
0.022689443081617355 0.0 0.0035943351686000824
0.0045975251123309135 0.021527299657464027 0.0024281367659568787
0.0 0.0 0.007618638686835766
0.017501872032880783 0.0 0.0
0.010030107572674751 0.0 0.0
0.01097952388226986 0.007693774998188019 0.0024470454081892967
0.00343185942620039 0.014055535197257996 0.010938801802694798
0.0 0.007720407098531723 0.006506768055260181
0.0 0.0 0.0
0.0 0.0 0.0
0.0 0.0 0.0033107083290815353
0.019264884293079376 0.0 0.024915866553783417
0.011988329701125622 0.0 0.005606885999441147
0.0 0.0014185691252350807 0.0
0.0 0.009903665632009506 0.0
0.0013471371494233608 0.003452424891293049 0.004473711363971233
0.028037870302796364 0.004466290585696697 0.003675295040011406
0.008973365649580956 0.01305764727294445 0.0
0.0 0.014157000929117203 0.0
0.0 0.0 0.013999837450683117
0.0 0.010876785963773727 0.019260913133621216
0.0 0.010928716510534286 0.013760154135525227
0.0 0.0 0.013774269260466099
0.0 0.0 0.022377077490091324
0.0 0.0 0.011702862568199635
0.0 0.0 0.010624014772474766
0.00025364337489008904 0.007695106789469719 0.007681488059461117
0.025982974097132683 0.0 0.0
0.03452426567673683 0.0 0.0
0.009130757302045822 0.008865034207701683 0.0
0.0005798805505037308 0.014189757406711578 0.0
0.0 0.0 0.0
0.0 0.012131134048104286 0.0
0.0 0.0003999099135398865 0.0
0.033406537026166916 0.0 0.0
0.01628960110247135 0.0 0.0024449145421385765
0.0 0.0013378746807575226 0.016986839473247528
0.0 0.0 0.01723610982298851
0.019451837986707687 0.0 0.005667606368660927
0.0035125534050166607 0.0023970138281583786 0.001286972314119339
0.00016709044575691223 0.0 0.012953215278685093
0.018346093595027924 0.0 0.011032545007765293
0.0 0.014102673158049583 0.0033655697479844093
0.0 0.00776328332722187 0.0
0.0036092260852456093 0.0013698330149054527 0.0
0.019480867311358452 0.0 0.00027124304324388504
0.0056380219757556915 0.0 0.0
0.0 0.02159307897090912 0.0010510161519050598
0.0 0.0204864963889122 0.013898853212594986
0.024817168712615967 0.0 0.002513839863240719
0.020734010264277458 0.0 0.0
0.0 0.0 0.0
0.0 0.013127916492521763 0.0
0.0 0.006849781610071659 0.0
0.0 0.003615904599428177 0.0
0.0 0.0 0.0
0.0 0.0 0.0
0.0 0.022858574986457825 0.0
0.0 0.0016624759882688522 0.0
0.0 0.0 0.0
0.0 0.0 0.0
0.0 0.0 0.0
0.0 0.10762219876050949 0.0
0.0 0.21942809224128723 0.0
0.0 0.0 0.10964109003543854
0.19948111474514008 0.0 0.39053159952163696
0.2725316286087036 0.0 0.7019233703613281
0.04826124384999275 0.0 1.259933590888977
0.26023420691490173 0.0 2.0563535690307617
1.375471830368042 0.0 2.9160773754119873
3.540766716003418 0.0 4.054413318634033
6.342470169067383 0.0 4.748409748077393
7.555546283721924 0.0 4.229930877685547
7.412664413452148 0.0 4.281041145324707
7.773083686828613 0.0 4.468342304229736
8.42056941986084 0.0 3.5538980960845947
8.516551971435547 0.0 1.281162977218628
8.268950462341309 0.0 0.0
7.491610050201416 1.0360260009765625 0.0
3.8946993350982666 5.221358299255371 0.0
1.556304693222046 6.832113742828369 0.0
1.191550374031067 5.490314483642578 0.0
0.5602864623069763 3.806499719619751 0.0
0.0 2.8869810104370117 0.0
0.0 2.524998664855957 0.0
0.0 1.8686225414276123 0.0
0.0 0.4664898216724396 0.0
0.0 0.0 0.0
0.0 0.0 0.0
0.0 0.0 0.0
0.0 0.0 0.0
0.0 0.0 0.0
0.0 0.0 0.0
0.0 0.0 0.0
0.0 0.0 0.0
0.0 0.0 0.0
0.0 0.0 0.0
0.0 0.0 0.45765817165374756
0.0 0.0 0.5433228611946106
0.0 0.0 0.47563886642456055
0.0 0.0 0.3785077929496765
0.12565122544765472 0.0 0.362295001745224
0.21556220948696136 0.21317167580127716 0.37906545400619507
0.3648230731487274 0.26528069376945496 0.2973966896533966
0.4565684497356415 0.15072454512119293 0.17935873568058014
0.47161105275154114 0.02149384468793869 0.04555060341954231
0.3210609555244446 0.007280021905899048 0.0
0.1403510719537735 0.0971531867980957 0.0
0.09218567609786987 0.10994674265384674 0.0
0.17675888538360596 0.0 0.0
0.15317872166633606 0.0 0.0
0.09233241528272629 0.0 0.0
0.045864783227443695 0.0 0.007535312324762344
0.0 0.0 0.022582970559597015
0.0 0.0 0.0
0.09005328267812729 0.0 0.0
0.08280069380998611 0.0 0.0
0.02754196897149086 0.0 0.0
0.02441355399787426 0.0 0.0
0.0 0.0 0.0
0.0 0.0 0.004112084396183491
0.028881005942821503 0.0 0.02393825352191925
0.01547545287758112 0.05556260421872139 0.0
0.0006925119087100029 0.03652392700314522 0.0
0.019925862550735474 0.038619834929704666 0.0
0.04541870206594467 0.04702583700418472 0.0
0.057010382413864136 0.04376106709241867 0.0
0.04614068567752838 0.03520939126610756 0.01250050961971283
0.008842317387461662 0.0 0.0
0.0 0.0 0.0
0.0 0.010184465907514095 0.0
0.0 0.0 0.0
0.0 0.0 0.010401938110589981
0.016981735825538635 0.0 0.032207369804382324
0.0014403276145458221 0.0 0.0
0.0 0.0 0.0
0.0 0.018557175993919373 0.0
0.03242141380906105 0.0066043781116604805 0.0
0.05882186442613602 0.003261844627559185 0.020001834258437157
0.05871479958295822 0.019160915166139603 0.032872091978788376
0.05980110913515091 0.0 0.026373181492090225
0.05877286195755005 0.0 0.02207936719059944
0.0042374455370008945 0.0 0.03439595550298691
0.0 0.010859311558306217 0.01924842596054077
0.028708700090646744 0.0 0.03775899484753609
0.07134617120027542 0.0 0.0391736663877964
0.059628263115882874 0.0 0.03800906613469124
0.015224583446979523 0.019344143569469452 0.006798680871725082
0.0 0.05245751887559891 0.0
0.03160570561885834 0.04497084021568298 0.0
0.028280217200517654 0.0 0.0
0.02705596201121807 0.0 0.0
0.032198525965213776 0.0 0.006759769283235073
0.028054647147655487 0.0 0.00043609272688627243
0.0 0.0035658758133649826 0.0
0.0 0.0 0.0
0.0038174851797521114 0.0 0.0
0.012129477225244045 0.01197214424610138 0.0
0.009817853569984436 0.0 0.0076908087357878685
0.02368520013988018 0.0 0.0056340498849749565
0.007999180816113949 0.0 0.0
0.0 0.0 0.0
0.0 0.0 0.0
0.03548140451312065 0.0 0.0
0.042907897382974625 0.0 0.0
0.0015308952424675226 0.0 0.0
0.021769586950540543 0.0 0.0
0.06418788433074951 0.0 0.011393669061362743
0.07691007852554321 0.0 0.016800150275230408
0.05040096491575241 0.0 0.0027061710134148598
0.0 0.0 0.00010346341878175735
0.016300519928336143 0.0 0.0013767210766673088
0.00665108859539032 0.0 0.005550161004066467
0.012930023483932018 0.0 0.015172428451478481
0.016006506979465485 0.0 0.026944130659103394
0.06293407082557678 0.0 0.025172598659992218
0.03976563364267349 0.0 0.0
0.0 0.0 0.0
0.022639907896518707 0.0 0.0034870095551013947
0.03224113583564758 0.0 0.004668388515710831
0.0 0.0 0.0
0.006515533663332462 0.0 0.012899420224130154
0.0 0.0 0.021436449140310287
0.0032630153000354767 0.0 0.019307784736156464
0.009922515600919724 0.0 0.0
0.01827285811305046 0.0 0.011965715326368809
0.036414578557014465 0.0 0.014331667684018612
0.0120658278465271 0.0 0.0
0.0 0.009904198348522186 0.0
0.0 0.0 0.012952149845659733
0.0438823476433754 0.0 0.018769025802612305
0.031348180025815964 0.0 0.0
0.008843936026096344 0.0 0.0
0.023609299212694168 0.0 0.015296264551579952
0.010730785317718983 0.0 0.023745141923427582
0.0 0.025965189561247826 0.0
0.0 0.0 0.0
0.04167485237121582 0.0 0.019680894911289215
0.060901012271642685 0.0 0.021003153175115585
0.004691801033914089 0.0 0.0
0.0 0.0 0.0
0.015349505469202995 0.009847473353147507 0.0
0.032313041388988495 0.0 0.0
0.04805631935596466 0.0 0.017514944076538086
0.0024848394095897675 0.014101607725024223 0.0
0.0 0.046189501881599426 0.0
0.0 0.007880729623138905 0.0
0.0037525042425841093 0.0 0.0
0.0 0.0013573160395026207 0.0011663315817713737
0.006635642610490322 0.0 0.0077003976330161095
0.0046281516551971436 0.005600264295935631 0.0
0.02068062126636505 0.0 0.0
0.05706712603569031 0.0 0.0
0.07824698090553284 0.0 0.0
0.08650463819503784 0.0 0.0168752521276474
0.05436774343252182 0.0 0.03594242036342621
0.0 0.026858681812882423 0.005511544644832611
0.0 0.0003698160871863365 0.0
0.0 0.0 0.0
0.0 0.0 0.0
0.0 0.00031096022576093674 0.0
0.012071420438587666 0.002387959510087967 0.0
0.0 0.0 0.0
0.0 0.014146348461508751 0.0
0.005603667348623276 0.017252659425139427 0.007765910588204861
0.021591955795884132 0.0 0.0035179024562239647
0.04082077741622925 0.0 0.0026622293516993523
0.02585248090326786 0.01401478797197342 0.010094312019646168
0.0 0.021569643169641495 0.0011681951582431793
0.0 0.0 0.0
0.015134056098759174 0.0 0.006610098294913769
0.03648248687386513 0.0 0.004652142524719238
0.0 0.0045632291585206985 0.0
0.0 0.016271283850073814 0.002112552523612976
0.007835130207240582 0.0 0.0
0.005699541419744492 0.0 0.0
0.0 0.010911939665675163 0.006506501697003841
0.030024854466319084 0.0 0.015387876890599728
0.044051457196474075 0.0 0.0
0.0025679301470518112 0.0 0.0
0.002478181617334485 0.002411128953099251 0.0
0.03433384746313095 0.0 0.011150787584483624
0.04077070951461792 0.0 0.00692115630954504
0.013286354951560497 0.0 0.0
0.000497056171298027 0.009909259155392647 0.0
0.037621255964040756 0.0 0.003726162016391754
0.046100493520498276 0.0 0.00914542842656374
0.015119408257305622 0.0 0.01203762087970972
0.01736857369542122 0.014062686823308468 0.004669136367738247
0.02056197077035904 0.008740625344216824 0.0046837832778692245
0.01186754833906889 0.012950283475220203 0.020635319873690605
0.004353439435362816 0.0 0.02264866791665554
0.0109711280092597 0.0 0.00024935416877269745
0.005707390606403351 0.0 0.0
0.0 0.0 0.0
0.0 0.0 0.0
0.00673883268609643 0.0 0.0
0.005600597709417343 0.01620040461421013 0.007763462141156197
0.004458101466298103 0.0023618219420313835 0.013048771768808365
0.03854017332196236 0.0 0.017613962292671204
0.05241284519433975 0.0 0.017752448096871376
0.009783358313143253 0.017223060131072998 0.016355086117982864
0.0 0.030097313225269318 0.0
0.009860856458544731 0.0034382715821266174 0.006696334108710289
0.02783799357712269 0.0 0.02180790901184082
0.029916323721408844 0.002254762686789036 0.028259148821234703
0.003488178364932537 0.01621265709400177 0.005605769343674183
0.0 0.012073039077222347 0.0
0.0 0.0 0.0
0.012998592108488083 0.0 0.007682235911488533
0.024729285389184952 0.0 0.008874533697962761
0.0 0.0 0.0
0.0 0.02385592833161354 0.0
0.0 0.01202909741550684 0.0
0.028857717290520668 0.0 0.023899557068943977
0.02477509155869484 0.0 0.006790077313780785
0.0 0.0 0.0
0.0 0.003513905219733715 0.0
0.003540908917784691 0.007731554098427296 0.0
0.0002628238871693611 0.0002720397897064686 0.005521880462765694
0.00014724256470799446 0.0 0.016189970076084137
0.0 0.016290687024593353 0.0
0.0 0.0 0.0
0.030265729874372482 0.0023825950920581818 0.0
0.02478041686117649 0.004463588818907738 0.008985321968793869
0.03007291816174984 0.019312843680381775 0.015496216714382172
0.040747933089733124 0.0 0.011243415996432304
0.02165200188755989 0.0 0.00037665292620658875
0.0014569852501153946 0.019442271441221237 0.0
0.01310724951326847 0.0 0.0013665501028299332
0.008747921325266361 0.0 0.008770138025283813
0.0 0.02800406888127327 0.0
0.0 0.0 0.004180712625384331
0.013085145503282547 0.0 0.002410508692264557
0.014338163658976555 0.0 0.0
0.0 0.0 0.0
0.0 0.0013793818652629852 0.0
0.014045480638742447 0.012962001375854015 0.01638384908437729
0.02775275707244873 0.0 0.028166774660348892
0.017485471442341805 0.024710385128855705 0.0
0.0 0.0 0.0
0.044084858149290085 0.0 0.0
0.00987762026488781 0.005548940040171146 0.005633235909044743
0.0 0.015076931565999985 0.023685209453105927
0.020559825003147125 0.0055316295474767685 0.0046715689823031425
0.04713843762874603 0.0 0.009089487604796886
0.013091256842017174 0.0 0.003508034162223339
0.0 0.0 0.019108563661575317
0.0 0.022592637687921524 0.0034244107082486153
0.0 0.030126987025141716 0.0
0.0001775883138179779 0.0 0.011880745179951191
0.04496476799249649 0.0 0.011166485957801342
0.021580882370471954 0.0 0.005674249492585659
0.0 0.012047318741679192 0.0
0.0 0.0003081057220697403 0.0
0.004701499827206135 0.017305998131632805 0.0
0.0 0.020512176677584648 0.0
0.02257903479039669 0.0 0.010994712822139263
0.0387209877371788 0.0 0.0016203848645091057
0.0 0.0002857348881661892 0.0022089434787631035
0.0 0.010922666639089584 0.0
0.004601897671818733 0.0 0.0
0.0 0.0 0.004377556033432484
0.0 0.0 0.018211878836154938
0.0 0.01834942400455475 0.006508617661893368
0.0 0.009852875024080276 0.006438310258090496
0.0 0.00455025490373373 0.0
0.009966036304831505 0.0 0.0
0.0003637433983385563 0.00028839847072958946 0.0
0.0 0.013085419312119484 0.0
0.0 0.006680251099169254 0.005295814014971256
0.0 0.0 0.01079071406275034
0.0 0.0 0.0
0.0066645159386098385 0.0 0.003392186015844345
0.008708491921424866 0.0 0.013044548220932484
0.007733775302767754 0.0 0.005591158755123615
0.0 0.018402419984340668 0.0
0.010974043048918247 0.0 0.001339954324066639
0.03544316813349724 0.0 0.009065785445272923
0.014073962345719337 0.0 0.01097873318940401
0.00873219408094883 0.0 0.012004050426185131
0.0 0.002400817349553108 0.00017535407096147537
0.0 0.009905338287353516 0.003031328320503235
0.0 0.016235141083598137 0.0032971110194921494
0.01415226049721241 0.0023550111800432205 0.004597267135977745
0.04063713178038597 0.0 0.017546888440847397
0.021536406129598618 0.0033712731674313545 0.013220849446952343
0.0 0.018309475854039192 0.017190556973218918
0.0 0.003498908132314682 0.0011963825672864914
0.0 0.0 0.0
0.0003338148817420006 0.011995190754532814 0.00021980144083499908
0.007704379968345165 0.0 0.005538400262594223
0.007879882119596004 0.00457029789686203 0.0
0.0 0.0 0.0
0.010960892774164677 0.0 0.002414246089756489
0.022538186982274055 0.0 0.016376402229070663
0.0258700679987669 0.012979229912161827 0.00795628409832716
0.0 0.003540986217558384 0.0
0.008887089788913727 0.0 0.0
0.017288830131292343 0.0 0.009958981536328793
0.0 0.011925682425498962 0.020483527332544327
0.0 0.00885026529431343 0.0
0.00999096967279911 0.0 0.0
0.02053043060004711 0.0 0.00461881048977375
0.0 0.0013247039169073105 0.014007785357534885
0.0 0.0 0.0
0.004683822393417358 0.0 0.0
0.004604726564139128 0.0 0.0
0.0 0.015201104804873466 0.0
0.0 0.006660879589617252 0.010777902789413929
0.006620473228394985 0.0 0.008766950108110905
0.009896693751215935 0.0 0.0013180887326598167
0.0 0.00776262953877449 0.0032507451251149178
0.0 0.015236258506774902 0.0
0.0067815943621098995 0.00562357809394598 0.0
0.012091937474906445 0.0 0.0
0.01212602574378252 0.0 0.0
0.0 0.0 0.0
0.0 0.0035023707896471024 0.0
0.0035083030816167593 0.0013534659519791603 0.0012853322550654411
0.0035083030816167593 0.0013534659519791603 0.0012853322550654411
0.008700402453541756 0.00022774795070290565 0.015221654437482357
0.0 0.010897170752286911 0.014017638750374317
0.0 0.008856123313307762 0.0
0.0014922900591045618 0.0 0.0
0.0024459681008011103 0.0045449985191226006 0.001285065896809101
0.0 0.007706969045102596 0.010866587050259113
0.001427308889105916 0.007752509787678719 0.0
0.017491761595010757 0.002428850159049034 0.0
0.00041264481842517853 0.0 0.0
0.0 0.0 0.0
0.004518706351518631 0.0 0.004448634572327137
0.013004602864384651 0.0 0.010974179022014141
0.009711071848869324 0.0 0.01947738602757454
0.0 0.0034022359177470207 0.02369236946105957
0.0 0.02256847359240055 0.03199131041765213
0.004000188782811165 0.05426834523677826 0.0655607208609581
0.015669628977775574 0.04465673118829727 0.07098771631717682
0.0 0.023484766483306885 0.05793050676584244
0.0 0.0 0.0418386235833168
0.0 0.0 0.03206668421626091
0.0 0.0 0.0
0.0 0.0 0.0
0.0 0.0 0.0
0.004849888850003481 0.0 0.0
0.004993699491024017 0.04082780331373215 0.0
0.026452917605638504 0.03126492351293564 0.0
0.05001204088330269 0.0 0.0
0.04670652374625206 0.0 0.0
0.01757926493883133 0.03965920954942703 0.0
0.0 0.025842729955911636 0.0
0.0 0.0 0.0
0.0 0.0 0.0
0.0 0.0033810967579483986 0.03222807124257088
0.0 0.0 0.034287229180336
0.0 0.0 0.015910884365439415
0.0 0.0 0.022220712155103683
0.0 0.006607250310480595 0.025765378028154373
0.011681696400046349 0.0 0.03443343564867973
0.02252715453505516 0.014005511067807674 0.021815113723278046
0.00038936035707592964 0.02796287089586258 0.0
0.0 0.011066979728639126 0.0
0.01454512681812048 0.005725211463868618 0.0
0.01861869916319847 0.006707917898893356 0.0
0.012101942673325539 0.003491351380944252 0.0
0.0 0.007801411673426628 0.0
0.0 0.0 0.0
0.0 0.0004457607865333557 0.0
0.0026029800064861774 0.0 0.0
0.0 0.0 0.0
0.0 0.0 0.026859670877456665
0.0009723263792693615 0.010782820172607899 0.04188735783100128
0.010629480704665184 0.009720484726130962 0.03663880005478859
0.021392378956079483 0.0 0.026025302708148956
0.014029006473720074 0.01084913220256567 0.01744673028588295
0.0 0.0 0.005314965732395649
0.0 0.0 0.0
0.0 0.019455138593912125 0.0033428948372602463
0.0 0.027893628925085068 0.018378570675849915
0.004588899202644825 0.018366172909736633 0.002420376054942608
0.0 0.0 0.0
0.0 0.0 0.0
0.0 0.0 0.002120770514011383
0.0 0.0 0.03325765207409859
0.014825557358562946 0.0 0.0408918671309948
0.0172202717512846 0.0 0.015273056924343109
0.012125112116336823 0.0 0.0
0.0 0.009966826997697353 0.0
0.0 0.01305436808615923 0.008706305176019669
0.005494816694408655 0.0 0.013002783060073853
0.0 0.0 0.0
0.0 0.0 0.0
0.012078683823347092 0.0 0.0
0.02698918990790844 0.0 0.00044251699000597
0.022693511098623276 0.0 0.00034105125814676285
0.01200198382139206 0.0 0.002374374307692051
0.0 0.017380937933921814 0.0
0.003614358603954315 0.0 0.0
0.014395633712410927 0.0 0.0
0.0 0.0 0.0
0.008015232160687447 0.008885988034307957 0.0
0.015409765765070915 0.0 0.0
0.01014629378914833 0.006755459122359753 0.0
0.0 0.006749333813786507 0.0
0.02157365158200264 0.0 0.006767258048057556
0.010988384485244751 0.0 0.0
0.0 0.0 0.0
0.0 0.0 0.0
0.0 0.010987487621605396 0.0
0.004434612113982439 0.003440888598561287 0.015190836042165756
0.0 0.0 0.0053557828068733215
0.0 0.0 0.0
0.0 0.017444055527448654 0.0
0.01929265446960926 0.0 0.01407097838819027
0.05797666683793068 0.0 0.0
0.0 0.0 0.0
0.0 0.0 0.0
0.0 0.0 0.0
0.0 0.0 0.0
0.0 0.0 0.0
0.0 0.0 0.0
0.0 0.0 0.0
0.0 0.0 0.021866582334041595
0.028446204960346222 0.0 0.24540166556835175
0.5899412631988525 0.0 0.6515273451805115
1.2354846000671387 0.0 0.8736549615859985
2.076310396194458 0.0 1.400909423828125
3.526806116104126 0.0 2.468308448791504
5.132640838623047 0.0 3.6792941093444824
6.523229598999023 0.0 4.4840850830078125
7.852870464324951 0.0 4.9520697593688965
8.32537841796875 0.0 5.009670734405518
8.21745491027832 0.0 4.326702117919922
8.327564239501953 0.0 2.986891746520996
8.3760347366333 0.0 0.8585513830184937
8.012020111083984 0.02343110740184784 0.0
5.485722064971924 4.1842546463012695 0.0
2.721769332885742 6.138360500335693 0.0
2.5677452087402344 4.419674873352051 0.0
2.5079259872436523 2.6705384254455566 0.0
1.471227765083313 2.323509693145752 0.0
0.3805161118507385 2.0796916484832764 0.0
0.0 1.220324993133545 0.0
0.0 0.6306991577148438 0.0
0.0 0.7006840705871582 0.0
0.0 0.4073238670825958 0.0
0.0 0.0 0.0
0.0 0.0 0.0
0.0 0.0 0.0
0.0 0.0 0.0
0.0 0.0 0.0
0.0 0.0 0.0
0.0 0.0 0.0
0.0 0.0 0.0
0.0 0.0 0.0
0.0 0.0 0.0
0.0 0.0 0.0
0.0 0.0 0.0
0.0 0.0 0.0
0.0 0.0 0.0
0.0 0.0 0.12341804057359695
0.0 0.0 0.4699522852897644
0.0 0.0 0.44138777256011963
0.0 0.0 0.14712578058242798
0.0 0.0 0.0
0.13446667790412903 0.0 0.0
0.22204233705997467 0.0 0.09894678741693497
0.22932074964046478 0.07195305079221725 0.055050164461135864
0.2348524034023285 0.14997276663780212 0.0
0.3596148192882538 0.07424896210432053 0.0
0.4689277410507202 0.051495980471372604 0.0
0.5109484791755676 0.05223021283745766 0.06420931220054626
0.47474515438079834 0.08314552158117294 0.06074293702840805
0.362621545791626 0.08267174661159515 0.0
0.2809160351753235 0.0426284521818161 0.0
0.212079718708992 0.0 0.0
0.21564115583896637 0.0 0.021482620388269424
0.07474929094314575 0.0 0.024376943707466125
0.04242170602083206 0.0 0.04084726423025131
0.04257297143340111 0.0 0.025889087468385696
0.034927304834127426 0.0 0.03853590413928032
0.07723721116781235 0.0 0.07199639081954956
0.0 0.0 0.06719072163105011
0.0 0.0 0.07559645175933838
0.03031151369214058 0.0 0.08796603977680206
0.03825439140200615 0.0 0.043207623064517975
0.010946869850158691 0.0 0.0
0.07029195874929428 0.0 0.02283337712287903
0.044650740921497345 0.0 0.03779920935630798
0.0 0.0 0.04652612283825874
0.0 0.0 0.025290876626968384
0.0539582222700119 0.0 0.0
0.08824136108160019 0.0 0.0
0.09411656111478806 0.0 0.0
0.029985511675477028 0.0 0.004397577606141567
0.0 0.0 0.05734574794769287
0.0 0.1591079831123352 0.10569197684526443
0.0 0.0 0.221881702542305
0.0 0.0 0.11692358553409576
0.0 0.0 0.04180699959397316
0.0 0.1289660632610321 0.018367189913988113
0.13985103368759155 0.004863016307353973 0.13192623853683472
0.25354430079460144 0.0 0.22032774984836578
0.21045702695846558 0.0 0.15691255033016205
0.008870106190443039 0.04347778856754303 0.10937672108411789
0.0 0.3673972487449646 0.06591473519802094
0.0 0.2078491598367691 0.09408751875162125
0.0 0.0 0.0
0.0 0.0 0.0
0.0 0.0 0.0
0.0 0.049530621618032455 0.0050790803506970406
0.0 0.0 0.02020450308918953
0.0 0.0 0.0
0.0 0.017985209822654724 0.0
0.046769287437200546 0.06631039828062057 0.0
0.0 0.1289258450269699 0.01961647719144821
0.0 0.24337519705295563 0.1287544220685959
0.03651558607816696 0.17301687598228455 0.13891731202602386
0.0777522400021553 0.1136840432882309 0.06328646093606949
0.0 0.15028253197669983 0.011878130957484245
0.0 0.32662612199783325 0.07917381078004837
0.021439161151647568 0.14749553799629211 0.14829882979393005
0.10386878997087479 0.0 0.09836695343255997
0.021132897585630417 0.051084041595458984 0.05931302160024643
0.0 0.07695558667182922 0.0261678546667099
0.0 0.2003539502620697 0.010471981018781662
0.0 0.3774813115596771 0.08650549501180649
0.1522941142320633 0.12516546249389648 0.08116132766008377
0.16795429587364197 0.0 0.0
0.0 0.0 0.0
0.0 0.043323058634996414 0.0
0.018060142174363136 0.0 0.0
0.0 0.0016978494822978973 0.0
0.0 0.12730132043361664 0.0
0.0 0.12304931879043579 0.0
0.0 0.11218547821044922 0.0
0.010231249034404755 0.20123305916786194 0.0
0.08626982569694519 0.09917673468589783 0.0
0.04736698791384697 0.09308595210313797 0.0
0.0 0.08566025644540787 0.0
0.0 0.0 0.08330483734607697
0.0 0.0 0.07578647136688232
0.09275870770215988 0.0 0.0057093799114227295
0.2320348471403122 0.0 0.0
0.33673834800720215 0.0 0.0
0.28407832980155945 0.0 0.0
