0.0 0.03185660392045975 0.0425092950463295
0.0 0.0 0.0
0.0 0.0 0.037561677396297455
0.26320576667785645 0.0 0.06350751966238022
0.3512418866157532 0.023615185171365738 0.0
0.5217452049255371 0.0 0.0
0.4242423176765442 0.0 0.0
0.12125341594219208 0.0 0.0
0.0 0.16375525295734406 0.0
0.0 0.19594381749629974 0.0
0.0 0.6342673897743225 0.0
0.0 0.5257848501205444 0.0
0.0 0.3573547899723053 0.0
0.0 0.24038584530353546 0.0
0.0 0.0905018001794815 0.0
0.011310671456158161 0.0 0.0
0.09485376626253128 0.0 0.0
0.04197430610656738 0.0 0.0
0.0 0.08541516959667206 0.0
0.06645781546831131 0.0 0.0
0.10374819487333298 0.0 0.0
0.09190644323825836 0.0 0.0
0.09056634455919266 0.0 0.0
0.11937455832958221 0.0 0.0
0.08190654218196869 0.0 0.0
0.0 0.0 0.0
0.0 0.0 0.0
0.03274379298090935 0.0 0.0
0.0 0.0 0.11841551214456558
0.0818338394165039 0.0 0.0
0.005798726808279753 0.0 0.0
0.0628119483590126 0.0 0.0
0.11764829605817795 0.0 0.0
0.18003018200397491 0.0 0.0
0.17608922719955444 0.0 0.0
0.15887536108493805 0.0 0.0
0.15845777094364166 0.0 0.0
0.11981930583715439 0.0 0.0
0.02240566536784172 0.0 0.0
0.014524308033287525 0.0 0.0
0.03756704181432724 0.0 0.015583407133817673
0.038444820791482925 0.0 0.03156157210469246
0.03508151322603226 0.0 0.0420973040163517
0.01595926284790039 0.0 0.03553754836320877
0.0 0.046210117638111115 0.04413103312253952
0.0030306808184832335 0.11942041665315628 0.07444979250431061
0.11707309633493423 0.20733268558979034 0.10258182883262634
0.1628195345401764 0.12856118381023407 0.10492008179426193
0.1831035017967224 0.0 0.08112020790576935
0.19797272980213165 0.0 0.0800245851278305
0.29937952756881714 0.0 0.07782507687807083
0.3797992765903473 0.0 0.04015173763036728
0.41185998916625977 0.0 0.023103246465325356
0.4295865297317505 0.0 0.045314811170101166
0.42200717329978943 0.0 0.04827864468097687
0.4506897032260895 0.0 0.0
0.39608317613601685 0.0 0.0
0.36155927181243896 0.0 0.01464398205280304
0.2546112537384033 0.0 0.03818179666996002
0.12017008662223816 0.0 0.04779501259326935
0.0 0.0 0.042347252368927
0.0 0.0 0.024419648572802544
0.0 0.0 0.04219385236501694
0.0 0.0 0.06151002645492554
0.0 0.0 0.05603749305009842
0.0 0.0 0.042176276445388794
0.0 0.0 0.0367404967546463
0.0 0.0 0.04275577515363693
0.0 0.0 0.03825237601995468
0.0 0.006151384674012661 0.040201276540756226
0.0 0.04545591026544571 0.05096869915723801
0.0 0.08145812153816223 0.04551880806684494
0.0 0.046225301921367645 0.05348911136388779
0.0 0.0377788171172142 0.0405898317694664
0.0 0.07084356248378754 0.044352076947689056
0.0 0.05812297761440277 0.04727010428905487
0.0 0.05708647519350052 0.026169078424572945
0.0 0.03265249729156494 0.0
0.0 0.0 0.0
0.0 0.0 0.0
0.0 0.006337272934615612 0.0
0.0 0.046762458980083466 0.0
0.0 0.027496354654431343 0.0
0.0 0.0 0.0
0.0 0.029479878023266792 0.0
0.0 0.06236778944730759 0.00015265773981809616
0.0 0.03144768625497818 0.01831807941198349
0.0 0.033596061170101166 0.012973381206393242
0.0 0.062285758554935455 0.021527189761400223
0.0 0.08998929709196091 0.02235516719520092
0.0 0.08258597552776337 0.014800310134887695
0.0 0.047492168843746185 0.01578621193766594
0.0 0.018772903829813004 0.01681419275701046
0.0 0.0 0.03069268725812435
0.0 0.0 0.030656469985842705
0.0 0.02627822756767273 0.029383478686213493
0.0 0.06359097361564636 0.015362467616796494
0.0 0.0743541419506073 0.0
0.0 0.015793360769748688 0.0
0.0 0.019997429102659225 0.0
0.0 0.04332219064235687 0.011450016871094704
0.0 0.0272982195019722 0.01912045292556286
0.0 0.0 0.027939511463046074
0.0 0.0 0.015071915462613106
0.0 0.02736053615808487 0.0
0.0 0.032689522951841354 0.0
0.0 0.0 0.0
0.0 0.0 0.0
0.0 0.035939108580350876 0.0
0.0 0.0614178366959095 0.0
0.0 0.05276922136545181 0.013135265558958054
0.0013534259051084518 0.039961282163858414 0.01649004966020584
0.00672608707100153 0.02827613055706024 0.011164259165525436
0.0024027114268392324 0.020826734602451324 0.015370190143585205
0.0 0.028360020369291306 0.00550371129065752
0.0 0.01562877744436264 0.0
0.0 0.01024120394140482 0.010913657024502754
0.0 0.0 0.024882735684514046
0.0 0.013398113660514355 0.017375817522406578
0.0 0.0 0.003437630832195282
0.0016426453366875648 0.0 0.0
0.015602669678628445 0.0 0.0
0.008125578053295612 0.0 0.0
0.0 0.0 0.0
0.0 0.0 0.0
0.0005691251717507839 0.010315504856407642 0.0
0.0 0.007138886488974094 0.0
0.0 0.003946555778384209 0.0
0.0 0.0007377127185463905 0.0
0.0 0.0 0.0
0.0 0.009258496575057507 0.0
0.0 0.0241255946457386 0.0012064343318343163
0.0 0.01349452044814825 0.0022187018766999245
0.0 0.0 0.002391275018453598
0.011016173288226128 0.0 0.0014269445091485977
0.008906150236725807 0.0006623454391956329 0.0025499993935227394
0.010885411873459816 0.0 0.01533770002424717
0.0 0.0 0.0
0.0 0.0018812743946909904 0.0
0.0 0.0 0.0
0.0 0.0 0.0
0.0 0.0 0.0011579645797610283
0.0 0.010314439423382282 0.005306370556354523
0.0 0.029439665377140045 0.011713936924934387
0.0 0.015530507080256939 0.01630389504134655
0.028997037559747696 0.0 0.018730299547314644
0.04069310799241066 0.0 0.02203129045665264
0.003481824416667223 0.0070158494636416435 0.012131253257393837
0.0 0.011333632282912731 0.008674204349517822
0.0 0.0 0.012000758200883865
0.017246104776859283 0.0 0.01967785321176052
0.01196239423006773 0.0 0.016461553052067757
0.0 0.003829376772046089 0.015250880271196365
0.0 0.0 0.018421374261379242
0.006562302820384502 0.0 0.02063605934381485
0.0055066258646547794 0.0 0.021742070093750954
0.00023037102073431015 0.0027537252753973007 0.01635822281241417
0.003376895794644952 0.0 0.0206387210637331
0.010845198296010494 0.0 0.020709827542304993
0.01728525385260582 0.0 0.0164871197193861
0.006685607135295868 0.0 0.008892849087715149
0.003445072565227747 0.0 0.012051625177264214
0.0011627436615526676 0.0 0.026995422318577766
0.0 0.0 0.030177896842360497
0.0 0.0 0.026928042992949486
0.0 0.0 0.02586437575519085
0.0 0.0 0.0204634852707386
0.0 0.0 0.00968886911869049
0.0 0.0 0.012896912172436714
0.0 0.0 0.018267177045345306
0.0 0.0 0.022574307397007942
0.0 0.005926349200308323 0.025886481627821922
0.008642498403787613 0.0 0.028183190152049065
0.021526871249079704 0.0 0.01756330393254757
0.005541513208299875 0.0 0.014174697920680046
0.0 0.0 0.01828315481543541
0.0 0.0 0.023570863530039787
0.0 0.0 0.020483460277318954
0.005540181417018175 0.0 0.015263663604855537
0.005444840528070927 0.0 0.023791903629899025
0.0 0.0 0.03230469673871994
0.0 0.0 0.030127832666039467
0.002279939828440547 0.0 0.02274714596569538
0.025737328454852104 0.0 0.02184753119945526
0.01728126034140587 0.0 0.013202909380197525
0.0 0.0 0.006593476980924606
0.0 0.0 0.00119817815721035
0.0 0.0 0.0013228142634034157
0.0 0.0 0.0034344345331192017
0.0 0.0 0.007774321362376213
0.005550035275518894 0.0 0.016376864165067673
0.004495156928896904 0.0 0.014209052547812462
0.0 0.0 0.014098264276981354
0.0 0.0 0.0172228142619133
0.0 0.0 0.01836877129971981
0.0 0.0 0.02156323380768299
0.0 0.0 0.0194377638399601
0.005476712249219418 0.0 0.02059544064104557
0.004476961679756641 0.0 0.015271514654159546
0.00016663549467921257 0.0 0.02059757150709629
0.0012382916174829006 0.0 0.019526181742548943
0.007711104582995176 0.0 0.012098891660571098
0.01742471754550934 0.0 0.0026052547618746758
0.012064307928085327 0.0 0.005773884244263172
0.0 0.0 0.007732905447483063
0.0 0.0 0.0001631360501050949
0.0 0.0007157912477850914 0.0
0.0 0.004950216971337795 0.0035267090424895287
0.0034385952167212963 0.0027693547308444977 0.015323180705308914
0.0 0.0006638597697019577 0.013115953654050827
0.0 0.0007168566808104515 0.0034169871360063553
0.0 0.0 0.0
0.004681492689996958 0.0 0.0
0.0 0.009204616770148277 0.0024830158799886703
0.0 0.015579160302877426 0.01091085560619831
0.0 0.006010421551764011 0.008785920217633247
0.014231055974960327 0.0 0.0014981795102357864
0.019561905413866043 0.0 0.0015410557389259338
0.012036344036459923 0.0 0.008988851681351662
0.01084457989782095 0.003793606534600258 0.021810375154018402
0.0 0.0 0.02372065931558609
0.0 0.0 0.01601320505142212
0.0 0.0 0.009472748264670372
0.0 0.0 0.01379159651696682
0.0 0.0 0.025623753666877747
0.0 0.0 0.021425016224384308
0.0 0.0 0.016101622954010963
0.0033507109619677067 0.0 0.02168387547135353
0.0108131542801857 0.0 0.023925989866256714
0.007661836221814156 0.0016817199066281319 0.01963510550558567
0.004529159516096115 0.0038383472710847855 0.013200907036662102
0.0109335295855999 0.00488869845867157 0.013268286362290382
0.011997728608548641 0.010198242962360382 0.014364443719387054
0.00888822227716446 0.005988051183521748 0.004704891704022884
0.0047035966999828815 0.0 0.0
0.0004987316206097603 0.0 0.0
0.003720091423019767 0.0 0.0
0.0015141949988901615 0.0 0.0
0.0 0.0 0.0
0.0 0.0 0.009741460904479027
0.0 0.0 0.021591728553175926
0.0 0.0 0.016176724806427956
0.0 0.0 0.014085343107581139
0.005533227697014809 0.0 0.018527498468756676
0.011958369985222816 0.011233375407755375 0.018639883026480675
0.001318775350227952 0.02507941424846649 0.017510170117020607
0.00027002254500985146 0.015525325201451778 0.014263777062296867
0.008903725072741508 0.014481100253760815 0.004731791093945503
0.0036194801796227694 0.012385458685457706 0.0
0.00044898688793182373 0.003902757540345192 0.0
0.002595494734123349 0.0 0.0
0.0016109240241348743 0.0 0.0
0.0 0.0 0.0
0.0 0.004005023278295994 0.0
0.013449473306536674 0.002885962836444378 0.0
0.010293095372617245 0.0 0.0
0.0 0.0019144415855407715 0.0
0.0 0.013646199367940426 0.0
0.0 0.014673379249870777 0.0
0.004095653537660837 0.024247709661722183 0.0
0.0 0.030641160905361176 0.0
0.005160917993634939 0.01574450358748436 0.0
0.012691805139183998 0.020002100616693497 0.0
0.010562341660261154 0.023195762187242508 0.0
0.007232590578496456 0.010404598899185658 0.0
0.012472626753151417 0.0 0.0
0.005950278602540493 0.012453102506697178 0.0
0.0 0.020936336368322372 0.0
0.0 0.003944835625588894 0.0
0.00034831929951906204 0.0 0.001331200823187828
0.0055657182820141315 0.0 0.014230487868189812
0.0 0.013404116965830326 0.017376214265823364
0.0 0.009123618714511395 0.024839721620082855
0.005485024303197861 0.0005948450416326523 0.023882314562797546
0.005567582324147224 0.0 0.015326378867030144
0.0 0.00813851598650217 0.0045299232006073
0.0 0.0 0.006670838221907616
0.012063564732670784 0.0 0.0046737343072891235
0.012138400226831436 0.0 0.0
0.00686400942504406 0.0 0.0
0.012207642197608948 0.0028241779655218124 0.0
0.017506267875432968 0.014488023705780506 0.0
0.02077023684978485 0.019817274063825607 0.0
0.008187334053218365 0.008236252702772617 0.0
0.0 0.0 0.0
0.0 0.00939472857862711 0.0
0.004035998601466417 0.013600393198430538 0.0
0.0028578161727637053 0.0050614988431334496 0.0
0.008157240226864815 0.0 0.0
0.002815471962094307 0.0 0.0
0.0 0.009268761612474918 0.0
0.0 0.009233341552317142 0.0
0.0 0.008221606723964214 0.0
0.0 0.006144660525023937 0.0
0.0 0.022123627364635468 0.0
0.0 0.031679049134254456 0.0
0.0 0.038048531860113144 0.0
0.0 0.009371878579258919 0.0
0.0 0.03714332357048988 0.0
0.0 0.07662522047758102 0.0
0.0 0.09048883616924286 0.0
0.0 0.16616681218147278 0.0
0.0 0.15559884905815125 0.0
0.0 0.1258004903793335 0.0
0.0 0.09286331385374069 0.0
0.0 0.09708309173583984 0.0
0.0 0.12261267751455307 0.0
0.0 0.11950690299272537 0.0
0.0 0.15564361214637756 0.0
0.0 0.08849519491195679 0.0
0.0 0.02864624187350273 0.0
0.022902468219399452 0.0 0.0
0.02041427604854107 0.0 0.015282701700925827
0.027960076928138733 0.0 0.005695054307579994
0.03005918115377426 0.0 0.012191303074359894
0.0 0.0 0.03010638616979122
0.0 0.0 0.047157011926174164
0.0 0.0 0.035365596413612366
0.0 0.0 0.0022918013855814934
0.0 0.0 0.0
0.0 0.0 0.0
0.0 0.0 0.018260648474097252
0.0 0.0 0.018352260813117027
0.0 0.0 0.0
0.0 0.0 0.0
0.008982124738395214 0.0 0.0
0.02265213057398796 0.0 0.014436613768339157
0.005676875356584787 0.01449553482234478 0.006837284192442894
0.0 0.025188926607370377 0.0
0.0 0.012430518865585327 0.0
0.0 0.0 0.0
0.0 0.0 0.0
0.0 0.0 0.0
0.0 0.0 0.0
0.0 0.0 0.0
0.0 0.0 0.0
0.0 0.0 0.0
0.0 0.0 0.0
0.12117604166269302 0.0 0.0
0.915337324142456 0.0 0.0
2.2017061710357666 0.0 0.13139891624450684
3.5240585803985596 0.0 0.316055029630661
5.047243118286133 0.0 0.7135472893714905
6.736429214477539 0.0 1.3167266845703125
8.276784896850586 0.0 1.816023826599121
9.352089881896973 0.0 2.5577876567840576
10.418572425842285 0.0 4.0298027992248535
9.808575630187988 0.0 5.480903148651123
9.166609764099121 0.0 6.0005202293396
9.263184547424316 0.0 4.661304950714111
10.360274314880371 0.0 1.9740166664123535
9.75455093383789 0.0 0.8041609525680542
6.245910167694092 3.325591564178467 0.6012435555458069
2.967207670211792 7.034734725952148 0.0
2.595676898956299 5.777308464050293 0.0
3.1622166633605957 3.4048733711242676 0.0
3.340672254562378 2.1143476963043213 0.0
3.124880790710449 2.0308196544647217 0.0
2.9976706504821777 2.029212236404419 0.0
2.5974671840667725 2.74678111076355 0.0
2.2389633655548096 3.688771963119507 0.0
1.8868637084960938 4.0844855308532715 0.0
1.7199835777282715 3.8802661895751953 0.0
1.3966835737228394 3.399754047393799 0.0
0.9868324398994446 2.8800582885742188 0.0
0.5234721899032593 2.248568296432495 0.0
0.0 1.7931385040283203 0.0
0.0 1.2816877365112305 0.0
0.0 0.8407084345817566 0.0
0.0 0.6509086489677429 0.0
0.0 0.3341400623321533 0.0
0.0 0.18218302726745605 0.0
0.0 0.0 0.0
0.0 0.0 0.0
0.0 0.0 0.0
0.0 0.0 0.0
0.0 0.0 0.0
0.0 0.0 0.0
0.0 0.0 0.0
0.0 0.0 0.0
0.0 0.0 0.0
0.0 0.0 0.0
0.0 0.0 0.0
0.0 0.0 0.0
0.0 0.0 0.0
0.0 0.0 0.0
0.0 0.0 0.0
0.0 0.0 0.0
0.0 0.0 0.0
0.0 0.0 0.0
0.0 0.0 0.06710528582334518
0.17196980118751526 0.0 0.08552689850330353
0.3257029056549072 0.0 0.0
0.3227672874927521 0.0 0.0
0.2779960632324219 0.0 0.0884900689125061
0.3572845160961151 0.08971281349658966 0.17938774824142456
0.38309797644615173 0.08481553196907043 0.05463676154613495
0.3053390085697174 0.0 0.0
0.19554167985916138 0.0 0.0
0.10438966006040573 0.031505435705184937 0.0
0.08886396884918213 0.09188622236251831 0.023944362998008728
0.08867648243904114 0.08331723511219025 0.041007768362760544
0.07047297805547714 0.0 0.03414054214954376
0.047012124210596085 0.0 0.02083858661353588
0.03620608150959015 0.0 0.03135860338807106
0.0528726764023304 0.0 0.06995286792516708
0.05570947378873825 0.0 0.10740969330072403
0.01183842308819294 0.0 0.12418521195650101
0.0 0.0 0.1420195996761322
0.0 0.0 0.11430755257606506
0.020846299827098846 0.0 0.07069802284240723
0.0 0.0 0.06000223010778427
0.0 0.017539285123348236 0.05688287317752838
0.0 0.04416237398982048 0.03997419774532318
0.04480063542723656 0.030231911689043045 0.04467068240046501
0.09175163507461548 0.0 0.04076622053980827
0.10060691088438034 0.0 0.003326171077787876
0.024204544723033905 0.01142173819243908 0.0
0.0 0.04444919526576996 0.0
0.031483229249715805 0.029400207102298737 0.0
0.06452640146017075 0.018694831058382988 0.0
0.05713346600532532 0.03361359238624573 0.0
0.04623953998088837 0.04524148628115654 0.010547598823904991
0.037636999040842056 0.0452345609664917 0.016871541738510132
0.05480905994772911 0.03779848292469978 0.006335809826850891
0.07176860421895981 0.01965916156768799 0.01499294675886631
0.06301186233758926 0.025971118360757828 0.03736057132482529
0.019563186913728714 0.05379582569003105 0.01137717254459858
0.0 0.07626011967658997 0.0
0.0 0.055974025279283524 0.01426910050213337
0.01822628080844879 0.05582435801625252 0.038078293204307556
0.04808138310909271 0.06850633025169373 0.04269088804721832
0.056710824370384216 0.07914859056472778 0.03533337265253067
0.060136713087558746 0.07603667676448822 0.012922871857881546
0.06345687806606293 0.038884520530700684 0.0
0.05282820016145706 0.009170034900307655 0.0
0.060138046741485596 0.0 0.0
0.0473647266626358 0.011259019374847412 0.0
0.04306718334555626 0.0 0.0
0.0527656152844429 0.0 0.0
0.03789239376783371 0.0 0.0
0.04429063946008682 0.0 0.0
0.08061855286359787 0.0 0.0
0.11474097520112991 0.0 0.0
0.09341864287853241 0.0 0.0
0.047488436102867126 0.0 0.0
0.04099884629249573 0.0 0.0
0.058069176971912384 0.0 0.0
0.02512427605688572 0.0 0.0
0.0 0.022131815552711487 0.0
0.0 0.0 0.0
0.01032748818397522 0.0 0.0
0.0041755856946110725 0.0 0.0
0.013724615797400475 0.0 0.0
0.013559233397245407 0.0 0.0
0.025277674198150635 0.0 0.0
0.030701203271746635 0.0 0.0
0.033701784908771515 0.0 0.0
0.031475916504859924 0.0 0.0
0.027268653735518456 0.0 0.0
0.05386990308761597 0.0 0.0
0.10928842425346375 0.0 0.0
0.1520497351884842 0.0 0.0
0.15957316756248474 0.0 0.0
0.14354732632637024 0.0 0.0
0.11261843889951706 0.0 0.0
0.08156145364046097 0.0 0.0
0.06129053980112076 0.0 0.0
0.054994821548461914 0.0 0.0
0.060294248163700104 0.0 0.0
0.07185716181993484 0.0 0.0009963037446141243
0.05042990297079086 0.016526393592357635 0.01370197907090187
0.02272556722164154 0.029347382485866547 0.011330168694257736
0.015211724676191807 0.02190837636590004 0.014435946941375732
0.0428934171795845 0.0 0.015666859224438667
0.05465447157621384 0.0 0.010373827069997787
0.029025275260210037 0.0 0.014446333050727844
0.0033582616597414017 0.0 0.02062060497701168
0.0 0.0 0.017274608835577965
0.0 0.0 0.018311111256480217
0.0 0.0 0.018310045823454857
0.02573387511074543 0.0 0.012035639956593513
0.01958942972123623 0.0 0.0
0.0 0.003983171656727791 0.0
0.0 0.007113718427717686 0.004507414996623993
0.006787347607314587 0.0 0.0
0.008988716639578342 0.0 0.0
0.026046795770525932 0.0 0.0
0.015422381460666656 0.0 0.0
0.0 0.002890476956963539 0.0
0.012141632847487926 0.0 0.0
0.03450552746653557 0.0 0.0
0.004679722245782614 0.0 0.0
0.0 0.0 0.003457731567323208
0.0 0.0 0.007776578888297081
0.014220413751900196 0.0 0.002578089013695717
0.017485182732343674 0.0 0.0
0.015375693328678608 0.0 0.0
0.0 0.0 0.0
0.0 0.003964656963944435 0.0
0.004628772847354412 0.0 0.0014174841344356537
0.012037953361868858 0.0 0.007911602035164833
0.0014790522400289774 0.0 0.0
0.0 0.0 0.0
0.0 0.0 0.0
0.0 0.0 0.0
0.001573328161612153 0.0 0.0
0.0 0.0 0.0
0.0 0.0 0.0
0.006253034807741642 0.0 0.0
0.030803650617599487 0.0 0.0
0.08405808359384537 0.0 0.0
0.14875319600105286 0.0 0.0
0.23630274832248688 0.0 0.03550701215863228
0.31361323595046997 0.0 0.1571761816740036
0.43508321046829224 0.0 0.23976586759090424
0.6211010217666626 0.0 0.3785964548587799
0.7294565439224243 0.0 0.5171652436256409
0.6515875458717346 0.0 0.7542438507080078
0.4385623633861542 0.0 1.0104225873947144
0.2667700946331024 0.07435919344425201 1.2018810510635376
0.2957748472690582 0.2981773912906647 1.321479320526123
0.4265368580818176 0.25031211972236633 1.2595996856689453
0.5206202268600464 0.11882546544075012 1.1190955638885498
0.5646861791610718 0.04274187982082367 0.972929835319519
0.5176193714141846 0.07333068549633026 0.7791936993598938
0.39961522817611694 0.20666450262069702 0.44085928797721863
0.21850085258483887 0.3914641737937927 0.01980101875960827
0.03931964188814163 0.44403737783432007 0.0
0.0 0.3427150249481201 0.0
0.0 0.17190705239772797 0.0
0.0 0.03315902501344681 0.0
0.0 0.0 0.0
0.0 0.01488814502954483 0.0
0.0 0.03742567449808121 0.0
0.0 0.005563618615269661 0.0
0.0 0.0 0.0
0.0 0.0 0.0
0.0 0.0 0.0
0.0 0.0 0.0
0.0 0.0 0.0
0.0 0.0 0.0
0.0 0.0 0.0
0.0 0.0 0.0
0.0 0.0 0.0
0.034521088004112244 0.014100510627031326 0.10754844546318054
0.07807441800832748 0.028423521667718887 0.23409122228622437
0.05583969131112099 0.11739388108253479 0.334579199552536
0.10854710638523102 0.15742677450180054 0.40467599034309387
0.1728571355342865 0.15063439309597015 0.48114681243896484
0.2312658429145813 0.11601942032575607 0.608747661113739
0.26743847131729126 0.13889038562774658 0.7277661561965942
0.24849329888820648 0.16307108104228973 0.8099156618118286
0.2287912368774414 0.18311722576618195 0.8610630035400391
0.2953566610813141 0.11898724734783173 0.9170724749565125
0.4336104094982147 0.021845249459147453 0.9501880407333374
0.4689268469810486 0.016499219462275505 0.9398403763771057
0.4390842616558075 0.09771870821714401 0.8436570763587952
0.31435805559158325 0.23799379169940948 0.6420224905014038
0.2065354585647583 0.3229198455810547 0.44892388582229614
0.17768676578998566 0.18841291964054108 0.3274800181388855
0.19022813439369202 0.0037996694445610046 0.22124359011650085
0.14448434114456177 0.0 0.10001702606678009
0.05927570164203644 0.06552349030971527 0.0
0.0 0.11922746896743774 0.0
0.0 0.07918071001768112 0.0
0.0 0.0 0.0
0.0 0.0 0.0
0.0 0.0 0.0
0.0 0.0652257427573204 0.0
0.0 0.17505371570587158 0.0
0.0 0.13352277874946594 0.0
0.0 0.015468843281269073 0.0
0.0 0.0 0.0
0.0 0.0012113433331251144 0.0
0.0 0.012973994016647339 0.0
0.0 0.0 0.0
0.0 0.0 0.0
0.0 0.0 0.0
0.0 0.0 0.0
0.0 0.0 0.0
0.0 0.0 0.0
0.0 0.0 0.06619008630514145
0.0535549633204937 0.0 0.22298076748847961
0.0794757753610611 0.0 0.3002193570137024
0.10051474720239639 0.0 0.3259790539741516
0.15659746527671814 0.0 0.3626372218132019
0.22921547293663025 0.0 0.4561666250228882
0.2726327180862427 0.0 0.5944249033927917
0.27895453572273254 0.0 0.7197585701942444
0.20401638746261597 0.1441599726676941 0.7730873227119446
0.17326539754867554 0.2526733875274658 0.7699269652366638
0.24925044178962708 0.18034887313842773 0.7384020686149597
0.29460468888282776 0.0635702982544899 0.6690357327461243
0.23205344378948212 0.08761437982320786 0.527471125125885
0.1311023235321045 0.14468033611774445 0.38883498311042786
0.07252183556556702 0.13035517930984497 0.27068865299224854
0.0338631197810173 0.08398368954658508 0.18255026638507843
0.02903054654598236 0.019362889230251312 0.1235351413488388
0.02445789985358715 0.0 0.043246157467365265
0.0 0.0 0.0
0.0 0.0 0.0
0.0 0.0 0.0
0.0 0.0 0.0
0.0 0.01952827163040638 0.0
0.0 0.04021677374839783 0.0
0.0 0.04393507540225983 0.0
0.0 0.022769605740904808 0.0
0.0 0.0 0.0
0.0 0.0 0.0
0.0 0.0 0.0
0.0 0.0 0.0
0.0 0.0 0.0
0.0 0.0 0.0
0.0 0.0 0.0
0.0 0.0 0.0
0.0 0.0 0.0
0.0 0.0 0.0
0.0 0.0 0.0
0.0 0.0 0.0
0.01025472767651081 0.0 0.0
0.04094739258289337 0.0 0.10220189392566681
0.05598626285791397 0.053020186722278595 0.2061738222837448
0.08631407469511032 0.06229490786790848 0.2684691548347473
0.12243559956550598 0.056850872933864594 0.28376874327659607
0.14773456752300262 0.05243535339832306 0.3139199912548065
0.18018198013305664 0.044699668884277344 0.37511304020881653
0.18995872139930725 0.06666462123394012 0.46608877182006836
0.22412866353988647 0.060899145901203156 0.5679013729095459
0.25439655780792236 0.05208861082792282 0.633342444896698
0.25106626749038696 0.06798608601093292 0.6483170986175537
0.22601285576820374 0.09055477380752563 0.5968608856201172
0.20298635959625244 0.07801581174135208 0.5506526231765747
0.19879454374313354 0.04192572087049484 0.5376739501953125
0.18151915073394775 0.0 0.5501695275306702
0.16885635256767273 0.0 0.5328813195228577
0.14413397014141083 0.006213531829416752 0.4504786431789398
0.1195567175745964 0.04064447432756424 0.35419631004333496
0.11359896510839462 0.010006139054894447 0.30596327781677246
0.12208405882120132 0.0 0.30266043543815613
0.13401581346988678 0.0 0.2769920825958252
0.11260639876127243 0.0 0.18066899478435516
0.06067609041929245 0.0 0.04892854392528534
0.00840646494179964 0.0 0.0
0.0 0.00015012826770544052 0.0
0.0 0.0 0.0
0.0 0.0 0.0
0.0 0.003156837075948715 0.0
0.0 0.038599513471126556 0.0
0.0 0.04740419238805771 0.0
0.0 0.04886014387011528 0.0
0.0 0.0022303229197859764 0.0
0.0 0.0 0.0
0.0 0.0 0.0
0.0 0.0 0.0
0.0 0.0 0.0
0.0 0.0 0.0
0.0 0.0 0.0
0.0 0.0 0.0
0.0 0.0 0.0
0.0 0.0 0.0
0.0 0.0 0.0
0.0 0.0 0.0
0.0 0.0 0.0
0.0 0.0 0.0
0.0 0.0 0.0
0.03844825178384781 0.02778894454240799 0.14288699626922607
0.068200021982193 0.06766685843467712 0.26616978645324707
0.09497730433940887 0.08425808697938919 0.3637078106403351
0.10724995285272598 0.09997579455375671 0.4183654487133026
0.14396242797374725 0.08266738057136536 0.4785017669200897
0.19754895567893982 0.05568874999880791 0.5569366216659546
0.25928130745887756 0.03705035522580147 0.6750076413154602
0.28845304250717163 0.04523211717605591 0.7458344101905823
0.2565438449382782 0.09314904361963272 0.7424660325050354
0.22969090938568115 0.14240820705890656 0.6622337698936462
0.2399853616952896 0.12245313823223114 0.5917630791664124
0.272285521030426 0.058740999549627304 0.5544881224632263
0.3167773485183716 0.0 0.5738791227340698
0.3262763023376465 0.0 0.5748389363288879
0.2744639813899994 0.0 0.532768189907074
0.17752225697040558 0.03814944252371788 0.42527687549591064
0.0909828320145607 0.11411824822425842 0.34133005142211914
0.09325584024190903 0.06847512722015381 0.3209068179130554
0.1336943358182907 0.0 0.31888440251350403
0.08321172744035721 0.0 0.24682140350341797
0.0 0.038709502667188644 0.08906451612710953
0.0 0.047913920134305954 0.0
0.0 0.0 0.0
0.0 0.0 0.0
0.0 0.0 0.0
0.0 0.0 0.0
0.0 0.0034716222435235977 0.0
0.0 0.01016333606094122 0.0
0.0 0.0 0.0
0.0 0.0 0.0
0.0 0.0 0.0
0.0 0.0 0.0
0.0 0.0 0.0
0.0 0.0 0.0
0.0 0.0 0.0
0.0 0.0 0.0
0.0 0.0 0.0
0.0 0.0 0.0
0.0 0.0 0.0
0.0 0.0 0.0
0.0 0.0 0.0
0.0 0.0 0.0
0.0 0.0 0.0
0.0 0.0 0.0
0.0 0.0 0.0
0.0 0.0 0.0
0.0 0.029477111995220184 0.013022353872656822
0.017636951059103012 0.07904786616563797 0.09797719120979309
0.07136356085538864 0.08718462288379669 0.16798079013824463
0.08713080734014511 0.10194066166877747 0.19382569193840027
0.06586919724941254 0.14132720232009888 0.191604346036911
0.08623465150594711 0.12856906652450562 0.18108326196670532
0.12467152625322342 0.0838727131485939 0.17277580499649048
0.12896454334259033 0.07112256437540054 0.16850408911705017
0.10330658406019211 0.06903144717216492 0.17251428961753845
0.07879804074764252 0.05634281411767006 0.16688674688339233
0.05879503861069679 0.04160727560520172 0.1377946436405182
0.03254266455769539 0.041816335171461105 0.09586876630783081
0.01581241935491562 0.016475025564432144 0.058228448033332825
0.02002047933638096 0.0 0.05923192948102951
0.01672535017132759 0.0 0.06773167103528976
0.0 0.016504589468240738 0.06541818380355835
0.0 0.014390836469829082 0.06430045515298843
0.01247494574636221 0.005806137807667255 0.06991200149059296
0.042203012853860855 0.0 0.08407602459192276
0.06009173393249512 0.00556245818734169 0.10991454869508743
0.056645601987838745 0.009729507379233837 0.13446488976478577
0.03838031366467476 0.02884620800614357 0.14930084347724915
0.028781481087207794 0.046930670738220215 0.15140020847320557
0.04609895125031471 0.04911073297262192 0.12807729840278625
0.06016923114657402 0.03534219041466713 0.10680690407752991
0.04090951755642891 0.037486832588911057 0.11196304857730865
0.005659384187310934 0.06517066061496735 0.1191788837313652
0.0 0.05351720005273819 0.11264641582965851
0.014517590403556824 0.017456401139497757 0.08065333217382431
0.03085688129067421 0.0 0.042226579040288925
0.04170074313879013 0.0 0.02305368334054947
0.03523661196231842 0.0 0.028324885293841362
0.008544012904167175 0.0 0.03457852452993393
0.0 0.0 0.04407481849193573
0.0031716180965304375 0.012328092008829117 0.0409967377781868
0.0 0.028320908546447754 0.03662675619125366
0.0 0.040009256452322006 0.03774368762969971
0.0 0.032486092299222946 0.053848884999752045
0.011599990539252758 0.02714698389172554 0.05394875258207321
0.009458010084927082 0.029273521155118942 0.055002570152282715
0.0 0.038907237350940704 0.044223956763744354
0.0 0.0517394132912159 0.035506896674633026
0.0 0.04214511066675186 0.03350979834794998
0.017206477001309395 0.011297183111310005 0.025108853355050087
0.03114226646721363 0.0 0.0155574269592762
0.019495997577905655 0.0 0.006905082613229752
0.0 0.010324329137802124 0.011027123779058456
0.0 0.01457127183675766 0.014213595539331436
0.0 0.008214574307203293 0.008841199800372124
0.0013875665608793497 0.0 0.003519405610859394
0.004590017721056938 0.0 0.001369968056678772
0.01200399175286293 0.0 0.007874472066760063
0.0034818765707314014 0.008191404864192009 0.010005267336964607
0.002388648921623826 0.0198720283806324 0.014305474236607552
0.025822602212429047 0.0 0.015538783743977547
0.03439345210790634 0.0 0.010238029062747955
0.012134220451116562 0.005028900690376759 0.0
0.0 0.010406887158751488 0.0
0.0 0.0 0.0
0.0 0.0 0.0
0.0 0.0 0.0
0.00565448310226202 0.0 0.0035585537552833557
0.0 0.0092817023396492 0.007776468992233276
0.0 0.01891462132334709 0.0
0.0 0.0 0.0
0.012227430939674377 0.0 0.0
0.010097701102495193 0.0 0.0
0.0 0.0 0.0
0.0 0.0 0.0
0.01329296175390482 0.0 0.0
0.012267911806702614 0.0 0.0
0.0 0.0 0.0
0.0016213920898735523 0.0 0.0
0.0036445956211537123 0.0 0.0
0.007893136702477932 0.0 0.0
0.0004767654463648796 0.0008317586034536362 0.0
0.0 0.0 0.0
0.0 0.0 0.0
0.0036640367470681667 0.0 0.0
0.0025036975275725126 0.009288625791668892 0.0014525260776281357
0.0 0.03165358677506447 0.004474149085581303
0.0 0.06038467213511467 0.010785847902297974
0.0 0.05717902258038521 0.014001348987221718
0.0 0.024207226932048798 0.006629718467593193
0.0 0.007238897494971752 0.0
0.0 0.06370377540588379 0.0
0.0 0.11580771952867508 0.008169027045369148
0.0 0.14125128090381622 0.02852649614214897
0.0 0.10622433573007584 0.0
0.0 0.07659533619880676 0.0
0.0 0.22036315500736237 0.0
0.0 0.353521466255188 0.0
0.0 0.4548286497592926 0.0
0.0 0.618901789188385 0.0
0.0 0.4904944896697998 0.0
0.0 0.21218430995941162 0.0
0.0 0.08910127729177475 0.0
0.0 0.0010300027206540108 0.0
0.0 0.0 0.0
0.0 0.0 0.0
0.0 0.0 0.0
0.0 0.0 0.0
0.0 0.0 0.0
0.02993185631930828 0.0 0.0
0.10908632725477219 0.0 0.9166571497917175
0.5475765466690063 0.0 1.2229092121124268
1.4792596101760864 0.0 1.3979897499084473
3.3395185470581055 0.0 1.5303064584732056
5.523222923278809 0.0 1.5559202432632446
6.422592639923096 0.0 1.434492826461792
7.4330949783325195 0.0 1.9189170598983765
7.676982879638672 0.0 2.7919909954071045
7.6643242835998535 0.0 3.5950767993927
7.700068473815918 0.0 3.9282617568969727
7.200927734375 0.0 3.7158007621765137
6.7246503829956055 0.0 3.0670664310455322
7.654439926147461 0.0 2.0442330837249756
8.594985961914062 0.0 0.9748603105545044
8.530521392822266 1.1052128076553345 0.0
7.406076431274414 3.015815258026123 0.0
4.39509916305542 5.861147880554199 0.0
2.167144536972046 6.472686290740967 0.0
2.27616810798645 4.20064115524292 0.0
3.0272552967071533 1.613781213760376 0.0
2.9937233924865723 0.6795864105224609 0.0
2.0738792419433594 1.1251835823059082 0.0
0.9395992159843445 2.178060531616211 0.0
0.5376437902450562 2.1340880393981934 0.0
0.26221704483032227 2.048532009124756 0.0
0.08068611472845078 2.2678980827331543 0.0
0.22878077626228333 1.5000096559524536 0.0
0.007280338555574417 0.7622106075286865 0.0
0.0 0.23490920662879944 0.0
0.0 0.0 0.0
0.0 0.0 0.0
0.0 0.047258079051971436 0.0
0.0 0.0 0.0
0.0 0.0 0.0
0.0 0.0 0.0
0.0 0.0 0.0
0.0 0.0 0.0
0.0 0.0 0.0
0.0 0.0 0.0
0.0 0.0 0.0
0.0 0.0 0.0
0.0 0.0 0.0
0.0 0.0 0.0
0.0 0.0 0.0
0.0 0.0 0.0
0.0 0.0 0.0
0.0 0.0 0.0
0.0 0.0 0.0
0.0 0.0 0.0
0.0 0.0 0.0
0.0 0.0 0.0
0.0 0.0 0.042354434728622437
0.0 0.0 0.15438829362392426
0.0500754714012146 0.0 0.1133151650428772
0.1939317137002945 0.0 0.03035183623433113
0.24333681166172028 0.0 0.021702421829104424
0.301624059677124 0.06263437122106552 0.08473864197731018
0.338603138923645 0.12830233573913574 0.13125847280025482
0.3483971655368805 0.07310006022453308 0.10446947067975998
0.31585121154785156 0.0 0.03214440867304802
0.24596509337425232 0.0 0.0
0.23643097281455994 0.0 0.0
0.24240897595882416 0.0 0.016534291207790375
0.19638289511203766 0.0 0.03324349597096443
0.13340045511722565 0.0 0.03475137799978256
0.1453641802072525 0.0 0.0026011643931269646
0.2061963677406311 0.0 0.0
0.23706559836864471 0.0 0.0
0.19114871323108673 0.0 0.010481191799044609
0.07346229255199432 0.046164050698280334 0.059971511363983154
0.030426137149333954 0.08862283080816269 0.10027526319026947
0.08712111413478851 0.0 0.07384072244167328
0.12191104888916016 0.0 0.0013263095170259476
0.09132491052150726 0.0 0.0
0.06883637607097626 0.0 0.0
0.07618483901023865 0.0 0.0
0.10500636696815491 0.0 0.0
0.08064427226781845 0.0 0.0
0.012562156654894352 0.016949841752648354 0.0
0.0 0.07119310647249222 0.0
0.0 0.0413699671626091 0.0
0.029633019119501114 0.014789486303925514 0.0
0.038300544023513794 0.0 0.0
0.018068507313728333 0.0 0.0
0.0 0.025497524067759514 0.0
0.0 0.04773411899805069 0.0
0.00046235043555498123 0.03065420128405094 0.0
0.034640826284885406 0.0072210486978292465 0.0
0.03585043549537659 0.022146735340356827 0.0
0.007078441325575113 0.06365849077701569 0.0
0.0 0.08066144585609436 0.0
0.0 0.10184715688228607 0.016457511112093925
0.0 0.1272960603237152 0.03259546682238579
0.0 0.11672250926494598 0.008162828162312508
0.011246820911765099 0.055112943053245544 0.0
0.012373603880405426 0.022193606942892075 0.0
0.010099264793097973 0.03064701147377491 0.0
0.05155909061431885 0.012442708015441895 0.004094051197171211
0.058036960661411285 0.018832696601748466 0.0
0.033482085913419724 0.018877705559134483 0.0
0.01089128851890564 0.014605995267629623 0.015446309000253677
0.0 0.030516518279910088 0.03140396997332573
0.006612920667976141 0.0007977709174156189 0.014290496706962585
0.0036610732786357403 0.0 0.0
0.002538018161430955 0.00618987251073122 0.0
0.03328447788953781 0.0 0.013450535014271736
0.12353181838989258 0.0 0.05922015756368637
0.215251624584198 0.019986378028988838 0.17454753816127777
0.23731990158557892 0.0 0.20241965353488922
0.11015155911445618 0.0 0.11243969947099686
0.008620144799351692 0.0 0.023863229900598526
0.10304944217205048 0.0 0.0
0.21859362721443176 0.0 0.0
0.21500235795974731 0.0 0.0
0.13069546222686768 0.0 0.0
0.056889139115810394 0.07405786961317062 0.01396186277270317
0.03850454092025757 0.07187993824481964 0.037274107336997986
0.07366998493671417 0.0 0.016772562637925148
0.09619154036045074 0.0 0.0
0.06787440925836563 0.0 0.0
0.0 0.05098024755716324 0.0
0.0 0.10085087269544601 0.002492958679795265
0.0064776320941746235 0.012436317279934883 0.029283292591571808
0.08641746640205383 0.0 0.014590900391340256
0.10146379470825195 0.0 0.0
0.08559136092662811 0.0 0.0
0.03899136930704117 0.0 0.0
0.0 0.015807347372174263 0.0
0.05139337480068207 0.0 0.008107848465442657
0.08242533355951309 0.0 0.0
0.04970280081033707 0.0 0.0
0.018881240859627724 0.0 0.0
0.0 0.03500394523143768 0.0
0.0 0.08920007199048996 0.0001913364976644516
0.0 0.06474372744560242 0.00013301242142915726
0.0 0.04986385256052017 0.0
0.0 0.021162165328860283 0.0
0.008963096886873245 0.0 0.0
0.0036724605597555637 0.03066192753612995 0.0
0.008897049352526665 0.02211025170981884 0.0026315907016396523
0.0035297151189297438 0.008296169340610504 0.0036015138030052185
0.0 0.07114730030298233 0.0
0.0 0.07540836185216904 0.005242287181317806
0.0 0.04455936700105667 0.0010395525023341179
0.0 0.019124049693346024 0.0
0.0 0.0712980329990387 0.0
0.0 0.06055803596973419 0.0
0.0 0.04245413839817047 0.0
0.0 0.02975432388484478 0.0
0.0 0.012714885175228119 0.0
0.0 0.016948245465755463 0.0
0.0 0.04028525948524475 0.0
0.0 0.04562623053789139 0.0
0.0 0.03606788069009781 0.0
0.001754185650497675 0.007369121536612511 0.0
0.0 0.015923727303743362 0.0
0.0 0.01590588502585888 0.0
0.0 0.0158425010740757 0.0
0.012431597337126732 0.004162410274147987 0.0
0.03173072636127472 0.0 0.0
0.06377201527357101 0.0 0.0
0.10011351108551025 0.0 0.0
0.08407409489154816 0.0 0.0
0.05519530549645424 0.0 0.0
0.006024298258125782 0.0 0.0
0.0 0.0 0.0
0.0 0.0 0.0
0.0 0.0 0.0
0.0 0.014712255448102951 0.007628746330738068
0.0 0.02211477793753147 0.020428696647286415
0.0 0.01897677592933178 0.0044380128383636475
0.0 0.0 0.0
0.044209498912096024 0.0 0.0
0.09425242990255356 0.0 0.0
0.2734128534793854 0.0 0.0
0.5039147734642029 0.0 0.0
0.6424862742424011 0.0 0.0
0.8138565421104431 0.0 0.005843927152454853
0.8991394639015198 0.0 0.03489501774311066
0.7632759213447571 0.0 0.10705523192882538
0.5452727675437927 0.1799076497554779 0.17409124970436096
0.41066059470176697 0.28106194734573364 0.20298735797405243
0.3821328282356262 0.2164081335067749 0.16510175168514252
0.4070797264575958 0.14319062232971191 0.11490276455879211
0.4608473479747772 0.08266923576593399 0.06610114127397537
0.43749356269836426 0.07744837552309036 0.05303114652633667
0.3902866244316101 0.10507573932409286 0.08149367570877075
0.3849714994430542 0.1985982358455658 0.093495212495327
0.4375036656856537 0.3600901961326599 0.09454343467950821
0.4802308976650238 0.40252235531806946 0.09724441170692444
0.48225462436676025 0.27815937995910645 0.08938329666852951
0.3914256691932678 0.10935011506080627 0.07510901987552643
0.2784346640110016 0.0 0.04149433225393295
0.1378120332956314 0.0 0.008940916508436203
0.0 0.0 0.0
0.0 0.0 0.0
0.0 0.0 0.0
0.0 0.0 0.0
0.0 0.0 0.0
0.0 0.0 0.0
0.0 0.0 0.0
0.0 0.0 0.0
0.0 0.0 0.0
0.0 0.0 0.052932076156139374
0.0 0.0 0.13535398244857788
0.0 0.07912669330835342 0.24380137026309967
0.0 0.1372528374195099 0.3002302944660187
0.0 0.04238439351320267 0.30012163519859314
0.0 0.0 0.22938194870948792
0.0 0.0 0.11053704470396042
0.0 0.0 0.028753770515322685
0.0 0.0 0.0
0.0 0.0 0.007371516898274422
0.0 0.0 0.020137645304203033
0.09627711027860641 0.0 0.0
0.22644655406475067 0.0 0.005593856796622276
0.3993467092514038 0.0 0.006282550282776356
0.5198973417282104 0.0 0.00850256159901619
0.5956525802612305 0.0 0.016878202557563782
0.5930038094520569 0.11461278796195984 0.0
0.6433305740356445 0.16915804147720337 0.0
0.8520150780677795 0.08501867204904556 0.0
1.091729998588562 0.0 0.0
1.1363732814788818 0.0 0.0
0.9522274732589722 0.0 0.0
0.7036450505256653 0.12461481243371964 0.0
0.5142887234687805 0.2448863685131073 0.0
0.3804873526096344 0.1908738613128662 0.0
0.3685438632965088 0.039940282702445984 0.0
0.32251086831092834 0.0 0.0
0.18613038957118988 0.0 0.0
0.004057517275214195 0.013215193524956703 0.0
0.0 0.09641367942094803 0.0
0.0 0.12317099422216415 0.0
0.0 0.10419356822967529 0.0
0.0 0.11172179877758026 0.0
0.0 0.17784541845321655 0.0
0.0 0.2939901351928711 0.0
0.0 0.4397484064102173 0.056457147002220154
0.0 0.5437767505645752 0.17079782485961914
0.0 0.585989236831665 0.27417826652526855
0.0 0.6189093589782715 0.31325483322143555
0.0 0.49554213881492615 0.2837214469909668
0.0 0.3147241771221161 0.21647292375564575
0.0 0.1030670553445816 0.1250561773777008
0.0 0.014784861356019974 0.0599895641207695
0.0 0.0 0.018416285514831543
0.0 0.0 0.0
0.0 0.0 0.0
0.07285762578248978 0.0 0.0
0.18494154512882233 0.0 0.0
0.29140326380729675 0.0 0.0
0.4640781283378601 0.0 0.0
0.7372928857803345 0.0 0.0
0.9744444489479065 0.0 0.0
1.070715069770813 0.0 0.0
1.0345392227172852 0.0 0.0
0.9769214391708374 0.0 0.0
0.9067484736442566 0.1845717579126358 0.0
0.8638356328010559 0.27276527881622314 0.0
0.9512397646903992 0.16948655247688293 0.0
0.9939190745353699 0.09289564192295074 0.0
0.9538486003875732 0.0 0.0
0.8724168539047241 0.0 0.0
0.7945036888122559 0.0 0.0
0.7443638443946838 0.0877448245882988 0.0
0.6291704177856445 0.1836250126361847 0.0050829024985432625
0.5275567173957825 0.24430619180202484 0.03631405904889107
0.43968674540519714 0.1901572048664093 0.06303701549768448
0.3009222149848938 0.13623031973838806 0.05720283091068268
0.13031239807605743 0.12918120622634888 0.041587650775909424
0.0 0.10718270391225815 0.028348010033369064
0.0 0.117223359644413 0.0
0.0 0.1261662393808365 0.0
0.0 0.05199108272790909 0.0045723747462034225
0.0 0.0 0.0
0.0 0.0 0.0
0.0 0.0 0.0
0.0 0.0 0.0
0.0 0.0 0.0
0.0 0.0 0.0
0.0 0.0915045216679573 0.0
0.0 0.08802536875009537 0.0
0.0 0.0 0.0
0.0 0.0 0.0
0.0 0.0 0.03714355453848839
0.0 0.0 0.08745492994785309
0.0 0.0 0.08378029614686966
0.0 0.0 0.0221124067902565
0.0 0.0 0.0
0.0 0.0 0.0
0.0800243467092514 0.0 0.0
0.2205505669116974 0.0 0.0
0.3812510371208191 0.0 0.0
0.5296785831451416 0.0 0.0
0.6514759063720703 0.0 0.0
0.760672926902771 0.0 0.0
0.7721983194351196 0.0 0.0
0.7623674869537354 0.0 0.0
0.6663563251495361 0.03256477043032646 0.0
0.5321660041809082 0.19656382501125336 0.0
0.43071284890174866 0.21161414682865143 0.00532517209649086
0.4688549041748047 0.07968088239431381 0.012756722047924995
0.5465795397758484 0.0 0.006602423265576363
0.5893546938896179 0.0 0.0
0.5478336215019226 0.043400637805461884 0.0070181433111429214
0.4344037175178528 0.19758114218711853 0.059800662100315094
0.3435334861278534 0.26995548605918884 0.08583545684814453
0.2732499837875366 0.28077536821365356 0.07234867662191391
0.2403426468372345 0.2511535584926605 0.05055763199925423
0.22219613194465637 0.1895599663257599 0.041630182415246964
0.18160796165466309 0.10674845427274704 0.03240978717803955
0.06437667459249496 0.06347421556711197 0.009732170030474663
0.0 0.06067017465829849 0.0
0.0 0.07480143755674362 0.0
0.0 0.10382350534200668 0.0
0.0 0.1232219710946083 0.0
0.0 0.10429967939853668 0.0
0.0 0.11194135248661041 0.0
0.0 0.18651890754699707 0.0
0.0 0.2312893122434616 0.0
0.0 0.16953858733177185 0.0
0.0 0.06086644530296326 0.009880242869257927
0.0 0.0 0.007328934967517853
0.0 0.0287625752389431 0.015018545091152191
0.0 0.10850533843040466 0.028866451233625412
0.0 0.1285938173532486 0.061982326209545135
0.0 0.01460946537554264 0.08694842457771301
0.0 0.0 0.07532079517841339
0.0 0.0 0.0806359350681305
0.0 0.0 0.053384073078632355
0.0 0.0 0.036396563053131104
0.0 0.012024600058794022 0.02843770943582058
0.0 0.0149623341858387 0.028658220544457436
0.0021662795916199684 0.0 0.013895519077777863
0.1603657752275467 0.0 0.0
0.2643083930015564 0.0 0.0
0.39369142055511475 0.0 0.0
0.49651527404785156 0.0 0.0
0.601618766784668 0.0 0.0
0.7981177568435669 0.0 0.0
1.0153132677078247 0.0 0.0
1.0502549409866333 0.0 0.0
0.9306134581565857 0.0 0.0
0.7610499858856201 0.13681232929229736 0.0
0.5838310122489929 0.3772744834423065 0.0
0.4126422107219696 0.5803983211517334 0.05334705859422684
0.2777371406555176 0.5592522621154785 0.09252694994211197
0.3074875771999359 0.39338767528533936 0.08053500205278397
0.3663828372955322 0.23077479004859924 0.0367952436208725
0.3420308828353882 0.14801518619060516 0.005302563309669495
0.18844453990459442 0.12178757786750793 0.0
0.019798804074525833 0.11042174696922302 0.0
0.0 0.08093468844890594 0.0
0.0 0.039664216339588165 0.0
0.0 0.0 0.0
0.0 0.0 0.0
0.0 0.0 0.0
0.0 0.0 0.0
0.0 0.0 0.0
0.0 0.0 0.0
0.0 0.0 0.0
0.0 0.0 0.005478598177433014
0.0 0.0 0.008817935362458229
0.0 0.0 0.0
0.0 0.0 0.0
0.0 0.038226377218961716 0.0
0.036478977650403976 0.0008009746670722961 0.014592999592423439
0.09302827715873718 0.0 0.012955423444509506
0.07502050697803497 0.003957618959248066 0.0032367492094635963
0.04084363579750061 0.02845390886068344 0.009384656324982643
0.02807404287159443 0.03061772510409355 0.0060591669753193855
0.015483682975172997 0.028596919029951096 0.0
0.018729010596871376 0.0 0.0
0.015405119396746159 0.0 0.0
0.0014285841025412083 0.0 0.0
0.0 0.014803342521190643 0.0
0.0 0.0 0.0
0.00016760313883423805 0.0 0.013087959960103035
0.0 0.0 0.023814640939235687
0.0 0.006203724071383476 0.02581866830587387
0.0 0.0 0.0064931754022836685
0.0 0.0 0.006632192060351372
0.0 0.0 0.017317326739430428
0.0 0.007255406118929386 0.02273472771048546
0.0 0.0009021693840622902 0.0142003633081913
0.0014131634961813688 0.0 0.0
0.0025519311893731356 0.0 0.0
0.010161114856600761 0.004197831265628338 0.0
0.018659794703125954 0.0 0.0
0.02725301682949066 0.0 0.0
0.03889981657266617 0.0 0.0
0.021802324801683426 0.0 0.0
0.012249565683305264 0.0 0.0
0.0 0.0 0.0
0.0 0.01281768549233675 0.0
0.0 0.0010808678343892097 0.0
0.005604712758213282 0.0 0.003534402698278427
0.01719319261610508 0.0 0.01752079278230667
0.0 0.00523246917873621 0.0012467475607991219
0.0 0.005256704054772854 0.0
0.002384152030572295 0.01047570165246725 0.010012010112404823
0.016334323212504387 0.0 0.0004917411133646965
0.015427783131599426 0.0 0.0
0.009060963056981564 0.0 0.0
0.0 0.0 0.0
0.0 0.0 0.0
0.0 0.002129620872437954 0.0
0.009964574128389359 0.0 0.0
0.06757114827632904 0.0 0.0
0.055364545434713364 0.0 0.000995079055428505
0.02892201952636242 0.0 0.0
0.0 0.0 0.0
0.0 0.015029706992208958 0.0
0.0 0.00866528507322073 0.0
0.0 0.0 0.0
0.0 0.0 0.0
0.0 0.0 0.0
0.0 0.0 0.0
0.0 0.0 0.0
0.0 0.0 0.0
0.0 0.0 0.0
0.0 0.0 0.0
0.0 0.0 0.0
0.0063890134915709496 0.0 0.0
0.5167654156684875 0.0 0.0
0.7136356234550476 0.0 0.0
0.9224724173545837 0.0 0.3147363066673279
1.0305769443511963 0.0 0.5760230422019958
1.1503915786743164 0.0 0.9551674127578735
1.516114354133606 0.0 1.1773930788040161
2.6134119033813477 0.0 1.7897566556930542
4.142280578613281 0.0 1.9307336807250977
4.917167663574219 0.0 1.9965468645095825
5.778292179107666 0.0 2.4488332271575928
6.864579677581787 0.0 3.209822177886963
7.190059661865234 0.0 4.005917549133301
6.967280864715576 0.0 4.525670051574707
6.7985968589782715 0.0 4.208743572235107
6.635059356689453 0.0 3.242398977279663
7.007913112640381 0.0 2.4714393615722656
6.912749767303467 0.0 1.9598029851913452
6.314456462860107 0.0 1.127198338508606
5.458874702453613 0.04920559376478195 0.15117481350898743
4.44370174407959 2.2574222087860107 0.0
3.0114524364471436 3.71066951751709 0.0
1.9154462814331055 3.4419515132904053 0.0
1.8850634098052979 1.7965610027313232 0.0
1.912184715270996 1.2574024200439453 0.0
1.7757432460784912 1.7076964378356934 0.0
1.6517497301101685 2.3250465393066406 0.0
1.4750486612319946 2.4667186737060547 0.0
1.0939301252365112 2.6478941440582275 0.0
0.6686462759971619 2.863954782485962 0.0
0.312325119972229 3.2464356422424316 0.0
0.04691770300269127 2.8842415809631348 0.0
0.0 2.5855281352996826 0.0
0.0 2.1548376083374023 0.0
0.0 1.6411205530166626 0.0
0.0 1.2615671157836914 0.0
0.0 0.872551679611206 0.0
0.0 0.45687323808670044 0.0
0.0 0.0651981458067894 0.0
0.0 0.46074363589286804 0.0
0.0 0.5442411303520203 0.0
0.0 0.5652210116386414 0.0
0.0 0.054586246609687805 0.0
0.0 0.0 0.0
0.0 0.0 0.0
0.0 0.0 0.0
0.0 0.0 0.0
0.0 0.0 0.0
0.0 0.0 0.0
0.0 0.0 0.0
0.0 0.0 0.0
0.0 0.0 0.0
0.0 0.0 0.0
0.0 0.0 0.0
0.0 0.0 0.0
0.0 0.0 0.0
0.0 0.0 0.0
0.0 0.0 0.0
0.0 0.0 0.0
0.0 0.0 0.0
0.0 0.0 0.0
0.0 0.0 0.0
0.0 0.0 0.0
0.0 0.0 0.0
0.0 0.0 0.0
0.0 0.0 0.0
0.0 0.0 0.0
0.0 0.0 0.0
0.0 0.0 0.0
0.0 0.0 0.0
0.0 0.0 0.0
0.0 0.0 0.0
0.0 0.0 0.0
0.0 0.0 0.0
0.0 0.0 0.08798539638519287
0.0 0.0 0.02820408344268799
0.0 0.0 0.0
0.0 0.0 0.00041479524224996567
0.0 0.0 0.08829617500305176
0.0 0.0 0.2053213268518448
0.0 0.0 0.23135213553905487
0.0 0.031105486676096916 0.19043612480163574
0.16993573307991028 0.09370335936546326 0.1273341178894043
0.2044050246477127 0.04593796283006668 0.08906424045562744
0.15561352670192719 0.13433600962162018 0.0728386640548706
0.14694680273532867 0.2150593400001526 0.09758502244949341
0.16175609827041626 0.18629294633865356 0.10618622601032257
0.13541238009929657 0.11846542358398438 0.06297057867050171
0.13144373893737793 0.0 0.015536222606897354
0.11676226556301117 0.0 0.0
0.08791836351156235 0.0 0.0
0.06958756595849991 0.0 0.010631745681166649
0.06849966198205948 0.0 0.01057608611881733
0.04520285874605179 0.0 0.0
0.06951858848333359 0.0 0.009390447288751602
0.10795599222183228 0.0 0.003267839550971985
0.10362914949655533 0.0 0.0129255261272192
0.10248452425003052 0.0 0.016022516414523125
0.09625139832496643 0.0 0.0
0.08138962835073471 0.0 0.0
0.09627137333154678 0.0 0.001083514653146267
0.1273169070482254 0.0 0.0
0.08167192339897156 0.0 0.0
0.013462737202644348 0.0 0.0
0.010151894763112068 0.0 0.0
0.0356878824532032 0.0 0.0
0.029210275039076805 0.0 0.0
0.010980937629938126 0.0 0.001492961309850216
0.016390616074204445 0.012624237686395645 0.0
0.01870463788509369 0.02331123687326908 0.0
0.02822011150419712 0.029634913429617882 0.0
0.05697798728942871 0.02955741621553898 0.0
0.08897880464792252 0.013550486415624619 0.0
0.07509361207485199 0.056075580418109894 0.003408040851354599
0.062122948467731476 0.10598055273294449 0.02694319561123848
0.0778832733631134 0.14517268538475037 0.05714051425457001
0.08311585336923599 0.14193667471408844 0.06679712980985641
0.1057623103260994 0.04528658092021942 0.029318999499082565
0.11986241489648819 0.0 0.0
0.11553078144788742 0.016638686880469322 0.009025713428854942
0.06735819578170776 0.08999492973089218 0.0344218835234642
0.03306706249713898 0.10382392257452011 0.050148915499448776
0.048108331859111786 0.062391795217990875 0.034140121191740036
0.07371383160352707 0.03683742880821228 0.031108111143112183
0.057848576456308365 0.029483379796147346 0.015969373285770416
0.05036722496151924 0.014618413522839546 0.014778140932321548
0.028055261820554733 0.04338774085044861 0.00930694304406643
0.014324270188808441 0.036029428243637085 0.0
0.012095469981431961 0.052999891340732574 0.005973730236291885
0.03317013010382652 0.06348475813865662 0.03399444371461868
0.02038455940783024 0.05501724034547806 0.030634336173534393
0.0 0.01806001551449299 0.0
0.0 0.008666248992085457 0.0
0.0017293822020292282 0.0 0.0
0.02695617638528347 0.0 0.0026759374886751175
0.02682381682097912 0.0 0.01658323034644127
0.011029940098524094 0.010500634089112282 0.0
0.0037640370428562164 0.0010272366926074028 0.0
0.0 0.0 0.0
0.0 0.018044570460915565 0.0
0.0 0.02654671110212803 0.0
0.005824524909257889 0.03180991858243942 0.0
0.0025722726713865995 0.04879848659038544 0.0
0.0 0.03607523441314697 0.0
0.0006313608027994633 0.046748384833335876 0.0
0.0 0.07333658635616302 0.0
0.0 0.08929691463708878 0.0
0.006952106952667236 0.06476893275976181 0.0
0.07499188184738159 0.002910890616476536 0.005371322855353355
0.1272798478603363 0.0 0.00043115951120853424
0.13476333022117615 0.0 0.0
0.12424571067094803 0.0 0.0
0.13730348646640778 0.0 0.0
0.2131202220916748 0.0 0.0
0.3208925127983093 0.0 0.0
0.35388240218162537 0.0 0.0
0.24083733558654785 0.0 0.0
0.09666045755147934 0.0 0.0
0.09338050335645676 0.0 0.0
0.19278325140476227 0.0 0.0
0.2444099634885788 0.0 0.0
0.16222108900547028 0.0 0.0
0.08391483128070831 0.0 0.0
0.029059838503599167 0.0221007838845253 0.012452246621251106
0.0565607063472271 0.03364398702979088 0.0384039506316185
0.13450424373149872 0.0 0.026172852143645287
0.17631906270980835 0.0 0.0
0.1220848560333252 0.0 0.0
0.0783323124051094 0.0 0.0
0.09305799752473831 0.0 0.0032006921246647835
0.12828576564788818 0.0 0.0
0.1735033094882965 0.0 0.0
0.1929425150156021 0.0 0.0
0.1928434520959854 0.0 0.0
0.17444366216659546 0.0 0.0
0.1764221340417862 0.0 0.0
0.2233121395111084 0.0 0.0
0.23304572701454163 0.0 0.0
0.1361175775527954 0.0 0.0
0.00683043384924531 0.004148148000240326 0.0
0.0 0.09985043853521347 0.02143455669283867
0.0 0.05509095638990402 0.024973100051283836
0.0504000149667263 0.0 0.009384552016854286
0.02378757856786251 0.006196385249495506 0.0038015013560652733
0.0 0.039219316095113754 0.01091746799647808
0.0 0.0466599203646183 0.014093020930886269
0.013143990188837051 0.0 0.0
0.03770286217331886 0.0 0.0
0.015249751508235931 0.0274641215801239 0.006990103051066399
0.012996450066566467 0.05717620998620987 0.023088647052645683
0.047165073454380035 0.019926313310861588 0.015830999240279198
0.05808589607477188 0.0 0.0
0.06559068709611893 0.0 0.0
0.06456536799669266 0.0 0.0
0.018709996715188026 0.0 0.0
0.0 0.03297526761889458 0.0
0.0 0.005290910601615906 0.0
0.011306408792734146 0.0 0.0
0.0 0.0 0.0
0.0 0.05322727560997009 0.0
0.0 0.09992474317550659 0.01162906363606453
0.0 0.12000444531440735 0.03535489737987518
0.032074715942144394 0.0911247581243515 0.04048435017466545
0.09534795582294464 0.023110281676054 0.0002999119460582733
0.0016619500238448381 0.10519503802061081 0.0
0.0 0.08508044481277466 0.0
0.01135372556746006 0.0 0.0
0.012551882304251194 0.0 0.0
0.032856620848178864 0.0 0.0
0.05307507514953613 0.0 0.0
0.029379330575466156 0.0 0.0
0.0 0.0 0.0032799895852804184
0.010677549056708813 0.0 0.025958936661481857
0.024319591000676155 0.0 0.04961846023797989
0.036540571600198746 0.0 0.10853157937526703
0.11197620630264282 0.0 0.239476278424263
0.2414465844631195 0.0 0.3941425681114197
0.3129766881465912 0.0 0.49416738748550415
0.21403971314430237 0.039732400327920914 0.6072745323181152
0.10523787140846252 0.29671066999435425 0.7448334693908691
0.1810293048620224 0.2947210371494293 0.9517690539360046
0.3726293742656708 0.1212427094578743 1.183876872062683
0.4790327548980713 0.011081316508352757 1.3031657934188843
0.44010746479034424 0.055991534143686295 1.2548482418060303
0.28029412031173706 0.15813201665878296 1.0345782041549683
0.22592167556285858 0.11654249578714371 0.8138271570205688
0.24789409339427948 0.0 0.6277241110801697
0.19853080809116364 0.0 0.4368908405303955
0.011225894093513489 0.01618446782231331 0.18959739804267883
0.0 0.08631642162799835 0.0
0.0 0.018697690218687057 0.0
0.0 0.0 0.0
0.0 0.0 0.0
0.0 0.004917963407933712 0.0
0.0 0.04948090389370918 0.0
0.0 0.030824661254882812 0.0
0.0 0.0 0.0
0.0 0.0 0.0
0.0 0.0 0.0
0.0 0.0 0.0
0.0 0.0 0.0
0.0 0.0 0.0
0.0 0.0 0.0
0.0 0.0 0.0
0.0 0.0 0.0
0.0 0.0 0.0
0.0 0.0 0.0
0.083926722407341 0.0 0.0
0.2561999559402466 0.0 0.014394426718354225
0.398876428604126 0.0 0.25837862491607666
0.39713338017463684 0.09098786860704422 0.4522271752357483
0.36374878883361816 0.23186935484409332 0.6072561144828796
0.39253315329551697 0.26433926820755005 0.719821572303772
0.4218127429485321 0.23537126183509827 0.7745042443275452
0.46843084692955017 0.14271296560764313 0.7938992381095886
0.5859355926513672 0.02099958062171936 0.8694605827331543
0.6821351051330566 0.0 1.0572326183319092
0.7130046486854553 0.02983088791370392 1.282060146331787
0.6838033199310303 0.14304639399051666 1.441314458847046
0.6025790572166443 0.29404550790786743 1.4751787185668945
0.5449647307395935 0.3359964191913605 1.3753858804702759
0.5893993377685547 0.17996393144130707 1.2855854034423828
0.6315880417823792 0.006224094890058041 1.0995566844940186
0.4696047902107239 0.0758092924952507 0.7733961343765259
0.26803383231163025 0.1634986698627472 0.45971861481666565
0.12732546031475067 0.12424394488334656 0.22849790751934052
0.08369728922843933 0.0 0.08978264033794403
0.03399737924337387 0.0 0.0
0.0 0.0 0.0
0.0 0.03376704081892967 0.0
0.0 0.0 0.0
0.0 0.0 0.0
0.0 0.0 0.0
0.0 0.0 0.0
0.0 0.0 0.0
0.0 0.0 0.0
0.0 0.0 0.0
0.0 0.0 0.0
0.0 0.0 0.0
0.0 0.0 0.0
0.0 0.0 0.0
0.0 0.0 0.0
0.0 0.0 0.0
0.0 0.0 0.0
0.0 0.0 0.0
0.0 0.0 0.0
0.0 0.0 0.0
0.08059843629598618 0.017888206988573074 0.0
0.17526529729366302 0.12836864590644836 0.23753668367862701
0.2117988020181656 0.24767108261585236 0.4402000308036804
0.272234171628952 0.3012040853500366 0.59160977602005
0.3492482602596283 0.33578842878341675 0.6843663454055786
0.42739129066467285 0.30982792377471924 0.7619815468788147
0.4964877963066101 0.21356981992721558 0.8788061738014221
0.5851404070854187 0.11063279211521149 1.0652450323104858
0.6157076358795166 0.13554079830646515 1.2109220027923584
0.5437359809875488 0.27045390009880066 1.2768759727478027
0.5305655598640442 0.2745961844921112 1.3130806684494019
0.6093946099281311 0.15325722098350525 1.3092014789581299
0.6266052722930908 0.091645248234272 1.2867389917373657
0.6492586731910706 0.014123563654720783 1.2514595985412598
0.6750428676605225 0.0 1.2215185165405273
0.5926053524017334 0.0 1.1492561101913452
0.4652620553970337 0.08561572432518005 0.991320013999939
0.4196399748325348 0.07132093608379364 0.8583468198776245
0.4313538670539856 0.0 0.7395167946815491
0.3540889024734497 0.0 0.5688129663467407
0.2380925565958023 0.0 0.3327421247959137
0.136892169713974 0.0013325363397598267 0.10961103439331055
0.01126126665621996 0.05521014705300331 0.0
0.0 0.06292985379695892 0.0
0.0 0.025943875312805176 0.0
0.0 0.0020063165575265884 0.0
0.0 0.027318064123392105 0.0
0.0 0.06330721825361252 0.0
0.0 0.05098158121109009 0.0
0.0 0.0 0.0
0.0 0.0 0.0
0.0 0.0 0.0
0.0 0.09373809397220612 0.0
0.0 0.13363704085350037 0.0
0.0 0.08175813406705856 0.0
0.0 0.0 0.0
0.0 0.0 0.0
0.0 0.0 0.0
0.0 0.0 0.0
0.0 0.0 0.0
0.0 0.0 0.0
0.0 0.0 0.0
0.0 0.0 0.0
0.0 0.0 0.0
0.0 0.0 0.0
0.0 0.0 0.0
0.0 0.0 0.0
0.10872764140367508 0.012922613881528378 0.15209990739822388
0.20718656480312347 0.06623510271310806 0.3423481583595276
0.25009727478027344 0.13065536320209503 0.4348607659339905
0.28081950545310974 0.17726361751556396 0.46416327357292175
0.3382127583026886 0.1536877155303955 0.4838898479938507
0.41110000014305115 0.05020100995898247 0.5419715046882629
0.4803925156593323 0.0 0.6373838186264038
0.4561164677143097 0.0 0.7194904088973999
0.38202786445617676 0.06212903931736946 0.7778176069259644
0.3675525188446045 0.08956252783536911 0.8407925963401794
0.37012380361557007 0.09145070612430573 0.9027867317199707
0.46069419384002686 0.002635887823998928 1.0080984830856323
0.601230263710022 0.0 1.123327374458313
0.6461082696914673 0.0 1.2187750339508057
0.6742514967918396 0.0 1.2842155694961548
0.6878727674484253 0.0 1.3143811225891113
0.6671517491340637 0.0 1.2631059885025024
0.6101438403129578 0.04552849382162094 1.115493655204773
0.5761166214942932 0.01842907816171646 0.9943475127220154
0.6025399565696716 0.0 0.8937290906906128
0.5543426275253296 0.0 0.7925345301628113
0.41942742466926575 0.0 0.6353946924209595
0.28380247950553894 0.0 0.45063045620918274
0.1726280003786087 0.0 0.2626331150531769
0.07820083200931549 0.0 0.10357822477817535
0.0 0.0 0.0
0.0 0.0 0.0
0.0 0.0 0.0
0.0 0.0 0.0
0.0 0.0346011221408844 0.0
0.0 0.03611619397997856 0.0
0.0 0.014051905833184719 0.0
0.0 0.0 0.0
0.0 0.0 0.0
0.0 0.022012092173099518 0.0
0.0 0.07422469556331635 0.0
0.0 0.09220129996538162 0.0
0.0 0.05585873872041702 0.0
0.0 0.01853001117706299 0.0
0.0 0.03762407600879669 0.0
0.0 0.02364887297153473 0.0
0.0 0.011994346044957638 0.0
0.0 0.013123526237905025 0.0
0.0 0.021742846816778183 0.0
0.0 0.07723726332187653 0.0
0.0 0.09760113060474396 0.0
0.0 0.02509124204516411 0.0
0.0 0.0 0.0
0.0 0.0 0.0
0.0 0.0 0.0
0.0 0.0 0.0
0.0 0.010851851664483547 0.0
0.10209205001592636 0.0 0.0675874650478363
0.21828442811965942 0.0 0.18518893420696259
0.24222491681575775 0.044201020151376724 0.25182121992111206
0.15912550687789917 0.15704740583896637 0.2545618712902069
0.1665748953819275 0.15064969658851624 0.25568386912345886
0.2473704069852829 0.04837099835276604 0.27111583948135376
0.29103320837020874 0.0 0.2713586986064911
0.23061566054821014 0.03577131778001785 0.2377898246049881
0.12752710282802582 0.08500996977090836 0.20273357629776
0.070095494389534 0.08307065814733505 0.18292391300201416
0.06926538795232773 0.037469878792762756 0.15285496413707733
0.08764306455850601 0.0 0.12079289555549622
0.05702017620205879 0.0 0.08624637126922607
0.014474049210548401 0.0 0.07301925122737885
0.0 0.0 0.08463037014007568
0.11793545633554459 0.0 0.175368532538414
0.30865201354026794 0.0 0.30208659172058105
0.3901130259037018 0.0 0.3799864649772644
0.3193941116333008 0.04235362634062767 0.4277918040752411
0.25183823704719543 0.15181086957454681 0.4755460023880005
0.3201832175254822 0.11304803192615509 0.5701148509979248
0.5472767949104309 0.0 0.7715134620666504
0.6755871176719666 0.0 0.9379780888557434
0.5286692976951599 0.0 0.9274308681488037
0.3161245584487915 0.21222788095474243 0.7733758091926575
0.17325633764266968 0.2866608500480652 0.5617316961288452
0.1525135189294815 0.1396210491657257 0.37622925639152527
0.15900470316410065 0.0 0.23575365543365479
0.06686519086360931 0.0 0.05739907920360565
0.0 0.00494846235960722 0.0
0.0 0.0463225319981575 0.0
0.0 0.0 0.0
0.0 0.0 0.0
0.0 0.0 0.0
0.0 0.0 0.0
0.0 0.0 0.0
0.0 0.0 0.0
0.0 0.0 0.0
0.0 0.0 0.0
0.0 0.0 0.0
0.0 0.0 0.0
0.0 0.0 0.0
0.0 0.0 0.0
0.0 0.022163668647408485 0.0
0.0 0.05685293674468994 0.0
0.08188968896865845 0.033943627029657364 0.0
0.14682233333587646 0.0291115902364254 0.08095899969339371
0.15569040179252625 0.07663782685995102 0.1602570116519928
0.11215517669916153 0.12674440443515778 0.14609646797180176
0.08467908203601837 0.10989751666784286 0.11692286282777786
0.11656324565410614 0.016281811520457268 0.11586958914995193
0.12160088121891022 0.0 0.13820603489875793
0.05855187028646469 0.027943525463342667 0.1548556089401245
0.005348036997020245 0.06423255801200867 0.14482691884040833
0.014178279787302017 0.019695715978741646 0.10951634496450424
0.028420064598321915 0.0 0.06459680944681168
0.013665354810655117 0.0 0.04410351812839508
0.0 0.0 0.020284203812479973
0.0 0.0 0.006297015585005283
0.0 0.0 0.016075611114501953
0.003126161638647318 0.0 0.0355483777821064
0.023292947560548782 0.0 0.04861757531762123
0.026617906987667084 0.0 0.037998754531145096
0.03421697020530701 0.0 0.024159103631973267
0.031067516654729843 0.004048313945531845 0.020964108407497406
0.025668486952781677 0.01997401751577854 0.029508329927921295
0.034047357738018036 0.013501857407391071 0.0445261113345623
0.03395654261112213 0.0039056893438100815 0.05197230726480484
0.013787360861897469 0.009297790937125683 0.04217347502708435
0.0 0.01682867854833603 0.03127075731754303
0.002164260484278202 0.006175767630338669 0.030295774340629578
0.0 0.010538824833929539 0.0035515129566192627
0.0 0.0 0.0
0.0 0.0 0.0
0.0 0.009517236612737179 0.0
0.0 0.04254469648003578 0.0
0.0 0.03833184018731117 0.0
0.010218724608421326 0.0 0.0
0.032538942992687225 0.0 0.0
0.00798859354108572 0.019094496965408325 0.0
0.004756581503897905 0.035027921199798584 0.0
0.019725143909454346 0.010569983161985874 0.0
0.009154791943728924 0.0 0.0
0.0 0.0 0.0
0.0 0.0 0.0
0.0 0.0 0.0
0.0 0.007328118197619915 0.012033414095640182
0.006636773236095905 0.0 0.008943349123001099
0.014196688309311867 0.0 0.0
0.01639166660606861 0.0 0.0
0.012123417109251022 0.0 0.0
0.0 0.0 0.0
0.01217401772737503 0.0 0.0
0.03135809674859047 0.0 0.0
0.06236155331134796 0.0 0.0
0.06144089996814728 0.0 0.0
0.017802609130740166 0.0 0.0
0.0 0.010691690258681774 0.0
0.0 0.0 0.0
0.034819941967725754 0.0 0.0
0.08620696514844894 0.0 0.0
0.10006445646286011 0.0 0.0
0.0680181086063385 0.0 0.0
0.0 0.02555985376238823 0.0
0.0 0.1265844702720642 0.011494390666484833
0.0 0.09568274766206741 0.01803751103579998
0.003503830637782812 0.0 0.0014167232438921928
0.03565484285354614 0.0 0.0
0.02715616300702095 0.0 0.0
0.004584008827805519 0.007338504306972027 0.002547500655055046
0.0 0.03496800363063812 0.014227859675884247
0.007720413617789745 0.02218402922153473 0.01117347925901413
0.01733921840786934 0.0 0.005841831676661968
0.006725722923874855 0.0 0.0004012593999505043
0.0 0.0031096702441573143 0.003463362343609333
0.0 0.0009655589237809181 0.008786754682660103
0.0023270060773938894 0.0 0.011003611609339714
0.0 0.0 0.0
0.0 0.0 0.0
0.0 0.0 0.0
0.0 0.0 0.0
0.0 0.010593480430543423 0.0033608712255954742
0.0 0.005236530676484108 0.008791057392954826
0.013109080493450165 0.0 0.00043166056275367737
0.006874886341392994 0.0 0.0
0.0 0.007458406500518322 0.0
0.0 0.01166460383683443 0.0
0.0 0.0010452484712004662 0.0
0.0 0.0 0.0
0.0 0.03725385293364525 0.0
0.0 0.12017457187175751 0.02638682723045349
0.0 0.1775667518377304 0.043430525809526443
0.0 0.21589389443397522 0.03909064084291458
0.0 0.15631099045276642 0.028651580214500427
0.0 0.061617251485586166 0.010897884145379066
0.008098608814179897 0.007464264519512653 0.0
0.015755197033286095 0.0 0.0
0.0 0.009654981084167957 0.0
0.0 0.04056016728281975 0.0
0.0 0.054434437304735184 0.0
0.0 0.0641176849603653 0.0
0.0 0.13331753015518188 0.0
0.0 0.21634237468242645 0.0
0.0 0.2709459662437439 0.0
0.0 0.21927371621131897 0.0
0.0 0.0 0.0
0.0 0.0 0.0
0.2738160192966461 0.0 0.0
0.8661925196647644 0.0 0.0
1.3081328868865967 0.0 0.16013024747371674
1.388353943824768 0.0 0.6182301640510559
2.132333993911743 0.0 1.3741375207901
3.6888480186462402 0.0 2.1259050369262695
5.404327392578125 0.0 2.492044448852539
6.177114963531494 0.0 2.743290424346924
6.47860050201416 0.0 3.5053913593292236
6.670360088348389 0.0 4.5624613761901855
6.848297595977783 0.0 5.428780555725098
6.827439785003662 0.0 5.580292224884033
6.768924236297607 0.0 4.808000564575195
6.7937092781066895 0.0 3.9145092964172363
7.001657485961914 0.0 2.958810329437256
6.774502754211426 0.0 1.6200095415115356
5.954816818237305 2.0433731079101562 0.2726336121559143
4.7646942138671875 3.3665802478790283 0.0
3.528999090194702 3.598755359649658 0.0
3.0641534328460693 3.470672607421875 0.0
3.157536506652832 3.2981131076812744 0.0
3.3552467823028564 2.913297653198242 0.0
3.163956642150879 2.802403688430786 0.0
2.9149303436279297 2.4085533618927 0.0
2.7133398056030273 2.233670711517334 0.0
2.5016775131225586 2.2923970222473145 0.0
2.2655675411224365 2.248140335083008 0.0
1.7224600315093994 2.2042276859283447 0.0
1.1785732507705688 2.0370514392852783 0.0
1.0012158155441284 1.4307734966278076 0.0
0.704991340637207 0.9765244722366333 0.0
0.42563295364379883 0.4751356840133667 0.0
0.09152606874704361 0.0 0.0
0.0 0.0 0.0
0.0 0.0 0.0
0.0 0.0 0.0
0.0 0.0 0.0
0.0 0.0 0.0
0.0 0.0 0.0
0.0 0.0 0.0
0.0 0.0 0.0
0.0 0.0 0.0
0.0 0.0 0.0
0.0 0.0 0.0
0.0 0.0 0.0
0.0 0.0 0.0
0.0 0.0 0.0
0.0 0.0 0.0
0.0 0.0 0.0
0.0 0.0 0.0
0.0 0.0 0.0
0.0 0.0 0.0
0.0 0.0 0.0
0.0 0.0 0.0
0.0 0.0 0.0
0.0 0.0 0.0
0.0 0.0 0.0
0.0 0.0 0.0
0.0 0.0 0.0
0.0 0.0 0.0
0.0 0.0 0.0
0.0 0.0 0.0
0.0 0.0 0.0
0.0 0.0 0.0
0.0 0.0 0.0
0.0 0.0 0.0
0.0 0.0 0.006318321451544762
0.0 0.12687623500823975 0.22824671864509583
0.11995024979114532 0.0484972707927227 0.3115096688270569
0.28468266129493713 0.00621949415653944 0.16345486044883728
0.27318474650382996 0.1937321424484253 0.06352612376213074
0.2603336572647095 0.22880516946315765 0.07312628626823425
0.23579928278923035 0.14810393750667572 0.05979983136057854
0.20897485315799713 0.07836798578500748 0.0
0.20494815707206726 0.16665658354759216 0.0
0.17398065328598022 0.24002666771411896 0.0
0.134340301156044 0.35374096035957336 0.0
0.13500556349754333 0.2824009954929352 0.02183726616203785
0.13519757986068726 0.28672143816947937 0.0036918185651302338
0.1681334227323532 0.24091269075870514 0.011350536718964577
0.16564816236495972 0.19616147875785828 0.038956865668296814
0.1431519091129303 0.08779451251029968 0.030902668833732605
0.13256050646305084 0.010278950445353985 0.011315915733575821
0.08571285009384155 0.008286372758448124 0.00015833694487810135
0.04940437898039818 0.06360182166099548 0.010658115148544312
0.014138798229396343 0.0955301970243454 0.020024186000227928
0.05145447701215744 0.06569187343120575 0.019231896847486496
0.02281138300895691 0.09131255000829697 0.006209039129316807
0.025850582867860794 0.04874484986066818 0.015716256573796272
0.08752167224884033 0.024101290851831436 0.03441377729177475
0.0567144900560379 0.04440256580710411 0.023488692939281464
0.0014046276919543743 0.04139186441898346 0.004765072837471962
0.07916361093521118 0.012495764531195164 0.015062984079122543
0.10037913918495178 0.036845315247774124 0.031378574669361115
0.08738104999065399 0.06123906746506691 0.053762439638376236
0.061722029000520706 0.07296070456504822 0.05995402857661247
0.0842350572347641 0.04001474380493164 0.04511569067835808
0.07277041673660278 0.06245187297463417 0.021570950746536255
0.07268786430358887 0.022044796496629715 0.023575779050588608
0.0461001917719841 0.0 0.008219724521040916
0.021637195721268654 0.02008470892906189 0.0059664249420166016
0.0406191423535347 0.014650794677436352 0.02750473842024803
0.06960125267505646 0.004029843024909496 0.009598443284630775
0.08891557157039642 0.0019051730632781982 0.0
0.0676635354757309 0.004106009379029274 0.0
0.06543554365634918 0.0 0.0
0.10366281867027283 0.0 0.015211055055260658
0.13594672083854675 0.0 0.0
0.10850392282009125 0.0 0.0
0.0572521798312664 0.031848691403865814 0.0
0.02955583855509758 0.04998534917831421 0.0
0.048848576843738556 0.05529063567519188 0.0
0.08929000794887543 0.004167261533439159 0.0
0.11917068064212799 0.0 0.0
0.15340693295001984 0.0 0.0
0.19314555823802948 0.0 0.0
0.20602700114250183 0.0 0.0
0.22101686894893646 0.0 0.0
0.3300541341304779 0.0 0.0
0.38250991702079773 0.0 0.0
0.24224121868610382 0.0 0.0
0.1411404311656952 0.0 0.0
0.10971486568450928 0.016528505831956863 0.05490823835134506
0.1288376897573471 0.024959275498986244 0.06474142521619797
0.1623450517654419 0.0 0.012494735419750214
0.20121122896671295 0.0 0.0
0.16188831627368927 0.0 0.0
0.09637109935283661 0.0 0.0
0.08320416510105133 0.0 0.03425968438386917
0.09490103274583817 0.04954344779253006 0.04738906770944595
0.16406039893627167 0.0 0.03672097623348236
0.1714075207710266 0.0 0.0376213937997818
0.13796354830265045 0.0 0.08782171458005905
0.18760806322097778 0.0 0.14945179224014282
0.23218512535095215 0.0 0.1777622550725937
0.16577041149139404 0.0 0.16891123354434967
0.0 0.0 0.09997451305389404
0.0978158637881279 0.0 0.0642697811126709
0.22720687091350555 0.017003614455461502 0.15009520947933197
0.09833171963691711 0.0 0.11549488455057144
0.0 0.1785656064748764 0.043796733021736145
0.0 0.21364477276802063 0.035546526312828064
0.0 0.23700842261314392 0.0954977422952652
0.0 0.279295414686203 0.14819078147411346
0.0 0.2174200713634491 0.188890278339386
0.0 0.17823883891105652 0.1513008177280426
0.0 0.24558645486831665 0.05532822012901306
0.0 0.1924862265586853 0.000365368090569973
0.0 0.2838400900363922 0.0
0.01945820450782776 0.32288816571235657 0.05606804043054581
0.0 0.15575723350048065 0.14257310330867767
0.0 0.20801831781864166 0.11360324174165726
0.019063524901866913 0.27811670303344727 0.08796845376491547
0.005151171237230301 0.3461330533027649 0.10193806141614914
0.016555359587073326 0.29073476791381836 0.12644366919994354
0.07499390840530396 0.22358421981334686 0.14176617562770844
0.05658772960305214 0.1852717250585556 0.16175612807273865
0.00025281915441155434 0.22478051483631134 0.14529672265052795
0.014567043632268906 0.18453748524188995 0.09616672992706299
0.04697265103459358 0.10386314988136292 0.046018071472644806
0.05254638195037842 0.08800135552883148 0.020382752642035484
0.012240506708621979 0.09135960787534714 0.0
0.010249793529510498 0.048914410173892975 0.0
0.0 0.13927680253982544 0.0
0.0 0.14031223952770233 0.0
0.015601681545376778 0.023408515378832817 0.0
0.028989125043153763 0.06928545981645584 0.0
0.0 0.12250234186649323 0.0
0.0 0.04490821808576584 0.0
0.0 0.0 0.0
0.0 0.0 0.0
0.0948675200343132 0.0 0.0
0.003489140188321471 0.08291950821876526 0.0
0.0 0.17731791734695435 0.0
0.0 0.0 0.06705799698829651
0.0 0.0 0.11393176019191742
0.05398773401975632 0.0 0.05930446833372116
0.01573755033314228 0.0 0.0472712405025959
0.0676225870847702 0.09971606731414795 0.008820254355669022
0.3305721879005432 0.0 0.0
