0.0 0.4702807068824768 0.3712175488471985
0.0 0.5232298970222473 0.436369389295578
0.0 0.534752607345581 0.46556827425956726
0.0 0.5450848937034607 0.514268159866333
0.0 0.5235295295715332 0.5879895091056824
0.0 0.5126923322677612 0.659214973449707
0.0 0.5926023125648499 0.6344906687736511
0.0 0.6365980505943298 0.4910869300365448
0.029349755495786667 0.5104315876960754 0.3683972656726837
0.06889156997203827 0.3456788659095764 0.33834534883499146
0.08913132548332214 0.2638090252876282 0.3297356069087982
0.014651503413915634 0.24278736114501953 0.3043522238731384
0.0 0.3454461097717285 0.20630715787410736
0.0 0.41054868698120117 0.15494675934314728
0.0 0.21799014508724213 0.1497354805469513
0.0 0.07776857912540436 0.145573228597641
0.0 0.11399396508932114 0.16206832230091095
0.0 0.07772011309862137 0.18145506083965302
0.0 0.03421524912118912 0.14944839477539062
0.0 0.006846475414931774 0.06413722038269043
0.0 0.0 0.027085458859801292
0.0 0.0 0.02389339543879032
0.0 0.0 0.007993258535861969
0.0 0.0 0.0
0.0 0.0 0.017354534938931465
0.0 0.0 0.017309261485934258
0.0 0.0 0.0
0.0 0.0 0.0
0.0 0.0 0.0
0.05463380739092827 0.0 0.0
0.2090263068675995 0.0 0.21819204092025757
0.3286283612251282 0.0 0.42896631360054016
0.34707528352737427 0.0 0.4123402237892151
0.33198580145835876 0.005351376719772816 0.23303863406181335
0.3250357508659363 0.0 0.17076300084590912
0.26480570435523987 0.0 0.11357960104942322
0.00915207527577877 0.042031362652778625 0.0
0.0 0.08518228679895401 0.0
0.0 0.0009134849533438683 0.03044077567756176
0.0 0.0 0.09998496621847153
0.0 0.0 0.11676820367574692
0.0 0.0 0.13427422940731049
0.004374098498374224 0.0 0.11960207670927048
0.0 0.0 0.08107823133468628
0.014652736485004425 0.0 0.053514786064624786
0.03934769704937935 0.0 0.03770918399095535
0.04163029417395592 0.0 0.02385781891644001
0.06516490876674652 0.0 0.018758133053779602
0.024867292493581772 0.0 0.0
0.014439152553677559 0.0 0.0
0.04862668365240097 0.0 0.0
0.047700703144073486 0.0 0.0
0.04670681059360504 0.0 0.0
0.029638610780239105 0.0 0.0
0.02930678054690361 0.0 0.0
0.017166228964924812 0.0 0.0172348041087389
0.00935437809675932 0.0 0.049174897372722626
0.016763025894761086 0.0 0.05348415672779083
0.0 0.0 0.044705308973789215
0.0 0.0 0.032668352127075195
0.0 0.0 0.019745366647839546
0.0 0.0 0.049648672342300415
0.0 0.0 0.0637810006737709
0.0 0.0 0.04990380257368088
0.0 0.0 0.02535797841846943
0.0 0.0 0.015822529792785645
0.0033015457447618246 0.0 0.01056252047419548
0.0 0.0 0.0
0.0 0.0 0.0
0.0 0.0 0.009255440905690193
0.0 0.0 0.003050542436540127
0.017377950251102448 0.0 0.0
0.053700271993875504 0.0 0.0
0.07713022828102112 0.0 0.0
0.07398369908332825 0.0 0.0
0.04737339913845062 0.0 0.0
0.026025233790278435 0.001652873121201992 0.0
0.02280627191066742 0.0 0.0
0.038849685341119766 0.0 0.0
0.03248579427599907 0.0 0.0
0.034454669803380966 0.0 0.0
0.019334042444825172 0.0 0.010777704417705536
0.0 0.0 0.0
0.007745296228677034 0.0 0.0
0.027951233088970184 0.0 0.0
0.01612759567797184 0.0 0.009642930701375008
0.0 0.0 0.020138714462518692
0.0 0.0 0.009453579783439636
0.0 0.0 0.0
0.0 0.0 0.0
0.0 0.002669401466846466 0.014979640021920204
0.010521641932427883 0.0 0.040667690336704254
0.005860843695700169 0.0 0.07580623775720596
0.0 0.0 0.10133219510316849
0.0 0.0 0.09042149037122726
0.0 0.0 0.030672144144773483
0.0 0.0 0.010577795095741749
0.0 0.00387595035135746 0.010470735840499401
0.0 0.0 0.006179585121572018
0.0 0.0 0.007355104200541973
0.0 0.0 0.0
0.0 0.004013901576399803 0.0
0.0 0.0 0.0
0.0 0.0 0.0
0.0 0.027363963425159454 0.0
0.0 0.019914571195840836 0.0
0.0 0.022023793309926987 0.0
0.0 0.04112318530678749 0.0
0.016395583748817444 0.0314982570707798 0.0
0.04067349433898926 0.0 0.009931446053087711
0.028065290302038193 0.0 0.0
0.0 0.0 0.0
0.0 0.0 0.0
0.0 0.0 0.0030378540977835655
0.006661730352789164 0.0 0.0
0.07390707731246948 0.0 0.0
0.04309297353029251 0.0 0.0
0.0 0.0 0.0
0.0 0.009594288654625416 0.0
0.0 0.0010410156100988388 0.0
0.009439140558242798 0.0 0.0
0.053159456700086594 0.0 0.0
0.01258486695587635 0.0 0.0
0.0 0.4878990650177002 0.11538197100162506
0.0 0.4142698645591736 0.17416007816791534
0.0 0.11045006662607193 0.0
0.09281525015830994 0.0 0.01450116466730833
0.06964042782783508 0.0 0.0
0.08072531223297119 0.05804464593529701 0.0
0.03080728091299534 0.23036447167396545 0.0
0.003831322770565748 0.23562155663967133 0.0008311588317155838
0.008509431034326553 0.08130070567131042 0.04204197973012924
0.102333664894104 0.0 0.02969716116786003
0.09811708331108093 0.0 0.01994040608406067
0.03086986392736435 0.0 0.023597456514835358
0.0 0.0 0.012680095620453358
0.021259848028421402 0.0 0.03222370147705078
0.10861791670322418 0.0 0.041514672338962555
0.1233300268650055 0.0 0.06409934163093567
0.08179083466529846 0.0 0.05948727950453758
0.0936964899301529 0.017310265451669693 0.05123201385140419
0.19410273432731628 0.0012069297954440117 0.040431298315525055
0.18124525249004364 0.0 0.04346650466322899
0.14381110668182373 0.015094642527401447 0.05493192747235298
0.16841977834701538 0.03632030263543129 0.05204159766435623
0.16434220969676971 0.0 0.022932715713977814
0.14750199019908905 0.0 0.0
0.11609478294849396 0.0 0.023054156452417374
0.2887994647026062 0.0 0.034237831830978394
0.3768467605113983 0.0 0.08530288189649582
0.5208705067634583 0.0 0.1760714054107666
0.5161524415016174 0.0 0.19252441823482513
0.5375285744667053 0.0 0.043344248086214066
0.5440642237663269 0.0 0.0
0.5572631359100342 0.0 0.0
0.5179937481880188 0.0 0.0
0.4505002200603485 0.0 0.0
0.28423213958740234 0.0 0.0
0.1532357633113861 0.0 0.05779669061303139
0.16488602757453918 0.0 0.30315399169921875
0.0 0.0 0.5221680402755737
0.0 0.5729789733886719 0.6294124722480774
0.0 0.7618492841720581 0.7618456482887268
0.0 0.4075164794921875 0.7611904740333557
0.0 0.2644006013870239 0.6255631446838379
0.0 0.20527283847332 0.5174604058265686
0.0 0.21510283648967743 0.40611952543258667
0.0 0.17504435777664185 0.34453630447387695
0.0 0.1802939921617508 0.3784269094467163
0.0 0.21388444304466248 0.5001839399337769
0.0 0.14469072222709656 0.531855583190918
0.0 0.289984792470932 0.3967113792896271
0.0 0.4015944302082062 0.25663256645202637
0.0 0.36866337060928345 0.2501054108142853
0.0 0.19515761733055115 0.23489238321781158
0.0 0.14652909338474274 0.12748469412326813
0.0 0.3730549216270447 0.0
0.0 0.4258371591567993 0.0
0.0 0.212107315659523 0.0
0.0 0.1794135421514511 0.0
0.0 0.29916709661483765 0.0
0.0 0.4594174921512604 0.0
0.0 0.511861264705658 0.0
0.0 0.29288604855537415 0.0
0.0 0.010943041183054447 0.0
0.0 0.0 0.0
0.08863519877195358 0.0 0.0
0.06902793794870377 0.0 0.0
0.0 0.0 0.0
0.0 0.0 0.0
0.0 0.0 0.0
0.0 0.0 0.0
0.0 0.0 0.0
0.0 0.0 0.0
0.1205151304602623 0.0 0.0
0.21776285767555237 0.0 0.0
0.2381909042596817 0.0 0.20296156406402588
0.16862913966178894 0.026709994301199913 0.34366223216056824
0.05757132172584534 0.15189187228679657 0.4732931852340698
0.050327789038419724 0.1515970677137375 0.5554801821708679
0.11492089927196503 0.02976037748157978 0.6914066076278687
0.23783724009990692 0.0 0.8544160723686218
0.2644440531730652 0.0 0.9668706655502319
0.19900114834308624 0.06020936369895935 1.0320695638656616
0.15844334661960602 0.20971469581127167 1.1592786312103271
0.1621355414390564 0.32000046968460083 1.2323185205459595
0.1672070026397705 0.3475194275379181 1.262371301651001
0.22186146676540375 0.26142874360084534 1.2273837327957153
0.24723100662231445 0.1862407922744751 1.135518193244934
0.3116520643234253 0.0687064453959465 0.9755334258079529
0.2911715507507324 0.10916385799646378 0.6880829930305481
0.1349654495716095 0.21994683146476746 0.42941761016845703
0.024391531944274902 0.1920211911201477 0.27972665429115295
0.0 0.08509740233421326 0.18067702651023865
0.0 0.0 0.07678604871034622
0.013204390183091164 0.0 0.0
0.0 0.0 0.0
0.0 0.044719621539115906 0.0
0.0 0.0 0.0
0.0 0.0 0.0
0.0 0.0 0.0
0.0 0.0 0.0
0.0 0.0 0.0
0.0 0.0 0.0
0.0 0.0 0.0
0.0 0.0 0.0
0.0 0.0 0.0
0.0 0.0 0.0
0.0 0.002078150399029255 0.0
0.0 0.0 0.0
0.0 0.0 0.0
0.0 0.0 0.0
0.0 0.0 0.0
0.0 0.014813385903835297 0.0
0.0 0.0 0.0
0.0010435979347676039 0.0 0.0
0.0531826987862587 0.0 0.0
0.05216590315103531 0.0 0.0
0.0 0.03894295543432236 0.006547573953866959
0.0 0.0824667289853096 0.03741148114204407
0.006002403795719147 0.07480881363153458 0.07725130021572113
0.05650179833173752 0.05850387364625931 0.14607511460781097
0.08753454685211182 0.059143565595149994 0.24253560602664948
0.08504720032215118 0.147239089012146 0.28980404138565063
0.040264010429382324 0.37472736835479736 0.32000696659088135
0.0038644587621092796 0.4130087196826935 0.3368605077266693
0.04648701846599579 0.3204587996006012 0.3295080363750458
0.09889963269233704 0.1482665240764618 0.29208236932754517
0.11875269562005997 0.032646194100379944 0.21178223192691803
0.08100425451993942 0.005341070704162121 0.14187611639499664
0.04004696384072304 0.0 0.07410558313131332
0.023343617096543312 0.0 0.035431694239377975
0.0 0.0 0.028750088065862656
0.0 0.0 0.015878230333328247
0.0 0.0 0.007308178581297398
0.008930590003728867 0.0 0.0
0.0 0.0 0.0
0.0 0.0 0.0
0.0 0.0 0.0
0.026089336723089218 0.0 0.0
0.0301879420876503 0.0 0.0
0.019468452781438828 0.0 0.0
0.019577108323574066 0.0 0.0
0.023849351331591606 0.0 0.0
0.026855528354644775 0.0 0.0
0.05010971799492836 0.0 0.022786207497119904
0.0116581991314888 0.015441374853253365 0.03652119264006615
0.0 0.09750747680664062 0.02004048600792885
0.0 0.09008711576461792 0.012570851482450962
0.0 0.0177609883248806 0.0
0.02621743455529213 0.0 0.0
0.019821055233478546 0.0 0.0
0.0 0.026339031755924225 0.0
0.0 0.04231639951467514 0.0
0.0 0.0 0.0
0.0 0.0 0.0
0.0 0.0 0.0
0.0 0.0 0.0
0.0 0.0 0.0
0.0 0.0 0.0
0.0 0.0 0.0
0.06153760850429535 0.0 0.0
0.17922216653823853 0.0 0.0
0.35453832149505615 0.0 0.0
0.5522985458374023 0.0 0.0
0.8543471097946167 0.0 0.0
1.4215428829193115 0.0 0.38323384523391724
2.257103681564331 0.0 0.7360094785690308
3.3068454265594482 0.0 0.9975603818893433
4.394005298614502 0.0 1.2804960012435913
5.6554436683654785 0.0 1.789490818977356
6.886360168457031 0.0 2.216118097305298
7.848438262939453 0.0 2.492945909500122
8.291637420654297 0.0 2.758821487426758
8.721779823303223 0.0 3.488682746887207
8.644755363464355 0.0 3.654672384262085
7.83790922164917 0.0 2.978163719177246
7.1088056564331055 0.0 1.9071935415267944
7.037524223327637 0.0 1.1075637340545654
6.827576160430908 0.6913722157478333 0.5052781701087952
6.534265041351318 1.982292652130127 0.0
5.555505275726318 3.681016206741333 0.0
3.8361878395080566 5.697198867797852 0.0
2.7975120544433594 5.897789001464844 0.0
2.7207376956939697 4.532148838043213 0.0
2.8755407333374023 2.9464945793151855 0.0
2.8967504501342773 1.8622781038284302 0.0
2.3500747680664062 1.6893441677093506 0.0
1.5220134258270264 2.188511848449707 0.0
0.8007505536079407 2.444059133529663 0.0
0.0 2.473083019256592 0.0
0.0 2.0227582454681396 0.0
0.0 1.34369695186615 0.0
0.0 0.2867885231971741 0.0
0.0 0.0 0.0
0.0 0.0 0.0
0.0 0.0 0.0
0.0 0.0 0.0
0.0 0.0 0.0
0.0 0.0 0.0
0.0 0.0 0.0
0.0 0.0 0.0
0.0 0.0 0.0
0.0 0.0 0.0
0.0 0.0 0.0
0.0 0.0 0.0
0.0 0.0 0.0
0.0 0.0 0.0
0.0 0.0 0.0
0.0 0.0 0.0
0.0 0.0 0.0
0.0 0.0 0.0
0.0 0.0 0.0
0.0 0.0 0.0
0.0 0.0 0.03243841975927353
0.0 0.0 0.0
0.0 0.0 0.0
0.0 0.0 0.0
0.0 0.0 0.05626439303159714
0.0 0.0 0.13719812035560608
0.0 0.0 0.12994393706321716
0.0 0.0 0.02445586398243904
0.05462897568941116 0.0 0.0
0.06624816358089447 0.0 0.005769493989646435
0.07521156221628189 0.05765974521636963 0.08964148908853531
0.15125226974487305 0.09653071314096451 0.1738557070493698
0.1662815511226654 0.11247186362743378 0.1676476001739502
0.19029314815998077 0.061618268489837646 0.10789692401885986
0.18568268418312073 0.014079512096941471 0.029709715396165848
0.18673303723335266 0.0 0.02640845999121666
0.09461908042430878 0.044943682849407196 0.06842781603336334
0.0 0.09396049380302429 0.09213287383317947
0.022563263773918152 0.051257506012916565 0.12328094244003296
0.04200487583875656 0.032178621739149094 0.0977737158536911
0.03254612535238266 0.041813936084508896 0.08489067852497101
0.0 0.07700574398040771 0.08341474831104279
0.0058244988322257996 0.04928916320204735 0.0899895653128624
0.02857615053653717 0.05893246829509735 0.05819861218333244
0.0713270753622055 0.06630916148424149 0.05330798402428627
0.12137612700462341 0.024730823934078217 0.05794641003012657
0.09287311136722565 0.0 0.023390032351017
0.07787738740444183 0.004722496494650841 0.0296708345413208
0.07046154886484146 0.033446017652750015 0.028621546924114227
0.11006061732769012 0.03022173047065735 0.017255175858736038
0.10154276341199875 0.04299638047814369 0.01721150055527687
0.056895673274993896 0.06333734095096588 0.0029433472082018852
0.04416709393262863 0.034702230244874954 0.0
0.02194834128022194 0.00931564997881651 0.0
0.024028003215789795 0.009291415102779865 0.0
0.01646675541996956 0.028398796916007996 0.0
0.05463917553424835 0.0037941187620162964 0.005932745523750782
0.09307152032852173 0.0 0.0
0.04312420263886452 0.0 0.0
0.027153223752975464 0.0 0.0
0.030122116208076477 0.0 0.0
0.08433288335800171 0.0 0.016746778041124344
0.11962243169546127 0.0 0.007432638667523861
0.11864452064037323 0.0 0.0
0.08242339640855789 0.0 0.0
0.08788075298070908 0.0 0.0
0.1391972005367279 0.0 0.0
0.17757442593574524 0.0 0.0
0.17871186137199402 0.0 0.0
0.10115128010511398 0.0 0.0
0.1066131591796875 0.0 0.0
0.16952501237392426 0.0 0.0
0.20573389530181885 0.0 0.0
0.2587457001209259 0.0 0.0
0.2352323979139328 0.0 0.0
0.1669393628835678 0.0 0.0
0.13797880709171295 0.0 0.0
0.11664795130491257 0.0 0.0
0.07201443612575531 0.0 0.0
0.04737033694982529 0.0 0.0
0.03852464631199837 0.0 0.013184822164475918
0.0630134791135788 0.0 0.016585946083068848
0.037857525050640106 0.0 0.0
0.0 0.0 0.0
0.002490743761882186 0.0 0.0
0.04502435773611069 0.0 0.004723959602415562
0.08358532935380936 0.0 0.0
0.12440492957830429 0.0 0.0
0.11073359847068787 0.0 0.0
0.08078182488679886 0.0 0.0
0.061310119926929474 0.0 0.0
0.05910874903202057 0.0 0.0
0.06882289797067642 0.0 0.0
0.12012843042612076 0.0 0.0
0.15754956007003784 0.0 0.0
0.1650221198797226 0.0 0.0
0.15650907158851624 0.0 0.0
0.16162367165088654 0.0 0.0
0.15609893202781677 0.0 0.0
0.17101237177848816 0.0 0.0
0.2148815542459488 0.0 0.0
0.2504986822605133 0.0 0.0
0.30607298016548157 0.0 0.0
0.3048231601715088 0.0 0.0
0.18724913895130157 0.0 0.0
0.039763014763593674 0.0 0.0
0.043687183409929276 0.0 0.023781538009643555
0.1512591689825058 0.0 0.029866062104701996
0.34558579325675964 0.0 0.0
0.4760652184486389 0.0 0.0
0.44277358055114746 0.0 0.0
0.3289540708065033 0.0 0.052364978939294815
0.2939542829990387 0.0 0.14844544231891632
0.29297342896461487 0.0 0.2587810158729553
0.18993332982063293 0.08726972341537476 0.35582607984542847
0.07234039902687073 0.4858836829662323 0.43499892950057983
0.0 1.0900510549545288 0.41236791014671326
0.08491212129592896 1.2477355003356934 0.2591852843761444
0.5416956543922424 0.7516947984695435 0.18415310978889465
1.1181837320327759 0.17752505838871002 0.18484553694725037
1.3341612815856934 0.0 0.20197844505310059
1.3427225351333618 0.007901400327682495 0.2228613644838333
1.3346611261367798 0.30985647439956665 0.2216229885816574
1.3819167613983154 0.6849530935287476 0.24895048141479492
1.288095474243164 0.6422775983810425 0.3376134932041168
1.1097931861877441 0.42332202196121216 0.4163147211074829
0.8456246852874756 0.21431103348731995 0.43970632553100586
0.43373987078666687 0.3621675968170166 0.3506059944629669
0.0 0.4918997585773468 0.29524555802345276
0.0 0.39922231435775757 0.21826398372650146
0.0 0.18617156147956848 0.13051468133926392
0.0 0.0 0.04687438905239105
0.0 0.0 0.0
0.0 0.0 0.0
0.0 0.0 0.0
0.0 0.0 0.0
0.0 0.0 0.0
0.0 0.0 0.0
0.0 0.0 0.0
0.0 0.0 0.0
0.0 0.0 0.04456968605518341
0.0 0.028803786262869835 0.10900167375802994
0.0 0.09079471975564957 0.2512408494949341
0.0 0.0 0.3041040599346161
0.0 0.0 0.12884168326854706
0.0 0.0 0.0
0.0 0.0760946050286293 0.0
0.0 0.06385312229394913 0.01929549127817154
0.08004943281412125 0.0 0.017769766971468925
0.36841997504234314 0.0 0.0
0.6243391036987305 0.0 0.0
0.8632068634033203 0.0 0.0
1.0153430700302124 0.0 0.0
1.1017874479293823 0.0 0.0
1.2210975885391235 0.0 0.0
1.0230023860931396 0.3413954973220825 0.0
0.8125521540641785 0.5198483467102051 0.06645634770393372
0.7125251889228821 0.535697877407074 0.1445639282464981
0.6871827840805054 0.5910999178886414 0.1263289898633957
0.6610662341117859 0.5074172616004944 0.05849296599626541
0.6286774277687073 0.40891942381858826 0.0
0.5613337755203247 0.30381935834884644 0.0
0.488308310508728 0.2007284015417099 0.0
0.3695491552352905 0.14134949445724487 0.019139962270855904
0.18408554792404175 0.184301495552063 0.0024701720103621483
0.0 0.2603198289871216 0.0
0.0 0.2011105716228485 0.0
0.0 0.09815037250518799 0.0
0.0 0.06107863783836365 0.0
0.0 0.055875882506370544 0.0
0.0 0.16148513555526733 0.0
0.0 0.32240769267082214 0.013752387836575508
0.0 0.37568342685699463 0.04582510143518448
0.0 0.30346596240997314 0.04101862758398056
0.0 0.16947275400161743 0.02400262840092182
0.0 0.0 0.02771773748099804
0.0 0.0 0.0
0.0 0.0 0.0
0.0 0.0 0.0
0.0 0.0 0.0
0.0 0.0 0.0
0.0 0.0 0.0
0.0 0.0 0.0
0.0 0.0 0.0
0.06599736958742142 0.0 0.0
0.11807654798030853 0.0 0.0
0.17007531225681305 0.0 0.0
0.2908983826637268 0.0 0.0
0.5255593657493591 0.0 0.0
0.8049896955490112 0.0 0.0
0.9245954155921936 0.0 0.0
0.8000180721282959 0.08367356657981873 0.0
0.7362966537475586 0.18021288514137268 0.0
0.833929181098938 0.12350299954414368 0.0034237978979945183
0.9392098188400269 0.07640634477138519 0.03316731005907059
0.8431690335273743 0.22960548102855682 0.05513919144868851
0.6959177851676941 0.3616601824760437 0.07225772738456726
0.5967674851417542 0.37995558977127075 0.06491672247648239
0.5756886005401611 0.3375926613807678 0.03251936286687851
0.5596664547920227 0.3057425916194916 0.029051130637526512
0.44635215401649475 0.3770865499973297 0.05806334316730499
0.27212709188461304 0.4432083070278168 0.09392839670181274
0.1366470456123352 0.4009934961795807 0.08175508677959442
0.04093116521835327 0.2621104419231415 0.028001314029097557
0.0 0.1391778439283371 0.0
0.0 0.06932926177978516 0.0
0.0 0.06856971979141235 0.0
0.0 0.012416170910000801 0.0
0.0 0.0 0.0
0.0 0.0 0.0
0.0 0.0 0.0
0.0 0.0 0.0
0.0 0.0 0.0
0.0 0.0 0.0
0.0 0.0 0.0
0.0 0.0 0.0
0.0 0.0 0.0
0.0 0.0 0.0
0.0 0.0 0.0
0.0 0.0 0.0
0.0 0.0 0.0
0.0 0.0 0.0
0.0 0.0 0.0
0.0 0.0 0.013417841866612434
0.07149067521095276 0.0 0.01218533143401146
0.21387365460395813 0.0 0.0
0.4499815106391907 0.0 0.0
0.6307203769683838 0.0 0.0
0.7739654183387756 0.0 0.0
0.8207582235336304 0.0 0.0
0.7758466601371765 0.0 0.0
0.7172449231147766 0.0 0.0
0.6957476139068604 0.0 0.0
0.7278053760528564 0.022998295724391937 0.0
0.7256138920783997 0.035732202231884 0.0
0.6923555135726929 0.0 0.0
0.6860643625259399 0.0 0.0
0.5826473832130432 0.05515410006046295 0.0
0.47469085454940796 0.13393333554267883 0.0
0.3589341640472412 0.13822822272777557 0.012615480460226536
0.27439263463020325 0.10324519872665405 0.02981896698474884
0.21277135610580444 0.1682838499546051 0.012321201153099537
0.13387201726436615 0.19928038120269775 0.009496918879449368
0.05051879957318306 0.15052643418312073 0.012779531069099903
0.0 0.07936756312847137 0.04887974262237549
0.0 0.02102622389793396 0.06061283126473427
0.0 0.018097545951604843 0.05405772849917412
0.0 0.05046161264181137 0.031895168125629425
0.0 0.05297829955816269 0.015274913050234318
0.0 0.0 0.053624700754880905
0.0 0.0 0.09052252769470215
0.0 0.0 0.07775560021400452
0.0 0.0 0.055237505584955215
0.0 0.0 0.05448276922106743
0.0 0.0 0.07672841846942902
0.0 0.0 0.082033172249794
0.0 0.0 0.04582163691520691
0.0 0.0 0.0
0.0 0.0 0.0
0.13930487632751465 0.0 0.0
0.20726074278354645 0.0 0.0
0.21781300008296967 0.0 0.01173743512481451
0.23909059166908264 0.03103039041161537 0.027095619589090347
0.31510889530181885 0.017158251255750656 0.0011021019890904427
0.35483795404434204 0.0 0.0
0.34729745984077454 0.0 0.0
0.28421011567115784 0.0 0.0
0.15285609662532806 0.0 0.0004680035635828972
0.03231236711144447 0.07084757834672928 0.0069978078827261925
0.0 0.07200072705745697 0.008647636510431767
0.0 0.01886799931526184 0.0
0.009939417243003845 0.0 0.0
0.0 0.0 0.0
0.0 0.0 0.0
0.0 0.0 0.0
0.0 0.0009009828791022301 0.00042699091136455536
0.0 0.0 0.02205585315823555
0.0 0.0177856907248497 0.01892930269241333
0.0 0.013554194010794163 0.009376277215778828
0.0 0.0 0.0063252635300159454
0.0160438921302557 0.0 0.018295906484127045
0.006441332399845123 0.025145133957266808 0.024754604324698448
0.020230114459991455 0.034649692475795746 0.034537993371486664
0.020184841006994247 0.033570580184459686 0.03880731016397476
0.0 0.0368550568819046 0.02681189589202404
0.0 0.011397365480661392 0.009669661521911621
0.002466298174113035 0.0 0.0
0.0 0.0 0.0
0.0 0.0008725523948669434 0.0
0.0 0.0 0.0
0.0 0.0 0.0
0.0 0.0 0.0
0.0 0.0 0.0
0.0 0.0 0.0019385050982236862
0.0 0.0 0.012760525569319725
0.004320923704653978 0.0 0.016028491780161858
0.0 0.02095971070230007 0.020212316885590553
0.0 0.014589695259928703 0.012810060754418373
0.0066559831611812115 0.008222876116633415 0.0011989455670118332
0.03114614635705948 0.0 0.0035111019387841225
0.022639743983745575 0.014557737857103348 0.004584088921546936
0.02249433472752571 0.00494159571826458 0.01737125776708126
0.0141586409881711 0.008219948038458824 0.0
0.0 0.007251355797052383 0.0
0.0 0.004049969837069511 0.0
0.004631448071449995 0.0 0.0
0.002507843542844057 0.0 0.0
0.0 0.0 0.0
0.0 0.0 0.0008375542238354683
0.0 0.011533718556165695 0.0
0.011032888665795326 0.0 0.0
0.03441118076443672 0.0 0.0
0.024696236476302147 0.0 0.0066206082701683044
0.0 0.00611764844506979 0.0
0.0 0.02107502520084381 0.0
0.006738274823874235 0.0 0.0
0.04069996997714043 0.0 0.00677347369492054
0.04174872115254402 0.0 0.01001986674964428
0.0 0.007189037278294563 0.0
0.0 0.015733523294329643 0.0
0.0 0.0 0.0
0.0056069642305374146 0.0 0.0
0.0024684288073331118 0.00401082169264555 0.0
0.006666369736194611 0.0 0.0
0.0 0.0040443772450089455 0.0
0.0 0.008328869938850403 0.0
0.0 0.0 0.0
0.001578932860866189 0.0 0.0
0.013126932084560394 0.0 0.0
0.017327141016721725 0.014570136554539204 0.0023940028622746468
0.020457953214645386 0.003912431187927723 0.007732309401035309
0.012164869345724583 0.02101951465010643 0.0
0.007844422943890095 0.008258444257080555 0.0
0.01206260360777378 0.0 0.0
0.0 0.0 0.0
0.0 0.0 0.0
0.0 0.0 0.0
0.0 0.0 0.0
0.0 0.0 0.0
0.0131441131234169 0.0 0.0
0.04641951248049736 0.0 0.0
0.10651028156280518 0.0 0.0
0.10652093589305878 0.0 0.0
0.0657641813158989 0.0 0.0
0.012370198965072632 0.0 0.0
0.058237023651599884 0.0 0.0
0.2800314724445343 0.0 0.0
0.3706575036048889 0.0 0.0
0.18478643894195557 0.0 0.0
0.0 0.0 0.0
0.0 0.07673923671245575 0.0
0.0 0.2506263256072998 0.0
0.0 0.20117756724357605 0.0
0.0 0.0945613756775856 0.0
0.017642458900809288 0.0 0.0
0.06662091612815857 0.0 0.0
0.040905702859163284 0.0 0.0
0.0 0.0007954677566885948 0.01574549451470375
0.05639464780688286 0.0 0.005161825567483902
0.20050467550754547 0.0 0.0
0.39057233929634094 0.0 0.0
0.5026181936264038 0.0 0.0
0.6235190629959106 0.0 0.23521500825881958
0.77069491147995 0.0 0.6050695180892944
1.2235668897628784 0.0 1.1402887105941772
1.8565621376037598 0.0 1.2799835205078125
0.9963765144348145 0.0 0.8211139440536499
0.0 0.3393324911594391 0.4706759750843048
0.0 0.2738536298274994 0.370799720287323
0.4446917772293091 0.0 0.292269229888916
0.9719060659408569 0.0 0.25712960958480835
1.7861708402633667 0.0 0.5585933327674866
2.5881025791168213 0.0 1.0932823419570923
2.9292657375335693 0.0 1.97727632522583
4.0636887550354 0.0 3.086940050125122
5.874829292297363 0.0 4.1261796951293945
6.455795764923096 0.0 5.003183364868164
6.280152797698975 0.0 5.782215118408203
6.3287224769592285 0.0 6.2081427574157715
6.025124549865723 0.0 5.473487854003906
4.946955680847168 0.0 4.2591471672058105
4.095258712768555 0.0 3.1696395874023438
3.6520159244537354 0.0 2.4544146060943604
3.702145576477051 0.0 1.9499212503433228
3.8837549686431885 0.0 1.3676344156265259
3.731804370880127 0.3660085201263428 0.7393167614936829
3.3342068195343018 0.8400292992591858 0.13648810982704163
3.1908209323883057 1.2577065229415894 0.0
3.061772108078003 1.5227962732315063 0.0
3.3699095249176025 1.2783206701278687 0.0
3.533992052078247 1.249833106994629 0.0
3.0523855686187744 1.6847004890441895 0.0
2.708205461502075 1.6665616035461426 0.0
2.788848400115967 1.3388042449951172 0.0
2.194899082183838 2.067166328430176 0.0
1.4376296997070312 2.448267698287964 0.0
0.9939153790473938 2.193434238433838 0.0
0.7431278824806213 2.1453306674957275 0.0
0.7264271974563599 2.2542738914489746 0.0
0.6353739500045776 2.6794626712799072 0.0
0.35304269194602966 2.782869577407837 0.0
0.23595015704631805 1.9305384159088135 0.0
0.10523528605699539 0.913908839225769 0.0
0.059106405824422836 0.09669633954763412 0.0
0.0 0.0 0.0
0.0 0.1462140828371048 0.0
0.0 0.2820337116718292 0.0
0.0 0.0 0.0
0.0 0.0 0.0
0.0 0.0 0.0
0.0 0.0 0.0
0.0 0.0 0.0
0.0 0.0 0.0
0.0 0.0 0.0
0.0 0.0 0.0
0.0 0.0 0.0
0.0 0.0 0.0
0.0 0.0 0.0
0.0 0.0 0.0
0.0 0.0 0.0
0.0 0.0 0.0
0.0 0.0 0.0
0.0 0.0 0.0
0.0 0.0 0.0
0.0 0.0 0.0
0.0 0.0 0.049589965492486954
0.0 0.0 0.21370060741901398
0.0 0.0 0.18949486315250397
0.0 0.0 0.22495032846927643
0.0 0.0 0.24437391757965088
0.0 0.012404068373143673 0.4661145508289337
0.0 0.22634804248809814 0.5651990175247192
0.0 0.0 0.12872400879859924
0.0 0.0 0.0
0.04837733134627342 0.0 0.08034396171569824
0.08766082674264908 0.014700512401759624 0.22103530168533325
0.016582652926445007 0.09217027574777603 0.2953585386276245
0.0 0.11295970529317856 0.15725445747375488
0.08315236121416092 0.0 0.0318179689347744
0.1897863894701004 0.0 0.037079840898513794
0.18097692728042603 0.06820928305387497 0.07898654043674469
0.1178448274731636 0.1139618530869484 0.1020071804523468
0.09554404765367508 0.06304407864809036 0.08345799148082733
0.17712146043777466 0.0 0.011052235960960388
0.22431480884552002 0.0 0.0
0.2135588377714157 0.0 0.0
0.12169309705495834 0.0 0.017184430733323097
0.0 0.11233093589544296 0.04501606151461601
0.0 0.07091904431581497 0.03309894725680351
0.01319457869976759 0.035908326506614685 0.0
0.083492711186409 0.0 0.0
0.08864033967256546 0.0 0.01473165862262249
0.0035882899537682533 0.01998848468065262 0.0
0.0 0.011506049893796444 0.0
0.03661201894283295 0.0 0.0
0.0460934042930603 0.0017740605399012566 0.004778360947966576
0.01943063735961914 0.041147299110889435 0.008912919089198112
0.03422822430729866 0.033627595752477646 0.021856147795915604
0.017283063381910324 0.01777060329914093 0.006679058074951172
0.04289974272251129 0.0 0.0036712847650051117
0.029209498316049576 0.0 0.0
0.03670017048716545 0.0 0.0
0.07593519240617752 0.0 0.0006272913888096809
0.026962321251630783 0.0 0.0
0.032265208661556244 0.0 0.0
0.04492081701755524 0.0 0.011090317741036415
0.03454727306962013 0.013555885292589664 0.0
0.047380246222019196 0.0 0.0
0.007658665534108877 0.018844924867153168 0.008723035454750061
0.0 0.04330046474933624 0.022412214428186417
0.01193383801728487 0.03052688017487526 0.009871922433376312
0.0810154378414154 0.0026590293273329735 0.03397459536790848
0.12330297380685806 0.0066785383969545364 0.07393772900104523
0.09544231742620468 0.009879390709102154 0.08542127907276154
0.07290824502706528 0.02156667411327362 0.09912216663360596
0.05906113609671593 0.03860451281070709 0.09903907775878906
0.04025788605213165 0.0249779149889946 0.05714276805520058
0.040576133877038956 0.0 0.019617494195699692
0.04697198048233986 0.0 0.017482703551650047
0.041741278022527695 0.0 0.005652487277984619
0.01625669002532959 0.0 0.0
0.007782777771353722 0.0 0.0
0.02606191486120224 0.0 0.0
0.05385599657893181 0.0 0.0
0.05817937105894089 0.0 0.0
0.06150885671377182 0.0 0.0
0.10315270721912384 0.0 0.0
0.14904910326004028 0.0 0.0
0.16709813475608826 0.0 0.0
0.1595800369977951 0.0 0.0
0.17245109379291534 0.0 0.0
0.21418176591396332 0.0 0.0
0.1501346081495285 0.0 0.0
0.07516714185476303 0.0 0.0
0.0 0.03376685082912445 0.008644548244774342
0.0 0.03795440495014191 0.029947705566883087
0.0012226130347698927 0.027359284460544586 0.012960468418896198
0.03552545979619026 0.0 0.0
0.04100224748253822 0.0 0.0
0.04320361837744713 0.0 0.0
0.05481500178575516 0.0 0.0
0.04331760108470917 0.0 0.0
0.04652511328458786 0.0 0.0
0.06448334455490112 0.0 0.0
0.06442874670028687 0.0 0.0
0.05369647219777107 0.0 0.0
0.019458075985312462 0.0029189232736825943 0.00024360697716474533
0.0 0.03165922313928604 0.006447973661124706
0.0023669733200222254 0.006134423427283764 0.0022199396044015884
0.021580349653959274 0.0 0.0
0.04298150911927223 0.0 0.0
0.04295647516846657 0.0 0.0
0.007611003704369068 0.0 0.006442115642130375
0.0 0.013581154868006706 0.021088168025016785
0.0 0.011470865458250046 0.008422707207500935
0.024875476956367493 0.0 0.0
0.01944183185696602 0.0 0.0
0.0 0.008276671171188354 0.0063398489728569984
0.0 0.0 0.004148600623011589
0.02046288549900055 0.0 0.00011923816055059433
0.004460750613361597 0.0 0.0
0.0 0.0 0.0019288556650280952
0.0 0.0 0.004127028398215771
0.022600606083869934 0.0 0.0
0.06107689067721367 0.0 0.0
0.08225993812084198 0.0 0.0
0.058653414249420166 0.0 0.016390617936849594
0.052266888320446014 0.0 0.01745375245809555
0.06508361548185349 0.0 0.011054710485041142
0.08636106550693512 0.0 0.01112162321805954
0.08712592720985413 0.0 0.035589948296546936
0.09522433578968048 0.0 0.07730703800916672
0.061542004346847534 0.0 0.1390012800693512
0.03415485471487045 0.0 0.21144485473632812
0.030564649030566216 0.0 0.25424453616142273
0.033691734075546265 0.0 0.2639421820640564
0.0765845999121666 0.0 0.25171613693237305
0.1544698178768158 0.0 0.24918532371520996
0.4264509975910187 0.0 0.261432409286499
0.60123610496521 0.0 0.2812556326389313
0.6650784611701965 0.0 0.301146537065506
0.8001545071601868 0.0 0.2557859718799591
0.9568048715591431 0.12896977365016937 0.198038250207901
1.0503188371658325 0.21403487026691437 0.14583230018615723
1.141557216644287 0.2267991453409195 0.09657420217990875
1.1564583778381348 0.23738066852092743 0.10209893435239792
1.0717304944992065 0.1800159215927124 0.13418442010879517
0.8731565475463867 0.1655043512582779 0.13856372237205505
0.6173900365829468 0.199080690741539 0.10727319121360779
0.39136573672294617 0.1847323775291443 0.08253428339958191
0.2249612957239151 0.11389867961406708 0.06354941427707672
0.0702662542462349 0.016467198729515076 0.043526966124773026
0.0 0.0 0.010716821998357773
0.0 0.0 0.0002460721880197525
0.0 0.0 0.011369297280907631
0.0 0.0 0.02304326370358467
0.0 0.0 0.025181248784065247
0.0 0.0 0.0014378363266587257
0.0 0.0 0.0
0.0 0.0 0.007507713511586189
0.0 0.0 0.024526111781597137
0.0 0.0 0.07635495066642761
0.0 0.0 0.09287667274475098
0.0 0.0 0.08608481287956238
0.0 0.0 0.04489103704690933
0.0 0.0 0.0
0.0 0.0 0.0
0.0 0.0 0.0
0.0 0.0 0.0
0.0 0.0 0.0
0.0844116359949112 0.0 0.0
0.15089239180088043 0.0 0.0
0.16076819598674774 0.03147970512509346 0.0
0.16760079562664032 0.23032090067863464 0.0
0.2670200765132904 0.31837883591651917 0.0
0.48353108763694763 0.21164894104003906 0.0
0.8694952726364136 0.2323981672525406 0.0
1.072628140449524 0.30226007103919983 0.0
1.0966695547103882 0.16389580070972443 0.0
1.0518969297409058 0.041802532970905304 0.0
0.9352698922157288 0.1900082528591156 0.0
0.8419058322906494 0.3774031698703766 0.0
0.7715211510658264 0.6548858880996704 0.0
0.6927024722099304 0.6685186624526978 0.0
0.592537522315979 0.49093374609947205 0.0
0.4284879267215729 0.3432803452014923 0.02466123178601265
0.2529826760292053 0.25313156843185425 0.05787031725049019
0.10668724775314331 0.19494707882404327 0.05728868022561073
0.009587325155735016 0.09207689017057419 0.03996055945754051
0.0 0.0 0.0
0.0 0.0 0.0
0.0 0.0 0.0
0.0 0.0 0.008879602886736393
0.0 0.0 0.07146734744310379
0.0 0.0 0.11558526754379272
0.0 0.0 0.11523479968309402
0.0 0.0 0.09756339341402054
0.0 0.0 0.0749819204211235
0.0 0.0 0.07290918380022049
0.0 0.0 0.10441011935472488
0.0 0.0 0.1449548751115799
0.0 0.0 0.1746523231267929
0.0 0.0 0.1873508095741272
0.0 0.0 0.1711960732936859
0.0 0.0 0.14642708003520966
0.0 0.0 0.10940966755151749
0.0 0.0 0.09927847236394882
0.0 0.0 0.09208420664072037
0.020118795335292816 0.0 0.02338637411594391
0.15520630776882172 0.0 0.0
0.22698968648910522 0.0 0.0
0.23650914430618286 0.03556274622678757 0.0
0.25343939661979675 0.11410469561815262 0.0
0.41122904419898987 0.06060871481895447 0.0
0.8688567280769348 0.09150884300470352 0.02610732614994049
1.006803274154663 0.12388542294502258 0.10878223180770874
0.8470516204833984 0.1919318437576294 0.19073568284511566
0.6428726315498352 0.2740243077278137 0.23596814274787903
0.6006426215171814 0.35184216499328613 0.202680766582489
0.6767928004264832 0.403896301984787 0.1736973077058792
0.7951071858406067 0.28354164958000183 0.17021575570106506
0.8826434016227722 0.12293361127376556 0.14386165142059326
0.7994848489761353 0.10931500047445297 0.1333719938993454
0.6552107930183411 0.12121321260929108 0.15440404415130615
0.6051878333091736 0.10754852741956711 0.1389036476612091
0.6145938634872437 0.1556641161441803 0.061166513711214066
0.564058244228363 0.16239286959171295 0.0
0.4382409453392029 0.10105440765619278 0.0
0.293722927570343 0.008733529597520828 0.0030009420588612556
0.12920069694519043 0.01327331829816103 0.019535478204488754
0.00018465612083673477 0.06988520175218582 0.016293613240122795
0.0 0.07963849604129791 0.005965340882539749
0.0 0.005307004787027836 0.007380012422800064
0.0 0.0 0.012798214331269264
0.0 0.0 0.007503049448132515
0.0 0.0 0.008029557764530182
0.0 0.0 0.023039666935801506
0.0 0.0 0.03535039722919464
0.0 0.0 0.013081839308142662
0.0 0.0 0.0
0.0 0.0 0.0
0.0 0.0 0.00687587633728981
0.0 0.009377646259963512 0.04176834225654602
0.0 0.046504244208335876 0.07584802061319351
0.0 0.0 0.06697756052017212
0.0 0.0 0.0530172735452652
0.0 0.0 0.036192215979099274
0.0 0.0 0.008692950010299683
0.0 0.023456979542970657 0.0
0.0 0.0 0.0
0.0 0.0 0.0
0.0 0.0 0.0
0.0 0.0 0.0
0.0 0.0 0.0
0.0 0.0 0.0
0.0 0.0 0.0
0.0 0.0408807136118412 0.0
0.0 0.10982489585876465 0.0
0.0 0.1222863495349884 0.0
0.04620354622602463 0.06346671283245087 0.0028443830087780952
0.12096299976110458 0.009149678982794285 0.0
0.1276177167892456 0.0 0.0
0.16424736380577087 0.01565897837281227 0.0
0.16776034235954285 0.0922701358795166 0.0
0.16992707550525665 0.08483991771936417 0.0
0.27643755078315735 0.051613785326480865 0.0
0.38069283962249756 0.0 0.0
0.37753939628601074 0.0 0.0
0.33715176582336426 0.013199548237025738 0.0
0.2944367825984955 0.05152563378214836 0.0
0.2429826557636261 0.06429362297058105 0.0
0.19661222398281097 0.05464526265859604 0.008591484278440475
0.14953206479549408 0.05044252425432205 0.019859053194522858
0.10266522318124771 0.03569234162569046 0.008659927174448967
0.06752188503742218 0.04003915190696716 0.0019130753353238106
0.05362125113606453 0.043244268745183945 0.004989558830857277
0.06210421770811081 0.014518612064421177 0.006049497053027153
0.07391826063394547 0.0 0.0
0.05695526301860809 0.0 0.0
0.03882424160838127 0.0 0.0
0.0 0.006268027238547802 0.0
0.0 0.02223687432706356 0.0
0.0 0.0 0.0
0.033237725496292114 0.0 0.003475208766758442
0.00764128752052784 0.0 0.004343132488429546
0.0 0.015884969383478165 0.0
0.0 0.03186500072479248 0.0
0.02586955949664116 0.0 0.0
0.07584164291620255 0.0 0.011368284933269024
0.04808618128299713 0.0 0.01543679554015398
0.0 0.012582115828990936 0.0
0.0 0.002002175897359848 0.0
0.0 0.0 0.0
0.024805093184113503 0.0 0.0
0.029145514592528343 0.0 0.0
0.008889511227607727 0.0 0.0
0.0 0.025462759658694267 0.0
0.0 0.0 0.0
0.015630770474672318 0.0 0.0
0.019931241869926453 0.0 0.0
0.012387040071189404 0.0 0.0
0.018556252121925354 0.0 0.0
0.005628470331430435 0.0 0.0
0.0 0.0 0.0
0.0 0.0 0.0
0.009976346977055073 0.0 0.0
0.0248413123190403 0.0 0.0
0.003454797901213169 0.010432412847876549 0.0001108366996049881
0.0 0.006142592988908291 0.012862051837146282
0.0022936598397791386 0.0 0.007539459504187107
0.0193160530179739 0.0 0.011965365149080753
0.011863196268677711 0.0 0.009744022972881794
0.0023320093750953674 0.0 0.0010714391246438026
0.0 0.0 0.0
0.0 0.0 0.005283228121697903
0.008643168956041336 0.0 0.011855377815663815
0.0055429828353226185 0.0 0.0011241696774959564
0.0 0.0 0.0
0.0 0.0 0.0
0.0 0.016922002658247948 0.0
0.008948899805545807 0.0 0.0
0.024992845952510834 0.0 0.0
0.007970720529556274 0.0 0.0
0.008112400770187378 0.0 0.0
0.012709815055131912 0.0 0.0
0.0010374467819929123 0.0 0.0
0.02219359762966633 0.0 0.0
0.00842984952032566 0.0 0.0
0.0 0.0 0.0
0.0 0.0 0.0
0.0 0.0 0.0
0.01660516858100891 0.0 0.0
0.017351388931274414 0.0 0.0
0.04965553060173988 0.0 0.0
0.08904847502708435 0.0 0.0
0.19294211268424988 0.0 0.0
0.34414470195770264 0.0 0.0
0.4384858310222626 0.0 0.0
0.42795464396476746 0.0 0.0
0.4439176321029663 0.0 0.0
0.6042380332946777 0.0 0.0
1.2662497758865356 0.0 0.21590203046798706
2.1786019802093506 0.0 0.19968737661838531
3.25203800201416 0.0 0.19042570888996124
4.344339847564697 0.0 0.32243725657463074
5.021655559539795 0.0 0.769046425819397
5.351428508758545 0.0 1.4528956413269043
5.611968994140625 0.0 1.9858951568603516
5.459896564483643 0.0 2.5166571140289307
5.583558082580566 0.0 3.0062990188598633
6.064187526702881 0.0 3.147278070449829
5.685361862182617 0.0 3.1197214126586914
4.930236339569092 0.0 2.906069755554199
4.861268997192383 0.0 2.5289251804351807
5.267780303955078 0.0 2.1674273014068604
5.223911762237549 0.0 1.9203320741653442
5.286611557006836 0.0 1.7340428829193115
5.552809238433838 0.17601518332958221 1.4128390550613403
5.497674465179443 1.5439876317977905 0.9562784433364868
5.321342945098877 2.726815700531006 0.32163485884666443
4.479549407958984 4.189124584197998 0.0
3.1184041500091553 5.310847282409668 0.0
2.07240891456604 4.783661365509033 0.0
2.113344192504883 2.9623496532440186 0.0
2.4035592079162598 1.7080609798431396 0.0
2.584259033203125 0.9284271597862244 0.0
2.268059730529785 1.3163280487060547 0.0
1.7368372678756714 2.3536806106567383 0.0
1.7049616575241089 2.914543867111206 0.0
1.7033003568649292 2.9564380645751953 0.0
1.5116218328475952 2.64977765083313 0.0
1.1246988773345947 2.328253746032715 0.0
0.9238930344581604 1.8265553712844849 0.0
0.6339006423950195 1.3266565799713135 0.0
0.35461118817329407 0.9769600629806519 0.0
0.07004043459892273 0.794114351272583 0.0
0.018796153366565704 0.5953967571258545 0.0
0.0 0.3310367166996002 0.0
0.0 0.17119832336902618 0.0
0.0 0.0984845981001854 0.0
0.0 0.0 0.0
0.0 0.0 0.0
0.0 0.0 0.0
0.0 0.0 0.0
0.0 0.29809436202049255 0.0
0.0 0.0 0.0
0.0 0.0 0.0
0.0 0.0 0.0
0.0 0.0 0.0
0.0 0.0 0.0
0.0 0.0 0.0
0.0 0.0 0.0
0.0 0.0 0.0
0.0 0.0 0.0
0.0 0.0 0.0
0.0 0.0 0.0
0.0 0.0 0.0
0.0 0.0 0.0
0.0 0.0 0.0
0.0 0.0 0.0
0.0 0.0 0.0
0.0 0.0 0.0
0.0 0.0 0.0
0.0 0.0 0.0
0.0 0.0 0.0
0.0 0.0 0.0
0.0 0.0 0.0
0.0 0.0 0.0
0.0 0.0 0.0
0.0 0.0 0.0
0.0 0.0 0.0
0.0 0.0 0.0
0.0 0.0 0.0
0.0 0.0 0.0
0.0 0.0 0.04864992946386337
0.0 0.0 0.06900180876255035
0.0 0.0 0.07567062973976135
0.0 0.0 0.0875062495470047
0.0 0.0 0.11689077317714691
0.0 0.0 0.2108875811100006
0.0 0.0 0.30513522028923035
0.0 0.0 0.27348995208740234
0.0 0.0 0.13752681016921997
0.0 0.0 0.10160981863737106
0.022164855152368546 0.0 0.13668258488178253
0.11154879629611969 0.0 0.17305630445480347
0.13293957710266113 0.0 0.16136343777179718
0.1739056408405304 0.0 0.10261595994234085
0.15559934079647064 0.0 0.015938591212034225
0.13045692443847656 0.0 0.0
0.13164176046848297 0.0 0.0
0.10070514678955078 0.0 0.0
0.024075882509350777 0.0 0.0
0.028384877368807793 0.0 0.0
0.03889184445142746 0.0 0.0
0.07280586659908295 0.0 0.0
0.06343606859445572 0.0 0.0
0.0560481958091259 0.0 0.0
0.05910683423280716 0.0 0.0
0.07286978513002396 0.0 0.0
0.10479629039764404 0.0 0.0
0.16342578828334808 0.0 0.0
0.20723772048950195 0.0 0.0
0.28015533089637756 0.0 0.0
0.4363499879837036 0.0 0.0
0.4997774362564087 0.0 0.0
0.4410770833492279 0.0 0.0
0.2752913236618042 0.0 0.0
0.1426243782043457 0.018855784088373184 0.0
0.17907293140888214 0.0 0.0
0.26691728830337524 0.0 0.0
0.2232513129711151 0.0 0.0
0.1619701087474823 0.0 0.0
0.06985987722873688 0.016802489757537842 0.0
0.03859436884522438 0.08793845027685165 0.018876906484365463
0.03432905301451683 0.09007324278354645 0.018841221928596497
0.06722734868526459 0.0410630889236927 0.02969413623213768
0.086540587246418 0.0 0.008276195265352726
0.11424944549798965 0.0 0.0030148541554808617
0.10362157225608826 0.0 0.0
0.054506491869688034 0.0 0.010096465237438679
0.006173047702759504 0.0 0.04387893155217171
0.0 0.019953541457653046 0.044582538306713104
0.0053109824657440186 0.0 0.020291846245527267
0.06213351711630821 0.0 0.0
0.11128242313861847 0.0 0.0
0.06324832141399384 0.0 0.0
0.0 0.0562572181224823 0.0
0.0 0.04769568890333176 0.004336847923696041
0.06015612185001373 0.0 0.0
0.047586265951395035 0.0 0.0
0.024190397933125496 0.0 0.0
0.033760201185941696 0.0 0.0
0.07208548486232758 0.0 0.0
0.028290601447224617 0.0 0.0
0.005748806055635214 0.0 0.0
0.02059965766966343 0.0 0.0
0.04941585659980774 0.0 0.0
0.037650544196367264 0.0 0.0
0.002376927761361003 0.0 0.0
0.0 0.0020073754712939262 0.0
0.0 0.0 0.0
0.0 0.0 0.0
0.0 0.0 0.0
0.019349252805113792 0.0 0.005495208315551281
0.046027734875679016 0.0 0.0003028428182005882
0.08232395350933075 0.0 0.0
0.09940201044082642 0.0 0.0
0.11323393136262894 0.0 0.0
0.1247427836060524 0.0 0.01364634558558464
0.16391895711421967 0.0 0.036302920430898666
0.18045052886009216 0.0 0.08443130552768707
0.13998006284236908 0.0 0.18999260663986206
0.16636081039905548 0.0 0.331437349319458
0.1864205300807953 0.0 0.4609849750995636
0.2175864428281784 0.0 0.5533665418624878
0.22007490694522858 0.053351789712905884 0.6359264254570007
0.20796817541122437 0.1350567787885666 0.6841445565223694
0.23392707109451294 0.08480052649974823 0.7472715973854065
0.2544693648815155 0.0 0.8123536705970764
0.2748236358165741 0.0 0.9054164886474609
0.2864033281803131 0.0 1.026267647743225
0.29896971583366394 0.0 1.157873511314392
0.35674619674682617 0.0 1.338697075843811
0.4226658344268799 0.0 1.3475673198699951
0.3334786891937256 0.05087611451745033 1.2353081703186035
0.2572457194328308 0.26733916997909546 1.103845477104187
0.24702370166778564 0.18145836889743805 1.046844244003296
0.3185519278049469 0.0 1.0028584003448486
0.38357728719711304 0.0 0.8833716511726379
0.34133368730545044 0.0 0.6461140513420105
0.19722658395767212 0.061851534992456436 0.3665101230144501
0.0719999447464943 0.12902018427848816 0.09839798510074615
0.0 0.08323964476585388 0.0
0.0 0.06600899994373322 0.0
0.0 0.1570078730583191 0.0
0.0 0.24658648669719696 0.0
0.0 0.24027347564697266 0.0
0.0 0.19806157052516937 0.0
0.0 0.07272548973560333 0.0
0.0 0.0 0.0
0.0 0.008292168378829956 0.0
0.0 0.0 0.0
0.0 0.0034848973155021667 0.0
0.0 0.014176422730088234 0.0
0.0 0.0 0.0
0.0 0.0 0.0
0.0 0.0 0.0
0.0 0.0 0.0
0.0 0.0 0.0
0.0 0.0 0.0
0.0 0.0 0.0
0.0 0.0 0.0
0.0 0.0 0.0
0.0 0.0 0.0
0.0 0.0 0.0
0.0 0.0 0.0
0.0 0.0 0.0
0.0 0.0 0.0
0.0 0.0 0.0
0.0 0.0 0.0
0.0 0.0 0.0
0.0 0.0 0.0
0.0 0.0 0.0
0.023483090102672577 0.04753760248422623 0.029278740286827087
0.07166633009910583 0.09173569083213806 0.12498342990875244
0.1263442188501358 0.08813989162445068 0.20457333326339722
0.1609826236963272 0.09635894000530243 0.2626350522041321
0.17756693065166473 0.1407727301120758 0.3174287676811218
0.16741761565208435 0.2064705193042755 0.38057100772857666
0.18769626319408417 0.24641552567481995 0.4909396171569824
0.2642512321472168 0.22239169478416443 0.6198243498802185
0.3202042579650879 0.14661650359630585 0.668211817741394
0.36359381675720215 0.07945585250854492 0.694067120552063
0.40485602617263794 0.03142787516117096 0.7220998406410217
0.41542425751686096 0.02818121202290058 0.7318097352981567
0.3611176013946533 0.06977206468582153 0.7260605096817017
0.3063923120498657 0.09991426020860672 0.6551026701927185
0.2907630205154419 0.060770049691200256 0.612087070941925
0.34353193640708923 0.0 0.6528371572494507
0.4045279324054718 0.0 0.732307493686676
0.41578322649002075 0.0 0.7816030979156494
0.4375290274620056 0.0 0.7455668449401855
0.4395087957382202 0.0 0.6569312214851379
0.44204598665237427 0.0 0.6065085530281067
0.44647324085235596 0.0 0.5697720646858215
0.3411486744880676 0.0 0.43960076570510864
0.1916651725769043 0.0 0.2667389512062073
0.05898702144622803 0.08861979097127914 0.1120268851518631
0.0 0.08686849474906921 0.04305899888277054
0.0 0.019070273265242577 0.0
0.0 0.006710276007652283 0.0
0.0 0.039095647633075714 0.0
0.0 0.05242423713207245 0.0
0.0 0.06768707931041718 0.0
0.0 0.09769903868436813 0.0
0.0 0.08724772930145264 0.0
0.0 0.08425247669219971 0.0
0.0 0.0717228353023529 0.0
0.0 0.048776254057884216 0.0
0.0 0.009598491713404655 0.0
0.0 0.0 0.0
0.0 0.0 0.0
0.0 0.0 0.0
0.0 0.0 0.0
0.0 0.0 0.0
0.0 0.0 0.0
0.0 0.0 0.0
0.0 0.0 0.0
0.0 0.0 0.0
0.0 0.0 0.0
0.0 0.0 0.0
0.0 0.0 0.0
0.0 0.0 0.0
0.0 0.0 0.0
0.0 0.0 0.0
0.0 0.010315947234630585 0.0754026472568512
0.037838373333215714 0.16273266077041626 0.2082051783800125
0.08196242153644562 0.25908076763153076 0.2912185490131378
0.15833495557308197 0.28638508915901184 0.3412124812602997
0.23886308073997498 0.2966387867927551 0.39973917603492737
0.3433687388896942 0.3002609610557556 0.5129680037498474
0.4053588807582855 0.2934049069881439 0.607576847076416
0.3793419301509857 0.32837167382240295 0.6522995233535767
0.40871018171310425 0.293060839176178 0.6973477005958557
0.5214987397193909 0.17119216918945312 0.8166623711585999
0.5932270288467407 0.11548870801925659 0.8909121155738831
0.5181658267974854 0.1941339671611786 0.9374231696128845
0.438272625207901 0.2665988802909851 0.9336550831794739
0.39419224858283997 0.3009603023529053 0.8660222291946411
0.39987674355506897 0.24263706803321838 0.8231573104858398
0.4532534182071686 0.11078183352947235 0.8018967509269714
0.5021096467971802 0.0 0.8084359169006348
0.4365849792957306 0.02489781752228737 0.749104380607605
0.2896972596645355 0.12135138362646103 0.620820164680481
0.22889992594718933 0.15375247597694397 0.5177595615386963
0.2917870283126831 0.06115809082984924 0.5116777420043945
0.3797752261161804 0.0 0.5495124459266663
0.40620946884155273 0.0 0.5645361542701721
0.26713842153549194 0.01335407979786396 0.5144814848899841
0.12642869353294373 0.14902696013450623 0.4141623079776764
0.06693287193775177 0.1485726237297058 0.2832320034503937
0.08556541800498962 0.023727890104055405 0.11208289861679077
0.061546098440885544 0.0 0.0
0.0 0.0 0.0
0.0 0.0 0.0
0.0 0.0 0.0
0.0 0.0 0.0
0.0 0.0 0.0
0.0 0.0 0.0
0.0 0.0 0.0
0.0 0.0 0.0
0.0 0.0 0.0
0.0 0.0 0.0
0.0 0.0 0.0
0.0 0.0 0.0
0.0 0.0 0.0
0.0 0.0 0.0
0.0 0.0 0.0
0.0 0.0 0.0
0.0 0.0 0.0
0.0 0.0 0.0
0.0 0.0 0.0
0.0 0.0 0.0
0.0 0.0 0.0
0.0 0.0 0.0
0.0 0.0 0.0
0.0 0.0 0.0
0.0 0.0 0.0
0.0 0.0 0.0
0.0 0.09921038150787354 0.0
0.0 0.10926248878240585 0.042790818959474564
0.06517833471298218 0.10765553265810013 0.13565337657928467
0.085775226354599 0.14877952635288239 0.21504780650138855
0.07895273715257645 0.18901562690734863 0.2621159553527832
0.0649264007806778 0.21023809909820557 0.28020602464675903
0.0958518236875534 0.18147967755794525 0.27828508615493774
0.11828256398439407 0.1591290980577469 0.27309513092041016
0.1289948672056198 0.12830887734889984 0.2645556926727295
0.13523678481578827 0.12292449921369553 0.2795570492744446
0.12663717567920685 0.11760590225458145 0.28479546308517456
0.1043449118733406 0.13044419884681702 0.27499955892562866
0.09709285944700241 0.11566312611103058 0.25137627124786377
0.08641277998685837 0.08805493265390396 0.24797512590885162
0.13310492038726807 0.05917668342590332 0.26971423625946045
0.1553308665752411 0.06756510585546494 0.28919315338134766
0.12452474981546402 0.1176181510090828 0.2826377749443054
0.1053052470088005 0.11021456867456436 0.2824217677116394
0.1340159922838211 0.05699235945940018 0.28467267751693726
0.12321846932172775 0.060155123472213745 0.29739487171173096
0.11152505874633789 0.0973842516541481 0.2984670400619507
0.1127152293920517 0.0921143889427185 0.2856420874595642
0.12141551077365875 0.07728138566017151 0.2675195336341858
0.11611048877239227 0.061365000903606415 0.2620733976364136
0.10972210019826889 0.07094598561525345 0.2620406150817871
0.13414888083934784 0.06554137170314789 0.2729502320289612
0.16063348948955536 0.10366904735565186 0.297909677028656
0.12038060277700424 0.19311316311359406 0.28177279233932495
0.10894045978784561 0.15924414992332458 0.24736259877681732
0.0989835262298584 0.1244470477104187 0.17236723005771637
0.06314750015735626 0.08749356865882874 0.12274693697690964
0.07059422880411148 0.05028095096349716 0.11949574202299118
0.07495169341564178 0.007802998647093773 0.10444515943527222
0.0496993325650692 0.006922823376953602 0.06893563270568848
0.0339248962700367 0.00916493870317936 0.04635069891810417
0.03286682441830635 0.0006699878722429276 0.04417596384882927
0.03606954216957092 0.0 0.043118953704833984
0.026513585820794106 0.0 0.03766826167702675
0.0 0.004009857773780823 0.023517824709415436
0.0 0.007250126451253891 0.013839893974363804
0.0 0.0061861928552389145 0.01069576758891344
0.0107753686606884 0.001893710345029831 0.01297809649258852
0.0076741185039281845 0.01043713092803955 0.0044282833114266396
0.017223147675395012 0.0 0.00768026988953352
0.009807842783629894 0.0 0.00226473156362772
0.01396556943655014 0.0 0.012985819019377232
0.007742827758193016 0.012587366625666618 0.0
0.011957813054323196 0.0 0.0012282291427254677
0.011846225708723068 0.0 0.008629419840872288
0.016083315014839172 0.0 0.010787646286189556
0.000259611289948225 0.0 0.0
0.0 0.009461082518100739 0.0
0.0 0.006242386065423489 0.0
0.01077963039278984 0.0 0.01080362405627966
0.0065659768879413605 0.0 0.006512473337352276
0.0014612297527492046 0.0 0.0
0.01222279667854309 0.0 0.0
0.03142498806118965 0.0 0.0
0.015420189127326012 0.012648353353142738 0.0
0.01751050353050232 0.005190171301364899 0.0
0.0 0.019085213541984558 0.0
0.005873288959264755 0.0 0.0
0.0 0.0 0.0
0.0 0.0 0.0
0.0 0.0 0.0
0.0 0.002074272371828556 0.0
0.0 0.0 0.0
0.0 0.0 0.0
0.00665439385920763 0.0 0.0
0.0 0.01584601029753685 0.0
0.0 0.011651799082756042 0.0
0.0 0.0 0.0
0.0 0.005190437659621239 0.0
0.0 0.04014202952384949 0.03418964147567749
0.0 0.05183623731136322 0.0331808365881443
0.0 0.04129225015640259 0.015937931835651398
0.0 0.033927276730537415 0.0
0.0 0.011527428403496742 0.002199484035372734
0.0 0.007409915328025818 0.0
0.0 0.015018301084637642 0.0
0.0 0.03211180120706558 0.0
0.0 0.02475082129240036 0.0
0.0 0.02272096276283264 0.0
0.0 0.07173244655132294 0.0
0.0 0.27845075726509094 0.0
0.0 0.4043322503566742 0.0
0.0 0.21939752995967865 0.0
0.0 0.0 0.0
0.0 0.0 0.0
0.0 0.0 0.0
0.0 0.0 0.0
0.0 0.0 0.0
0.0 0.0 0.0
0.4678760766983032 0.0 0.0
1.1756430864334106 0.0 0.06905121356248856
1.905317783355713 0.0 0.2895822525024414
2.3000378608703613 0.0 0.7098850011825562
2.6667087078094482 0.0 1.2001056671142578
3.4751791954040527 0.0 1.5082831382751465
4.177943706512451 0.0 1.7214947938919067
4.438377857208252 0.0 1.8877551555633545
4.936813831329346 0.0 2.2112677097320557
5.774403095245361 0.0 2.6479082107543945
6.203157901763916 0.0 3.0814080238342285
5.993463039398193 0.0 3.4197864532470703
5.277352809906006 0.0 3.4629549980163574
4.513734817504883 0.0 2.9361886978149414
3.7742819786071777 0.0 2.221163272857666
3.6103122234344482 0.0 1.780657172203064
4.137254238128662 0.0 1.965364694595337
4.890120506286621 0.0 2.139890432357788
5.10205602645874 0.0 1.7880394458770752
5.038355350494385 0.9925563931465149 1.120837688446045
4.919550895690918 1.7940559387207031 0.6479166746139526
4.709883213043213 2.4939517974853516 0.3831486999988556
4.628570556640625 2.5830130577087402 0.20742134749889374
4.500062942504883 1.9262856245040894 0.0
3.2473394870758057 2.189487934112549 0.0
1.914203405380249 2.658846378326416 0.0
1.770007610321045 1.8250991106033325 0.0
1.9007000923156738 1.279265284538269 0.0
1.6573436260223389 1.9712895154953003 0.0
1.610403060913086 2.1465463638305664 0.0
1.3764128684997559 1.8541512489318848 0.0
0.8673486709594727 1.9026886224746704 0.0
0.6803025603294373 2.1416332721710205 0.0
0.8897354602813721 1.8879221677780151 0.0
0.8241037130355835 1.5629931688308716 0.0
0.5274829268455505 1.2713993787765503 0.0
0.3201793432235718 1.014591097831726 0.0
0.1092735007405281 1.062576174736023 0.0
0.0 1.3655014038085938 0.0
0.0 1.1164990663528442 0.0
0.0 0.2752407491207123 0.0
0.0 0.1222677156329155 0.0
0.0 0.11677762120962143 0.0
0.0 0.1257535219192505 0.0
0.0 0.2316107153892517 0.0
0.0 0.2180941104888916 0.0
0.0 0.10518380999565125 0.0
0.0 0.29231640696525574 0.0
0.0 0.0593569353222847 0.0
0.0 0.0 0.0
0.0 0.0 0.0
0.0 0.0 0.0
0.0 0.0 0.0
0.0 0.0 0.0
0.0 0.0 0.0
0.0 0.0 0.0
0.0 0.0 0.0
0.0 0.0 0.0
0.0 0.0 0.0
0.0 0.0 0.0
0.0 0.0 0.0
0.0 0.0 0.0
0.0 0.0 0.0
0.0 0.0 0.0
0.0 0.0 0.0
0.0 0.0 0.0
0.0 0.0 0.0
0.0 0.0 0.0
0.0 0.0 0.0
0.0 0.0 0.0
0.0 0.0 0.0
0.0 0.0 0.0
0.0 0.0 0.0
0.0 0.0 0.0
0.0 0.0 0.0
0.0 0.0 0.0
0.0 0.0 0.0
0.0 0.0 0.0
0.0 0.0 0.0
0.0 0.0 0.0
0.0 0.0 0.08751103281974792
0.0 0.0 0.05248567461967468
0.0 0.0 0.0688268318772316
0.0 0.0 0.14589418470859528
0.0 0.0 0.1463775485754013
0.0 0.0 0.09487015008926392
0.0 0.0 0.04119458049535751
0.0 0.0 0.060637254267930984
0.02580193243920803 0.013215686194598675 0.11038323491811752
0.00831668172031641 0.0 0.02318335697054863
0.06571925431489944 0.0 0.0
0.09120437502861023 0.027403943240642548 0.0
0.09303317219018936 0.165419340133667 0.029287852346897125
0.0972425639629364 0.21320390701293945 0.04230458661913872
0.08401037752628326 0.10933609306812286 0.0
0.12915362417697906 0.0 0.0
0.16451001167297363 0.0 0.0
0.20463213324546814 0.0 0.0
0.10285677015781403 0.06453826278448105 0.0
0.0 0.13256418704986572 0.05277959629893303
0.02033179998397827 0.009319481439888477 0.018440797924995422
0.10258805751800537 0.0 0.0
0.1359420269727707 0.0 0.0
0.13698384165763855 0.0 0.0
0.0835038498044014 0.0 0.0
0.018253736197948456 0.010406848974525928 0.013081985525786877
0.026663731783628464 0.034781962633132935 0.029269743710756302
0.07568080723285675 0.01659470424056053 0.03397368639707565
0.03970949351787567 0.07840880006551743 0.012448419816792011
0.06743566691875458 0.022031281143426895 0.006132732145488262
0.09722285717725754 0.0 0.00732263270765543
0.08449933677911758 0.0 0.0030051162466406822
0.05670951306819916 0.014594671316444874 0.01027474645525217
0.055606164038181305 0.005020606331527233 0.012369322590529919
0.10039707273244858 0.0 0.013846845366060734
0.13451403379440308 0.0 0.01739577203989029
0.10775698721408844 0.05799300968647003 0.03442828729748726
0.05978972464799881 0.07192160934209824 0.030789345502853394
0.09080196917057037 0.0 0.011586886830627918
0.11247744411230087 0.0 0.0
0.12251649051904678 0.0 0.0
0.11497361958026886 0.0 0.0
0.11162362992763519 0.0 0.0
0.07208900153636932 0.009412958286702633 0.0
0.05927653610706329 0.0 0.0
0.0584096759557724 0.0 0.0
0.10749120265245438 0.0 0.0
0.11160552501678467 0.0 0.0
0.05168679356575012 0.0 0.0
0.05996416509151459 0.0 0.0
0.07822120189666748 0.0 0.0
0.026004865765571594 0.0 0.0
0.007641304284334183 0.0 0.0
0.04379664361476898 0.0 0.008822525851428509
0.07686032354831696 0.0 0.010207102634012699
0.04497482627630234 0.0 0.005798240192234516
0.036469507962465286 0.0 0.0014163041487336159
0.04830086976289749 0.0 0.0
0.05470576882362366 0.0 0.0
0.021666593849658966 0.013669932261109352 0.0
0.012951132841408253 0.0 0.007643041200935841
0.0 0.056218720972537994 0.00962177012115717
0.0 0.06589584797620773 0.0
0.011075468733906746 0.030721351504325867 0.0
0.054821085184812546 0.0 0.0
0.10628534108400345 0.0 0.0
0.1695319414138794 0.0 0.0
0.2229115515947342 0.0 0.0
0.18237344920635223 0.0 0.0
0.1512565314769745 0.0 0.0
0.15983937680721283 0.0 0.0
0.12698236107826233 0.0 0.0
0.10973546653985977 0.0 0.0
0.0700349286198616 0.0 0.0
0.0 0.02556360885500908 0.0
0.0 0.0 0.0
0.04148903489112854 0.0 0.0
0.07893920689821243 0.0 0.0
0.06311310082674026 0.0 0.0
0.03626604378223419 0.0 0.0
0.05098293721675873 0.0 0.0
0.07617884129285812 0.0 0.0
0.10755300521850586 0.0 0.026345353573560715
0.0936044305562973 0.0 0.13947723805904388
0.13205941021442413 0.0 0.24355198442935944
0.15581586956977844 0.0 0.32834702730178833
0.17521139979362488 0.032999422401189804 0.4270932972431183
0.23647795617580414 0.031191401183605194 0.5932884216308594
0.3598249554634094 0.0 0.8182568550109863
0.47467800974845886 0.0 1.0432335138320923
0.5591763854026794 0.0 1.2266017198562622
0.48687848448753357 0.0 1.246108889579773
0.46805447340011597 0.13356971740722656 1.236923098564148
0.5557597875595093 0.03465138003230095 1.2032923698425293
0.5990433692932129 0.0 1.1100239753723145
0.5814899206161499 0.0 0.9343541264533997
0.4557535946369171 0.0 0.7175464630126953
0.3057992458343506 0.0 0.45534223318099976
0.19093284010887146 0.0 0.2084997147321701
0.0893031656742096 0.0 0.05213327705860138
0.0 0.3104720413684845 0.010675848461687565
0.0 0.40247973799705505 0.0
0.0 0.18340516090393066 0.0
0.0 0.03447108343243599 0.0
0.0 0.03872521594166756 0.0
0.0 0.05017228052020073 0.0
0.0 0.0 0.0
0.0 0.0 0.0
0.0 0.026116792112588882 0.0
0.0 0.0 0.0
0.0 0.0 0.0
0.0 0.0 0.0
0.0 0.0 0.0
0.0 0.0 0.0
0.0 0.0 0.0
0.0 0.0 0.0
0.0 0.0 0.0
0.0 0.0 0.0
0.0 0.0 0.0
0.0 0.0 0.0
0.0 0.040628090500831604 0.19129395484924316
0.02422654815018177 0.1446751356124878 0.49325084686279297
0.020961245521903038 0.22714444994926453 0.6163418889045715
0.12432412058115005 0.21519537270069122 0.6301554441452026
0.3307494819164276 0.0785570964217186 0.6702339053153992
0.4119463264942169 0.07059957087039948 0.7650309801101685
0.42368125915527344 0.1802949160337448 0.9909184575080872
0.44760337471961975 0.27631786465644836 1.1709457635879517
0.4111335277557373 0.2356673628091812 0.9738795161247253
0.4097502827644348 0.049722783267498016 0.6634513735771179
0.4944734275341034 0.0 0.598599910736084
0.689111590385437 0.0 0.7322371006011963
0.7292433381080627 0.0 0.8790158629417419
0.44707927107810974 0.037560127675533295 0.7684797644615173
0.2593615651130676 0.26787376403808594 0.6872275471687317
0.32162439823150635 0.16655060648918152 0.740936815738678
0.48318907618522644 0.0 0.8786273002624512
0.5860975980758667 0.0 1.0256365537643433
0.5227966904640198 0.00964966882020235 1.0832306146621704
0.4571273922920227 0.22140933573246002 1.066167950630188
0.511054277420044 0.12163186818361282 0.9958743453025818
0.5403966903686523 0.0 0.8063539266586304
0.4086216390132904 0.0 0.5433214902877808
0.18018099665641785 0.04745084419846535 0.25625908374786377
0.0 0.09652864187955856 0.02800835110247135
0.0 0.0313432440161705 0.0
0.0 0.0 0.0
0.0 0.0 0.0
0.0 0.0 0.0
0.0 0.0 0.0
0.0 0.0 0.0
0.0 0.0 0.0
0.0 0.0 0.0
0.0 0.0 0.0
0.0 0.0 0.0
0.0 0.0 0.0
0.0 0.0 0.0
0.0 0.0 0.0
0.0 0.0 0.0
0.0 0.0 0.0
0.0 0.0 0.0
0.0 0.0 0.0
0.0 0.0 0.0
0.0 0.0 0.0
0.0 0.0 0.0
0.0 0.0 0.0
0.0 0.0 0.0
0.0 0.0 0.0
0.0 0.0 0.0
0.0 0.0 0.0
0.0 0.07652227580547333 0.0
0.048491742461919785 0.1626824587583542 0.21044659614562988
0.09308823943138123 0.2046208530664444 0.34349921345710754
0.1376224160194397 0.167237788438797 0.36625751852989197
0.19501380622386932 0.17872533202171326 0.391439288854599
0.30901414155960083 0.21841496229171753 0.5209046006202698
0.3844577670097351 0.3044896721839905 0.7751281261444092
0.4523172378540039 0.33634746074676514 1.0323050022125244
0.45260724425315857 0.2839961051940918 1.1005103588104248
0.3779284954071045 0.2509361803531647 0.8838574886322021
0.31455591320991516 0.17558521032333374 0.598808228969574
0.3547472655773163 0.07269798219203949 0.5144792199134827
0.3751489520072937 0.020246222615242004 0.5989099144935608
0.34698575735092163 0.06332071870565414 0.7504690885543823
0.320549339056015 0.14594875276088715 0.8434163331985474
0.24870820343494415 0.19031541049480438 0.6740486025810242
0.21121248602867126 0.08274155855178833 0.4628671407699585
0.2096785008907318 0.0 0.3833494186401367
0.20787207782268524 0.0 0.45598286390304565
0.1795237958431244 0.05384306609630585 0.530829131603241
0.14469417929649353 0.1507464349269867 0.5072923898696899
0.17936107516288757 0.08924020081758499 0.4476136267185211
0.2326999306678772 0.0 0.42845484614372253
0.2886238992214203 0.0 0.4822387099266052
0.2868978977203369 0.0 0.5572301149368286
0.17914696037769318 0.12103834003210068 0.47335413098335266
0.046208079904317856 0.2157595157623291 0.23303046822547913
0.0213842261582613 0.12086177617311478 0.03697308897972107
0.0 0.0 0.0
0.0 0.0 0.0
0.0 0.037747450172901154 0.0
0.0 0.09183305501937866 0.0
0.0 0.047572121024131775 0.0
0.0 0.06345867365598679 0.0
0.0 0.06318996101617813 0.0
0.0 0.018842734396457672 0.0
0.0 0.0 0.0
0.0 0.0 0.0
0.0 0.0 0.0
0.0 0.0 0.0
0.0 0.0 0.0
0.0 0.0 0.0
0.0 0.0 0.0
0.0 0.0 0.0
0.0 0.0 0.0
0.0 0.0 0.0
0.0 0.0 0.0
0.0 0.0 0.0
0.0 0.0 0.0
0.0 0.0 0.0
0.0 0.0 0.0
0.0 0.0 0.0
0.0 0.0 0.0
0.0 0.0 0.0
0.03638264536857605 0.009964657947421074 0.11902433633804321
0.0 0.12025894969701767 0.21717886626720428
0.0 0.19161860644817352 0.20732836425304413
0.031597208231687546 0.1670413613319397 0.1931995004415512
0.14850784838199615 0.09863061457872391 0.23046830296516418
0.18705762922763824 0.15240009129047394 0.33038103580474854
0.19200685620307922 0.20179533958435059 0.480154812335968
0.18358513712882996 0.19296163320541382 0.5719172358512878
0.14340123534202576 0.16700567305088043 0.4272090792655945
0.14065152406692505 0.06662767380475998 0.26340389251708984
0.1613496094942093 0.0 0.2088375836610794
0.14705003798007965 0.0 0.25254005193710327
0.12818899750709534 0.013258721679449081 0.32613706588745117
0.09880367666482925 0.0460456982254982 0.38684380054473877
0.09583798050880432 0.09395303577184677 0.3709447383880615
0.10865497589111328 0.027383597567677498 0.2554788589477539
0.1457248479127884 0.0 0.15818879008293152
0.11609424650669098 0.0 0.13113373517990112
0.04956156387925148 0.0 0.18207894265651703
0.026414696127176285 0.0 0.2501365542411804
0.027504995465278625 0.0 0.2403707355260849
0.01405230350792408 0.0 0.20729480683803558
0.01795356720685959 0.0 0.1433320790529251
0.035208187997341156 0.0 0.12424039840698242
0.04466480761766434 0.0 0.1414862424135208
0.02759820595383644 0.026891978457570076 0.14569935202598572
0.03119533881545067 0.01427977904677391 0.10509840399026871
0.04126927629113197 0.0 0.05380325764417648
0.0 0.0 0.0
0.0 0.0 0.0
0.0 0.0 0.009508496150374413
0.007497731596231461 0.0 0.019339023157954216
0.0 0.011567861773073673 0.0
0.0 0.015894431620836258 0.0
0.029223227873444557 0.0 0.0
0.04210333898663521 0.0 0.0
0.017658716067671776 0.01693466305732727 0.0
0.0303817018866539 0.02006654068827629 0.0
0.03567899391055107 0.03810519725084305 0.0
0.03235270828008652 0.03487824276089668 0.0
0.018376171588897705 0.009366759099066257 0.0013269130140542984
0.012001097202301025 0.0 0.0
0.0 0.02433265745639801 0.0
0.0 0.0062692370265722275 0.0
0.0065669165924191475 0.0 0.005423653870820999
0.01388741284608841 0.0007943101227283478 0.02155229076743126
0.004203893709927797 0.006097196601331234 0.030019275844097137
0.006514186039566994 0.0 0.011860514990985394
0.0 0.005212760530412197 0.0
0.0 0.002035343088209629 0.0
0.0 0.00836194772273302 0.0
0.0 0.01898343488574028 0.0
0.0 0.012655231170356274 0.0
0.0 0.0 0.0
0.0 0.0 0.0
0.0 0.0 0.0
0.0 0.002130418084561825 0.0
0.0 0.012804633937776089 0.0
0.0 0.006321967579424381 0.0
0.01744912564754486 0.0009197453036904335 0.0
0.02279728651046753 0.0019762208685278893 0.0
0.024995725601911545 0.008370737545192242 0.0
0.024949120357632637 0.013666433282196522 0.0
0.036538928747177124 0.0019005872309207916 0.0
0.03757463023066521 0.0 0.0004054596647620201
0.014330564066767693 0.005206635221838951 0.0
0.0 0.018181022256612778 0.0
0.000941521255299449 0.007536369375884533 0.0
0.025294797495007515 0.0 0.0
0.004832133185118437 0.03926606848835945 0.0
0.0 0.05941687524318695 0.0
0.0185247752815485 0.021109167486429214 0.0
0.037797536700963974 0.0 0.0
0.014482364058494568 0.019075311720371246 0.0
0.02190565876662731 0.024356093257665634 0.0
0.03457458317279816 0.0 0.0
0.036606840789318085 0.0 0.0
0.01618838496506214 0.0 0.004465182311832905
0.018272574990987778 0.0 0.008745414204895496
0.0 0.0 0.0
0.0 0.0 0.0
0.017577756196260452 0.0 0.0
0.008024477399885654 0.0 0.0
0.0037607564590871334 0.0 0.0
0.019603636115789413 0.0 0.0
0.0 0.0 0.0
0.0 0.018133535981178284 0.0
0.0 0.0 0.0
0.009246069937944412 0.0 0.0
0.0 0.009602365083992481 0.0
0.0 0.010637002997100353 0.0
0.0 0.0 0.0
0.0 0.0 0.0
0.013859730213880539 0.0 0.0
0.019199367612600327 0.0 0.0
0.056370969861745834 0.0 0.0
0.05942694842815399 0.0 0.0
0.06466059386730194 0.0 0.0
0.04633964225649834 0.0 0.0
0.0 0.0 0.0
0.0 0.0 0.0
0.0 0.0 0.0
0.0 0.0 0.0
0.004408437293022871 0.0 0.0
0.0 0.0 0.0
0.0 0.0 0.0
0.0 0.0 0.0
0.2789646089076996 0.0 0.0
0.4961533844470978 0.0 0.0
0.6831341981887817 0.0 0.0
0.7701513767242432 0.0 0.0
1.0086921453475952 0.0 0.0
1.7264803647994995 0.0 0.0
2.462045192718506 0.0 0.0
2.9365463256835938 0.0 0.3101774752140045
3.37544584274292 0.0 0.7655721306800842
4.040541648864746 0.0 1.090179681777954
4.77835750579834 0.0 1.5510016679763794
5.468005180358887 0.0 2.1026241779327393
6.117092132568359 0.0 2.947173595428467
6.505070209503174 0.0 3.88920259475708
6.237644195556641 0.0 4.137480735778809
5.522564888000488 0.0 3.786776304244995
5.324626445770264 0.0 3.128300666809082
5.169572830200195 0.0 2.2884626388549805
5.235201358795166 0.0 2.055755615234375
5.836970806121826 0.0 1.8763052225112915
6.187214374542236 0.20610903203487396 1.5795257091522217
5.944213390350342 2.0242879390716553 1.0894300937652588
5.802746772766113 2.4531776905059814 0.48046717047691345
5.5210347175598145 2.408954381942749 0.0
4.845682144165039 2.7467424869537354 0.0
3.200221538543701 3.4560441970825195 0.0
2.2876172065734863 2.640756607055664 0.0
2.045246124267578 1.3164228200912476 0.0
1.5566399097442627 1.374272108078003 0.0
1.4148622751235962 1.690417766571045 0.0
1.1884328126907349 2.116046905517578 0.0
0.7259724736213684 2.696815013885498 0.0
0.3869166672229767 2.572725772857666 0.0
0.06703002005815506 1.9215593338012695 0.0
0.0 1.8405702114105225 0.0
0.0 2.0933470726013184 0.0
0.0 1.9966695308685303 0.0
0.0 0.7253140211105347 0.0
0.0 0.0 0.0
0.0 0.0 0.0
0.0 0.040196679532527924 0.0
0.0 0.09545727074146271 0.0
0.0 0.0 0.0
0.0 0.0 0.0
0.0 0.0 0.0
0.0 0.0 0.0
0.0 0.0 0.0
0.0 0.0 0.0
0.0 0.0 0.0
0.0 0.0 0.0
0.0 0.0 0.0
0.0 0.0 0.0
0.0 0.0 0.0
0.0 0.0 0.0
0.0 0.0 0.0
0.0 0.0 0.0
0.0 0.0 0.08222394436597824
0.0 0.0 0.31830334663391113
0.0 0.0 0.4801422953605652
0.0 0.0 0.3443293571472168
0.0 0.0 0.19711831212043762
0.0 0.0 0.13874821364879608
0.0 0.0 0.14042919874191284
0.0 0.0 0.1142234280705452
0.0 0.0 0.07649815082550049
0.021262798458337784 0.0 0.020334217697381973
0.061834461987018585 0.07612138986587524 0.040437355637550354
0.1380719691514969 0.12250220775604248 0.10651650279760361
0.17319853603839874 0.041645705699920654 0.1034003421664238
0.18424852192401886 0.0 0.05846961960196495
0.14863672852516174 0.0 0.0
0.10829117894172668 0.012485422194004059 0.0
0.1027403473854065 0.01454244740307331 0.0
0.04412470757961273 0.058252111077308655 0.0
0.0 0.0329427570104599 0.0
0.006212645675987005 0.0 0.0
0.04546790570020676 0.0 0.0
0.08024932444095612 0.0 0.0
0.02773045375943184 0.012463911436498165 0.02600296214222908
0.0 0.05296100303530693 0.017258740961551666
0.01619284227490425 0.044437289237976074 0.011034932918846607
0.06832928210496902 0.0007124459370970726 0.019960515201091766
0.08634690195322037 0.0 0.030792392790317535
0.07145077735185623 0.0 0.026370476931333542
0.06413000822067261 0.0 0.009149414487183094
0.06341201812028885 0.0 0.0
0.03242560848593712 0.034925010055303574 0.0
0.03743714466691017 0.04435872659087181 0.020861729979515076
0.03200589492917061 0.03158380836248398 0.028244279325008392
0.01408095471560955 0.01576090231537819 0.004510986618697643
0.022900013253092766 0.007346645928919315 0.0
0.036801714450120926 0.0 0.0
0.0462639257311821 0.0 0.0
0.0 0.02335251122713089 0.0
0.0 0.01805015653371811 0.0
0.0 0.025415927171707153 0.0
0.011041754856705666 0.014764082618057728 0.0
0.003586502280086279 0.03178514540195465 0.0
0.013195186853408813 0.02751743048429489 0.0
0.016443977132439613 0.04452916979789734 0.0
0.022774577140808105 0.03280194103717804 0.0
0.04607537388801575 0.0 0.0036965925246477127
0.02484385296702385 0.004085073247551918 0.0
0.0 0.025379445403814316 0.001145816408097744
0.00768350949510932 0.03383897617459297 0.006642314605414867
0.017356643453240395 0.04340798035264015 0.001428377814590931
0.021506380289793015 0.036980707198381424 0.01213215570896864
0.028744585812091827 0.013504940085113049 0.03135804459452629
0.0 0.023208968341350555 0.011842136271297932
0.0 0.00846144650131464 0.0
0.01756596751511097 0.008420432917773724 0.0
0.02478712797164917 0.031690601259469986 0.003601251170039177
0.0212941262871027 0.03371540457010269 0.03241745010018349
0.01480080746114254 0.031569961458444595 0.040892161428928375
0.0 0.04344046860933304 0.003362365998327732
0.007827320136129856 0.0 0.0
0.026848681271076202 0.0 0.00018947571516036987
0.0 0.012585350312292576 0.008624239824712276
0.0 0.0 0.0010771071538329124
0.024869153276085854 0.0 0.0
0.023859549313783646 0.0 0.0
0.023792438209056854 0.0 0.0
0.0036128677893429995 0.0 0.0
0.0 0.013851684518158436 0.0
0.0 0.0 0.0
0.041048500686883926 0.0 0.0
0.05274750292301178 0.0 0.0
0.036708083003759384 0.0 0.0
0.030263498425483704 0.0 0.0
0.05914201959967613 0.0 0.0
0.09985163062810898 0.0 0.0
0.08911029994487762 0.0 0.0
0.048440638929605484 0.0 0.0
0.07092703133821487 0.0 0.0
0.09772136807441711 0.0 0.0
0.09986014664173126 0.0 0.0
0.04517773166298866 0.0 0.0
0.0 0.02101864106953144 0.02784702554345131
0.0 0.0 0.0074999406933784485
0.04413403943181038 0.0 0.0
0.03777068480849266 0.0 0.0
0.0 0.011636057868599892 0.0
0.0 0.0158462505787611 0.0
0.03220787271857262 0.0 0.00029076356440782547
0.053684402257204056 0.0 0.0
0.032368458807468414 0.0 0.0
0.007809055037796497 0.0 0.0
0.021797575056552887 0.0 0.0
0.02411133050918579 0.0 0.0
0.023065771907567978 0.0 0.0
0.035811662673950195 0.0 0.0
0.06675439327955246 0.0 0.0
0.05609749257564545 0.0 0.0
0.011408316902816296 0.0 0.0
0.0 0.00964374840259552 0.0
0.0092080133035779 0.0 0.0
0.06258361786603928 0.0 0.0
0.10210652649402618 0.0 0.0
0.07963290810585022 0.0 0.0
0.06657303124666214 0.0 0.0
0.028951358050107956 0.0 0.0
0.0 0.0 0.02972109243273735
0.03269895911216736 0.0 0.04818665236234665
0.08994999527931213 0.0 0.07415620237588882
0.12024025619029999 0.0 0.13309462368488312
0.05844693258404732 0.0 0.23411816358566284
0.013697836548089981 0.0 0.3308801054954529
0.0 0.0 0.43540894985198975
0.0 0.0 0.5597018599510193
0.09732002764940262 0.0 0.705489993095398
0.1470116823911667 0.0 0.847901463508606
0.11963678151369095 0.0 0.9312900900840759
0.1278230845928192 0.0 0.9862998127937317
0.21643203496932983 0.03040228970348835 1.093056559562683
0.39073142409324646 0.0 1.25474214553833
0.5342395305633545 0.0 1.3051985502243042
0.4909929931163788 0.046562597155570984 1.1727694272994995
0.4653531312942505 0.12601694464683533 0.9783374071121216
0.4912244379520416 0.07970137149095535 0.8417012691497803
0.5231839418411255 0.0 0.7251927256584167
0.4405950605869293 0.0 0.4530365765094757
0.27289634943008423 0.01783641055226326 0.16093921661376953
0.0977783203125 0.0805589109659195 0.0
0.009339800104498863 0.05886346846818924 0.0
0.0 0.02854498103260994 0.0
0.0 0.026872247457504272 0.0
0.0 0.03175488859415054 0.0
0.0 0.023750491440296173 0.0
0.0 0.013386799953877926 0.0
0.0 0.05526527762413025 0.0
0.0 0.09204991906881332 0.0
0.0 0.025879953056573868 0.0
0.0 0.0 0.0
0.0 0.0 0.0
0.0 0.0 0.0
0.0 0.0 0.0
0.0 0.0 0.0
0.0 0.0 0.0
0.0 0.0 0.0
0.0 0.0 0.0
0.0 0.0 0.0
0.0 0.0 0.0
0.0 0.0 0.0
0.0 0.0 0.0
0.0 0.0 0.0
0.0 0.0 0.0
0.0 0.0 0.05081190541386604
0.018435826525092125 0.052168019115924835 0.21085616946220398
0.04830983281135559 0.10802888870239258 0.3245771527290344
0.11266592144966125 0.1246294379234314 0.4000559151172638
0.18362104892730713 0.13385115563869476 0.4552786946296692
0.2539176046848297 0.13326899707317352 0.5734937787055969
0.3192997872829437 0.13139653205871582 0.754686176776886
0.3751513361930847 0.1348828673362732 0.9293909072875977
0.40216192603111267 0.17599807679653168 1.0077810287475586
0.4171976149082184 0.19619177281856537 1.0015867948532104
0.40283438563346863 0.1804942935705185 0.9426350593566895
0.4084640443325043 0.114713154733181 0.9040187001228333
0.4496290385723114 0.009271950460970402 0.9329326152801514
0.4821571707725525 0.0 0.9779227375984192
0.4136241674423218 0.04876023530960083 0.9113346338272095
0.3455343246459961 0.11205505579710007 0.7954815626144409
0.3525610864162445 0.06976858526468277 0.7281107902526855
0.40779396891593933 0.0 0.7390246391296387
0.429932564496994 0.0 0.7604979872703552
0.4015848636627197 0.0 0.7208268642425537
0.35581284761428833 0.045752402395009995 0.6148250699043274
0.29322588443756104 0.07509617507457733 0.47755053639411926
0.2495439350605011 0.04053766652941704 0.3605557680130005
0.22305187582969666 0.0 0.22760464251041412
0.16412891447544098 0.0 0.03567994385957718
0.052624743431806564 0.0 0.0
0.0 0.0 0.0
0.0 0.0 0.0
0.0 0.0 0.0
0.0 0.0 0.0
0.0 0.0 0.0
0.0 0.0 0.0
0.0 0.0 0.0
0.0 0.0 0.0
0.0 0.0 0.0
0.0 0.0 0.0
0.0 0.0 0.0
0.0 0.0 0.0
0.0 0.0 0.0
0.0 0.0 0.0
0.0 0.0 0.0
0.0 0.0 0.0
0.0 0.0 0.0
0.0 0.0 0.0
0.0 0.0 0.0
0.06269895285367966 0.0 0.04765591025352478
0.15306693315505981 0.08346462994813919 0.30417877435684204
0.13499899208545685 0.1628262996673584 0.4132237434387207
0.18381179869174957 0.14668940007686615 0.4382303059101105
0.25937870144844055 0.11565132439136505 0.453840970993042
0.260314017534256 0.1368519514799118 0.4699437618255615
0.2445521056652069 0.1401612013578415 0.4462940990924835
0.22318316996097565 0.10087984055280685 0.44274836778640747
0.23473170399665833 0.025345932692289352 0.45009708404541016
0.2898482084274292 0.0 0.47495290637016296
0.4168977737426758 0.0 0.5624918341636658
0.5535661578178406 0.0 0.7548583745956421
0.6193153262138367 0.0 1.0120658874511719
0.5397957563400269 0.04917323589324951 1.3057377338409424
0.5030686259269714 0.20661771297454834 1.5815067291259766
0.5127612352371216 0.2249716967344284 1.7846430540084839
0.6129607558250427 0.26896554231643677 1.9075746536254883
0.6710179448127747 0.3168233036994934 1.8730552196502686
0.6542214155197144 0.4112483859062195 1.6509838104248047
0.6086997389793396 0.3807746171951294 1.2968177795410156
0.4992317855358124 0.27395492792129517 0.92253577709198
0.306074321269989 0.13419651985168457 0.5868387222290039
0.14922133088111877 0.0018115779384970665 0.2504598796367645
0.042941488325595856 0.0 0.0
0.0 0.0 0.0
0.0 0.0 0.0
0.0 0.0 0.0
0.0 0.0 0.0
0.0 0.0 0.0
0.0 0.0 0.0
0.0 0.0 0.0
0.0 0.0 0.0
0.0 0.0 0.0
0.0 0.0 0.0
0.0 0.0 0.0
0.0 0.0 0.0
0.0 0.0 0.0
0.0 0.0 0.0
0.0 0.0 0.0
0.006658795289695263 0.0 0.0
0.03510960936546326 0.042539626359939575 0.0
0.0 0.07169324904680252 0.0
0.0 0.011861075647175312 0.0
0.0 0.0 0.0
0.0 0.0 0.0
0.0 0.0 0.0
0.0 0.0 0.0
0.0 0.0 0.0
0.0 0.0 0.0
0.0 0.0 0.0
0.0 0.0 0.0
0.0 0.0 0.0
0.0 0.06864659488201141 0.0
0.0 0.14247927069664001 0.0
0.0 0.18958713114261627 0.0
0.04507329314947128 0.18318594992160797 0.13035494089126587
0.2176024466753006 0.144740030169487 0.3691198527812958
0.3317255675792694 0.12245416641235352 0.5817141532897949
0.36896002292633057 0.17082223296165466 0.7050991654396057
0.3895510733127594 0.22256958484649658 0.786664605140686
0.47455888986587524 0.20062300562858582 0.9241870641708374
0.5697660446166992 0.15510638058185577 1.1044676303863525
0.6151729822158813 0.13358831405639648 1.14865243434906
0.4898150861263275 0.19327108561992645 0.8922661542892456
0.33514854311943054 0.1682184636592865 0.5669402480125427
0.31630000472068787 0.0 0.39950066804885864
0.37294837832450867 0.0 0.36532217264175415
0.3378322124481201 0.0 0.35863417387008667
0.20439663529396057 0.0 0.2743432819843292
0.07550656795501709 0.001240389421582222 0.15357211232185364
0.032571353018283844 0.0 0.06537380814552307
0.07447566092014313 0.0 0.028194744139909744
0.10999983549118042 0.0 0.0
0.05725379288196564 0.0 0.0
0.0 0.0 0.0
0.0 0.0 0.0
0.0 0.0 0.0
0.0031132439617067575 0.0 0.0
0.0 0.0 0.0
0.0 0.0 0.0
0.0 0.0 0.0
0.0 0.0 0.0
0.0 0.0 0.0
0.0 0.0 0.0
0.0 0.001721598207950592 0.0
0.0 0.10340908169746399 0.0
0.0 0.09025732427835464 0.0
0.0 0.011866910383105278 0.0
0.0 0.0 0.0
0.0 0.0 0.0
0.0 0.0 0.0
0.0 0.0 0.0
0.0 0.01062081754207611 0.0
0.0 0.021703828126192093 0.0
0.045903321355581284 0.0 0.0
0.23623117804527283 0.0 0.1870509386062622
0.15202096104621887 0.14084991812705994 0.3107640743255615
0.0 0.24467164278030396 0.21117492020130157
0.09619498252868652 0.11080920696258545 0.12956367433071136
0.22097739577293396 0.0 0.11864446103572845
0.18146780133247375 0.0022230716422200203 0.1236535906791687
0.07016737759113312 0.06608088314533234 0.16334481537342072
0.012065459974110126 0.07558437436819077 0.2108694612979889
0.029193313792347908 0.053256429731845856 0.202421635389328
0.06032007560133934 0.02775932289659977 0.1812835931777954
0.04798857495188713 0.023708121851086617 0.13414138555526733
0.04514272138476372 0.02065693959593773 0.09884864836931229
0.05803721398115158 0.021726464852690697 0.09043438732624054
0.05369200184941292 0.014269081875681877 0.09677670896053314
0.03648212179541588 0.011065831407904625 0.10941420495510101
0.01856170780956745 0.03455890715122223 0.09114997833967209
0.009541049599647522 0.037979207932949066 0.034450214356184006
0.047051142901182175 0.0 0.01224211324006319
0.06300240755081177 0.0 0.013373157940804958
0.04271205514669418 0.0 0.01750585064291954
0.028807688504457474 0.01139846071600914 0.024941664189100266
0.010721894912421703 0.03376848250627518 0.022696886211633682
0.022554852068424225 0.016778845340013504 0.011008537374436855
0.042900074273347855 0.0050758495926856995 0.0026273028925061226
0.03328366205096245 0.011465838178992271 0.004688589833676815
0.030117962509393692 0.006172538734972477 0.00036654621362686157
0.021830471232533455 0.005218328908085823 0.0
0.02090156078338623 0.0 0.0
0.05386137589812279 0.0 0.0
0.06345883011817932 0.0 0.0
0.039011016488075256 0.0 0.0
0.011525594629347324 0.022361084818840027 0.0
0.010587895289063454 0.0213480181992054 0.0
0.032923560589551926 0.001087753102183342 0.0
0.03939477726817131 0.0 0.0
0.03745972365140915 0.0 0.0
0.02361634559929371 0.0 0.0
0.0 0.0012640543282032013 0.0
0.0 0.020419906824827194 0.0
0.0 0.004472631029784679 0.0
0.0 0.0 0.0
0.0 0.0 0.0
0.0 0.03526835888624191 0.0
0.0 0.03525025025010109 0.0
0.0 0.001064050942659378 0.0
0.009102384559810162 0.0 0.0
0.0 0.0 0.0
0.0 0.0 0.0
0.0 0.0 0.0
0.0 0.0 0.0
0.0 0.0 0.0
0.0 0.0 0.0
0.0755905956029892 0.0 0.0
0.10665983706712723 0.0 0.013480663299560547
0.3793067932128906 0.0 0.12083401530981064
0.6643396019935608 0.0 0.255793958902359
1.0167315006256104 0.0 0.4843962490558624
1.457137942314148 0.0 0.7214103937149048
2.0061111450195312 0.0 0.9120721817016602
2.523487091064453 0.0 1.3149006366729736
3.166003942489624 0.0 1.7533259391784668
3.7768309116363525 0.0 1.8944121599197388
4.334956645965576 0.0 2.007996082305908
4.964889049530029 0.0 2.3650012016296387
5.581960201263428 0.0 2.9290945529937744
6.035715103149414 0.0 3.7880871295928955
6.152842044830322 0.0 4.247900009155273
6.122172832489014 0.0 4.137058734893799
6.07642936706543 0.0 3.8000004291534424
5.950380802154541 0.0 3.5019538402557373
6.095945358276367 0.0 3.349536657333374
6.207569122314453 0.0 2.8285369873046875
6.0866594314575195 0.17674347758293152 1.807045578956604
5.465119361877441 1.0558220148086548 1.0387723445892334
4.984483242034912 1.1224547624588013 0.25004342198371887
4.598305702209473 0.8076465725898743 0.0
3.810929536819458 1.1706137657165527 0.0
2.8590481281280518 1.7443476915359497 0.0
2.0988142490386963 2.030927896499634 0.0
1.6932443380355835 1.9037983417510986 0.0
0.9654751420021057 2.6261720657348633 0.0
0.5893673300743103 2.8587751388549805 0.0
0.5947330594062805 2.2066478729248047 0.0
0.21472688019275665 2.087575912475586 0.0
0.16774313151836395 1.3286058902740479 0.0
0.006308426149189472 0.7150575518608093 0.0
0.0 0.7774785757064819 0.0
0.0 0.6738424897193909 0.0
0.0 0.3062990605831146 0.0
0.0 0.1633448302745819 0.0
0.0 0.1861923485994339 0.0
0.0 0.0 0.0
0.0 0.0 0.0
0.0 0.0 0.0
0.0 0.0 0.0
0.0 0.0 0.0
0.0 0.0 0.0
0.0 0.0 0.0
0.0 0.0 0.0
0.0 0.0 0.0
0.0 0.0 0.0
0.0 0.0 0.0
0.0 0.0 0.0
0.0 0.0 0.0
0.0 0.0 0.0
0.0 0.0 0.0
0.0 0.0 0.0
0.0 0.0 0.0
0.0 0.0 0.0
0.0 0.0 0.0
0.0 0.0 0.0
0.0 0.0 0.0
0.0 0.0 0.0
0.0 0.0 0.0
0.0 0.0 0.0
0.0 0.0 0.0
0.0 0.0 0.0
0.0 0.0 0.0
0.0 0.0 0.0
0.0 0.0 0.0
0.0 0.0 0.0
0.0 0.0 0.0
0.0 0.0 0.0
0.0 0.0 0.0
0.0 0.0 0.03571092337369919
0.0 0.0 0.06633621454238892
0.0 0.0 0.1183147206902504
0.0 0.06781458109617233 0.20933596789836884
0.0 0.0 0.21631957590579987
0.0 0.0 0.09295210987329483
0.0 0.0 0.0
0.0 0.0 0.04133898764848709
0.0 0.0028666555881500244 0.10697844624519348
0.0 0.0 0.13279379904270172
0.0 0.0 0.11368535459041595
0.003689419711008668 0.0 0.0529482364654541
0.07769200950860977 0.0 0.015179818496108055
0.10131291300058365 0.0 0.00371597521007061
0.042864251881837845 0.0 0.0
0.008789906278252602 0.0 0.0
0.03008986823260784 0.0 0.0
0.05445246770977974 0.0 0.012184027582406998
0.0682779997587204 0.0 0.015495935454964638
0.08548415452241898 0.0 0.0006666556000709534
0.07786085456609726 0.0 0.01991305500268936
0.08494299650192261 0.0 0.06063784658908844
0.1249745711684227 0.0 0.09922412037849426
0.17566891014575958 0.0 0.12916365265846252
0.12810617685317993 0.0 0.1917945295572281
0.09166401624679565 0.0 0.21729058027267456
0.14145420491695404 0.0 0.23447036743164062
0.2915611267089844 0.0 0.2537577748298645
0.491679310798645 0.0 0.2928875982761383
0.6080930233001709 0.0 0.264778196811676
0.0 0.47772905230522156 0.11128851026296616
0.0 0.13103340566158295 0.37181463837623596
0.1453552097082138 0.0 0.3057788908481598
0.15668030083179474 0.0 0.23633164167404175
0.0863020047545433 0.0 0.12994980812072754
0.057005107402801514 0.0 0.04356592148542404
0.0 0.0 0.0
0.0 0.0 0.09395665675401688
0.0 0.0 0.1975885033607483
0.0 0.0 0.2503337562084198
0.0 0.0 0.251400887966156
0.0 0.0 0.25963884592056274
0.0 0.0 0.22381478548049927
0.0 0.028038322925567627 0.18215470016002655
0.0 0.1410418301820755 0.13169871270656586
0.0 0.17405037581920624 0.06551116704940796
0.028361210599541664 0.17596599459648132 0.09277687966823578
0.10790956765413284 0.05556023120880127 0.12309403717517853
0.10715056210756302 0.0 0.0768013745546341
0.006632745265960693 0.03387836739420891 0.004497346468269825
0.0028755576349794865 0.025573566555976868 0.0
0.03641807287931442 0.02036362513899803 0.0
0.0 0.013131276704370975 0.0
0.0 0.019641641527414322 0.0
0.0 0.03764381259679794 0.0
0.0 0.1493627279996872 0.0
0.0 0.20876453816890717 0.0
0.0 0.1182042807340622 0.0
0.0 0.12137371301651001 0.0
0.04757435619831085 0.011635761708021164 0.0
0.08040767163038254 0.0 0.0
0.019367488101124763 0.0 0.002292044460773468
0.03211843594908714 0.0 0.007760845124721527
0.049289166927337646 0.0 0.0
0.06230083853006363 0.022153383120894432 0.0
0.09612777829170227 0.0 0.005084634758532047
0.05169639736413956 0.0 0.0
0.009104197844862938 0.04144425690174103 0.0
0.0 0.04459957033395767 0.0
0.0057289074175059795 0.0 0.0
0.0847741961479187 0.0 0.0
0.06551501154899597 0.0 0.0
0.03980671614408493 0.0 0.0
0.02363014407455921 0.0 0.0
0.0 0.0 0.011708715930581093
0.0 0.01366029679775238 0.024482835084199905
0.012041930109262466 0.0 0.0
0.025088224560022354 0.0 0.0
0.027179071679711342 0.0 0.0
0.007589657790958881 0.0 0.004273169673979282
0.00227798311971128 0.0 0.004271837882697582
0.0 0.050027091056108475 0.0
0.0 0.0745801031589508 0.0
0.0 0.13417285680770874 0.0
0.0 0.24182261526584625 0.0
0.0 0.13649380207061768 0.0
0.0 0.14556613564491272 0.05177970230579376
0.0 0.008021852001547813 0.15605871379375458
0.0 0.05243272706866264 0.18256515264511108
0.0 0.16322501003742218 0.1335752308368683
0.0 0.060394514352083206 0.04581794887781143
0.06630570441484451 0.1573847085237503 0.0
0.3030170500278473 0.0 0.0
0.48860234022140503 0.0 0.0
