0.0 0.06286171823740005 0.024821974337100983
0.0 0.0 0.0
0.0 0.0 0.0
0.0 0.0 0.0
0.0 0.0 0.022476263344287872
0.0 0.0 0.0
0.0 0.0 0.0
0.0 0.05747494101524353 0.0
0.0 0.04631815850734711 0.0
0.04218362271785736 0.03279009833931923 0.07970359921455383
0.09878111630678177 0.0 0.059608981013298035
0.038852542638778687 0.0 0.0
0.0 0.04942047595977783 0.0
0.0 0.029208682477474213 0.0
0.0 0.0036031873896718025 0.0
0.0 0.0 0.011139986105263233
0.0 0.06424709409475327 0.0
0.0 0.01405423041433096 0.010552492924034595
0.10488002747297287 0.0 0.0
0.15623828768730164 0.0 0.0
0.1690683364868164 0.0 0.0
0.13777539134025574 0.0 0.0
0.05169377103447914 0.0 0.0
0.021937474608421326 0.0 0.0
0.036681801080703735 0.0 0.0
0.11096614599227905 0.0 0.00500938855111599
0.11346552520990372 0.0 0.0
0.0222658421844244 0.0 0.0
0.0 0.0 0.0
0.0 0.0 0.0
0.035164594650268555 0.0 0.0
0.08944567292928696 0.02005859464406967 0.04808495193719864
0.06550013273954391 0.04224751889705658 0.09706021845340729
0.05981215089559555 0.009582783095538616 0.022115405648946762
0.031553614884614944 0.0 0.0
0.012357285246253014 0.0 0.0
0.0 0.0 0.0
0.0 0.008439754135906696 0.0770188644528389
0.06865810602903366 0.006098569370806217 0.09590627253055573
0.06046808883547783 0.0 0.058358095586299896
0.018081482499837875 0.0 0.024731427431106567
0.0 0.0 0.020168103277683258
0.0 0.04261796176433563 0.06061672419309616
0.0 0.024341754615306854 0.09301913529634476
0.018623843789100647 0.01964985951781273 0.09116576611995697
0.01640303246676922 0.0 0.09641619026660919
0.0 0.0 0.09276898950338364
0.0 0.0 0.04760763794183731
0.0 0.0 0.009331888519227505
0.0 0.012568246573209763 0.006530509330332279
0.0375240333378315 0.0018279850482940674 0.014378045685589314
0.02471049688756466 0.0 0.014232904650270939
0.022642552852630615 0.0 0.004528611898422241
0.0 0.0 0.0
0.0 0.0 0.0
0.011556345969438553 0.0 0.0
0.0 0.0 0.0
0.0 0.0 0.0
0.0 0.0 0.0
0.01015712134540081 0.0 0.0
0.04398432746529579 0.0 0.008015488274395466
0.018079759553074837 0.033656489104032516 0.04206320643424988
0.0 0.06996442377567291 0.01412025187164545
0.0 0.050852786749601364 0.002403675578534603
0.019387371838092804 0.0 0.013114909641444683
0.028820287436246872 0.007096783258020878 0.03140123933553696
0.023436173796653748 0.003902055323123932 0.035610366612672806
0.01196088083088398 0.0 0.007675136439502239
0.0 0.0 0.0
0.0 0.025399092584848404 0.009350531734526157
0.0 0.019995003938674927 0.022353947162628174
0.010741151869297028 0.0 0.01716051623225212
0.032336991280317307 0.0 0.0
0.022938163951039314 0.0 0.0
0.0 0.0063545601442456245 0.0
0.0 0.02856345847249031 0.011582526378333569
0.0025290290359407663 0.010479263961315155 0.0
0.026237286627292633 0.0 0.0
0.00925164669752121 0.0 0.0
0.0 0.0 0.0
0.0 0.0 0.0
0.01132784690707922 0.003120151348412037 0.0
0.00010209018364548683 0.0 0.0
0.002971912734210491 0.0 0.0
0.0 0.0 0.0
0.0 0.0 0.0
0.0 0.04409847781062126 0.0
0.0 0.005685840733349323 0.0
0.03627128154039383 0.0 0.0
0.012411486357450485 0.0 0.16345888376235962
0.051393773406744 0.0 0.7343079447746277
0.19110560417175293 0.21208456158638 1.41395103931427
0.0 0.3842877447605133 2.4410760402679443
0.0 0.9573379158973694 3.536442756652832
0.13421404361724854 1.034185767173767 4.493866920471191
0.40695181488990784 0.5027569532394409 4.878394603729248
0.6357663869857788 0.0 5.048346519470215
0.721976101398468 0.0 4.728065490722656
0.7267457842826843 0.0 4.189316272735596
0.9228311777114868 0.0 3.2997164726257324
1.1648720502853394 0.25547075271606445 2.1075425148010254
0.9456243515014648 0.43335819244384766 0.7171183228492737
0.686491847038269 0.11732248961925507 0.0
0.0 0.0 0.0
0.0 0.0 0.0
0.0 0.0 0.0
0.0 0.19361433386802673 0.0
0.0 0.2010735720396042 0.0
0.0 0.0 0.0
0.0 0.0 0.0
0.0 0.0 0.0
0.0 0.0 0.0
0.0 0.0 0.0
0.17603126168251038 0.0 0.0
0.2349984347820282 0.0 0.7362874746322632
0.11589868366718292 0.10825841873884201 1.6553726196289062
0.1635895073413849 0.2075762152671814 2.6432950496673584
0.37662240862846375 0.15739133954048157 3.7210543155670166
0.483337938785553 0.060927122831344604 4.438647270202637
0.37608444690704346 0.19258342683315277 4.823664665222168
0.2973278760910034 0.18526531755924225 5.114504814147949
0.445865660905838 0.0 5.585340976715088
0.7881380319595337 0.12542729079723358 5.221771717071533
1.353017807006836 0.9312079548835754 3.53674578666687
1.7871094942092896 1.6903926134109497 1.588524580001831
1.1931856870651245 1.4965389966964722 0.0
0.0 0.5280588865280151 0.0
0.0 0.0 0.0
0.0 0.29405730962753296 0.0
0.0 0.6753979921340942 0.0
0.0 0.6229428052902222 0.0
0.0 0.0 0.0
0.0 0.0 0.0
0.0 0.0 0.0
0.0 0.0 0.0
0.0 0.0 0.0
0.0 0.0 0.0
0.0 0.0 0.0
0.0 0.0 0.0
0.10578906536102295 0.0 0.6998711228370667
0.40035519003868103 0.0 1.7531704902648926
0.7719599008560181 0.0 2.58408784866333
1.213769555091858 0.00939389131963253 3.3432748317718506
1.426095962524414 0.0 4.173098087310791
1.2889095544815063 0.0 4.926281929016113
0.9872308969497681 0.0 5.509575843811035
0.746561586856842 0.0 5.695817947387695
0.8909246325492859 0.07687893509864807 5.077350616455078
1.3752272129058838 0.2158948928117752 3.7622005939483643
1.5047342777252197 0.09550002217292786 2.349722146987915
0.6989101767539978 0.06698049604892731 1.3063820600509644
0.0 0.2844640910625458 0.3991408050060272
0.0 0.2814863920211792 0.0
0.0 0.012910343706607819 0.0
0.0 0.0 0.0
0.0 0.0 0.0
0.0 0.16624318063259125 0.0
0.0 0.3651290833950043 0.0
0.0 0.06247629597783089 0.0
0.0 0.0 0.0
0.0 0.0 0.0
0.0 0.0 0.0
0.0 0.0 0.0
0.0 0.0 0.0
0.0 0.0 0.0
0.0 0.0 0.0
0.3866654336452484 0.0 0.6192031502723694
0.5935137271881104 0.11375732719898224 1.0789978504180908
0.46772193908691406 0.2701357305049896 1.4019479751586914
0.184542715549469 0.5038108229637146 1.8902337551116943
0.2002023607492447 0.4474990665912628 2.438253879547119
0.5144412517547607 0.17375142872333527 2.9778683185577393
0.7324915528297424 0.0 3.6263649463653564
0.9106211066246033 0.0 4.038033485412598
1.0345947742462158 0.0 4.0320305824279785
1.1997599601745605 0.0 3.84559965133667
1.4060018062591553 0.0 3.6083035469055176
1.3844726085662842 0.0 3.2979533672332764
1.1665443181991577 0.0 2.9037692546844482
0.9307646751403809 0.0 2.306091785430908
0.8425363302230835 0.34850138425827026 1.2884312868118286
0.485322505235672 0.585661768913269 0.03997546061873436
0.0 0.3939673900604248 0.0
0.0 0.10953621566295624 0.0
0.0 0.06784522533416748 0.0
0.0 0.1630852073431015 0.0
0.0 0.2766708731651306 0.0
0.0 0.4564025402069092 0.0
0.0 0.3953711688518524 0.0
0.0 0.0 0.0
0.0 0.0 0.0
0.0 0.0 0.0
0.0 0.0 0.0
0.0 0.0 0.0
0.0 0.0 0.0
0.0 0.0 0.0
0.27415308356285095 0.0 0.3204623758792877
0.4649493992328644 0.08411580324172974 1.122488021850586
0.30064037442207336 0.4728398621082306 1.5943024158477783
0.13450811803340912 0.6676279902458191 1.902017593383789
0.2650381624698639 0.4296438992023468 2.356584310531616
0.5392342805862427 0.0 3.025498151779175
0.9318054914474487 0.0 3.607106924057007
1.2564890384674072 0.0 3.7919559478759766
1.471375823020935 0.0 3.66186261177063
1.754997968673706 0.0 3.4536969661712646
1.9301841259002686 0.0 3.285616636276245
1.8049225807189941 0.0 2.985765218734741
1.5179611444473267 0.0 2.472710132598877
1.1355881690979004 0.0 1.5412615537643433
0.5691162943840027 0.2129475474357605 0.45197537541389465
0.0 0.44965437054634094 0.0
0.0 0.2775329351425171 0.0
0.0 0.0 0.0
0.0 0.0 0.0
0.0 0.06344673782587051 0.0
0.0 0.21220451593399048 0.0
0.0 0.1666354387998581 0.0
0.0 0.02522158995270729 0.0
0.0 0.0 0.0
0.0 0.0 0.0
0.0 0.0 0.0
0.0 0.0 0.0
0.0 0.0 0.0
0.0 0.0 0.0
0.0 0.0 0.0
0.053537894040346146 0.0 0.1018219143152237
0.2560018002986908 0.06839436292648315 0.8885252475738525
0.37343868613243103 0.24897505342960358 1.4340565204620361
0.37761396169662476 0.36743032932281494 1.8789016008377075
0.47760021686553955 0.4484202563762665 2.3416755199432373
0.7940884232521057 0.20764945447444916 2.875009536743164
1.1331684589385986 0.0 3.486365556716919
1.3461276292800903 0.0 3.837616205215454
1.4573025703430176 0.0 3.7169740200042725
1.5248826742172241 0.0 3.436943292617798
1.547277808189392 0.0 3.182969331741333
1.529213786125183 0.0 2.841559410095215
1.3784924745559692 0.0 2.0346577167510986
0.9326662421226501 0.0 0.7950560450553894
0.17368774116039276 0.0 0.0
0.0 0.034886736422777176 0.0
0.0 0.050418026745319366 0.0
0.0 0.06775493919849396 0.0
0.0 0.18603548407554626 0.0
0.0 0.21362930536270142 0.0
0.0 0.1489216685295105 0.0
0.0 0.06971606612205505 0.0
0.0 0.27140259742736816 0.0
0.0 0.39723002910614014 0.0
0.0 0.19337010383605957 0.0
0.0 0.0 0.0
0.0 0.022444162517786026 0.0
0.0 0.28535276651382446 0.0
0.0 0.3295862674713135 0.0
0.0 0.25214341282844543 0.0
0.2192452996969223 0.1586957424879074 0.0
0.503126323223114 0.031464558094739914 0.4069274961948395
0.5746510624885559 0.11370296776294708 0.8352348804473877
0.4982660114765167 0.3731673061847687 1.142987847328186
0.3880545496940613 0.6377377510070801 1.524133324623108
0.41521188616752625 0.6971323490142822 2.113239288330078
0.6097467541694641 0.6035187840461731 2.592416286468506
0.7323552370071411 0.5872948169708252 2.602134943008423
0.7576107382774353 0.705956757068634 2.1327128410339355
0.71599942445755 0.5170235633850098 1.7898236513137817
0.7302084565162659 0.0 1.8767116069793701
0.7877900004386902 0.0 2.063663959503174
0.6171987652778625 0.09582889825105667 1.8910980224609375
0.38698795437812805 0.44620367884635925 1.2863357067108154
0.25121310353279114 0.35098370909690857 0.6682525873184204
0.21764686703681946 0.0 0.33202582597732544
0.18858112394809723 0.0 0.21120353043079376
0.08461932092905045 0.0 0.06858113408088684
0.0 0.0 0.0
0.0 0.0 0.0
0.0 0.0 0.0
0.0 0.0 0.0
0.0 0.0 0.0
0.0 0.0 0.0
0.0 0.0 0.0
0.0 0.0 0.0
0.0 0.0 0.0
0.0 0.0 0.0
0.0 0.0 0.0
0.0 0.0 0.0
0.009036408737301826 0.0 0.0
0.08282807469367981 0.0 0.0
0.07500024884939194 0.011499636806547642 0.0019677458330988884
0.009107515215873718 0.03829396888613701 0.0
0.024069154635071754 0.038272131234407425 0.0
0.0760418102145195 0.0 0.0019230041652917862
0.06359818577766418 0.0 0.06360527873039246
0.0 0.0 0.23650036752223969
0.007316438015550375 0.0 0.0
0.2840697467327118 0.0 0.006046378053724766
0.23014099895954132 0.01412578858435154 0.06869298219680786
0.1182197853922844 0.0 0.0525643453001976
0.0662844181060791 0.0 0.016778118908405304
0.05322746932506561 0.0 0.033575206995010376
0.09526333957910538 0.0 0.0
0.21833866834640503 0.0 0.0
0.4258577823638916 0.0 0.0
0.4965015947818756 0.0 0.0
0.4631684124469757 0.0 0.0
0.32956212759017944 0.0349663570523262 0.0
0.09343001991510391 0.0 0.0
0.04642895236611366 0.0 0.0
0.17360873520374298 0.0 0.0
0.0811467170715332 0.2363671213388443 0.0
0.0 0.40064817667007446 0.1748923808336258
0.0 0.44012075662612915 0.19215713441371918
0.0 0.15344053506851196 0.0028095729649066925
0.0 0.0 0.0
0.028812941163778305 0.0 0.0
0.0 0.09294470399618149 0.0
0.0 0.10961529612541199 0.061503514647483826
0.0 0.024817315861582756 0.0
0.0 0.0 0.0
0.0 0.0 0.0
0.0 0.0 0.0
0.0 0.0 0.2125614732503891
0.272733211517334 0.0 0.5846569538116455
0.5734565854072571 0.0 0.7256423234939575
1.17164146900177 0.0 1.44917893409729
2.7788686752319336 0.0 2.5722055435180664
5.119424343109131 0.0 3.6309452056884766
7.033664703369141 0.0 4.696412086486816
8.089715003967285 0.0 5.039947509765625
7.8435235023498535 0.0 5.4232401847839355
7.862049579620361 0.0 5.1833086013793945
8.822427749633789 0.0 3.5723252296447754
9.429169654846191 0.0 1.562135934829712
9.19819164276123 0.0 0.0
6.849550724029541 0.17586249113082886 0.0
3.482820987701416 2.52984619140625 0.0
2.8325538635253906 1.2980053424835205 0.0
3.1875274181365967 0.0 0.0
2.27150559425354 0.7188805341720581 0.0
0.2463572472333908 2.740821599960327 0.0
0.0 3.1939587593078613 0.0
0.0 1.5486631393432617 0.0
0.0 1.0535202026367188 0.0
0.0 1.5130470991134644 0.0
0.0 0.8930286169052124 0.0
0.0 0.0 0.0
0.0 0.0 0.0
0.0 0.0 0.0
0.0 0.0 0.0
0.0 0.0 0.0
0.0 0.0 0.0
0.0 0.0 0.0
0.0 0.0 0.0
0.0 0.0 0.610151469707489
0.0 0.0 1.2338522672653198
0.0 0.0 1.4730291366577148
0.0 0.0 1.319923758506775
0.21771638095378876 0.0 0.8600438237190247
0.44014546275138855 0.0762099176645279 0.4149899482727051
0.7314451932907104 0.21056240797042847 0.44076988101005554
0.822323203086853 0.2117842584848404 0.6339784860610962
0.740817666053772 0.3556351661682129 0.589829683303833
0.6199138760566711 0.45894184708595276 0.3218778371810913
0.5620197057723999 0.31311169266700745 0.11677849292755127
0.5073764324188232 0.10169264674186707 0.10593248903751373
0.3696065843105316 0.11574028432369232 0.11742164194583893
0.1550535261631012 0.13420984148979187 0.12388487160205841
0.04962937533855438 0.0930624008178711 0.09492218494415283
0.1282608062028885 0.0 0.0022926507517695427
0.1769508421421051 0.0 0.0
0.1162443533539772 0.0 0.0
0.03477080166339874 0.0 0.0
0.0 0.0 0.036341164261102676
0.156899094581604 0.0 0.07960660755634308
0.23233819007873535 0.0 0.10149140655994415
0.08762602508068085 0.0 0.0758342444896698
0.0 0.0 0.011601731181144714
0.002615261124446988 0.0 0.0
0.20290707051753998 0.0 0.0
0.3054502308368683 0.0 0.0
0.24891211092472076 0.0 0.0
0.08786571025848389 0.029559332877397537 0.0
0.0 0.0532233826816082 0.0
0.02627345360815525 0.0 0.0
0.1035916730761528 0.0 0.012694958597421646
0.05750034749507904 0.0 0.03690575435757637
0.0 0.04792768880724907 0.0
0.0 0.0034899143502116203 0.0
0.0 0.0 0.0
0.0 0.0 0.0
0.025506729260087013 0.0 0.03444632515311241
0.023356493562459946 0.0 0.0343904010951519
0.0 0.00986791867762804 0.0
0.0 0.11228244006633759 0.0
0.0 0.13114045560359955 0.0
0.0 0.08179447799921036 0.019557718187570572
0.0 0.07748974859714508 0.04076926410198212
0.0 0.020383048802614212 0.0055265873670578
0.0 0.0 0.0
0.0 0.0 0.0020506298169493675
0.0048526739701628685 0.0 0.06837531924247742
0.06873125582933426 0.0 0.08616097271442413
0.0 0.0 0.05539347603917122
0.0 0.0 0.0
0.0 0.0 0.0
0.0 0.0 0.0
0.0533461757004261 0.0 0.022929280996322632
0.0 0.04885810241103172 0.01725008897483349
0.0 0.05015505850315094 0.0
0.0 0.0 0.0
0.013332445174455643 0.0 0.0
0.024768590927124023 0.02223527804017067 0.010048368945717812
0.021548297256231308 0.06048652529716492 0.01761840470135212
0.0 0.050188880413770676 0.0
0.0 0.010122953914105892 0.0
0.0 0.0 0.0
0.0 0.0 0.0
0.045064277946949005 0.0 0.0
0.15673567354679108 0.0 0.014963498339056969
0.5485415458679199 0.0 0.045327264815568924
1.6797794103622437 0.0 0.0
3.357635021209717 0.0 0.0
5.460840702056885 0.0 0.0
7.332270622253418 0.0 0.0
7.542585849761963 1.6488940715789795 0.0
6.351415157318115 3.96954607963562 0.0
5.039042949676514 5.3360443115234375 0.4587494730949402
4.292561054229736 4.948320388793945 0.760915994644165
3.538973808288574 3.96370792388916 0.6241354942321777
1.9994181394577026 3.4111826419830322 0.4947926998138428
0.4889748990535736 2.4468331336975098 0.1699722558259964
0.0 1.403494954109192 0.0
0.0 0.13213033974170685 0.0
0.0 0.0 0.0
0.0 0.0 0.0
0.0 0.0 0.0
0.0 0.0 0.0
0.0 0.0 0.0
0.0 0.0 0.0
0.0 0.0 0.0
0.0 0.0 0.0
0.0 0.0 0.0
0.0 0.0 0.0
0.0 0.0 0.0
0.0 0.0 0.0
0.0 0.0 0.288145512342453
0.6904191970825195 0.40081003308296204 0.20167478919029236
1.8156065940856934 0.8132324814796448 0.0
3.2250139713287354 1.4469016790390015 0.0
4.01647424697876 1.5758864879608154 0.0
4.27353572845459 1.8158591985702515 0.0
4.908077716827393 2.4525973796844482 0.0
4.863132953643799 2.983638286590576 0.0
4.262605667114258 3.1419622898101807 0.0
3.7779533863067627 2.588261842727661 0.4254937767982483
3.4645111560821533 1.5837090015411377 0.5558509826660156
3.058584690093994 0.5080033540725708 0.43079453706741333
1.941584587097168 0.0 0.414678156375885
0.3826051950454712 0.0 0.3589232861995697
0.0 0.0 0.26881763339042664
0.0 0.0 0.1475207507610321
0.0 0.0 0.0
0.0 0.0 0.0
0.0 0.0 0.0
0.0 0.0 0.1634720265865326
0.0 0.0 0.7500814199447632
0.0 0.0 0.8841822147369385
0.0 0.0 0.44964438676834106
0.0 0.0 0.06351479142904282
0.0 0.0 0.0
0.17860358953475952 1.5677130222320557 0.018731074407696724
1.25053071975708 1.1080865859985352 0.11768721789121628
1.9299465417861938 0.4471524953842163 0.0
2.7994027137756348 0.44476842880249023 0.0
4.073455333709717 0.8026227355003357 0.0
5.372803688049316 0.8565837144851685 0.0
5.850497722625732 1.4336323738098145 0.0
5.278862953186035 2.156256914138794 0.0
4.864077091217041 2.684114456176758 0.0
4.58790397644043 2.520604133605957 0.0
4.046411514282227 2.026923656463623 0.2842698097229004
2.9601473808288574 1.43783438205719 0.5952093005180359
1.90214204788208 0.7771314978599548 0.4275934100151062
0.7705084681510925 0.49350452423095703 0.10662683844566345
0.0 0.33252739906311035 0.030521422624588013
0.0 0.14206263422966003 0.0
0.0 0.0 0.0
0.0 0.0 0.0
0.0 0.0 0.0
0.0 0.0 0.0
0.0 0.0 0.0
0.0 0.0 0.0
0.0 0.0 0.09965948015451431
0.0 0.0 0.3505670726299286
0.0 0.0 0.4417761564254761
0.0 0.0 0.25015851855278015
0.0 0.0 0.05610807240009308
0.0 0.0 0.027748335152864456
0.0 0.0 0.008071836084127426
0.6862549781799316 0.0042684851214289665 0.0
1.7084153890609741 0.16301044821739197 0.0
2.507836103439331 0.6543269753456116 0.0
3.3525707721710205 1.0000505447387695 0.0
3.9271857738494873 1.1632746458053589 0.0
3.807283878326416 1.2511719465255737 0.0
3.9296793937683105 1.6809784173965454 0.0
3.904395341873169 1.7969671487808228 0.0
3.4396233558654785 1.6420451402664185 0.0
2.6290817260742188 1.2596354484558105 0.38086697459220886
2.006983518600464 1.047989010810852 0.4434073269367218
1.344017744064331 0.9841170907020569 0.24534937739372253
0.6538384556770325 0.9126647710800171 0.09827416390180588
0.0 0.5557093024253845 0.09784167259931564
0.0 0.200025737285614 0.07959715276956558
0.0 0.0 0.0
0.0 0.0 0.0
0.0 0.0 0.0
0.0 0.0 0.0
0.0 0.0 0.0
0.0 0.0 0.0
0.0 0.0 0.0
0.0 0.0 0.12733164429664612
0.0 0.0 0.32919979095458984
0.0 0.0 0.42270657420158386
0.0 0.0 0.3661530315876007
0.0 0.0 0.31332123279571533
0.0 0.0 0.38652992248535156
0.3621927499771118 0.1114596500992775 0.4239417612552643
1.5215805768966675 0.712574303150177 0.269745796918869
2.7158186435699463 0.8328202366828918 0.1837797462940216
3.676481008529663 0.7973839640617371 0.0597214475274086
4.289960861206055 0.6516086459159851 0.05576212704181671
4.30362606048584 0.4336824417114258 0.043440744280815125
4.116914749145508 0.44189882278442383 0.0
3.967414379119873 0.4177210330963135 0.0
3.5817861557006836 0.6408111453056335 0.0
2.9019150733947754 0.911622941493988 0.052354611456394196
2.0544931888580322 1.1300301551818848 0.08839863538742065
1.1347148418426514 1.103879451751709 0.1710013747215271
0.3402256667613983 0.8208943605422974 0.0692044347524643
0.0 0.5133927464485168 0.0
0.0 0.38491567969322205 0.0
0.0 0.3136284649372101 0.09000851213932037
0.0 0.4563211500644684 0.16994357109069824
0.0 0.3842672109603882 0.16527897119522095
0.0 0.0 0.18406516313552856
0.0 0.0 0.17366446554660797
0.0 0.0 0.15748202800750732
0.0 0.0 0.09501092880964279
0.0 0.0 0.09203138202428818
0.0 0.0 0.12333790957927704
0.0 0.0 0.260842502117157
0.0 0.0 0.3482391834259033
0.0 0.0950215607881546 0.44504642486572266
0.012649709358811378 0.3482159972190857 0.40946608781814575
0.9477154016494751 0.4645031988620758 0.09762029349803925
1.9548888206481934 0.331564337015152 0.0
2.835458755493164 0.16915331780910492 0.0
3.520874261856079 0.05487946420907974 0.0
4.053797721862793 0.22252492606639862 0.0
4.405407428741455 0.3658525347709656 0.0
4.35987663269043 0.6069956421852112 0.0
4.1220316886901855 0.7339597344398499 0.0
3.791642427444458 1.11052405834198 0.0
3.1252942085266113 1.2316381931304932 0.0
2.220304250717163 1.1440519094467163 0.0
1.3916523456573486 0.963411808013916 0.07162251323461533
0.6670195460319519 0.6701205372810364 0.12966904044151306
0.0 0.3535388708114624 0.14731433987617493
0.0 0.24866917729377747 0.1617622673511505
0.0 0.4373866319656372 0.21094605326652527
0.0 0.6305236220359802 0.18698160350322723
0.0 0.45141324400901794 0.08184479176998138
0.0 0.0 0.0
0.0 0.0 0.0
0.0 0.0 0.0
0.0 0.0 0.0
0.0 0.0 0.0
0.0 0.0 0.0
0.0 0.0 0.0
0.0 0.0 0.0
0.0 0.0 0.0
0.0 0.0 0.0
0.020155295729637146 0.0 0.0
0.12322176247835159 0.0 0.0
0.1421259343624115 0.2835022509098053 0.0
0.8723860383033752 0.5540211200714111 0.0
2.5548171997070312 0.6079964637756348 0.0
4.319241523742676 0.5581684708595276 0.0
4.932141304016113 0.6118249893188477 0.0
4.272716999053955 0.8748286962509155 0.0
3.2179744243621826 1.4226531982421875 0.0
2.5889229774475098 1.8420875072479248 0.0
2.2775580883026123 1.380472183227539 0.0
1.975106120109558 0.8597519993782043 0.19249273836612701
1.4299474954605103 0.3805060386657715 0.41411328315734863
0.7204782366752625 0.10533012449741364 0.4531403183937073
0.0 0.19117526710033417 0.367605984210968
0.0 0.4566546082496643 0.3446788191795349
0.0 0.6382174491882324 0.2823385000228882
0.0 0.5407814383506775 0.19727098941802979
0.0 0.10802949965000153 0.07761728763580322
0.0 0.0 0.0
0.0 0.0 0.0
0.0 0.0 0.0
0.0 0.0 0.0
0.0 0.0 0.15040335059165955
0.0 0.0 0.13081073760986328
0.0 0.0 0.0
0.0 0.0 0.0
0.0 0.0 0.0
0.0 0.0 0.0
0.2178097814321518 0.0 0.10552455484867096
0.2807652950286865 0.08040878921747208 0.2414139360189438
0.1662435233592987 0.24560043215751648 0.19379955530166626
0.14621655642986298 0.30775222182273865 0.07414958626031876
0.19639982283115387 0.3119125962257385 0.07252772152423859
0.2973911464214325 0.2510037124156952 0.10218361765146255
0.3972589075565338 0.18157589435577393 0.13607394695281982
0.34129151701927185 0.19851307570934296 0.18471232056617737
0.2241521030664444 0.2817158102989197 0.17206044495105743
0.09290087223052979 0.269621878862381 0.06387857347726822
0.011401219293475151 0.1414622962474823 0.0
0.03723015636205673 0.0 0.0
0.041100792586803436 0.0 0.0
0.0 0.0 0.0
0.0 0.0 0.0
0.0 0.0 0.0
0.0 0.0 0.0
0.0 0.0 0.0
0.0 0.0 0.0
0.0 0.0 0.0
0.03660457953810692 0.0 0.0
0.0439399890601635 0.0 0.007979357615113258
0.0 0.06371743232011795 0.021656818687915802
0.0 0.08714046329259872 0.03833406791090965
0.0 0.0 0.05876583606004715
0.05870481953024864 0.0 0.024127166718244553
0.0518418550491333 0.024460574612021446 0.0
0.02047993615269661 0.0 0.004505796357989311
0.038820330053567886 0.0 0.0
0.038024574518203735 0.0 0.0
0.0 0.0 0.0
0.0 0.0 0.007201714441180229
0.0 0.005310033448040485 0.025366535410284996
0.0 0.02444431185722351 0.017053745687007904
0.020660104230046272 0.02125544473528862 0.0
0.03148452192544937 0.0 0.0
0.03248240798711777 0.0 0.0
0.01740146055817604 0.0 0.0
0.0 0.0 0.004333422519266605
0.0 0.0 0.010728737339377403
0.0013884049840271473 0.0 0.0
0.0027037402614951134 0.04261026903986931 0.0
0.0 0.01805858500301838 0.014971153810620308
0.01294226385653019 0.0 0.011929556727409363
0.07614226639270782 0.0 0.0
0.08350324630737305 0.0 0.0
0.0 0.027593769133090973 0.019360309466719627
0.0 0.04364623874425888 0.014692053198814392
0.0 0.00970185175538063 0.0
0.016474679112434387 0.0 0.0
0.008846321143209934 0.0 0.0
0.0 0.0 0.013766072690486908
0.0 0.0 0.006487919017672539
0.013171294704079628 0.0 0.0
0.006741092540323734 0.0 0.0
0.0 0.014862792566418648 0.014992725104093552
0.0 0.014787957072257996 0.031090201810002327
0.014121243730187416 0.010592946782708168 0.005631446838378906
0.00046535348519682884 0.00963740423321724 0.0
0.0 0.0 0.0
0.0 0.0 0.0
0.0 0.013857448473572731 0.007362768054008484
0.0 0.005363030359148979 0.0
0.0 0.0 0.0
0.025074293836951256 0.0 0.0
0.004627075046300888 0.0 0.0
0.0 0.0 0.008408857509493828
0.0 0.0 0.008318843320012093
0.0 0.0 0.001991705037653446
0.0 0.0 0.0
0.022779447957873344 0.0 0.0
0.04856523871421814 0.0 0.0
0.0035759254824370146 0.0 0.0
0.01324639655649662 0.0 0.0
0.08829852938652039 0.0 0.0
0.10507724434137344 0.0 0.0
0.11237803846597672 0.0 0.0
0.10190249234437943 0.0 0.0
0.0 0.04473360627889633 0.0009474791586399078
0.0 0.0 0.10954826325178146
0.34335824847221375 0.0 0.6958436965942383
1.23996901512146 0.0 1.4565002918243408
2.574294328689575 0.0 1.9612221717834473
4.866171360015869 0.0 2.4150888919830322
7.367733478546143 0.0 2.910282850265503
8.306790351867676 0.0 4.006782531738281
9.212613105773926 0.0 4.995975971221924
10.021394729614258 0.0 4.469529628753662
9.790328979492188 0.0 2.100952386856079
8.789299011230469 0.0 0.0
7.477625370025635 1.1732473373413086 0.0
5.452284336090088 4.1076178550720215 0.0
3.530196189880371 5.259561538696289 0.0
2.8234221935272217 4.264801025390625 0.0
2.032069444656372 3.0081655979156494 0.0
0.5891035795211792 2.5056567192077637 0.0
0.0 2.3303587436676025 0.0
0.0 2.272291421890259 0.0
0.0 2.5448708534240723 0.0
0.0 2.8127224445343018 0.0
0.0 1.7822164297103882 0.0
0.0 0.0 0.0
0.0 0.0 0.0
0.0 0.0 0.0
0.0 0.0 0.0
0.0 0.0 0.0
0.0 0.0 0.0
0.0 0.0 0.0
0.0 0.0 0.0
0.0 0.0 0.0
0.0 0.0 0.7145770788192749
0.0 0.0 0.74879390001297
0.0 0.0 0.49374112486839294
0.0 0.0 0.5789960622787476
0.2512859106063843 0.0 0.9387353658676147
0.5095787048339844 0.0 1.0570350885391235
0.36951616406440735 0.0 0.8348566293716431
0.20599378645420074 0.2884029746055603 0.3834274113178253
0.3292992115020752 0.22607438266277313 0.21352651715278625
0.5068092942237854 0.0 0.3414168357849121
0.4840856194496155 0.0 0.37654393911361694
0.24168068170547485 0.1737499237060547 0.32038161158561707
0.16748154163360596 0.28710469603538513 0.18326342105865479
0.21703578531742096 0.1600639373064041 0.014552704058587551
0.25966182351112366 0.0 0.0
0.24692364037036896 0.0 0.0475066602230072
0.11516720801591873 0.0 0.10625758767127991
0.0 0.0 0.09782815724611282
0.0 0.0 0.001248084008693695
0.015864327549934387 0.0 0.0
0.11280951648950577 0.0 0.0
0.11653447896242142 0.0 0.0
0.10098656266927719 0.0 0.0
0.0 0.0171935074031353 0.0
0.0 0.0 0.02411697804927826
0.04142256826162338 0.0 0.028972987085580826
0.0746588185429573 0.0 0.004527032375335693
0.11114199459552765 0.0 0.0
0.08120566606521606 0.0 0.005994967184960842
0.0 0.08511503040790558 0.0
0.005555379204452038 0.014867503196001053 0.008765187114477158
0.07089204341173172 0.0 0.0
0.050033099949359894 0.018233206123113632 0.0
0.015271922573447227 0.0 0.0
0.05548219382762909 0.0 0.022965427488088608
0.06253770738840103 0.0 0.0
0.04628922790288925 0.0 0.0
0.11657483875751495 0.0 0.0
0.04946904256939888 0.035027630627155304 0.0
0.0 0.12229382991790771 0.028782039880752563
0.0 0.1042967140674591 0.01786014810204506
0.028128331527113914 0.0 0.0
0.08497510105371475 0.0 0.0
0.05529257655143738 0.0 0.0
0.0 0.10341973602771759 0.0
0.0 0.07781903445720673 0.0
0.008633460849523544 0.0 0.013989243656396866
0.025767173618078232 0.0 0.003370421938598156
0.0 0.0 0.0
0.0 0.046104252338409424 0.0
0.0 0.025758501142263412 0.0
0.04409105330705643 0.0 0.0
0.0660160556435585 0.0 0.03587643429636955
0.026384759694337845 0.014637140557169914 0.05918335169553757
0.0 0.014858448877930641 0.023485545068979263
0.0 0.0 0.0
0.05686543881893158 0.0 0.0
0.045099060982465744 0.0 0.0
0.0 0.03940533474087715 0.0021267253905534744
0.0 0.03079693391919136 0.02358008548617363
0.018257059156894684 0.0 0.01521909236907959
0.01750178635120392 0.0 0.0
0.0 0.0 0.0
0.0 0.0 0.0
0.0 0.00540555827319622 0.0
0.0 0.00543112400919199 0.0
0.0 0.0 0.0
0.0029151211492717266 0.0 0.0
0.04524873197078705 0.0 0.0
0.0 0.004521654918789864 0.0
0.0 0.04843984544277191 0.0
0.0 0.000623852014541626 0.0
0.0 0.0 0.0
0.0 0.0 0.0
0.0009539786260575056 0.0 0.2206813097000122
0.08618791401386261 0.0 0.7829529047012329
0.32440313696861267 0.0 1.5863375663757324
0.8659734129905701 0.0 2.540541410446167
1.145546793937683 0.0 3.592484951019287
1.3346914052963257 0.0 4.413978576660156
1.5179898738861084 0.0 4.862462520599365
1.7614437341690063 0.0 5.052775859832764
2.0131499767303467 0.0 5.1837158203125
2.296661138534546 0.0 5.419222354888916
2.349883556365967 0.0 5.2526469230651855
2.216280937194824 0.6604571342468262 4.447222709655762
1.8361542224884033 1.419027328491211 2.8038828372955322
1.2257415056228638 1.4967644214630127 0.8259261846542358
0.2969267964363098 0.9693379998207092 0.0
0.0 0.38234663009643555 0.0
0.0 0.03578442707657814 0.0
0.0 0.0 0.0
0.0 0.0 0.0
0.0 0.0 0.0
0.0 0.12831062078475952 0.0
0.0 0.27904582023620605 0.0
0.0 0.0 0.0
0.0 0.0 0.0
0.0 0.0 0.0
0.0 0.0 0.0
0.0 0.0 0.0
0.0 0.0 0.0
0.0 0.039126425981521606 0.06640037894248962
0.0 0.13681650161743164 1.0235991477966309
0.34986138343811035 0.0 2.0159804821014404
0.7866602540016174 0.0 3.0810656547546387
1.0871140956878662 0.0 3.950117349624634
1.346334457397461 0.0 4.674488544464111
1.5255711078643799 0.0 5.086254596710205
1.6795824766159058 0.0 5.475671768188477
1.809956431388855 0.0 5.69332218170166
1.7175860404968262 0.0 5.68031120300293
1.6352554559707642 0.0 5.432734966278076
1.8408876657485962 0.5687364935874939 4.719869136810303
1.8455733060836792 0.9203746914863586 3.3739094734191895
1.5465703010559082 0.7106936573982239 1.8970354795455933
1.0191386938095093 0.15918946266174316 0.6859871745109558
0.14248500764369965 0.0 0.0
0.0 0.0 0.0
0.0 0.0 0.0
0.0 0.0 0.0
0.0 0.0 0.0
0.0 0.0 0.0
0.0 0.0 0.0
0.0 0.1258525848388672 0.0
0.0 0.1321680098772049 0.0
0.0 0.0 0.0
0.0 0.0 0.0
0.0 0.0 0.0
0.0 0.0 0.0
0.0 0.0 0.0
0.06452620029449463 0.0 0.0
0.18189170956611633 0.03602895885705948 0.5105671882629395
0.44053125381469727 0.3378615081310272 1.2512670755386353
0.8571047782897949 0.4789334237575531 1.9695205688476562
1.2208689451217651 0.382970929145813 2.702502965927124
1.5014764070510864 0.10192754864692688 3.503495216369629
1.5856516361236572 0.0 4.216214656829834
1.5788763761520386 0.0 4.881758689880371
1.8699166774749756 0.0 5.312674522399902
2.215392589569092 0.0 5.540218353271484
2.3148536682128906 0.0 5.5384063720703125
2.337939977645874 0.0 5.160484790802002
2.297945261001587 0.0 4.500329494476318
2.108914852142334 0.47666892409324646 3.333437204360962
1.6075290441513062 0.6613418459892273 1.981881022453308
0.8471480011940002 0.5830212235450745 0.8704614639282227
0.18065573275089264 0.370232492685318 0.0
0.0 0.0 0.0
0.0 0.0 0.0
0.0 0.0 0.0
0.0 0.0 0.0
0.0 0.0 0.0
0.0 0.0474667027592659 0.0
0.0 0.3343464136123657 0.0
0.0 0.45754504203796387 0.0
0.0 0.4366719722747803 0.0
0.0 0.28662335872650146 0.0
0.0 0.0 0.0
0.0 0.0 0.0
0.0 0.0 0.0
0.0 0.0 0.0
0.0 0.0 0.0
0.08307032287120819 0.05377466604113579 0.36648324131965637
0.3673236072063446 0.11927857249975204 1.176113486289978
0.6237298250198364 0.08810867369174957 1.9808789491653442
0.7560977339744568 0.04965608939528465 2.807884693145752
0.9971348643302917 0.0 3.529799699783325
1.356444001197815 0.0 4.134706974029541
1.7452259063720703 0.0 4.573304176330566
2.0376436710357666 0.0 4.754013538360596
2.159165382385254 0.0 4.761495113372803
2.1594326496124268 0.0 4.573436737060547
2.089005470275879 0.0 4.121303081512451
1.7807888984680176 0.04366709291934967 3.3148694038391113
1.3417534828186035 0.1609354019165039 2.3269450664520264
0.8981805443763733 0.12829434871673584 1.3427627086639404
0.474986732006073 0.19513782858848572 0.46807458996772766
0.10075133293867111 0.17006418108940125 0.0
0.0 0.0 0.0
0.0 0.0 0.0
0.0 0.0 0.0
0.0 0.0 0.0
0.0 0.043028198182582855 0.0
0.0 0.2554728090763092 0.0
0.0 0.25494152307510376 0.0
0.0 0.16230586171150208 0.0
0.0 0.15609297156333923 0.0
0.0 0.02019079402089119 0.0
0.0 0.0 0.0
0.0 0.0 0.0
0.0 0.0 0.0
0.0 0.0 0.0
0.0 0.0 0.0
0.0 0.31084632873535156 0.2385529726743698
0.2400895208120346 0.3950884938240051 1.1351420879364014
0.5879521369934082 0.3579142391681671 2.075409412384033
0.8407761454582214 0.18383723497390747 3.0003955364227295
1.206920862197876 0.07906769216060638 3.8124287128448486
1.6814417839050293 0.0 4.251585960388184
2.013268232345581 0.0 4.444535732269287
2.1691017150878906 0.0 4.539943695068359
2.2694389820098877 0.0 4.443946838378906
2.208515167236328 0.0 4.151957035064697
1.9535223245620728 0.0 3.824502944946289
1.6516849994659424 0.0 3.609159469604492
1.5615577697753906 0.09146923571825027 3.1568603515625
1.3412309885025024 0.35318073630332947 2.093601703643799
0.7551102042198181 0.3249616026878357 0.855887234210968
0.17980141937732697 0.19890302419662476 0.0
0.0 0.09238696098327637 0.0
0.0 0.0 0.0
0.0 0.0 0.0
0.0 0.0 0.0
0.0 0.0 0.0
0.0 0.0 0.0
0.0 0.0 0.0
0.0 0.17387810349464417 0.0
0.0 0.42313531041145325 0.0
0.0 0.3483161926269531 0.0
0.0 0.0 0.0
0.0 0.0 0.0
0.0 0.0 0.0
0.0 0.0 0.0
0.0 0.2834782600402832 0.0
0.0 0.19986937940120697 0.0
0.15383203327655792 0.0 0.6132276058197021
0.5958808064460754 0.0 1.6160625219345093
0.7006125450134277 0.0 2.3612568378448486
0.5938879251480103 0.3957299590110779 2.7539713382720947
0.6033533811569214 0.6534669399261475 2.9108753204345703
0.9388970136642456 0.4354230463504791 3.0449233055114746
1.3337700366973877 0.0 3.2691421508789062
1.4214788675308228 0.0 3.4372761249542236
1.2544304132461548 0.2803221344947815 2.848865509033203
0.9138134717941284 0.4701291024684906 1.7446447610855103
0.467617928981781 0.09852277487516403 1.2796072959899902
0.31557753682136536 0.0 1.4776588678359985
0.46589699387550354 0.0 1.484304428100586
0.49612173438072205 0.0 0.7600935101509094
0.1673867255449295 0.13171616196632385 0.0
0.0 0.09132984280586243 0.0
0.0 0.0 0.0
0.0 0.0 0.0
0.0 0.0 0.0
0.0 0.0 0.0
0.0 0.0 0.0
0.0 0.0 0.0
0.0 0.0 0.0
0.0 0.0 0.0
0.0 0.0 0.0
0.03875738009810448 0.0 0.0
0.03852755203843117 0.0 0.0
0.03970040753483772 0.0 0.0
0.03450005128979683 0.0 0.0
0.1142156571149826 0.0 0.10760760307312012
0.14898695051670074 0.0 0.1539468765258789
0.13564610481262207 0.0 0.10801107436418533
0.03125206008553505 0.017008479684591293 0.00048328377306461334
0.0 0.054862916469573975 0.0
0.0 0.011410782113671303 0.0
0.0011665960773825645 0.0 0.0
0.03763272985816002 0.0 0.0
0.018268350511789322 0.0 0.003244982101023197
0.0 0.056734055280685425 0.0
0.0 0.05487969517707825 0.0
0.0 0.0 0.0
0.03371468558907509 0.0 0.0
0.03090505115687847 0.0 0.018292907625436783
0.04245997592806816 0.0 0.04530881345272064
0.011834420263767242 0.008469851687550545 0.019491329789161682
0.0 0.019501464441418648 0.0
0.0 0.0 0.0
0.0 0.0 0.0
0.08644761145114899 0.0 0.0014815060421824455
0.04513480141758919 0.0 0.0
0.0 0.047165192663669586 0.0
0.0 0.0 0.0
0.043302811682224274 0.0 0.0
0.02709347940981388 0.0 0.0
0.0 0.0012616198509931564 0.0
0.0 0.0 0.0
0.021466219797730446 0.0 0.0
0.059549424797296524 0.0 0.0
0.13210752606391907 0.0 0.0
0.24521756172180176 0.0 0.12898486852645874
0.44173139333724976 0.0 0.4179823100566864
0.9683480858802795 0.0 0.7959804534912109
2.5887715816497803 0.0 1.4105576276779175
4.848102569580078 0.0 3.013558864593506
6.281500339508057 0.0 4.670838356018066
6.639677047729492 0.0 5.137399196624756
6.742722034454346 0.0 4.6241021156311035
6.552986145019531 0.0 3.2727208137512207
6.7330803871154785 0.0 1.729800820350647
7.807565212249756 0.0 0.5100866556167603
8.545113563537598 0.0 0.0
8.386249542236328 0.0 0.0
6.900047302246094 0.0 0.0
4.106473922729492 1.9605093002319336 0.0
2.0865304470062256 2.4915201663970947 0.0
0.8118298649787903 0.9975840449333191 0.0
0.0 0.0 0.0
0.0 0.0 0.0
0.0 0.0 0.0
0.0 0.0 0.0
0.0 1.2669718265533447 0.0
0.0 2.116063117980957 0.0
0.0 1.3869699239730835 0.0
0.0 0.0 0.0
0.0 0.0 0.0
0.0 0.0 0.0
0.0 0.0 0.0
0.0 0.0 0.0
0.0 0.0 0.0
0.0 0.0 0.0
0.0 0.0 0.0
0.0 0.0 0.0
0.0 0.0 0.5061193704605103
0.0 0.0 0.9911127090454102
0.006766370497643948 0.0 1.1094741821289062
0.25822868943214417 0.08127522468566895 0.8800455331802368
0.48443809151649475 0.15744979679584503 0.5823557376861572
0.6922488212585449 0.11482271552085876 0.5009647607803345
0.6778948903083801 0.09806610643863678 0.44094136357307434
0.5504021644592285 0.08790215104818344 0.38301417231559753
0.4471679627895355 0.03295767307281494 0.34655043482780457
0.4924046993255615 0.0 0.29003387689590454
0.4550628960132599 0.0 0.18497775495052338
0.2637256979942322 0.0 0.11152245849370956
0.16006293892860413 0.0 0.10579399764537811
0.15099380910396576 0.0 0.1307603269815445
0.13541005551815033 0.0 0.08456780761480331
0.036847539246082306 0.0 0.04465287923812866
0.0 0.0 0.047308582812547684
0.0 0.0 0.11844880133867264
0.16424331068992615 0.0 0.12420708686113358
0.17936047911643982 0.0 0.09853608161211014
0.12355925887823105 0.0 0.030824147164821625
0.10046245902776718 0.0 0.0
0.04946106672286987 0.0 0.0
0.026802625507116318 0.0 0.013147949241101742
0.06040426343679428 0.0 0.05816256254911423
0.14790748059749603 0.0 0.04047171398997307
0.1414293348789215 0.0 0.0
0.0 0.03757985681295395 0.0
0.0 0.30116862058639526 0.02815006673336029
0.0 0.5419615507125854 0.12596823275089264
0.20779557526111603 0.4314906895160675 0.22793641686439514
0.08661641925573349 0.10212396085262299 0.23527315258979797
0.0 0.0 0.13317181169986725
0.0 0.0 0.206992506980896
0.0 0.0 0.39654913544654846
0.0 0.06402584910392761 0.38521870970726013
0.0 0.25181013345718384 0.22942431271076202
0.0 0.356472909450531 0.31865859031677246
0.0 0.2208854854106903 0.17947806417942047
0.0 0.0 0.004507589153945446
0.0 0.0 0.0
0.0 0.20242471992969513 0.0
0.07768284529447556 0.3273714780807495 0.0
0.031594716012477875 0.1860702484846115 0.0
0.0 0.07274316996335983 0.0
0.06896791607141495 0.0 0.0
0.030741441994905472 0.10327178239822388 0.0
0.0 0.22983211278915405 0.0
0.06958363950252533 0.1773366779088974 0.03343511000275612
0.1279207170009613 0.020894885063171387 0.045262210071086884
0.07279381901025772 0.030701709911227226 0.010557225905358791
0.0 0.007874158211052418 0.0
0.0 0.10907907038927078 0.0
0.0 0.22261707484722137 0.0
0.03950505331158638 0.10930923372507095 0.0425286740064621
0.15346091985702515 0.0 0.03662577643990517
0.1265677809715271 0.0 0.0
0.004838154651224613 0.007967970333993435 0.0
0.012797543779015541 0.12462002038955688 0.0
0.16393086314201355 0.0855272114276886 0.08215384930372238
0.20282047986984253 0.045916683971881866 0.13476139307022095
0.06285405158996582 0.0 0.03593495115637779
0.0 0.022677142173051834 0.0
0.0 0.035331420600414276 0.0
0.006491445004940033 0.11790032684803009 0.03688516840338707
0.03829118609428406 0.2803281247615814 0.08259859681129456
0.0 0.2759389877319336 0.0
0.0 0.0 0.0
0.0 0.0 0.04590662568807602
0.001148611307144165 0.0 0.1240466982126236
0.0 0.183041512966156 0.2768149673938751
0.5387923717498779 0.1734730452299118 0.0
1.0500152111053467 0.0 0.0
