0.0 0.46423855423927307 0.05449069291353226
0.0 0.5023747682571411 0.07102173566818237
0.07823184877634048 0.471152126789093 0.09908559173345566
0.19966641068458557 0.3911382555961609 0.10965408384799957
0.22413846850395203 0.29968371987342834 0.10319218784570694
0.15114574134349823 0.20231002569198608 0.025228679180145264
0.0 0.11564171314239502 0.0
0.0 0.04808024317026138 0.0
0.0 0.1568131148815155 0.0
0.0 0.293661504983902 0.0
0.0 0.25320249795913696 0.006090405397117138
0.0 0.16495385766029358 0.0
0.0 0.043576303869485855 0.0
0.0 0.0 0.0
0.0 0.0 0.0
0.0 0.0 0.0
0.0 0.0 0.0
0.0 0.030576348304748535 0.004377992823719978
0.018678508698940277 0.0 0.006127689965069294
0.08938117325305939 0.0 0.0
0.11414936929941177 0.0 0.0
0.011181976646184921 0.0 0.0
0.0 0.0 0.0
0.0 0.03344564139842987 0.0
0.0 0.052487775683403015 0.0
0.0 0.0 0.0
0.0114727932959795 0.0 0.0
0.06239376217126846 0.0 0.005392391234636307
0.03613126650452614 0.0 0.07142014056444168
0.09990864992141724 0.0 0.09335393458604813
0.1790735125541687 0.0 0.07164091616868973
0.2260785698890686 0.0 0.05365952104330063
0.2009548395872116 0.0 0.0
0.1153898686170578 0.0 0.0
0.03763648495078087 0.06252789497375488 0.0
0.0010885954834520817 0.0529402457177639 0.0
0.0 0.00834721140563488 0.0
0.0 0.04128172621130943 0.0
0.034733373671770096 0.06650105863809586 0.012942452915012836
0.12426378577947617 0.08859597891569138 0.02779649943113327
0.16669194400310516 0.09904222935438156 0.054962076246738434
0.16652975976467133 0.05648091435432434 0.06443733721971512
0.18667550384998322 0.0 0.06326687335968018
0.19972701370716095 0.0 0.018030434846878052
0.12469645589590073 0.0 0.0
0.015377957373857498 0.0 0.0
0.0 0.021133091300725937 0.0
0.038470491766929626 0.0 0.0
0.07756783068180084 0.0 0.0
0.08177216351032257 0.0 0.0
0.051107726991176605 0.03888758644461632 0.0
0.019760454073548317 0.09193029999732971 0.021416913717985153
0.06437559425830841 0.006762141361832619 0.029064711183309555
0.08185205608606339 0.0 0.0
0.0 0.09992244839668274 0.0
0.0 0.11073967814445496 0.0
0.0 0.10543332993984222 0.0
0.0 0.11378446221351624 0.0
0.0 0.13280156254768372 0.0
0.0 0.15611301362514496 0.0
0.0 0.1591322422027588 0.0
0.09252813458442688 0.09610986709594727 0.0029276488348841667
0.20214304327964783 0.05646658316254616 0.027397040277719498
0.22112125158309937 0.03403051570057869 0.04674357548356056
0.15281064808368683 0.0 0.039479535073041916
0.061945993453264236 0.0 0.04259756579995155
0.0 0.0 0.0
0.0 0.0 0.0
0.0 0.0 0.023762624710798264
0.0 0.0 0.05809849500656128
0.0 0.0 0.07992655783891678
0.0 0.0 0.017507389187812805
0.0 0.0 0.0008522477000951767
0.0 0.0 0.0
0.0 0.0 0.0
0.0 0.0032017622143030167 0.0
0.0 0.0 0.0
0.029737722128629684 0.0 0.0
0.0744793638586998 0.0 0.0
0.0532933808863163 0.03677703067660332 0.0
0.03807421401143074 0.11958350241184235 0.008869693614542484
0.028099345043301582 0.09077821671962738 0.04072616249322891
0.01285887323319912 0.014194492250680923 0.058487050235271454
0.01165778748691082 0.0 0.06582912057638168
0.04890848696231842 0.004473954439163208 0.08018195629119873
0.09891439229249954 0.06488457322120667 0.10438023507595062
0.13314852118492126 0.07122315466403961 0.09726453572511673
0.12172197550535202 0.024608515202999115 0.05960824340581894
0.054771702736616135 0.0 0.0235101580619812
0.0 0.0 0.0
0.0 0.0 0.0
0.0 0.0 0.0
0.0 0.0 0.0
0.0 0.0 0.0
0.0 0.0 0.013805927708745003
0.0 0.0 0.07735161483287811
0.0 0.0 0.10437524318695068
0.0 0.0 0.09620706737041473
0.0 0.0024906285107135773 0.09003785252571106
0.0 0.0 0.07316432893276215
0.0 0.008996730670332909 0.04539687559008598
0.0014862418174743652 0.04943603277206421 0.02750762552022934
0.022724684327840805 0.05998081713914871 0.03950543329119682
0.04274739325046539 0.0587853267788887 0.06427283585071564
0.05525040626525879 0.06077417731285095 0.09431701898574829
0.011027015745639801 0.0 0.12670691311359406
0.0 0.0 0.11515812575817108
0.0 0.028036203235387802 0.09206557273864746
0.0554480105638504 0.13416236639022827 0.08601035177707672
0.1667388528585434 0.10749027878046036 0.05284946784377098
0.15343210101127625 0.012095585465431213 0.0
0.02613033540546894 0.0 0.0
0.0 0.04813401401042938 0.0
0.0 0.09812793880701065 0.0
0.0 0.016067422926425934 0.0
0.0 0.0 0.0
0.0 0.0 0.0
0.0 0.0 0.0
0.0 0.0 0.0
0.006899649277329445 0.0 0.005892343819141388
0.07417349517345428 0.0 0.0001092907041311264
0.06823224574327469 0.0 0.0
0.032590631395578384 0.0 0.0
0.03194854408502579 0.0 0.0
0.02926407754421234 0.009800739586353302 0.0
0.0 0.03541848435997963 0.0
0.0 0.05667317658662796 0.0
0.0 0.09371987730264664 0.0
0.03968849033117294 0.2593882083892822 0.0
0.01836695522069931 0.36211323738098145 0.0
0.0 0.2364187091588974 0.09165465831756592
0.0 0.14276890456676483 0.12431485950946808
0.005993908271193504 0.10118737816810608 0.11639063060283661
0.07561533153057098 0.07670467346906662 0.08816218376159668
0.09637226909399033 0.15015624463558197 0.05228487774729729
0.07168423384428024 0.3141776919364929 0.0
0.0 0.39971813559532166 0.0
0.0 0.16636770963668823 0.0
0.12306033819913864 0.0067775193601846695 0.0
0.1502181887626648 0.0 0.0
0.07399213314056396 0.0 0.0
0.001682516885921359 0.0 0.0
0.002419946249574423 0.0 0.0
0.037013523280620575 0.0 0.0
0.07743231952190399 0.0 0.0013782717287540436
0.06027171015739441 0.0 0.006479557603597641
0.027919894084334373 0.0 0.034907735884189606
0.0 0.0 0.079978808760643
0.0 0.0 0.15116643905639648
0.0 0.0 0.27336984872817993
0.0 0.0 0.41763967275619507
0.0 0.0 0.5373460650444031
0.0 0.0 0.7803909778594971
0.0 0.0 1.1786500215530396
0.03109917603433132 0.0 1.5704526901245117
0.10937081277370453 0.0 1.6516220569610596
0.01990298181772232 0.0946619063615799 1.5736939907073975
0.0 0.3940499424934387 1.4613666534423828
0.0 0.4866861402988434 1.4389375448226929
0.0 0.4315800070762634 1.3456299304962158
0.0 0.5844670534133911 0.8847285509109497
0.0 1.2213833332061768 0.044352103024721146
0.0 1.683676838874817 0.0
0.0 1.4730051755905151 0.0
0.0 1.0077204704284668 0.0
0.0 0.5824742317199707 0.0
0.0 0.1990375816822052 0.0
0.0 0.043347325176000595 0.0
0.0 0.004281680099666119 0.0
0.0 0.0 0.0
0.0 0.0 0.0
0.0 0.0 0.0
0.0 0.0 0.0
0.0 0.0 0.0
0.0 0.0 0.0
0.0 0.0 0.0
0.0 0.0 0.0
0.0 0.0 0.0
0.0 0.0 0.0
0.0 0.0 0.0
0.0 0.0 0.0
0.0 0.0 0.0
0.0 0.0 0.0
0.10425594449043274 0.0 0.0
0.2839308977127075 0.0 0.0
0.4038708806037903 0.0 0.0
0.42272844910621643 0.0 0.0
0.4363715648651123 0.0 0.0
0.4921663999557495 0.0 0.0
0.5174834728240967 0.0 0.0
0.4938811957836151 0.0 0.025650586932897568
0.4003336727619171 0.0 0.10398826748132706
0.25484520196914673 0.0 0.15635427832603455
0.14264504611492157 0.0 0.19968000054359436
0.14105939865112305 0.1089191883802414 0.2673325538635254
0.18828044831752777 0.12128131091594696 0.3479680120944977
0.19259849190711975 0.14852465689182281 0.4517260789871216
0.17901183664798737 0.20245446264743805 0.5361621379852295
0.12153976410627365 0.3333190083503723 0.5402855277061462
0.024542905390262604 0.4950612783432007 0.5526607036590576
0.04075542837381363 0.6115924119949341 0.6546903848648071
0.1873541921377182 0.597241997718811 0.7191388607025146
0.19053533673286438 0.4733024835586548 0.5980492234230042
0.09228812903165817 0.49550843238830566 0.39843302965164185
0.23128169775009155 0.2806941568851471 0.3414360582828522
0.47312840819358826 0.0 0.257841557264328
0.8666275143623352 0.0 0.1914236694574356
0.5657219886779785 0.0 0.004185863770544529
0.0 0.25175783038139343 0.0
0.0 0.8068737983703613 0.0
0.0 0.6072826385498047 0.0
0.13526037335395813 0.0 0.0
0.28226789832115173 0.0 0.0
0.26031067967414856 0.0 0.0
0.05828888341784477 0.0 0.0
0.0 0.0 0.0
0.0 0.0 0.0
0.0 0.0 0.0
0.0 0.0 0.0
0.023640360683202744 0.0 0.0
0.100555919110775 0.0 0.0
0.04430196061730385 0.0 0.0
0.0 0.0 0.07232364267110825
0.0 0.0 0.0
0.0 0.0 0.0
0.0 0.38487008213996887 0.2368531972169876
0.0 0.782776951789856 0.32060959935188293
0.0 1.0949071645736694 0.32902440428733826
0.0 0.9495978951454163 0.2566189169883728
0.0 0.38796892762184143 0.09895125776529312
0.0 0.0 0.009535888209939003
0.0 0.0 0.0
0.0 0.16665466129779816 0.0
0.0 0.11738510429859161 0.09444358944892883
0.0 0.0 0.0
0.0 0.0 0.0
0.0 0.0 0.0
0.038566578179597855 0.0 0.0
0.012875329703092575 0.35810956358909607 0.0
0.0 0.686535120010376 0.0
0.0 0.46485811471939087 0.0
0.0 0.0 0.0
0.0 0.039484720677137375 0.0
0.12023312598466873 0.26866835355758667 0.0
0.22439175844192505 0.12698687613010406 0.0
0.15810221433639526 0.0 0.14199893176555634
0.061783935874700546 0.0 0.2298547625541687
0.38166582584381104 0.0 0.2412291318178177
0.1353582888841629 0.0 0.13995923101902008
0.0 0.07218833267688751 0.2554788887500763
0.0 0.13418327271938324 0.43857866525650024
0.05307353287935257 0.2211756855249405 0.43454423546791077
0.18300490081310272 0.3742208778858185 0.37971746921539307
0.0 0.45359745621681213 0.29049625992774963
0.0 0.6067036390304565 0.16820044815540314
0.0 0.7212398052215576 0.08500196039676666
0.0 0.7659494876861572 0.1456538587808609
0.0 0.49795377254486084 0.22592446208000183
0.9435049295425415 0.7075700759887695 0.0
0.4453582465648651 0.4195106029510498 0.0
0.0 0.5188336968421936 0.0
0.0 0.3664889335632324 0.0
0.0 0.21433775126934052 0.0
0.0 0.13502056896686554 0.0
0.0 0.0 0.0
0.0 0.0 0.0
0.0 0.0 0.0
0.0 0.0 0.0
0.0 0.0 0.0
0.0 0.0 0.0
0.0 0.0 0.0
0.0 0.0 0.0
0.0 0.0 0.0
0.0 0.0 0.0
0.0 0.0 0.0
0.07358147203922272 0.0 0.0
0.16465093195438385 0.0 0.0
0.2530236840248108 0.0 0.0
0.33534011244773865 0.0 0.0
0.3717210292816162 0.0 0.0
0.37003472447395325 0.0 0.0
0.35930564999580383 0.0 0.0
0.3963265120983124 0.0 0.0
0.4539751708507538 0.0 0.0
0.45575547218322754 0.0 0.0
0.34242919087409973 0.0 0.0
0.11078502982854843 0.0 0.06006332114338875
0.0 0.016796179115772247 0.270519882440567
0.0 0.141898974776268 0.3827265799045563
0.0 0.22397680580615997 0.3116798400878906
0.01957443170249462 0.1868097186088562 0.26103103160858154
0.06047632172703743 0.05152086913585663 0.3112119138240814
0.020485764369368553 0.0 0.3479345142841339
0.0010451879352331161 0.028020765632390976 0.378915935754776
0.0 0.147889643907547 0.45191237330436707
0.029496535658836365 0.261199414730072 0.5540914535522461
0.07943400740623474 0.3647569715976715 0.6959437131881714
0.07912641018629074 0.3504387438297272 0.8283653855323792
0.0744783952832222 0.25042879581451416 0.8504294157028198
0.04574102163314819 0.3061589002609253 0.7466963529586792
0.0 0.5204051733016968 0.6366438865661621
0.0 0.7737777829170227 0.6000946760177612
0.0 0.8528041839599609 0.5681801438331604
0.0 0.81633460521698 0.441716730594635
0.0 0.7684778571128845 0.21514591574668884
0.0 0.7063862681388855 0.05454211309552193
0.0 0.523526668548584 0.018309809267520905
0.0 0.3843780755996704 0.0
0.0 0.19938185811042786 0.0
0.0 0.014373661018908024 0.0
0.0 0.0 0.0
0.0 0.0 0.0
0.020828479900956154 0.0 0.0
0.06529688090085983 0.0 0.0
0.0 0.0 0.0
0.0 0.0 0.0
0.0 0.0 0.0
0.0 0.0 0.0
0.042669329792261124 0.0 0.0
0.1449221968650818 0.0 0.0
0.21740704774856567 0.0 0.0
0.15883907675743103 0.0 0.0
0.054523058235645294 0.0 0.0
0.04257132485508919 0.0 0.0
0.0792720839381218 0.0 0.0
0.12390559911727905 0.0 0.0
0.17630141973495483 0.0 0.0
0.224201038479805 0.0 0.0
0.27738305926322937 0.0 0.0
0.33085933327674866 0.0 0.0
0.3510740399360657 0.0 0.0
0.31887349486351013 0.0 0.0
0.25668177008628845 0.0 0.0
0.20820502936840057 0.0 0.0420665368437767
0.1589229702949524 0.01398643758147955 0.07063586264848709
0.08742561936378479 0.06513164192438126 0.07756567746400833
0.05746079236268997 0.08109836280345917 0.08800127357244492
0.04013826325535774 0.02472643554210663 0.10367024689912796
0.028431804850697517 0.002448026090860367 0.09707120060920715
0.0 0.05151064321398735 0.07442554086446762
0.0 0.07922589033842087 0.0710020512342453
0.0 0.042038578540086746 0.06657614558935165
0.0 0.005853942595422268 0.05931130424141884
0.019243301823735237 0.0 0.05310218781232834
0.008684400469064713 0.0 0.04232064634561539
0.00238975347019732 0.03884274512529373 0.04030729830265045
0.0 0.07826391607522964 0.03162352740764618
0.0 0.0889517143368721 0.010411450639367104
0.030848026275634766 0.08473780006170273 0.0
0.04375477135181427 0.03587199002504349 0.0
0.0 0.04140444099903107 0.0
0.0 0.1319923996925354 0.0
0.0 0.3248015344142914 0.0
0.0 0.43429845571517944 0.0
0.0 0.34058529138565063 0.0
0.0 0.1564900279045105 0.0
0.0 0.0 0.0
0.03317616134881973 0.0 0.0
0.060868777334690094 0.0 0.0
0.10835320502519608 0.0 0.0
0.3760640025138855 0.0 0.07051074504852295
0.9835827350616455 0.0 0.24287904798984528
1.573157548904419 0.0 0.35980939865112305
1.9031051397323608 0.0 0.5706433653831482
2.7400898933410645 0.0 1.1718170642852783
3.950212240219116 0.0 2.090045213699341
5.078031063079834 0.0 2.822873592376709
6.241763591766357 0.0 3.618593692779541
6.904689311981201 0.0 4.31276798248291
6.885762691497803 0.0 5.39730978012085
6.663376808166504 0.0 6.652878284454346
6.598995208740234 0.0 7.551426887512207
6.654871463775635 0.0 7.885477542877197
7.458706855773926 0.0 7.081515789031982
7.7222514152526855 0.0 5.99460506439209
6.634597301483154 0.0 4.754575729370117
5.336900234222412 2.2776119709014893 3.2587924003601074
4.535998344421387 3.947622060775757 1.4667764902114868
3.199984073638916 4.192305088043213 0.0
2.55806827545166 3.297830104827881 0.0
2.969870090484619 2.1098225116729736 0.0
3.728078603744507 1.9543253183364868 0.0
3.9047391414642334 2.4646036624908447 0.0
3.7360939979553223 2.545910120010376 0.0
3.5333213806152344 2.211165428161621 0.0
3.2160568237304688 2.6454286575317383 0.0
3.187758445739746 3.103632926940918 0.0
3.311286687850952 2.7736706733703613 0.0
3.235644817352295 1.665283441543579 0.0
2.6187548637390137 1.1903448104858398 0.0
2.1562376022338867 1.262800931930542 0.0
2.104198932647705 1.6630231142044067 0.0
2.098707675933838 1.899255394935608 0.0
2.1493430137634277 1.709028720855713 0.0
2.0604405403137207 1.6576895713806152 0.0
1.9787778854370117 1.800027847290039 0.0
1.981997013092041 1.7320247888565063 0.0
1.87571382522583 1.488008737564087 0.0
1.684527039527893 1.5127662420272827 0.0
1.6718080043792725 1.2555714845657349 0.0
1.4595743417739868 0.8500321507453918 0.0
1.1732443571090698 0.46650609374046326 0.0
0.9203686714172363 0.19182312488555908 0.0
0.7642839550971985 0.09919597953557968 0.0
0.5466621518135071 0.0 0.0
0.3937351703643799 0.0 0.0
0.3202891945838928 0.0 0.0
0.018300842493772507 0.0 0.0
0.008036220446228981 0.0 0.0
0.025445837527513504 0.0 0.0
0.0 0.0 0.0
0.0 0.0 0.0
0.0 0.0 0.0
0.0 0.0 0.0
0.0 0.0 0.0
0.0 0.0 0.0
0.0 0.0 0.0
0.0 0.0 0.0
0.0 0.0 0.0
0.0 0.0 0.0
0.0 0.0 0.0
0.0 0.0 0.0
0.0 0.0 0.0
0.0 0.0 0.0
0.0 0.0 0.0
0.0 0.0 0.0
0.0 0.0 0.0
0.0 0.0 0.0
0.0 0.0 0.0
0.0 0.0 0.0
0.0 0.0 0.0
0.0 0.0 0.0
0.0 0.0 0.0
0.0 0.0 0.0
0.0 0.0 0.0
0.0 0.0 0.0
0.0 0.0 0.0
0.0 0.0 0.0
0.0 0.0 0.0
0.0 0.0 0.04260611534118652
0.0 0.0 0.0
0.24518617987632751 0.0 0.0
0.190849170088768 0.0 0.0
0.0 0.0 0.0
0.0 0.0 0.21955743432044983
0.0 0.0 0.2858472466468811
0.05288654565811157 0.0 0.19285258650779724
0.5070987939834595 0.0 0.10168406367301941
0.7184267044067383 0.0 0.11588270962238312
0.6474838256835938 0.0 0.20796869695186615
0.562125027179718 0.0 0.34459683299064636
0.6881279349327087 0.0 0.41797545552253723
0.7172352075576782 0.0 0.27926257252693176
0.6466718316078186 0.0 0.12237229943275452
0.547115683555603 0.0 0.0957081988453865
0.4318607747554779 0.0 0.13931266963481903
0.2603750228881836 0.0 0.14812186360359192
0.10452976822853088 0.12142367660999298 0.08326058089733124
0.03674086555838585 0.21950018405914307 0.04764692485332489
0.0229190606623888 0.15898117423057556 0.03342457860708237
0.04554660990834236 0.05701140686869621 0.0
0.09057587385177612 0.0 0.0
0.07048392295837402 0.020979631692171097 0.0
0.0 0.04981527477502823 0.0
0.0 0.07121670246124268 0.0
0.0 0.11919407546520233 0.0
0.0 0.0913347527384758 0.0
0.0 0.06037391349673271 0.006624390371143818
0.0 0.026334185153245926 0.005562587641179562
0.0 0.0 0.024883288890123367
0.0 0.0 0.02404545620083809
0.012160157784819603 0.0 0.014566735364496708
0.022622117772698402 0.0 0.0338730551302433
0.02688770368695259 0.017543889582157135 0.04155227914452553
0.049126964062452316 0.049313269555568695 0.06324373185634613
0.0608304888010025 0.03333882987499237 0.06437717378139496
0.0 0.040051862597465515 0.011364017613232136
0.0038617472164332867 0.019880812615156174 0.0
0.07084957510232925 0.0 0.017330564558506012
0.11235281080007553 0.007845188491046429 0.03169139102101326
0.14208246767520905 0.04598245397210121 0.05240998789668083
0.14310991764068604 0.07040444016456604 0.05997762456536293
0.1124313697218895 0.06737668812274933 0.03295346349477768
0.07214973121881485 0.05055536702275276 0.003652036190032959
0.052068158984184265 0.01985285058617592 0.0
0.042496223002672195 0.005008122883737087 0.0
0.008416818454861641 0.007226535119116306 0.0
0.0 0.0 0.0
0.0 0.0 0.0
0.0 0.0 0.02376396209001541
0.010653074830770493 0.0 0.05072580277919769
0.021423429250717163 0.0 0.04449586942791939
0.03968632221221924 0.0 0.032930295914411545
0.02389608696103096 0.0 0.012499695643782616
0.0007082107476890087 0.0 0.0
0.0 0.0 0.0
0.02624393254518509 0.0 0.0
0.03159262239933014 0.0 0.0
0.017608895897865295 0.0 0.0017676884308457375
0.026108909398317337 0.0 0.007231961935758591
0.025022603571414948 0.0 0.007179765030741692
0.014503118582069874 0.0 0.0
0.007204992230981588 0.0 0.0
0.0071426741778850555 0.0 0.0
0.05276075750589371 0.0 0.004165599122643471
0.05187312513589859 0.0 0.0
0.03188956528902054 0.0 0.0
0.051060061901807785 0.0 0.0
0.047812603414058685 0.0 0.0
0.03291648253798485 0.0 0.0
0.021239053457975388 0.0 0.0
0.02117939665913582 0.0 0.0
0.007397805340588093 0.0 0.0
0.0 0.0 0.0
0.0 0.0 0.0
0.0 0.0 0.0
0.0 0.0 0.0
0.0 0.0 0.0
0.0 0.0 0.0
0.0 0.0 0.015304535627365112
0.0 0.0 0.02252197079360485
0.0 0.011588660068809986 0.0
0.0 0.014810818247497082 0.0
0.002611039439216256 0.0007011247798800468 0.012411277741193771
0.08535732328891754 0.001418313942849636 0.06131436675786972
0.13116101920604706 0.040610723197460175 0.07578705251216888
0.13881361484527588 0.045975394546985626 0.05878783017396927
0.4053819179534912 0.08467885106801987 0.08828393369913101
0.832320511341095 0.16354969143867493 0.09600923210382462
1.0093729496002197 0.197164386510849 0.11177488416433334
1.0440648794174194 0.1320871114730835 0.15357479453086853
1.1459534168243408 0.0 0.1872406154870987
1.2304677963256836 0.004082273691892624 0.1699782758951187
1.0804187059402466 0.0342862494289875 0.13225460052490234
0.8457795977592468 0.026301823556423187 0.11599678546190262
0.6239936351776123 0.04274791106581688 0.09887825697660446
0.4299495816230774 0.049574390053749084 0.08093734085559845
0.2701479494571686 0.03192855045199394 0.05043935030698776
0.11662682890892029 0.0 0.029567094519734383
0.0 0.00616593100130558 0.01168290339410305
0.0 0.03743623569607735 0.0
0.0 0.037852752953767776 0.0
0.0 0.014749565161764622 0.0
0.0 0.05773413926362991 0.0
0.0 0.19652478396892548 0.0
0.0 0.263901948928833 0.0
0.0 0.24187733232975006 0.0
0.0 0.16229836642742157 0.0
0.0 0.1497708559036255 0.0
0.0 0.20626714825630188 0.0
0.0 0.16461478173732758 0.0
0.0 0.04301537573337555 0.0
0.0 0.0 0.0
0.0 0.0 0.0
0.0 0.0 0.0
0.0 0.0 0.0
0.0 0.0 0.0
0.09773429483175278 0.0 0.0
0.24440708756446838 0.0 0.0
0.32829827070236206 0.0 0.0
0.5767821073532104 0.0 0.0
0.9169708490371704 0.0 0.005894353613257408
1.1116150617599487 0.0 0.047946996986866
1.2266108989715576 0.0 0.07475145161151886
1.2990672588348389 0.0 0.10908837616443634
1.2243520021438599 0.0 0.13342009484767914
1.0976241827011108 0.036441102623939514 0.11961452662944794
0.9941964149475098 0.10680661350488663 0.12094610929489136
0.926559567451477 0.08979087322950363 0.15760639309883118
0.8684254288673401 0.02702922187745571 0.1974182426929474
0.7692553997039795 0.0 0.18129973113536835
0.5894755721092224 0.0 0.12503886222839355
0.38389790058135986 0.043246008455753326 0.09541411697864532
0.17815430462360382 0.13405154645442963 0.08617508411407471
0.0 0.18980908393859863 0.07350002229213715
0.0 0.17126256227493286 0.019125470891594887
0.0 0.12284763157367706 0.0
0.0 0.16482357680797577 0.0
0.0 0.2354000061750412 0.0
0.0 0.2176676094532013 0.0
0.0 0.15324628353118896 0.0
0.0 0.045106492936611176 0.0
0.0 0.0 0.0
0.0 0.0 0.0
0.0 0.0 0.0
0.0 0.0 0.0
0.0 0.0 0.0
0.0 0.0 0.0
0.0 0.0 0.0
0.06427247822284698 0.0 0.0027065500617027283
0.39671966433525085 0.0 0.05081122741103172
0.5548773407936096 0.0 0.03540058061480522
0.5732342600822449 0.0 0.016395730897784233
0.6769623756408691 0.0 0.0
0.8236652612686157 0.0 0.0
0.9145935773849487 0.0 0.0
0.9364876747131348 0.0 0.0
0.9126635789871216 0.0 0.019971508532762527
0.8388503193855286 0.0 0.04177241027355194
0.715756893157959 0.0 0.08013631403446198
0.561913013458252 0.0 0.09787137061357498
0.3495975136756897 0.0 0.10239607840776443
0.07767894119024277 0.11402539908885956 0.09792756289243698
0.0 0.23480559885501862 0.08879904448986053
0.0 0.3586849272251129 0.07698766142129898
0.0 0.45597872138023376 0.070366770029068
0.0 0.45743656158447266 0.053721748292446136
0.0 0.3439249098300934 0.030120281502604485
0.0 0.15258929133415222 0.007341999560594559
0.0 0.012315546162426472 0.0
0.0 0.0 0.0
0.0 0.0 0.0
0.0 0.0 0.0
0.38033121824264526 0.0 0.0
0.647916316986084 0.0 0.0
0.8325557112693787 0.0 0.0
1.1668676137924194 0.0 0.0
1.6891512870788574 0.0 0.0
1.9863568544387817 0.0 0.0
1.8187652826309204 0.0 0.0
1.306832194328308 0.0 0.03774943947792053
0.7398427724838257 0.05513331666588783 0.14708365499973297
0.35007983446121216 0.39051851630210876 0.21905957162380219
0.17708276212215424 0.4620097279548645 0.23999787867069244
0.016331426799297333 0.4571595788002014 0.1999170482158661
0.0 0.4632371664047241 0.13427971303462982
0.0 0.5023840665817261 0.05665868520736694
0.0 0.5563613176345825 0.0
0.0 0.5261554718017578 0.0
0.0 0.4500393569469452 0.0
0.0 0.4004659354686737 0.0
0.0 0.3561224341392517 0.0
0.0 0.26151391863822937 0.0
0.0 0.15288889408111572 0.0
0.0 0.06114806607365608 0.0
0.0 0.008613751269876957 0.0
0.0 0.0 0.0
0.0 0.0 0.0
0.03688570484519005 0.0 0.0
0.1887868195772171 0.0 0.0
0.280234158039093 0.0 0.0
0.48818764090538025 0.0 0.0
0.9779781103134155 0.0 0.0
1.4177577495574951 0.0 0.0
1.3980969190597534 0.0 0.0
0.9933066368103027 0.0 0.021984530612826347
0.46378421783447266 0.2120312750339508 0.13522161543369293
0.13038814067840576 0.5727348923683167 0.23027728497982025
0.04025079309940338 0.5461677312850952 0.2741600573062897
0.07567749172449112 0.26566174626350403 0.2116423398256302
0.06553244590759277 0.020426694303750992 0.12314417958259583
0.0 0.0 0.08044358342885971
0.0 0.03485410660505295 0.09290211647748947
0.0 0.22220934927463531 0.12059499323368073
0.0 0.4021002948284149 0.16095413267612457
0.0 0.5055433511734009 0.18275557458400726
0.0 0.4858154356479645 0.15831893682479858
0.0 0.39042288064956665 0.09681136906147003
0.0 0.2860535979270935 0.059646956622600555
0.0 0.25597476959228516 0.06110530346632004
0.0 0.4207408130168915 0.08480130881071091
0.0 0.4726913869380951 0.10140931606292725
0.0 0.28720059990882874 0.07608052343130112
0.24350884556770325 0.0 0.024083366617560387
0.7974452972412109 0.0 0.0
1.054860234260559 0.0 0.0
1.0659302473068237 0.0 0.0
0.9903913140296936 0.0 0.0
0.9025405645370483 0.0 0.0
0.8453494310379028 0.0 0.0
0.866262674331665 0.0 0.028239229694008827
0.8277808427810669 0.0 0.04190843552350998
0.6923279166221619 0.0 0.04944731295108795
0.45893725752830505 0.0 0.04341977834701538
0.12932634353637695 0.16086235642433167 0.0633426234126091
0.0 0.4134797155857086 0.08814384788274765
0.0 0.6098758578300476 0.05029206722974777
0.0 0.6560636162757874 0.014533005654811859
0.0 0.5222916603088379 0.0
0.0 0.3310346305370331 0.0
0.0 0.15881572663784027 0.0
0.0 0.03539525717496872 0.0
0.0 0.0 0.0
0.0 0.0 0.0
0.0 0.0 0.0
0.0 0.0 0.0
0.0 0.0 0.0
0.0 0.0 0.0
0.0 0.0 0.0
0.008677951991558075 0.023341258987784386 0.0
0.0 0.0743035078048706 0.0
0.009508324787020683 0.1199445053935051 0.0
0.04455552622675896 0.08793623000383377 0.0
0.0657966285943985 0.042166873812675476 0.0
0.0305221825838089 0.023076131939888 0.0
0.0 0.03168799355626106 0.0
0.0 0.0636477917432785 0.0
0.0 0.04117150977253914 0.0187421552836895
0.004654101561754942 0.0 0.0188103336840868
0.01668759435415268 0.0 0.0
0.04002807289361954 0.0 0.0
0.05369088798761368 0.0 0.019189566373825073
0.049400269985198975 0.0 0.02674202434718609
0.021783821284770966 0.019831867888569832 0.018009521067142487
0.0023587229661643505 0.0 0.032634004950523376
0.0 0.0 0.025743072852492332
0.0 0.0 0.0
0.0 0.01892293058335781 0.0036082109436392784
0.08342481404542923 0.025991227477788925 0.044284798204898834
0.14948958158493042 0.012010429054498672 0.0523776113986969
0.13049964606761932 0.012128673493862152 0.030821988359093666
0.08483841270208359 0.03142860159277916 0.011198751628398895
0.039280522614717484 0.06139182671904564 0.0
0.035316139459609985 0.06044906750321388 0.0
0.0737530067563057 0.015752702951431274 0.0
0.06296321004629135 0.0 0.0
0.04371042549610138 0.0 0.0
0.03275204822421074 0.0 0.0
0.02488693594932556 0.0 0.02110411413013935
0.005402449518442154 0.01760173588991165 0.054161399602890015
0.019120391458272934 0.009017037227749825 0.06815870851278305
0.07033510506153107 0.0 0.06428647041320801
0.10993844270706177 0.0 0.05074562877416611
0.08781636506319046 0.0 0.02494066394865513
0.05308555066585541 0.0018366221338510513 0.0
0.0 0.000996127724647522 0.0
0.0 0.0 0.0
0.0 0.0 0.0
0.015767473727464676 0.008297983556985855 0.0
0.030482769012451172 0.011373667046427727 0.0009759422391653061
0.035804830491542816 0.024108637124300003 0.0042753322049975395
0.03151208162307739 0.04429673030972481 0.009639471769332886
0.030363991856575012 0.04851943999528885 0.018188219517469406
0.05802571401000023 0.0218697190284729 0.02265140973031521
0.0635155513882637 0.01554018259048462 0.006660992279648781
0.04022567719221115 0.009280156344175339 0.0
0.014589822851121426 0.014634974300861359 0.0
0.025091201066970825 0.017739156261086464 0.007352614775300026
0.03877319023013115 0.007016204297542572 0.024547582492232323
0.031209278851747513 0.0 0.031912289559841156
0.006814191117882729 0.014538036659359932 0.019979460164904594
0.0 0.029494881629943848 0.004987994208931923
0.007060800213366747 0.018878456205129623 0.0
0.017793605104088783 0.0 0.0
0.01577865704894066 0.0 0.0
0.014803675003349781 0.0 0.0
0.019026383757591248 0.0029998905956745148 0.0
0.06693079322576523 0.019862227141857147 0.0
0.12130801379680634 0.032487209886312485 0.0
0.12361670285463333 0.02510892227292061 0.0
0.06283751130104065 0.0 0.0
0.020093778148293495 0.01043570227921009 0.0
0.0 0.11674855649471283 0.0
0.0 0.1996847242116928 0.0
0.0 0.15074993669986725 0.0
0.0 0.007229523733258247 0.0
0.0018825496081262827 0.0 0.0
0.0446060448884964 0.0 0.0
0.1459297388792038 0.0 0.0
0.19291481375694275 0.0 0.0
0.15683138370513916 0.0 0.0
0.07285019755363464 0.0 0.0
0.01742635667324066 0.06801511347293854 0.0
0.0 0.1234717071056366 0.0
0.0 0.1745932251214981 0.0
0.0 0.09908248484134674 0.0
0.0 0.0 0.0
0.0 0.0 0.0
0.01662314683198929 0.0 0.0
0.047890257090330124 0.09937569499015808 0.0
0.059139981865882874 0.0864228755235672 0.0
0.07529763877391815 0.06480254232883453 0.0
0.12270084023475647 0.0 0.0
0.16621503233909607 0.0 0.0
0.21975202858448029 0.0 0.0
0.2551923096179962 0.0 0.0
0.265250027179718 0.0 0.0
0.2982194125652313 0.0 0.0
0.3892739713191986 0.0 0.0
0.602827787399292 0.0 0.0051730843260884285
0.8141205906867981 0.0 0.0
0.826167106628418 0.0 0.0
0.7389033436775208 0.0 0.0
0.7139101028442383 0.0 0.0
0.7651045918464661 0.0 0.10825765877962112
0.8359502553939819 0.0 0.04859885573387146
0.8570451736450195 0.0 0.0
0.7095369100570679 0.0 0.0
0.5371012091636658 0.0 0.04440943896770477
0.38735514879226685 0.0 0.5481942892074585
0.48375198245048523 0.0 0.9587783217430115
0.8121131062507629 0.0 1.7651305198669434
1.555984377861023 0.0 2.4302966594696045
2.2920520305633545 0.0 2.5790348052978516
1.8635191917419434 0.0 2.7546799182891846
2.4851186275482178 0.0 3.4610817432403564
4.034499168395996 0.0 4.45784330368042
4.9218268394470215 0.0 5.359829902648926
5.150123596191406 0.0 5.6476731300354
4.476062774658203 0.0 5.274247646331787
3.6009645462036133 0.0 4.461645126342773
3.4753105640411377 0.0 3.832648992538452
3.937330484390259 0.0 3.666949510574341
5.243640899658203 0.0 3.5483057498931885
6.343681812286377 0.0 3.287524700164795
6.343143939971924 0.0 3.2147679328918457
5.0284552574157715 1.6592029333114624 3.0614137649536133
3.735703945159912 2.4293510913848877 1.64188814163208
2.9941647052764893 1.71803879737854 0.0
2.7981348037719727 1.396224021911621 0.0
2.9586973190307617 1.8044490814208984 0.0
3.548384189605713 2.326948404312134 0.0
4.316486835479736 2.2629175186157227 0.0
4.164880752563477 2.256147861480713 0.0
3.56370210647583 2.139770746231079 0.0
3.2498972415924072 1.7501389980316162 0.0
3.025583028793335 1.9166570901870728 0.0
2.874356508255005 2.3034467697143555 0.0
2.9622867107391357 1.9853330850601196 0.0
2.732386350631714 1.8312729597091675 0.0
2.53110671043396 2.159482479095459 0.0
2.7385571002960205 2.3231356143951416 0.0
2.9637439250946045 2.5571253299713135 0.0
2.9228172302246094 2.8341166973114014 0.0
2.561580181121826 2.8071250915527344 0.0
2.4259493350982666 2.1708900928497314 0.0
2.0433359146118164 1.9056878089904785 0.0
1.6791709661483765 1.537379264831543 0.0
1.3385227918624878 0.5535449981689453 0.0
0.7647996544837952 0.0 0.0
0.2938217222690582 0.0 0.0
0.21438898146152496 0.0 0.0
0.0 0.0 0.0
0.0 0.0 0.0
0.0 0.0 0.0
0.0 0.0 0.0
0.0 0.0 0.0
0.0 0.0 0.0
0.0 0.0 0.0
0.0 0.0 0.0
0.0 0.0 0.0
0.0 0.0 0.0
0.0 0.0 0.0
0.0 0.0 0.0
0.0 0.0 0.0
0.0 0.0 0.0
0.0 0.0 0.0
0.0 0.0 0.0
0.0 0.0 0.0
0.0 0.0 0.0
0.0 0.0 0.0
0.0 0.0 0.0
0.0 0.0 0.0
0.0 0.0 0.0
0.0 0.0 0.0
0.0 0.0 0.25593137741088867
0.0 0.0 0.4948422610759735
0.018955156207084656 0.0 0.512688398361206
0.35277655720710754 0.0 0.3029356598854065
0.5256569385528564 0.0 0.06142609566450119
0.43725547194480896 0.0 0.0
0.31448376178741455 0.0 0.0
0.23485974967479706 0.0 0.09241943806409836
0.13102470338344574 0.0 0.15947170555591583
0.0467231385409832 0.0 0.17828693985939026
0.03752857446670532 0.0 0.12885335087776184
0.09871762245893478 0.0 0.07783756405115128
0.25015854835510254 0.0 0.06495825201272964
0.35669592022895813 0.0 0.06018400192260742
0.34134119749069214 0.0 0.010120301507413387
0.25462600588798523 0.0 0.0
0.13094879686832428 0.0 0.0
0.05844983458518982 0.0 0.0
0.02354138344526291 0.0 0.0
0.06194043904542923 0.003000674769282341 0.0
0.16825754940509796 0.0 0.0
0.23868991434574127 0.0 0.0
0.238841712474823 0.0 0.0
0.22812141478061676 0.0 0.0
0.21724240481853485 0.0 0.0
0.18640805780887604 0.0 0.0
0.13740377128124237 0.0 0.0
0.09762679785490036 0.0 0.0014636963605880737
0.04153157025575638 0.0 0.05637621134519577
0.0 0.0 0.07830201834440231
0.008164026774466038 0.0 0.09254806488752365
0.07849624007940292 0.03001071885228157 0.10941599309444427
0.11814858019351959 0.03318121284246445 0.09379762411117554
0.11416476219892502 0.012042906135320663 0.06270814687013626
0.12724646925926208 0.0 0.02958694100379944
0.1212247982621193 0.0 0.0
0.09920551627874374 0.0 0.0
0.06118090823292732 0.0 0.0
0.050725869834423065 0.0 0.0
0.018355410546064377 0.012712158262729645 0.0
0.025311321020126343 0.0 0.0
0.016529016196727753 0.0 0.003938306123018265
0.03553679585456848 0.0 0.020073331892490387
0.07790661603212357 0.0 0.043836984783411026
0.07065243273973465 0.0 0.024576470255851746
0.073259137570858 0.0 0.0
0.08097457885742188 0.0 0.0
0.09288050979375839 0.0 0.0
0.08134795725345612 0.0 0.0
0.06014972925186157 0.0 0.0
0.04082183912396431 0.0 0.0
0.011779800057411194 0.0 0.0
0.019962895661592484 0.0 0.0
0.017436619848012924 0.0 0.011246285401284695
0.0 0.0 0.008762621320784092
0.0 0.0 0.0
0.0 0.0 0.0
0.0016153135802596807 0.0 0.0
0.0 0.0 0.0
0.004330672323703766 0.0 0.0
0.019416946917772293 0.0 0.0
0.017386553809046745 0.0 0.0
0.0 0.0 0.0
0.0 0.0 0.0
0.0 0.0 0.0
0.06258358806371689 0.0 0.0
0.1312934160232544 0.0 0.044435396790504456
0.18353743851184845 0.0 0.15283484756946564
0.24294324219226837 0.0 0.2879375219345093
0.28750699758529663 0.0 0.41764357686042786
0.2795920968055725 0.0 0.5693463087081909
0.2469145506620407 0.0 0.7410754561424255
0.2597419321537018 0.0 0.946283221244812
0.2935614287853241 0.0 1.0844594240188599
0.33526334166526794 0.0 1.0817811489105225
0.3735305666923523 0.0 0.9946105480194092
0.39816826581954956 0.0 0.8761646151542664
0.4146822690963745 0.0 0.7170385718345642
0.3796941936016083 0.0 0.48485031723976135
0.3065403401851654 0.0 0.2331688404083252
0.18062900006771088 0.002458455041050911 0.03235982730984688
0.06643904745578766 0.06895439326763153 0.0
0.0 0.14286670088768005 0.0
0.0 0.17856398224830627 0.0
0.0 0.13320662081241608 0.0
0.0 0.0878543108701706 0.0
0.0 0.13685648143291473 0.0
0.0 0.18589965999126434 0.0
0.0 0.19609598815441132 0.0
0.0 0.21879996359348297 0.0
0.0 0.22434519231319427 0.0
0.0 0.1852254867553711 0.0
0.0 0.1365165412425995 0.0
0.0 0.014011402614414692 0.0
0.0 0.0 0.0
0.0 0.0 0.0
0.0 0.0 0.0
0.07163731753826141 0.0 0.0
0.523726224899292 0.0 0.0
0.6964407563209534 0.0 0.0
0.6578015089035034 0.0 0.2576751410961151
0.5725696682929993 0.0 0.6116214990615845
0.5986881256103516 0.11100399494171143 0.9139741659164429
0.6805890798568726 0.20279116928577423 1.0593124628067017
0.747494101524353 0.16853679716587067 1.0865776538848877
0.8204380869865417 0.04314984753727913 1.031347393989563
0.9207257628440857 0.0 1.0126469135284424
1.0436735153198242 0.0 1.0764837265014648
1.022101640701294 0.0 1.1118049621582031
0.7828190326690674 0.13981778919696808 1.0718809366226196
0.48940420150756836 0.4595777094364166 1.0080242156982422
0.24488526582717896 0.7313545942306519 0.956251859664917
0.08847595751285553 0.8246698975563049 0.8193158507347107
0.0 0.7720364928245544 0.47263190150260925
0.0 0.6051293015480042 0.0
0.0 0.43416956067085266 0.0
0.0 0.25302746891975403 0.0
0.0 0.16792400181293488 0.0
0.0 0.14938174188137054 0.0
0.0 0.08365146815776825 0.0
0.0 0.0 0.0
0.0 0.0 0.0
0.0 0.0 0.0
0.0 0.0 0.0
0.0 0.0 0.0
0.0 0.0 0.0
0.09213540703058243 0.0 0.0
0.26195797324180603 0.0 0.08157867193222046
0.3911404609680176 0.0 0.29348933696746826
0.5384580492973328 0.0 0.5001085996627808
0.8968625068664551 0.0 0.8120020031929016
1.2527316808700562 0.0 1.155760645866394
1.421223759651184 0.0 1.4778473377227783
1.3887206315994263 0.0 1.6641485691070557
1.2367920875549316 0.06726104766130447 1.753492832183838
1.108757734298706 0.2630334794521332 1.779556393623352
0.9179627299308777 0.43070849776268005 1.6767040491104126
0.6684349775314331 0.5174545645713806 1.3561345338821411
0.4486652910709381 0.4572075307369232 0.8163821697235107
0.2057061493396759 0.315668523311615 0.13191090524196625
0.0 0.24618984758853912 0.0
0.0 0.22324006259441376 0.0
0.0 0.22308772802352905 0.0
0.0 0.207028329372406 0.0
0.0 0.15717901289463043 0.0
0.0 0.05048292875289917 0.0
0.0 0.0 0.0
0.0 0.0 0.0
0.0 0.0 0.0
0.0 0.0 0.0
0.0 0.0 0.0
0.0 0.0 0.0
0.0 0.0 0.0
0.0 0.0 0.0
0.08711719512939453 0.0 0.09003163874149323
0.17170557379722595 0.0 0.16561934351921082
0.20765851438045502 0.0 0.19693145155906677
0.29685044288635254 0.0 0.23834840953350067
0.4091818034648895 0.0 0.31748342514038086
0.5155737400054932 0.0 0.4553089439868927
0.5455601215362549 0.0 0.558354914188385
0.380871057510376 0.24938298761844635 0.42189106345176697
0.10192756354808807 0.48511531949043274 0.07800773531198502
0.0 0.6368697285652161 0.0
0.0 0.6677014231681824 0.0
0.0 0.48191341757774353 0.0
0.0 0.18167823553085327 0.0
0.0 0.0 0.0
0.0 0.0 0.0
0.0 0.0 0.0
0.0 0.0 0.0
0.0 0.0 0.0
0.01567469909787178 0.0 0.0
0.15371592342853546 0.0 0.23552732169628143
0.25086936354637146 0.0 0.45691215991973877
0.28176578879356384 0.032086342573165894 0.5836490988731384
0.3834002614021301 0.0666496530175209 0.6691733002662659
0.5379554629325867 0.0 0.7826743125915527
0.6838389039039612 0.0 0.9067165851593018
0.7098537087440491 0.0 0.9765159487724304
0.6628989577293396 0.004315967671573162 0.9847797155380249
0.6404996514320374 0.03305333852767944 0.9878540635108948
0.599042534828186 0.03850802779197693 0.9725012183189392
0.45042696595191956 0.02209176868200302 0.8919081091880798
0.2940874397754669 0.01661551184952259 0.7332862615585327
0.22170402109622955 0.039925359189510345 0.5093607306480408
0.1492050588130951 0.10250724852085114 0.3026544153690338
0.06112127751111984 0.09900492429733276 0.14899402856826782
0.0 0.003944849595427513 0.018673859536647797
0.0 0.0 0.0
0.0033806711435317993 0.0 0.0
0.0 0.0 0.0
0.0 0.0 0.0
0.0 0.0 0.0
0.0 0.0 0.0
0.0 0.0 0.0
0.0 0.012576421722769737 0.0
0.03737166151404381 0.0015765009447932243 0.056565046310424805
0.04972686618566513 0.0 0.09611565619707108
0.0 0.0 0.07742372900247574
0.0 0.0 0.03320593014359474
0.0 0.0 0.0
0.0 0.04372342303395271 0.0
0.0 0.05021567642688751 0.0
0.0 0.07603529095649719 0.0
0.0 0.11463141441345215 0.0
0.0 0.06996780633926392 0.0
0.0 0.0 0.0
0.0415850505232811 0.0 0.0
0.07847356051206589 0.0 0.0
0.02510327845811844 0.0 0.0
0.0 0.03836141154170036 0.0
0.005416125059127808 0.024367831647396088 0.0
0.06688054651021957 0.0 0.0
0.09035684913396835 0.0 0.0
0.07354164868593216 0.0 0.0
0.030909765511751175 0.0 0.0
0.0 0.0148190688341856 0.0
0.0 0.07013505697250366 0.0
0.0 0.04141552746295929 0.0
0.0 0.0 0.0
0.0 0.0 0.0
0.0 0.0 0.0
0.0 0.0 0.00672425702214241
0.0 0.012298120185732841 0.059292927384376526
0.0 0.03985544666647911 0.08076812326908112
0.010521138086915016 0.024942807853221893 0.0766705870628357
0.02534962072968483 0.008934015408158302 0.0853133425116539
0.007483537308871746 0.0 0.05406460911035538
0.0 0.0 0.0
0.03510637581348419 0.0072381142526865005 0.0
0.06505148857831955 0.050766948610544205 0.0
0.04515501484274864 0.09238550066947937 0.0
0.05735895037651062 0.1116582602262497 0.0
0.0650877133011818 0.06604843586683273 0.0
0.022797513753175735 0.031214021146297455 0.0
0.0 0.0 0.0
0.0 0.0 0.0
0.0 0.0022804178297519684 0.0
0.0 0.008274128660559654 0.0015111267566680908
0.0 0.002732090651988983 0.05922954902052879
0.0 0.006936689838767052 0.07206172496080399
0.01249930914491415 0.0 0.08181102573871613
0.10829880833625793 0.0 0.09862302243709564
0.17120081186294556 0.0 0.10130829364061356
0.23808476328849792 0.0 0.13398714363574982
0.2681920528411865 0.0 0.11840099841356277
0.2675584852695465 0.0 0.08220677077770233
0.2901785671710968 0.0 0.061049286276102066
0.3210099935531616 0.0 0.06656762212514877
0.3839988112449646 0.0 0.051971372216939926
0.49838078022003174 0.0 0.012052451260387897
0.4334217607975006 0.0 0.0
0.2787908911705017 0.0 0.0
0.18060895800590515 0.0 0.0
0.25673407316207886 0.0 0.0
0.03853517025709152 0.0 0.0
0.0 0.0 0.09842169284820557
0.0 0.0 0.5245327949523926
0.3064989745616913 0.0 0.7952913641929626
0.672151505947113 0.0 1.0304667949676514
0.6452708840370178 0.0 1.4279345273971558
1.034609317779541 0.0 2.1676440238952637
2.0932841300964355 0.0 2.869683265686035
3.1032705307006836 0.0 3.8655712604522705
3.1143856048583984 0.0 4.6814284324646
3.158752679824829 0.0 5.162049293518066
3.0972888469696045 0.0 4.927849769592285
2.4595794677734375 0.0 4.004021644592285
2.2203547954559326 0.0 3.3369972705841064
2.2482030391693115 0.0 3.086606502532959
2.9387688636779785 0.0 3.1243603229522705
4.043066024780273 0.0 3.3858838081359863
4.719907760620117 0.0 3.6441397666931152
5.289486885070801 0.0 3.5370230674743652
5.650455474853516 0.0 3.2533321380615234
5.565446376800537 0.0 2.6993095874786377
4.75077486038208 0.19807496666908264 1.607404351234436
3.3227555751800537 0.7622911930084229 0.0
2.7638468742370605 0.41092169284820557 0.0
2.825665235519409 0.6564497351646423 0.0
3.182483434677124 1.0231329202651978 0.0
3.412327527999878 1.2196744680404663 0.0
3.2633121013641357 1.197129249572754 0.0
3.095757007598877 1.1282297372817993 0.0
2.9746508598327637 1.4334619045257568 0.0
2.990097761154175 1.7531673908233643 0.0
2.9973413944244385 1.842323899269104 0.0
2.9728875160217285 1.7761621475219727 0.0
2.806001901626587 1.46501624584198 0.0
2.7387189865112305 1.3188916444778442 0.0
2.6125614643096924 1.5727283954620361 0.0
2.6787922382354736 1.7111454010009766 0.0
2.9690051078796387 1.3936318159103394 0.0
2.8020975589752197 1.9387303590774536 0.0
2.715188980102539 2.2958621978759766 0.0
2.5295794010162354 2.4393105506896973 0.0
2.451967239379883 2.014714241027832 0.0
2.2492713928222656 1.2704555988311768 0.0
1.5410947799682617 0.7869853377342224 0.0
1.0992965698242188 0.1852843314409256 0.0
0.6424965858459473 0.0 0.0
0.3467959463596344 0.0 0.0
0.04865827411413193 0.0 0.0
0.0 0.0 0.0
0.0 0.0 0.0
0.0 0.0 0.0
0.0 0.0 0.0
0.0 0.0 0.0
0.0 0.0 0.0
0.0 0.0 0.0
0.0 0.0 0.0
0.0 0.0 0.0
0.0 0.0 0.0
0.0 0.0 0.0
0.0 0.0 0.0
0.0 0.0 0.0
0.0 0.0 0.0
0.0 0.0 0.0
0.0 0.0 0.0
0.0 0.0 0.0
0.0 0.0 0.0
0.0 0.0 0.0
0.0 0.0 0.0
0.0 0.0 0.0
0.0 0.0 0.17846587300300598
0.0 0.0 0.5644943118095398
0.12218974530696869 0.0 0.911920964717865
0.14189420640468597 0.0 0.7473440170288086
0.0 0.0 0.3506983518600464
0.0 0.0 0.36243677139282227
0.0 0.0 0.5791137218475342
0.0 0.0 0.6630235314369202
0.14509053528308868 0.0 0.5885434150695801
0.060557808727025986 0.0 0.3571770191192627
0.0 0.013096317648887634 0.1928035318851471
0.0 0.09825275838375092 0.16424992680549622
0.0 0.05340512841939926 0.1566987931728363
0.12758806347846985 0.0 0.10445810854434967
0.12259171158075333 0.06299469619989395 0.08111923187971115
0.11591676622629166 0.22162029147148132 0.027082625776529312
0.11726512014865875 0.36516520380973816 0.021151501685380936
0.061145126819610596 0.3894844055175781 0.08583702147006989
0.11827126145362854 0.22449171543121338 0.1104440987110138
0.17902062833309174 0.07877286523580551 0.09669046849012375
0.23709377646446228 0.0 0.036001287400722504
0.26301807165145874 0.0 0.004179975017905235
0.21105951070785522 0.13011302053928375 0.0
0.18142971396446228 0.26733291149139404 0.0
0.16526779532432556 0.3384989798069 0.019407929852604866
0.1438426673412323 0.1617356538772583 0.10515452921390533
0.17456115782260895 0.0 0.09295857697725296
0.16887611150741577 0.0 0.016928261145949364
0.12361329793930054 0.0 0.0
0.035073310136795044 0.03061785362660885 0.0
0.0 0.1656409204006195 0.009342245757579803
0.0 0.20483572781085968 0.033236924558877945
0.052768152207136154 0.15473660826683044 0.0347815603017807
0.1126200333237648 0.042020976543426514 0.009374469518661499
0.10336821526288986 0.0 0.0
0.11749681830406189 0.0 0.0
0.09205377101898193 0.028534462675452232 0.0
0.08672931790351868 0.03598704934120178 0.0
0.06541524082422256 0.0041636088863015175 0.0
0.09620857238769531 0.0 0.0
0.1257435530424118 0.0 0.0
0.12756116688251495 0.0 0.0
0.0848294198513031 0.0 0.0
0.010419365018606186 0.0 0.0
0.026489412412047386 0.0 0.0
0.07851612567901611 0.0 0.0
0.11244293302297592 0.0 0.010082604363560677
0.06811914592981339 0.0 0.0
0.036587584763765335 0.0 0.0
0.04739149659872055 0.0 0.0
0.07522153109312057 0.0 0.0
0.11474151164293289 0.0 0.0
0.08065144717693329 0.0 0.0
0.07742609828710556 0.0 0.0
0.07692648470401764 0.0 0.0
0.06780888885259628 0.0 0.0
0.028278257697820663 0.052800655364990234 0.013908501714468002
0.030385084450244904 0.0708496943116188 0.019329633563756943
0.05366217717528343 0.02504012919962406 0.03223344683647156
0.06013339012861252 0.0 0.018251584842801094
0.07086699455976486 0.0 0.005390914157032967
0.07198845595121384 0.0 0.0
0.04762772098183632 0.0 0.0
0.011937808245420456 0.011670460924506187 0.0
0.025033902376890182 0.023439237847924232 0.0
0.04837943986058235 0.01590648479759693 0.0
0.07594475895166397 0.0 0.0
0.0961429700255394 0.0 0.0
0.1119576171040535 0.0 0.0
0.05097362771630287 0.0 0.0
0.0 0.0 0.0
0.0 0.0 0.0
0.0 0.0 0.0
0.0 0.0 0.01600639522075653
0.0 0.0 0.009335709735751152
0.0 0.0 0.0020040273666381836
0.0 0.0 0.0
0.0 0.0 0.0
0.0 0.0 0.0
0.0 0.0 0.0
0.0 0.01409953087568283 0.0
0.0 0.0004481673240661621 0.0
0.0 0.0 0.0
0.0 0.0 0.0
0.0 0.0 0.0353609174489975
0.04980982467532158 0.0 0.17589247226715088
0.096640445291996 0.0 0.299356073141098
0.08412039279937744 0.0 0.3881690204143524
0.12060809880495071 0.05405280739068985 0.4827575981616974
0.2721203863620758 0.007268255576491356 0.6881677508354187
0.4375205338001251 0.0 0.8839226365089417
0.5022739768028259 0.0 1.022379994392395
0.477016806602478 0.0 1.0970194339752197
0.3918987214565277 0.01192985288798809 1.08251953125
0.3562041223049164 0.0908459722995758 1.036481261253357
0.41411080956459045 0.1184602901339531 1.0136462450027466
0.47188329696655273 0.10033588111400604 0.9970715641975403
0.4738098382949829 0.09852306544780731 0.9126879572868347
0.43900924921035767 0.09701251983642578 0.7670444846153259
0.4255099594593048 0.07525582611560822 0.6226164698600769
0.40986067056655884 0.05031000077724457 0.47922492027282715
0.27780890464782715 0.08333532512187958 0.24725666642189026
0.09895473718643188 0.07188266515731812 0.0
0.0 0.0015941252931952477 0.0
0.0 0.0 0.0
0.0 0.0 0.0
0.0 0.01800079643726349 0.0
0.0 0.0071396250277757645 0.0
0.0 0.0 0.0
0.0 0.0 0.0
0.0 0.0 0.0
0.0 0.0 0.0
0.0 0.010590016841888428 0.0
0.0 0.009826663881540298 0.0
0.0 0.0 0.0
0.0 0.0 0.0
0.0 0.0 0.0
0.0 0.0 0.0
0.0001606685109436512 0.0 0.0
0.20845209062099457 0.0 0.21490700542926788
0.4340684413909912 0.0 0.5867093205451965
0.632388174533844 0.0 0.9122573137283325
0.8001545071601868 0.0 1.2001339197158813
0.8684678077697754 0.0 1.4124363660812378
0.8189013004302979 0.0 1.4796960353851318
0.7077942490577698 0.09617939591407776 1.4096468687057495
0.5614194273948669 0.19108805060386658 1.1264569759368896
0.32361331582069397 0.21271160244941711 0.588925302028656
0.05124222859740257 0.14432668685913086 0.0
0.0 0.002940261736512184 0.0
0.0 0.0 0.0
0.0 0.0 0.0
0.0 0.0 0.0
0.0 0.0 0.0
0.0 0.0 0.0
0.0 0.0 0.0
0.0 0.0 0.0
0.0 0.0 0.0
0.0 0.0 0.0
0.0 0.0 0.023214805871248245
0.15056295692920685 0.022126207128167152 0.4712008535861969
0.3461835980415344 0.01922655664384365 0.8577392101287842
0.49321645498275757 0.049939461052417755 1.0954053401947021
0.6693573594093323 0.10872181504964828 1.2041869163513184
0.7884595394134521 0.1582707166671753 1.2536115646362305
0.7851095199584961 0.14653471112251282 1.266359806060791
0.7224482893943787 0.10466049611568451 1.1256487369537354
0.5755091905593872 0.08964266628026962 0.6722345948219299
0.30769824981689453 0.10635986179113388 0.041443876922130585
0.0 0.09293033927679062 0.0
0.0 0.05955427139997482 0.0
0.0 0.007879892364144325 0.0
0.0 0.0 0.0
0.0 0.0 0.0
0.0 0.0 0.0
0.0 0.0 0.0
0.0 0.0 0.0
0.0 0.0 0.0
0.057146988809108734 0.0 0.0
0.28772294521331787 0.0 0.27956217527389526
0.284126877784729 0.0 0.4412432312965393
0.26214301586151123 0.05148249864578247 0.5226213932037354
0.29471322894096375 0.07460565865039825 0.5764374732971191
0.3577272891998291 0.02630802057683468 0.6687864065170288
0.42917802929878235 0.0 0.770823061466217
0.47031962871551514 0.0 0.8215232491493225
0.4558059275150299 0.09368706494569778 0.7939091920852661
0.4165962040424347 0.17288734018802643 0.6741228699684143
0.3817293047904968 0.14903900027275085 0.5316112637519836
0.28729572892189026 0.05737725645303726 0.35944032669067383
0.16202010214328766 0.0 0.17736053466796875
0.03091135248541832 0.0 0.0
0.0 0.0 0.0
0.0 0.0 0.0
0.0 0.0 0.0
0.0 0.0 0.0
0.0 0.0 0.0
0.0 0.0 0.0
0.0 0.0 0.0
0.0 0.0 0.0
0.0 0.018815482035279274 0.0
0.0 0.03337179124355316 0.0
0.0 0.03296033293008804 0.0
0.0 0.0 0.0
0.20264557003974915 0.0 0.0
0.8008477091789246 0.0 0.3813943564891815
0.908103883266449 0.0 0.7522115707397461
0.7194679379463196 0.0 0.9635341763496399
0.6037535667419434 0.18278230726718903 1.05527663230896
0.6201626658439636 0.34294989705085754 1.144629955291748
0.663845419883728 0.2691286504268646 1.2452486753463745
0.6879571080207825 0.09041323512792587 1.2609349489212036
0.6061709523200989 0.024169234558939934 1.1082024574279785
0.475111722946167 0.11493536084890366 0.7877610325813293
0.31347113847732544 0.1729579120874405 0.42631202936172485
0.1527983844280243 0.1083562821149826 0.16062363982200623
0.0 0.0905461311340332 0.0
0.0 0.07379324734210968 0.0
0.0 0.07728731632232666 0.0
0.0 0.04652966558933258 0.0
0.0 0.0 0.0
0.0 0.0 0.0
0.0 0.0 0.0
0.0 0.008284278213977814 0.0
0.0 0.0026623448356986046 0.0
0.0 0.0 0.0
0.0 0.0 0.0
0.0 0.0 0.0
0.0 0.0 0.0
0.0 0.0 0.02664426527917385
0.033050402998924255 0.0 0.1611168533563614
0.08070819824934006 0.07003046572208405 0.21212677657604218
0.20731036365032196 0.13232606649398804 0.2605992257595062
0.3441358506679535 0.14343410730361938 0.3453306257724762
0.38295140862464905 0.1271725744009018 0.4086962938308716
0.3529394567012787 0.08999458700418472 0.41575419902801514
0.3097515106201172 0.03716093301773071 0.35212090611457825
0.27866601943969727 0.0014378232881426811 0.2555461525917053
0.22622226178646088 0.006128448992967606 0.1663672775030136
0.15412436425685883 0.019194716587662697 0.12188848853111267
0.10740718990564346 0.0023741908371448517 0.09572772681713104
0.04190647974610329 0.0 0.029897047206759453
0.0 0.027830814942717552 0.0
0.0 0.012225490063428879 0.0
0.0 0.0 0.0
0.0 0.0 0.0
0.0 0.0 0.0
0.0 0.0 0.0
0.0 0.0 0.0
0.0 0.0 0.0
0.00615220982581377 0.0 0.0
0.0 0.0 0.0
0.0 0.0 0.0
0.0 0.0 0.0
0.0 0.0 0.0
0.0 0.0 0.0
0.09275447577238083 0.04819867014884949 0.0743635818362236
0.11586618423461914 0.08839509636163712 0.11638906598091125
0.11084319651126862 0.06408149749040604 0.08207397162914276
0.12089449912309647 0.005785700865089893 0.02963792346417904
0.12434516102075577 0.0 0.0
0.08710617572069168 0.0 0.0
0.011574406176805496 0.0 0.0
0.0 0.0 0.0
0.0 0.0 0.0
0.008899793028831482 0.0 0.000247810035943985
0.06918709725141525 0.0 0.04991230368614197
0.04432516172528267 0.0 0.09483610093593597
0.00046183355152606964 0.04394160956144333 0.12363871932029724
0.006771394517272711 0.054520219564437866 0.13441920280456543
0.061203211545944214 0.0 0.12296999990940094
0.09675747156143188 0.0 0.07929016649723053
0.06458728760480881 0.0 0.0
0.0 0.02877969853579998 0.0
0.0 0.04700424522161484 0.0
0.0 0.012864915654063225 0.0
0.023655569180846214 0.0 0.0
0.005224097985774279 0.0 0.0
0.016725225374102592 0.0 0.0
0.05493892356753349 0.0 0.0043120598420500755
0.08062563836574554 0.0 0.0003641899675130844
0.08503370732069016 0.01770041696727276 0.0
0.07881442457437515 0.001842091791331768 0.0
0.05470223352313042 0.0 0.0
0.011318806558847427 0.0 0.0
0.026303082704544067 0.0 0.0
0.049580175429582596 0.0 0.0
0.03661803901195526 0.0 0.0
0.03356286138296127 0.0 0.0
0.003788186702877283 0.05006751790642738 0.0
0.0 0.04471003636717796 0.0
0.03938905894756317 0.010431427508592606 0.0
0.09157822281122208 0.0017900019884109497 0.0
0.06749818474054337 0.10720111429691315 0.0
0.04719185456633568 0.2956940531730652 0.0
0.03787212073802948 0.3542574942111969 0.0
0.15597638487815857 0.20301206409931183 0.0
0.4640069305896759 0.0 0.0
0.5714263319969177 0.0 0.0
0.4932681620121002 0.0 0.0
0.4127248227596283 0.10962219536304474 0.0
0.32366234064102173 0.30445852875709534 0.0
0.32877054810523987 0.3128650486469269 0.0
0.43123701214790344 0.10228385031223297 0.0
0.4378424286842346 0.0 0.0
0.21464769542217255 0.0 0.0
0.0 0.0 0.0
0.0 0.0 0.0
0.0 0.0 0.24651287496089935
0.0 0.0 0.5957672595977783
0.0 0.0 1.049852967262268
0.8981612920761108 0.0 1.7629673480987549
2.326235771179199 0.0 2.6980037689208984
3.0833072662353516 0.0 3.5451645851135254
2.6586594581604004 0.0 4.303573131561279
2.824626922607422 0.0 4.708983421325684
2.8059284687042236 0.0 4.489577293395996
2.312288999557495 0.0 3.9031410217285156
1.5403202772140503 0.0 3.2074546813964844
1.2939376831054688 0.0 2.879152297973633
1.7460383176803589 0.0 3.2874908447265625
2.2631211280822754 0.0 4.205658912658691
3.0838873386383057 0.0 4.65043306350708
3.7172343730926514 0.0 4.3722076416015625
4.183088779449463 0.0 3.815433979034424
4.404312610626221 0.0 2.9863271713256836
4.36323881149292 0.2546078860759735 2.0460000038146973
4.239615440368652 0.5773276090621948 0.8236579895019531
3.9342284202575684 0.5850962996482849 0.0
3.7603766918182373 0.8550393581390381 0.0
4.161268711090088 0.9616584777832031 0.0
4.393224239349365 1.062395453453064 0.0
4.308379650115967 1.2116302251815796 0.0
4.06585693359375 1.8880484104156494 0.0
4.054120063781738 2.366450071334839 0.0
4.355813980102539 2.4480597972869873 0.0
4.719943046569824 2.530021905899048 0.0
5.172932147979736 2.3915724754333496 0.0
5.235940933227539 2.3189334869384766 0.0
4.874348163604736 2.323688268661499 0.0
4.34876012802124 2.1733717918395996 0.0
4.123403549194336 2.1184985637664795 0.0
3.9243719577789307 2.2815425395965576 0.0
3.6746556758880615 2.1232106685638428 0.0
3.20906138420105 1.7027429342269897 0.0
2.4480254650115967 1.0215343236923218 0.0
1.8602957725524902 0.15525494515895844 0.0
1.259049415588379 0.0 0.0
0.6340291500091553 0.0 0.0
0.22072173655033112 0.0 0.0
0.0 0.0 0.0
0.0 0.0 0.0
0.0 0.0 0.0
0.0 0.0 0.0
0.0 0.0 0.0
0.0 0.0 0.0
0.0 0.0 0.0
0.0 0.0 0.0
0.0 0.0 0.0
0.0 0.0 0.0
0.0 0.0 0.0
0.0 0.0 0.0
0.0 0.0 0.0
0.0 0.0 0.0
0.0 0.0 0.0
0.0 0.0 0.0
0.0 0.0 0.0
0.0 0.0 0.0
0.0 0.0 0.0
0.0 0.0 0.006160132586956024
0.0 0.0 0.2510732114315033
0.0 0.0 0.5019302368164062
0.0 0.0 0.5122824907302856
0.0 0.0 0.45514458417892456
0.0 0.0 0.579657793045044
0.0 0.0 0.7761881351470947
0.0 0.0 0.789771318435669
0.0 0.0 0.5531931519508362
0.061012763530015945 0.0 0.20858487486839294
0.0 0.0 0.07758398354053497
0.0 0.0 0.07204247266054153
0.045003440231084824 0.0 0.14205244183540344
0.010541867464780807 0.16060017049312592 0.19890055060386658
0.0 0.2341618835926056 0.17721176147460938
0.02012587897479534 0.19073104858398438 0.10080964863300323
0.18101489543914795 0.07662605494260788 0.10952511429786682
0.2678198218345642 0.010317339561879635 0.1689346432685852
0.3431049883365631 0.0 0.20140443742275238
0.37318965792655945 0.0 0.184677392244339
0.3331564962863922 0.0 0.1395365446805954
0.26424640417099 0.0 0.09178473055362701
0.12966541945934296 0.05582330375909805 0.013864634558558464
0.05059404298663139 0.07971159368753433 0.0
0.020974362269043922 0.06392810493707657 0.0
0.04504028335213661 0.0 0.0
0.01030893437564373 0.09118529409170151 0.0021038493141531944
0.022562937811017036 0.15258578956127167 0.06545592099428177
0.046321798115968704 0.18200093507766724 0.14698061347007751
0.09148075431585312 0.11895274370908737 0.20918966829776764
0.15219709277153015 0.009348480962216854 0.20409929752349854
0.16025981307029724 0.0 0.13339610397815704
0.13666020333766937 0.0 0.03693053871393204
0.10964484512805939 0.0 0.0
0.06194203719496727 0.0 0.0
0.03631337359547615 0.0 0.0
0.02336561493575573 0.0 0.0
0.03256097808480263 0.0 0.0
0.05028378218412399 0.0 0.03074055351316929
0.07047879695892334 0.0 0.04168721288442612
0.08235250413417816 0.0 0.026811594143509865
0.08788149058818817 0.0 0.007630441337823868
0.09776288270950317 0.0 0.0
0.09168048948049545 0.0 0.0
0.07784297317266464 0.0 0.0
0.0597638376057148 0.0 0.0
0.02041083760559559 0.0 0.0
0.0 0.0 0.0
0.0 0.05411941558122635 0.0
0.0 0.012619907967746258 0.0
0.0 0.0 0.0
0.0 0.0 0.0
0.0 0.0 0.0
0.0 0.0 0.002125953324139118
0.0 0.0 0.0
0.0 0.0 0.0
0.0 0.0 0.0
0.0 0.0 0.0
0.0 0.0 0.0
0.004867564421147108 0.0 0.0
0.02901497855782509 0.0 0.025228077545762062
0.016099978238344193 0.0 0.041240863502025604
0.007557090371847153 0.007022210396826267 0.04987776279449463
0.028859982267022133 0.031403716653585434 0.05764780193567276
0.05879576876759529 0.022843968123197556 0.05150805041193962
0.05783357098698616 0.0 0.03643881902098656
0.03550323098897934 0.0 0.027652252465486526
0.03880608081817627 0.0 0.018077390268445015
0.054717935621738434 0.0 0.02785785123705864
0.07055256515741348 0.0 0.0418383814394474
0.09500677138566971 0.0 0.04734819382429123
0.06096171960234642 0.0 0.043955061584711075
0.0 0.03911002352833748 0.022711023688316345
0.0 0.005382951349020004 0.0
0.0 0.0 0.0
0.07556809484958649 0.0 0.0
0.07323490083217621 0.029398806393146515 0.0
0.040395721793174744 0.030615869909524918 0.0
0.009001849219202995 0.007530525326728821 0.0
0.0 0.0 0.0
0.0 0.0 0.0
0.0 0.0 0.0
0.0 0.0 0.0
0.0 0.0 0.0
0.0 0.0 0.0
0.0 0.0 0.0
0.0 0.0 0.03846308961510658
0.0 0.0 0.05567270517349243
0.0 0.0 0.06228400021791458
0.0 0.0 0.05364816635847092
0.017963653430342674 0.0 0.05704502761363983
0.05289846658706665 0.0 0.07971785217523575
0.09317745268344879 0.0 0.09154388308525085
0.14104776084423065 0.0 0.09060538560152054
0.12879003584384918 0.0 0.04471486061811447
0.09285414218902588 0.0 0.024358190596103668
0.07239094376564026 0.0 0.053228989243507385
0.03860927373170853 0.023979540914297104 0.04276356101036072
0.0 0.18249355256557465 0.04484055936336517
0.0 0.26115214824676514 0.06822418421506882
0.031866952776908875 0.12481027841567993 0.09109727293252945
0.31563180685043335 0.0 0.059885554015636444
0.9304249286651611 0.0 0.0
1.2181178331375122 0.0 0.0
1.1533782482147217 0.0 0.0
1.2308099269866943 0.0 0.0
1.1752818822860718 0.29535937309265137 0.0
0.8858242034912109 0.5345205068588257 0.0
0.5876287221908569 0.5239262580871582 0.0
0.39931154251098633 0.38598594069480896 0.0
0.22761167585849762 0.21848563849925995 0.0
0.05469689890742302 0.06155887246131897 0.0
0.0 0.0 0.0
0.0 0.021558992564678192 0.0
0.0 0.1259286105632782 0.0
0.0 0.2909010648727417 0.0233598705381155
0.0 0.48883572220802307 0.08174541592597961
0.0 0.5964423418045044 0.13964493572711945
0.0 0.5286230444908142 0.17081165313720703
0.0 0.34379783272743225 0.15368565917015076
0.0 0.2166697084903717 0.052497781813144684
0.0 0.08428983390331268 0.0
0.0 0.0 0.0
0.0 0.0 0.0
0.0 0.0 0.0
0.0 0.0 0.0
0.0 0.0 0.0
0.0 0.0 0.0
0.08507425338029861 0.0 0.0
0.3284868896007538 0.01729801669716835 0.0
0.5923249125480652 0.007972958497703075 0.05785872042179108
0.8746293187141418 0.0 0.09675445407629013
1.0647854804992676 0.0 0.0772625133395195
1.080592393875122 0.0 0.08899933099746704
0.9767826199531555 0.0 0.10915679484605789
0.9050050973892212 0.0 0.13294921815395355
0.8324477672576904 0.0 0.14315950870513916
0.6325597167015076 0.0 0.18848304450511932
0.3665059208869934 0.05347999185323715 0.2309543490409851
0.09765183180570602 0.13904361426830292 0.23495601117610931
0.0 0.20227877795696259 0.21164456009864807
0.0 0.2006305456161499 0.16207754611968994
0.0 0.0999007523059845 0.13315534591674805
0.0 0.0 0.11177042126655579
0.0 0.0 0.0849800854921341
0.0 0.0 0.04466595500707626
0.0 0.0 0.0
0.0 0.0 0.0
0.0 0.0 0.0
0.0 0.0 0.0
0.0 0.03348710760474205 0.0
0.0 0.06278267502784729 0.0
0.3357163071632385 0.0 0.0
0.7814690470695496 0.0 0.002444467507302761
0.9952582716941833 0.0 0.0
0.8052811622619629 0.05664489418268204 0.008864549919962883
0.5770384073257446 0.17508870363235474 0.012310147285461426
0.4213297665119171 0.2657501697540283 0.015321915969252586
0.3082506060600281 0.32655465602874756 0.01973104663193226
0.20571358501911163 0.30866193771362305 0.025058699771761894
0.11578742414712906 0.21204379200935364 0.03773534297943115
0.0 0.11663392931222916 0.03396644443273544
0.0 0.052112989127635956 0.006946807727217674
0.0 0.07052288949489594 0.0
0.0 0.05684162676334381 0.0
0.0 0.011240053921937943 0.024722911417484283
0.0 0.0 0.03240346908569336
0.0 0.0 0.0
0.0 0.0 0.0
0.0 0.0 0.0
0.0 0.0 0.021236568689346313
0.0 0.0 0.027020689100027084
0.0 0.0 0.0
0.0 0.0 0.0
0.04043898731470108 0.0 0.0
0.2334635704755783 0.0 0.0
0.5001208186149597 0.0 0.0
0.5572507381439209 0.0 0.030506763607263565
0.5685952305793762 0.0 0.07235275208950043
0.6105983853340149 0.0 0.04084702208638191
0.6573168635368347 0.08042871206998825 0.0
0.5379593372344971 0.12960344552993774 0.0
0.38429996371269226 0.11291208863258362 0.0
0.24021068215370178 0.05899985879659653 0.0
0.1036568358540535 0.005096674896776676 0.0
0.0 0.036302000284194946 0.0
0.0 0.13441604375839233 0.0
0.0 0.21546722948551178 0.0
0.0 0.2016478180885315 0.017471127212047577
0.0 0.13048921525478363 0.02946094051003456
0.0 0.028597472235560417 0.0062704021111130714
0.0 0.0 0.0
0.0 0.0 0.0
0.0 0.0 0.0
0.0 0.0 0.0
0.0 0.0 0.0
0.0 0.0 0.0
0.0 0.0438869446516037 0.0
0.0 0.04360358417034149 0.0
0.06913135200738907 0.00821443647146225 0.0
0.15204088389873505 0.0 0.00854527484625578
0.18068450689315796 0.02693539299070835 0.03030410036444664
0.16144156455993652 0.018460683524608612 0.03222104161977768
0.10547018051147461 0.016663050279021263 0.0
0.07068557292222977 0.0 0.0
0.048291586339473724 0.0 0.0
0.028841188177466393 0.0 0.0
0.0 0.020099859684705734 0.0
0.0 0.018966950476169586 0.00138776283711195
0.0 0.017835106700658798 0.01640293002128601
0.0 0.0007141763344407082 0.042058758437633514
0.0 0.0 0.06676464527845383
0.03494648262858391 0.0 0.07448647916316986
0.021379277110099792 0.0 0.04334612935781479
0.002503041410818696 0.0 0.015501126646995544
0.0 0.0 0.0004175156354904175
0.0 0.0 0.0
0.0 0.0 0.0
0.08831887692213058 0.0 0.0
0.19030410051345825 0.0 0.014071010053157806
0.26256072521209717 0.0 0.04142407327890396
0.36939236521720886 0.0 0.02527705766260624
0.4035505950450897 0.0 0.014721352607011795
0.4588439464569092 0.0 0.01812327466905117
0.5419918298721313 0.0 0.017671337351202965
0.553589940071106 0.0 0.03167849779129028
0.4910218417644501 0.0 0.01006348431110382
0.45127710700035095 0.0 0.0
0.4275973439216614 0.08864825963973999 0.0
0.3351587653160095 0.1962980180978775 0.0
0.3191872537136078 0.18359234929084778 0.0
0.38479048013687134 0.13689620792865753 0.0
0.49062156677246094 0.004326985217630863 0.0
0.7163170576095581 0.0 0.0
0.8185134530067444 0.0 0.0
0.7840601205825806 0.0 0.0
0.6630793809890747 0.0 0.0
0.4252740144729614 0.13399548828601837 0.0
0.17247742414474487 0.4129296839237213 0.0
0.0 0.5525916814804077 0.0
0.0 0.4231271743774414 0.0
0.0 0.11690066754817963 0.0
0.0 0.0 0.0
0.0 0.0 0.0
0.0 0.0 0.016824452206492424
0.0 0.0 0.12727026641368866
0.0 0.0 0.21053187549114227
0.0 0.0 0.19284209609031677
0.0 0.0 0.44608551263809204
0.0 0.0 0.9104433655738831
0.0 0.0 1.4112422466278076
0.5894927978515625 0.0 1.7148000001907349
0.971120297908783 0.0 2.229344367980957
1.4672040939331055 0.0 3.186140775680542
1.6319704055786133 0.0 3.7471489906311035
1.8245466947555542 0.0 4.019469261169434
2.374187707901001 0.0 4.221286296844482
2.4927866458892822 0.0 4.302258491516113
2.140463352203369 0.0 3.96134352684021
1.7686997652053833 0.0 3.588189125061035
1.647180438041687 0.0 3.500033378601074
1.7832562923431396 0.0 3.654110908508301
2.3104476928710938 0.0 3.9222209453582764
3.0320444107055664 0.0 4.079241752624512
3.834613561630249 0.0 4.0580735206604
4.550463676452637 0.0 3.6353211402893066
4.962731838226318 0.0 2.7547991275787354
5.071742057800293 0.0 1.4934046268463135
4.562198638916016 0.6568679213523865 0.0
3.7187798023223877 1.528935194015503 0.0
3.813490867614746 1.4121140241622925 0.0
4.191754341125488 0.8785356283187866 0.0
4.564181327819824 0.9844391345977783 0.0
4.841850757598877 1.4700568914413452 0.0
4.745701313018799 2.2673511505126953 0.0
4.702419757843018 2.7707042694091797 0.0
4.762340545654297 2.544321298599243 0.0
4.7303690910339355 2.257396936416626 0.0
4.336004257202148 2.063404083251953 0.0
3.949446439743042 1.839768409729004 0.0
3.669253349304199 1.439131498336792 0.0
3.283890724182129 1.4919183254241943 0.0
3.0529208183288574 1.644150972366333 0.0
2.920201301574707 1.6587536334991455 0.0
2.709930419921875 1.528070092201233 0.0
2.320594310760498 1.2398951053619385 0.0
1.8694260120391846 0.87642502784729 0.0
1.3219294548034668 0.5126492381095886 0.0
0.820267915725708 0.10161828249692917 0.0
0.5610523223876953 0.0 0.0
0.23607823252677917 0.0 0.0
0.0 0.0 0.0
0.0 0.0 0.0
0.0 0.0 0.0
0.0 0.0 0.0
0.0 0.0 0.0
0.0 0.0 0.0
0.0 0.0 0.0
0.0 0.0 0.0
0.0 0.0 0.0
0.0 0.0 0.0
0.0 0.0 0.0
0.0 0.0 0.0
0.0 0.0 0.0
0.0 0.0 0.0
0.0 0.0 0.0
0.0 0.0 0.0
0.0 0.0 0.0
0.0 0.0 0.0
0.0 0.0 0.0
0.0 0.0 0.0
0.0 0.0 0.0
0.0 0.0 0.0
0.0 0.0 0.0
0.0 0.0 0.0
0.0 0.0 0.0
0.0 0.0 0.027017174288630486
0.0 0.0 0.26347047090530396
0.0 0.0 0.2589114010334015
0.0 0.0 0.2339802086353302
0.0 0.0 0.2279212474822998
0.0 0.0 0.22875134646892548
0.0 0.0 0.1445070505142212
0.0 0.0 0.15156948566436768
0.0 0.0 0.3846008777618408
0.0 0.0 0.560921311378479
0.0 0.0 0.32739484310150146
0.0 0.13156485557556152 0.21935731172561646
0.0 0.0 0.00282182265073061
0.0 0.1844555139541626 0.0
0.0 0.2716279625892639 0.022975558415055275
0.0 0.408687561750412 0.10141391307115555
0.0 0.2989000678062439 0.1643257588148117
0.0 0.2903934121131897 0.13285943865776062
0.0 0.21992695331573486 0.2043597251176834
0.0 0.25255441665649414 0.5489615797996521
0.0 0.3188615143299103 0.09220656752586365
0.00133973965421319 0.17499461770057678 0.05677054077386856
0.010993165895342827 0.026236578822135925 0.02967687137424946
0.029037147760391235 0.0 0.0
0.11797740310430527 0.0 0.0
0.19726024568080902 0.03139325603842735 0.0
0.21932481229305267 0.10666324198246002 0.020267125219106674
0.09181664139032364 0.09503854811191559 0.06809829920530319
0.009005915373563766 0.12404916435480118 0.029974082484841347
0.008111359551548958 0.06461166590452194 0.004132896661758423
0.020291326567530632 0.11150193959474564 0.0
0.05354808270931244 0.22838062047958374 0.0
0.0 0.21355560421943665 0.0
0.0 0.18095186352729797 0.0
0.021817583590745926 0.08868424594402313 0.0
0.02786056324839592 0.02199176512658596 0.0
0.09728730469942093 0.0 0.0
0.10729227215051651 0.0 0.0
0.0 0.07685475051403046 0.0
0.0 0.15337002277374268 0.0
0.0855020210146904 0.009524710476398468 0.0
0.16874632239341736 0.0 0.0
0.10303147882223129 0.0 0.0
0.0 0.0 0.0
0.013209715485572815 0.0 0.0
0.0 0.0 0.0
0.10493803769350052 0.0 0.0
0.17090481519699097 0.0 0.020014658570289612
0.04753232002258301 0.0 0.10471878200769424
0.03563118353486061 0.023693088442087173 0.12499421834945679
0.05311376973986626 0.06312278658151627 0.09111055731773376
0.028576739132404327 0.03873568773269653 0.08651314675807953
0.06143295392394066 0.03433721140027046 0.10819340497255325
0.05188552290201187 0.05031537637114525 0.10494488477706909
0.0715111568570137 0.0738057866692543 0.06782601028680801
0.07465368509292603 0.04190138727426529 0.06882229447364807
0.0 0.011305660009384155 0.04553348571062088
0.0 0.05075080320239067 0.038826316595077515
0.04410669580101967 0.010232940316200256 0.024613555520772934
0.05140828341245651 0.01440664567053318 0.04179307818412781
0.0 0.07914409786462784 0.10651428252458572
0.0 0.09070514142513275 0.14390718936920166
0.0 0.12492969632148743 0.11679115891456604
0.0 0.06672311574220657 0.05447504669427872
0.03528763726353645 0.0 0.0
0.0 0.0 0.0
0.0 0.011866256594657898 0.0
0.0 0.058659061789512634 0.0
0.0 0.027843359857797623 0.0
0.006719642784446478 0.0 0.0
0.0 0.0 0.0
0.0 0.0 0.0
0.0 0.0 0.0
0.0 0.006707979366183281 0.0
0.0 0.0 0.0
0.0 0.0 0.0
0.0 0.03947924077510834 0.0
0.02967129833996296 0.0 0.0
0.08085458725690842 0.07302122563123703 0.0
0.0 0.01584848016500473 0.0
0.0 0.03947844356298447 0.0
0.0 0.0448356568813324 0.0
0.007328707724809647 0.0 0.0
0.07124803215265274 0.0 0.0
0.012214809656143188 0.0 0.007088624872267246
0.0 0.0 0.039917945861816406
0.05670584365725517 0.0 0.03630456700921059
0.06311634182929993 0.0 0.03529336676001549
0.035711079835891724 0.0 0.0
0.03382076695561409 0.0 0.0
0.005941201001405716 0.010401517152786255 0.0
0.0 0.07208139449357986 0.01235049869865179
0.0 0.12320689857006073 0.0
0.0 0.12982644140720367 0.0
0.0 0.022423826158046722 0.0
0.0 0.01776648871600628 0.032565489411354065
0.0 0.20590044558048248 0.05749107897281647
0.0 0.0 0.15820038318634033
0.041948288679122925 0.0 0.1281605362892151
0.020343130454421043 0.0 0.04124002903699875
0.15370970964431763 0.0 0.0
0.24900692701339722 0.008909909054636955 0.0
0.0791606456041336 0.24691900610923767 0.0
0.0794764906167984 0.0 0.0
