0.0 0.0 0.09610332548618317
0.0 0.006444729398936033 0.03006545640528202
0.10806265473365784 0.0 0.0
0.11341959983110428 0.0 0.0
0.03249732032418251 0.0 0.0
0.0 0.0 0.0
0.0 0.0 0.0
0.0 0.0 0.0
0.0 0.0 0.0
0.0 0.0 0.0
0.0 0.005688392091542482 0.0
0.0 0.0013722064904868603 0.0
0.0 0.0 0.0
0.0 0.0 0.0
0.0 0.0 0.0
0.0 0.001245440449565649 0.0
0.009953129105269909 0.002274219412356615 0.0
0.015199289657175541 0.0 0.0
0.006422310136258602 0.0 0.014437759295105934
0.0 0.005324338097125292 0.03139650076627731
0.0 0.0053941127844154835 0.012179665267467499
0.005867307074368 0.007662326563149691 0.0
0.020744524896144867 0.002296856138855219 0.0
0.012058890424668789 0.0 0.0
0.0 0.016091497614979744 0.0
0.0 0.0 0.0076943691819906235
0.0 0.0 0.0
0.0 0.030084278434515 0.0
0.0 0.029031530022621155 0.0
0.010292681865394115 0.0 0.0
0.04658437520265579 0.0 0.0
0.020745322108268738 0.0 0.0
0.017424359917640686 0.0 0.0
0.025057777762413025 0.0 0.0
0.015352421440184116 0.0 0.0
0.005452919285744429 0.0 0.0026285042986273766
0.008650843054056168 0.0 0.0015611089766025543
0.004563956055790186 0.0 0.0
0.0 0.004422058816999197 0.0
0.0 0.001196704339236021 0.0
0.0 0.0011676759459078312 0.005746000446379185
0.0 0.0 0.0
0.0 0.0 0.0
0.0 0.005435125436633825 0.0
0.006736106239259243 0.009684471413493156 0.004752051085233688
0.015342377126216888 0.0 0.0
0.01325046457350254 0.0 0.0
0.0 0.0 0.010956683196127415
0.0 0.010746540501713753 0.01733948290348053
0.0 0.007521985098719597 0.021697744727134705
0.02595294453203678 0.0 0.0005948562175035477
0.015375400893390179 0.0 0.0
0.0 0.0 0.0
0.0025088705588132143 0.0 0.0
0.0 0.005456970073282719 0.002516592852771282
0.0 0.017147447913885117 0.01200863253325224
0.0 0.0 0.006647954694926739
0.0 0.0012558335438370705 0.0
0.0 0.00019296538084745407 0.0
0.008928952738642693 0.0 0.0
0.025842422619462013 0.0 0.012365761213004589
0.02057735249400139 0.0032699815928936005 0.007006150670349598
0.002498217858374119 0.0 0.0
0.0 0.0 0.005676167085766792
0.0 0.0 0.003514746204018593
0.0047326101921498775 0.002298726700246334 0.0
0.0014547912869602442 0.0022771554067730904 0.0
0.008834676817059517 0.014979900792241096 0.00906344223767519
0.0 0.0011735418811440468 0.015235849656164646
0.0 0.0 0.0
0.0 0.007670056074857712 0.0
0.00025956472381949425 0.0 0.009987558238208294
0.01933472231030464 0.0 0.020809315145015717
0.0152584882453084 0.0 0.003713684156537056
0.00042974064126610756 0.0012321313843131065 0.0
0.0014390787109732628 0.0 0.0
0.006712137721478939 0.0 0.00470011867582798
0.012049112468957901 0.0 0.003664415329694748
0.0 0.0 0.00882082898169756
0.006712137721478939 0.0 0.00470011867582798
0.013376964256167412 0.0 0.0
0.0121053047478199 0.0 0.0
0.0 0.0 0.01848703622817993
0.0 0.0 0.01956268772482872
0.007841850630939007 0.0 0.0
0.013134350068867207 0.01392022892832756 0.005898009054362774
0.013035813346505165 0.006446333602070808 0.01441932562738657
0.0 0.006510516628623009 0.006760873831808567
0.0 0.0 0.0043911924585700035
0.0 0.001232663169503212 0.0
0.004645258188247681 0.0022667692974209785 0.0
0.021717185154557228 0.0 0.0
0.009040272794663906 0.006554724648594856 0.0
0.0 0.0 0.014146617613732815
0.0012015651445835829 0.0 0.020663363859057426
0.003552870126441121 0.0 0.00040975678712129593
0.0 0.0013479087501764297 0.0
0.0 0.002384677529335022 0.0
0.00028650322929024696 0.011840231716632843 0.008971819654107094
0.0 0.0022392692044377327 0.02273130789399147
0.0067119114100933075 0.0 0.00362552423030138
0.002615437377244234 0.0034067993983626366 0.0
0.0 0.0012871893122792244 0.0
0.0 0.007637763395905495 0.0
0.0 0.004439040087163448 0.0014063119888305664
0.0 0.00550270639359951 0.00350355077534914
0.0 0.00017904769629240036 0.005622628144919872
0.0 0.0012552309781312943 0.0
0.0024748225696384907 0.0 0.0014672977849841118
0.009952446445822716 0.0 0.0004667481407523155
0.0035917521454393864 0.0 0.0
0.0 0.0 0.0
0.0 0.0 0.0
0.0 0.0 0.0
0.0 0.011918528005480766 0.0
0.0 0.006600461900234222 0.0
0.0015634887386113405 0.0 0.0
0.0 0.0 0.0
0.0 0.0022983914241194725 0.003567732870578766
0.0034378215204924345 0.007565325126051903 0.013262704014778137
0.00891940575093031 0.0 0.0
0.0 0.0 0.0
0.0 0.002276820130646229 0.011013133451342583
0.002346990630030632 0.0 0.014292549341917038
0.011953812092542648 0.0 0.012210490182042122
0.010921304114162922 0.0 0.01009114645421505
0.0014545654412359 0.0 0.0
0.0013826601207256317 0.0 0.003586108796298504
0.008796634152531624 0.0011878535151481628 0.01009061373770237
0.003409059252589941 0.0 0.013200387358665466
0.004774728324264288 0.0055367955937981606 0.0
0.0 0.0033884234726428986 0.00029204506427049637
0.0 0.013993930071592331 0.007793370634317398
0.011156461201608181 0.0278298519551754 0.0
0.020598964765667915 0.00012525171041488647 0.0037951674312353134
0.025787334889173508 0.0 0.015539707615971565
0.0 0.0012171482667326927 0.007847700268030167
0.0 0.0 0.00016181636601686478
0.004703621845692396 0.0 0.0
0.02063278667628765 0.0 0.0
0.013055294752120972 0.0 0.009020023047924042
0.01201772689819336 0.0 0.0057978639379143715
0.0 0.0 0.0013756854459643364
0.0 0.0 0.0
0.0 0.005507210269570351 0.003536839038133621
0.006675978656858206 0.004396406002342701 0.009012831375002861
0.0 0.0 0.0045381877571344376
0.0 0.011933418922126293 0.0
0.0 0.0 0.0
0.02170233242213726 0.0 0.0
0.027014540508389473 0.0 0.0
0.007695436477661133 0.0 0.010012049227952957
0.010890964418649673 0.0 0.012215016409754753
0.00330921052955091 0.0032797427847981453 0.02500031888484955
0.009876832365989685 0.0 0.006859932094812393
0.002649012953042984 0.0 0.0
0.0 0.0 0.0
0.009922372177243233 0.0 0.0036830464377999306
0.0 0.006597775034606457 0.0
0.0 0.0 0.0013589058071374893
0.0 0.0 0.004616484045982361
0.012102702632546425 0.0 0.0
0.012095244601368904 0.0 0.0
0.008704508654773235 0.013916407711803913 0.020815428346395493
0.0 0.0 0.001404978334903717
0.0036317193880677223 0.0 0.0
0.0056541236117482185 0.005477650091052055 0.004732864908874035
0.0 0.0 0.0
0.0 0.0 0.0
0.0 0.0 0.012101031839847565
0.0 0.002305026166141033 0.003590368665754795
0.0016021241899579763 0.0 0.0
0.0025784391909837723 0.0 0.0
0.0 0.0 0.0
0.0 0.0 0.0012028450146317482
0.0 0.0 0.0
0.0 0.009916872717440128 0.0
0.0 0.0 0.0
0.0142393559217453 0.0012280438095331192 0.0
0.0 0.004459257237613201 0.0
0.0036405078135430813 0.0 0.0
0.0 0.004479496739804745 0.0
0.0 0.03753465414047241 0.0
0.0 0.01311586145311594 0.0
0.0 0.021552223712205887 0.0
0.0 0.0076518552377820015 0.00030722375959157944
0.01324839424341917 0.0 0.0
0.0 0.01089052390307188 0.0
0.0 0.002311151474714279 0.002511521801352501
0.00014164671301841736 0.0 0.019582385197281837
0.017114505171775818 0.0 0.030452076345682144
0.029007649049162865 0.003260567784309387 0.0167104322463274
0.016560567542910576 0.0 0.0
0.0 0.0 0.0
0.0 0.0 0.003547757863998413
0.007788694463670254 0.0012466488406062126 0.0036747902631759644
0.0024501215666532516 0.006568976677954197 0.004707031883299351
0.0 0.0002588825300335884 0.0
0.0 0.0 0.0
0.0 0.0 0.0
0.0 0.0 0.0
0.0 0.0 0.0
0.0 0.010903803631663322 0.0011647604405879974
0.0 0.003391292877495289 0.008830935694277287
0.004635511431843042 0.0 0.0
0.0 0.00020854920148849487 0.0014497190713882446
0.0 0.004457622766494751 0.0046255383640527725
0.0 0.0 0.0
0.007864594459533691 0.0 0.0
0.003340682480484247 0.0 0.020712897181510925
0.0 0.00016061216592788696 0.01426804531365633
0.004626190289855003 0.0 0.0
0.019417654722929 0.0 0.013381480239331722
0.01300369668751955 0.0 0.013293328694999218
0.0 0.010874509811401367 0.0
0.0 0.0 0.0
0.0 0.0 0.0
0.0 0.0 0.0
0.0 0.010882232338190079 0.0
0.0 0.0 0.0
0.0 0.0 0.0
0.0 0.0 0.0
0.0 0.005586802959442139 0.0
0.0 0.013022081926465034 0.0
0.006913313176482916 0.0 0.0
0.004765207413583994 0.0034432243555784225 0.0
0.0 0.0 0.0034654662013053894
0.0 0.00240432471036911 0.0
0.013436726294457912 0.013038327917456627 0.0
0.07013968378305435 0.01510360836982727 0.0
0.09576541930437088 0.03205862268805504 0.0
0.017533734440803528 0.015092156827449799 0.0
0.0 0.0 0.0
0.0 0.0 0.0
0.0 0.01775132305920124 0.0
0.0 0.03435666486620903 0.009307109750807285
0.022691745311021805 0.02032926306128502 0.01029540877789259
0.04520184546709061 0.0 0.0
0.0026551850605756044 0.0 0.0
0.0 0.04074638709425926 0.0
0.0 0.02563534677028656 0.03971082344651222
0.02868199348449707 0.0 0.0476803332567215
0.068717822432518 0.0 0.0
0.041517894715070724 0.025856386870145798 0.0
0.032036975026130676 0.0 0.0
0.04169492423534393 0.012101013213396072 0.0
0.014512574300169945 0.0034694410860538483 0.0
0.06829910725355148 0.035396747291088104 0.0
0.053198717534542084 0.08676273375749588 0.0
0.03384445980191231 0.062309056520462036 0.0
0.07618366181850433 0.02809569053351879 0.0
0.054937493056058884 0.01967317797243595 0.0
0.02314254641532898 0.0 0.0
0.042246732860803604 0.0016774004325270653 0.0
0.05047643184661865 0.0 0.0
0.19696733355522156 0.0 0.0
0.2989746630191803 0.0 0.01610242947936058
0.22698275744915009 0.0 0.0
0.09602474421262741 0.01341315172612667 0.0
0.0 0.09333435446023941 0.0
0.0 0.040871940553188324 0.0
0.052071668207645416 0.0 0.0
0.013965827412903309 0.0 0.0
0.0 0.0 0.0
0.0 0.0 0.0
0.0 0.0 0.0
0.0 0.0 0.08116506040096283
0.0 0.0 0.07712797075510025
0.0 0.0 0.020417284220457077
0.0 0.0 0.0
0.0 0.0 0.0
0.0 0.0 0.0
0.0 0.0 0.03085394576191902
0.0 0.0 0.0
0.0 0.0 0.0
0.0 0.0 0.0
0.0 0.0 0.0
0.0 0.0 0.0
0.0 0.02622322179377079 0.0
0.0 0.0 0.0
0.0 0.0 0.0
0.0 0.0 0.0
0.0 0.0 0.0
0.0 0.0 0.0
0.0 0.0 0.0
0.0 0.0 0.4820230007171631
0.0 0.0 1.066344976425171
0.0 0.0 1.6673732995986938
0.0 0.0 2.2525675296783447
0.47426047921180725 0.0 3.1622536182403564
2.305975914001465 0.0 4.040750026702881
4.641928195953369 0.0 4.356112003326416
6.852599143981934 0.0 4.304239749908447
7.499029159545898 0.0 3.945946216583252
7.135715007781982 0.0 3.622793436050415
7.2382354736328125 0.0 3.1101906299591064
7.8541178703308105 0.0 2.8776626586914062
9.031118392944336 0.0 1.619699478149414
9.910504341125488 0.0 0.32867738604545593
9.500621795654297 0.0 0.0
5.634250640869141 0.0 0.0
2.5790672302246094 0.2808203399181366 0.0
1.2509872913360596 1.189244031906128 0.0
0.6228224635124207 1.5305569171905518 0.0
0.27862945199012756 1.629246473312378 0.0
0.0 1.8105987310409546 0.0
0.0 2.109649181365967 0.0
0.0 2.1341552734375 0.0
0.0 1.8291548490524292 0.0
0.0 1.5163875818252563 0.0
0.0 0.9733743071556091 0.0
0.0 0.0 0.0
0.0 0.0 0.0
0.0 0.0 0.0
0.0 0.7698789834976196 0.0
0.0 1.363976240158081 0.0
0.0 0.3075734078884125 0.0
0.0 0.0027080439031124115 0.0
0.0 0.09414448589086533 0.0
0.0 0.25421401858329773 0.0
0.0 0.0 0.0
0.0 0.0 0.0
0.0 0.0 0.0
0.0 0.0 0.0
0.0 0.0 0.0
0.0 0.0 0.0
0.0 0.0 0.0
0.49940043687820435 0.0 0.0
0.918302595615387 0.0 0.0
0.6225854754447937 0.03322947025299072 0.0
0.08498301357030869 1.1133149862289429 0.24094271659851074
0.0 1.512006163597107 0.48954108357429504
0.0 1.1646900177001953 0.4133903980255127
0.0 0.9362146854400635 0.8777192234992981
0.0 0.8287808895111084 1.278153896331787
0.0 1.0791252851486206 1.1202434301376343
0.10405843704938889 0.663377046585083 0.29095396399497986
0.6027553081512451 0.0 0.0
0.40174978971481323 0.0 0.0
0.04041367769241333 0.21815937757492065 0.0
0.12184435874223709 0.0 0.0
0.40124911069869995 0.0 0.0
0.6240467429161072 0.0 0.0
0.6003627181053162 0.0 0.670017659664154
0.40603113174438477 0.0 0.5915313363075256
0.40692490339279175 0.0 0.0
0.3477872610092163 0.0 0.0
0.3497372269630432 0.0 0.09958454221487045
0.05570613965392113 0.0344608798623085 0.0
0.0 0.6363115906715393 0.23882925510406494
0.0 0.10357017815113068 0.23555488884449005
0.24705132842063904 0.0 0.10349778831005096
0.11068576574325562 0.0 0.12227919697761536
0.007451257668435574 0.0 0.2341889590024948
0.0 0.023275870829820633 0.7507492303848267
0.0 0.19328540563583374 0.42673632502555847
0.0 0.0 0.24528156220912933
0.0 0.0 0.0
0.04061773419380188 0.0 0.0
0.09685863554477692 0.0 0.06000383943319321
0.09206175059080124 0.0 0.15271566808223724
0.26501941680908203 0.0 0.20593787729740143
0.30113986134529114 0.0 0.0
0.14417076110839844 0.0 0.0
0.0 0.054150428622961044 0.0
0.0 0.08461406826972961 0.0
0.0 0.09526164829730988 0.0
0.0 0.0 0.0
0.11900494992733002 0.0 0.0
0.13509336113929749 0.0 0.0
0.040523990988731384 0.0 0.013090930879116058
0.0 0.0 0.04834159463644028
0.0 0.035685136914253235 0.002820981666445732
0.0 0.0 0.0
0.0 0.0 0.0
0.0 0.026122789829969406 0.0
0.0 0.0 0.0
0.051182493567466736 0.0 0.02627197839319706
0.11842411011457443 0.0 0.019327254965901375
0.07586866617202759 0.0 0.013722898438572884
0.0 0.02795238047838211 0.0
0.0 0.13254164159297943 0.0
0.0 0.15711089968681335 0.0
0.0 0.031348444521427155 0.0
0.0 0.0 0.0
0.07305343449115753 0.0 0.0
0.048169925808906555 0.0 0.008087649941444397
0.02599431574344635 0.0 0.0
0.0 0.0333668552339077 0.0
0.0 0.018371660262346268 0.0
0.0330282561480999 0.0 0.03152187168598175
0.030475350096821785 0.0 0.0
0.008174572139978409 0.0 0.0
0.0312761627137661 0.0 0.0
0.005817450117319822 0.0 0.0
0.0 0.017261551693081856 0.0
0.0 0.0033968687057495117 0.004666019231081009
0.0 0.0 0.009885015897452831
0.0007073767483234406 0.0 0.0
0.0 0.015372037887573242 0.0
0.01754974015057087 0.0 0.0
0.0748167559504509 0.0 0.013742870651185513
0.06843076646327972 0.0 0.016990862786769867
0.04513129964470863 0.0 0.0
0.0 0.021702637895941734 0.0
0.0 0.017430394887924194 0.0
0.024801261723041534 0.0 0.00262603722512722
0.04275336489081383 0.0 0.019867077469825745
0.030263405293226242 0.0022999122738838196 0.0
0.011323535814881325 0.006686671636998653 0.0
0.010364530608057976 0.0 0.0
0.0358954556286335 0.0 0.0
0.07494618743658066 0.0 0.0009210817515850067
0.04913696274161339 0.0 0.026440557092428207
0.0 0.06519259512424469 0.0
0.0 0.037579603493213654 0.0
0.01117146946489811 0.0 0.0
0.026189565658569336 0.0 0.0
0.0 0.06291239708662033 0.03535814955830574
0.0 0.09039115905761719 0.09181743860244751
0.0 0.11796552687883377 0.10482165217399597
0.0 0.08286719769239426 0.08801044523715973
0.08129569888114929 0.013816220685839653 0.01833922043442726
0.17151108384132385 0.0 0.05093737691640854
0.05484651401638985 0.0 0.19521358609199524
0.09667518734931946 0.0 0.37600550055503845
0.12761951982975006 0.0 0.5999032855033875
0.05365607887506485 0.08939860016107559 0.8547994494438171
0.08868037909269333 0.0 1.2658942937850952
0.25131455063819885 0.0 1.7951043844223022
0.3886644244194031 0.0 2.1077237129211426
0.3643590807914734 0.0 1.909514307975769
0.3763158917427063 0.0 1.3190275430679321
0.45321306586265564 0.04732730984687805 0.8084434270858765
0.48592519760131836 0.0 0.6149522662162781
0.45151954889297485 0.0 0.522455632686615
0.36292338371276855 0.0 0.33177173137664795
0.309985876083374 0.06806161999702454 0.0
0.22368879616260529 0.09574943780899048 0.0
0.08288933336734772 0.04516588896512985 0.0
0.0 0.02697383426129818 0.0
0.0 0.043256133794784546 0.0
0.0 0.08138647675514221 0.0
0.0 0.12562210857868195 0.0
0.0 0.0 0.0
0.0 0.0 0.0
0.0 0.0 0.0
0.0 0.0 0.0
0.0 0.0 0.0
0.0 0.0 0.0
0.0 0.0 0.0
0.0 0.053912874311208725 0.4278410077095032
0.06460429728031158 0.09837621450424194 0.7246039509773254
0.1455601155757904 0.10587620735168457 0.9497832655906677
0.1817237138748169 0.09367972612380981 1.0644148588180542
0.18039321899414062 0.09425550699234009 1.1947379112243652
0.22440487146377563 0.09560306370258331 1.378932237625122
0.27442997694015503 0.16877128183841705 1.4031721353530884
0.2831512987613678 0.21305619180202484 1.4963462352752686
0.3247346878051758 0.15519022941589355 1.5959274768829346
0.3825537860393524 0.09391088783740997 1.4638352394104004
0.3962133824825287 0.04185541346669197 1.1636061668395996
0.34561359882354736 0.05930125340819359 0.7913832068443298
0.18693366646766663 0.05308383330702782 0.5483385920524597
0.09938224405050278 0.024667639285326004 0.2343554049730301
0.0 0.018049417063593864 0.0
0.0 0.0 0.0
0.0 0.0 0.0
0.0 0.0 0.0
0.0 0.0 0.0
0.0 0.0 0.0
0.0 0.0 0.0
0.0 0.0 0.0
0.0 0.0 0.0
0.0 0.0 0.0
0.0 0.0 0.0
0.0 0.0 0.0
0.0 0.0 0.0
0.0 0.0 0.0
0.0 0.0 0.0
0.06337524205446243 0.0 0.0
0.047617051750421524 0.0 0.17600901424884796
0.010932807810604572 0.029416855424642563 0.4311257302761078
0.05501265078783035 0.018038764595985413 0.606732964515686
0.11864675581455231 0.0 0.7472503781318665
0.14238137006759644 0.04678066447377205 0.8341818451881409
0.17082101106643677 0.0398188941180706 0.9743927121162415
0.2667542099952698 0.0 1.1834248304367065
0.3301888406276703 0.0 1.3442552089691162
0.4031309485435486 0.0 1.3075824975967407
0.4280022084712982 0.07929094135761261 1.0871262550354004
0.3961729109287262 0.09894080460071564 0.9672205448150635
0.41706034541130066 0.0 0.9937438368797302
0.4521973133087158 0.0 0.9939256310462952
0.43577077984809875 0.0 0.9329238533973694
0.3948875069618225 0.0 0.7638893127441406
0.27734678983688354 0.032609499990940094 0.5748152732849121
0.1671755164861679 0.054770998656749725 0.39324116706848145
0.09025357663631439 0.07267782092094421 0.19489242136478424
0.030977468937635422 0.07163386791944504 0.0
0.0 0.0 0.0
0.0 0.0 0.0
0.0 0.0 0.0
0.0 0.045480020344257355 0.0
0.0 0.17825590074062347 0.0
0.0 0.15753412246704102 0.0
0.0 0.011915139853954315 0.0
0.0 0.0 0.0
0.0 0.0 0.0
0.0 0.0 0.0
0.0 0.0 0.0
0.0 0.0 0.0
0.0 0.0 0.0
0.0 0.0 0.0
0.15909601747989655 0.0 0.29151326417922974
0.30752384662628174 0.0 0.49168550968170166
0.2563168704509735 0.0 0.527238130569458
0.14279374480247498 0.17309975624084473 0.6038394570350647
0.22155247628688812 0.12426591664552689 0.8266776204109192
0.4145656228065491 0.0 1.1271226406097412
0.5544396042823792 0.0 1.4209548234939575
0.5183929204940796 0.06467609107494354 1.5345380306243896
0.3524673581123352 0.3471764922142029 1.417349934577942
0.2825029194355011 0.4307589828968048 1.279109239578247
0.31626033782958984 0.1925368458032608 1.281879186630249
0.37437450885772705 0.0 1.309601068496704
0.36798587441444397 0.05381731688976288 1.1078107357025146
0.30469292402267456 0.16628925502300262 0.6342791318893433
0.15952745079994202 0.1872619241476059 0.2215954065322876
0.0 0.0811498686671257 0.0
0.0 0.0 0.0
0.0 0.0 0.0
0.0 0.0660950243473053 0.0
0.0 0.16913484036922455 0.0
0.0 0.2712412476539612 0.0
0.0 0.216807022690773 0.0
0.0 0.1056770533323288 0.0
0.0 0.02747119404375553 0.0
0.0 0.0 0.0
0.0 0.0 0.0
0.0 0.0 0.0
0.0 0.0 0.0
0.0 0.0 0.0
0.0 0.0 0.0
0.0 0.0 0.0
0.0 0.07061666250228882 0.0
0.0 0.0 0.0
0.05870937183499336 0.0 0.21623313426971436
0.18956300616264343 0.0 0.47411128878593445
0.1807391345500946 0.06489352881908417 0.5290890336036682
0.1999431848526001 0.15796542167663574 0.6481656432151794
0.3271786570549011 0.11624779552221298 0.9324051141738892
0.4873132109642029 0.004269333556294441 1.2242236137390137
0.5802825093269348 0.0 1.418452501296997
0.49108263850212097 0.3054496943950653 1.422876000404358
0.2521986663341522 0.6109344959259033 1.4513928890228271
0.24735945463180542 0.43608358502388 1.5853855609893799
0.5173080563545227 0.0 1.9314672946929932
0.9428759217262268 0.0 2.126087188720703
0.9991463422775269 0.0 1.862154245376587
0.6968440413475037 0.14094223082065582 1.5237514972686768
0.41713598370552063 0.31968721747398376 1.3506063222885132
0.34045425057411194 0.19557778537273407 1.3163203001022339
0.4040396213531494 0.0012341290712356567 1.226586937904358
0.4233395457267761 0.012362414039671421 0.8016260266304016
0.3277704119682312 0.04164599999785423 0.13200055062770844
0.012217771261930466 0.13679729402065277 0.0
0.0 0.17235714197158813 0.0
0.0 0.12508897483348846 0.0
0.0 0.07874543219804764 0.0
0.0 0.006479491479694843 0.0
0.0 0.0 0.0
0.0 0.0 0.0
0.0 0.0 0.0
0.0 0.0 0.0
0.0 0.0 0.0
0.0 0.0 0.0
0.0 0.0 0.0
0.0 0.0 0.0
0.0 0.0 0.0
0.0 0.0 0.0
0.0 0.0 0.0
0.0 0.0 0.0
0.0 0.0 0.22133895754814148
0.1330011785030365 0.0 0.5935239791870117
0.27288585901260376 0.02754269912838936 0.8012406826019287
0.36104580760002136 0.1164693757891655 0.8558253645896912
0.4058534801006317 0.13192130625247955 0.9642229080200195
0.46147415041923523 0.041426289826631546 1.2518621683120728
0.5721990466117859 0.0 1.6766736507415771
0.6485167145729065 0.014367508701980114 1.8476264476776123
0.6059079766273499 0.14517426490783691 1.859376311302185
0.6452361941337585 0.11422459781169891 1.870352029800415
0.6894018054008484 0.0 1.9141488075256348
0.7058263421058655 0.0 1.953304409980774
0.7359200716018677 0.0 1.7140947580337524
0.6070188283920288 0.0 1.1919690370559692
0.37229254841804504 0.0171598419547081 0.6804106831550598
0.15803831815719604 0.0 0.3373901844024658
0.01769372634589672 0.0 0.06546732038259506
0.0 0.0 0.0
0.0 0.0 0.0
0.0 0.06701342016458511 0.0
0.0 0.11294735223054886 0.0
0.0 0.1577124297618866 0.0
0.0 0.1418839395046234 0.0
0.0 0.11114732176065445 0.0
0.0 0.061733439564704895 0.0
0.0 0.0 0.0
0.0 0.0 0.0
0.0 0.0 0.0
0.0 0.0 0.0
0.0 0.0 0.0
0.0 0.0 0.0
0.0 0.02108694054186344 0.0
0.0 0.021097593009471893 0.0
0.0 0.0 0.0
0.0219555851072073 0.0 0.0
0.2017626315355301 0.0 0.3279396891593933
0.14214164018630981 0.13356554508209229 0.6613959670066833
0.08300907909870148 0.28507357835769653 0.8311586380004883
0.2348625212907791 0.2313685417175293 0.897668719291687
0.430798202753067 0.021109577268362045 1.013254165649414
0.6176013946533203 0.0 1.2856649160385132
0.6846097707748413 0.0 1.6217947006225586
0.5804497599601746 0.04790763556957245 1.7252659797668457
0.4766458570957184 0.25705206394195557 1.5753427743911743
0.4785902202129364 0.18724262714385986 1.478987455368042
0.5246408581733704 0.020390789955854416 1.4383106231689453
0.44647330045700073 0.0 1.455515742301941
0.2921023666858673 0.07720533758401871 1.4351036548614502
0.23282280564308167 0.1480209231376648 1.2937233448028564
0.2777383625507355 0.09987442940473557 1.0686012506484985
0.2879294753074646 0.031396836042404175 0.8964822888374329
0.20329634845256805 0.0 0.8142465353012085
0.1522776335477829 0.0 0.693098247051239
0.12926232814788818 0.0015305494889616966 0.43969792127609253
0.07088184356689453 0.008252101019024849 0.09620711952447891
0.0 0.040654249489307404 0.0
0.0 0.03045940399169922 0.0
0.0 0.022118382155895233 0.0
0.0 0.028147511184215546 0.0
0.0 0.049920450896024704 0.0
0.0 0.04524953290820122 0.0
0.0 0.04603733867406845 0.0
0.0 0.06479638069868088 0.0
0.0 0.02250457927584648 0.0
0.0 0.009572536684572697 0.0
0.0 0.022049445658922195 0.0
0.0 0.008962939493358135 0.0
0.0 0.0076239025220274925 0.0
0.0 0.0 0.0
0.0 0.0 0.0
0.0 0.0 0.0
0.0 0.018259502947330475 0.0
0.0 0.020740237087011337 0.0
0.0 0.0 0.0
0.03331579267978668 0.0 0.10630238056182861
0.18531252443790436 0.0005992818623781204 0.38470658659935
0.2184496968984604 0.08874538540840149 0.39280152320861816
0.1861141324043274 0.08377140015363693 0.3187486231327057
0.20980001986026764 0.0 0.3891966938972473
0.24985449016094208 0.0 0.5336244106292725
0.2539759874343872 0.002607305534183979 0.6631610989570618
0.259521484375 0.10747326910495758 0.7629097700119019
0.297177791595459 0.13726231455802917 0.7377429008483887
0.278310090303421 0.11550429463386536 0.5964662432670593
0.21145065128803253 0.027582164853811264 0.546370804309845
0.22191554307937622 0.0 0.5514894127845764
0.24831758439540863 0.0 0.5719025731086731
0.21730826795101166 0.0 0.5834683775901794
0.1386217176914215 0.06096196174621582 0.47203776240348816
0.05435635894536972 0.07747489213943481 0.3654862940311432
0.07801215350627899 0.0 0.33335286378860474
0.13297633826732635 0.0 0.3687971234321594
0.1680469810962677 0.0 0.37866201996803284
0.12411253899335861 0.0 0.3069779872894287
0.03090030327439308 0.05918855965137482 0.15152952075004578
0.0 0.07995189726352692 0.03661677986383438
0.0 0.0 0.03341006487607956
0.07320967316627502 0.0 0.0595436692237854
0.11817368865013123 0.0 0.043926626443862915
0.053371526300907135 0.0 0.02534947730600834
0.0 0.04618700593709946 0.0
0.0 0.024036698043346405 0.0
0.001748276874423027 0.0 0.0
0.05150917172431946 0.0 0.0
0.05045163631439209 0.0 0.0
0.006231442093849182 0.0 0.0
0.0 0.0059865908697247505 0.0
0.0 0.0005052722990512848 0.0
0.0304638110101223 0.0 0.0
0.062282994389534 0.0 0.0
0.06574244052171707 0.0 0.0
0.08683466166257858 0.0 0.0
0.03696856647729874 0.019498996436595917 0.0
0.0 0.061001967638731 0.003306252881884575
0.015968477353453636 0.0 0.035797882825136185
0.056870900094509125 0.0 0.0
0.0 0.0 0.0
0.0 0.007793870754539967 0.010727683082222939
0.0 0.0 0.023870650678873062
0.03728362172842026 0.0 0.03485964983701706
0.02344849891960621 0.0 0.031526971608400345
0.05106494575738907 0.0 0.040259476751089096
0.029327159747481346 0.02157626301050186 0.0
0.0 0.05260049179196358 0.0
0.0 0.024850085377693176 0.0
0.05457285791635513 0.0 0.013659290969371796
0.05150090157985687 0.0 0.0008055446669459343
0.009319363161921501 0.003651323728263378 0.0
0.0 0.022926218807697296 0.0
0.0 0.01431994792073965 0.0
0.0154230622574687 0.0 0.0
0.01431199163198471 0.0 0.0
0.005909452214837074 0.0 0.0
0.0 0.0005370238795876503 0.0
0.0 0.019734419882297516 0.0
0.0 0.0 0.0
0.025047460570931435 0.0 0.0
0.0 0.0 0.0
0.0 0.029235515743494034 0.0
0.0 0.002714158035814762 0.0
0.011653358116745949 0.0 0.0
0.012508232146501541 0.0 0.0
0.0 0.0 0.0
0.0 0.0 0.0
0.0 0.0 0.0
0.0 0.019128818064928055 0.0
0.0 0.1492151916027069 0.0
0.0 0.24182474613189697 0.0
0.0 0.22179777920246124 0.0
0.0 0.12407786399126053 0.0
0.0 0.0 0.0
0.0 0.0 0.0
0.0 0.0 0.0
0.0 0.0 0.0
0.0 0.0 0.0
0.0 0.0 0.0
0.0 0.0 0.0
0.0 0.0 0.0
0.0 0.0 0.0
0.0 0.0 0.0
0.0 0.0 0.21002401411533356
0.03133190795779228 0.0 0.7487807273864746
0.2978629171848297 0.0 1.817435383796692
1.0218437910079956 0.0 3.0905704498291016
2.6067392826080322 0.0 4.049999237060547
4.855164051055908 0.0 4.437593460083008
6.145480155944824 0.0 4.433226108551025
6.00719690322876 0.0 4.5395684242248535
5.945113182067871 0.0 5.0119309425354
6.372807025909424 0.0 4.915501117706299
7.098677158355713 0.0 3.915651559829712
8.014874458312988 0.0 2.209520101547241
8.568916320800781 0.0 0.0
8.254264831542969 0.0 0.0
5.074426174163818 1.3388817310333252 0.0
1.8623113632202148 3.046482563018799 0.0
1.0848771333694458 2.099315881729126 0.0
1.1965298652648926 1.268933892250061 0.0
0.42067086696624756 1.7090175151824951 0.0
0.0 1.912409782409668 0.0
0.0 1.4049550294876099 0.0
0.0 1.1612292528152466 0.0
0.0 1.5697762966156006 0.0
0.0 2.3659493923187256 0.0
0.0 1.4119906425476074 0.0
0.0 0.0 0.0
0.0 0.0 0.0
0.0 0.0 0.0
0.0 0.0 0.0
0.0 0.0 0.0
0.0 0.0 0.0
0.0 0.0 0.0
0.0 0.0 0.0
0.0 0.0 0.0
0.0 0.0 0.0
0.0 0.0 0.017307549715042114
0.0 0.0 0.4573855698108673
0.0 0.0 0.7274439930915833
0.0 0.37952038645744324 0.7728250622749329
0.0 0.27869176864624023 0.6825518608093262
0.0 0.0 0.43595167994499207
0.0 0.0 0.16455718874931335
0.20156249403953552 0.0 0.09630303084850311
0.4596211910247803 0.0 0.1334163099527359
0.5635601282119751 0.0 0.2160550057888031
0.39396601915359497 0.12871132791042328 0.14149688184261322
0.2839612066745758 0.13247783482074738 0.04533012956380844
0.29207614064216614 0.06788340210914612 0.0
0.286443293094635 0.0008447151631116867 0.0
0.24510277807712555 0.0 0.05381602421402931
0.2124766707420349 0.0 0.09693579375743866
0.2165168672800064 0.0 0.007074360735714436
0.0867341086268425 0.0 0.0
0.0 0.0 0.0
0.0 0.0 0.0021203476935625076
0.0 0.0 0.01317752618342638
0.006547129712998867 0.015112555585801601 0.020813342183828354
0.05108130723237991 0.0 0.043571650981903076
0.035931386053562164 0.0 0.059345025569200516
0.0 0.0 0.007714317180216312
0.0 0.006875930353999138 0.0
0.0 0.0 0.0
0.1354433298110962 0.0 0.030346661806106567
0.21072103083133698 0.0 0.07153510302305222
0.17116963863372803 0.0 0.08191291242837906
0.07426918298006058 0.0 0.070476233959198
0.0 0.0 0.0
0.0 0.0 0.0
0.0 0.0 0.0
0.014589610509574413 0.0 0.062409255653619766
0.0695284903049469 0.0 0.11854390054941177
0.1057959496974945 0.0 0.11669006198644638
0.10250561684370041 0.0 0.021592050790786743
0.03293692320585251 0.0 0.0
0.0 0.0 0.0
0.010770903900265694 0.0 0.014207904227077961
0.0 0.0 0.05689757689833641
0.0 0.039719097316265106 0.015927772969007492
0.0 0.048561323434114456 0.0
0.0 0.0 0.0
0.01062762551009655 0.0 0.022632282227277756
0.030577631667256355 0.0 0.06361992657184601
0.0 0.07245706766843796 0.060108017176389694
0.0 0.10247062891721725 0.011805999092757702
0.0 0.05477368086576462 0.0
0.03355424851179123 0.0 0.0
0.08425390720367432 0.0 0.02663075178861618
0.04481063038110733 0.0075419871136546135 0.0350591242313385
0.0 0.09823380410671234 0.0
0.0 0.05155045539140701 0.0
0.03468715399503708 0.0 0.0
0.025048110634088516 0.0003322772681713104 0.0
0.004479984287172556 0.01620391756296158 0.014386334456503391
0.0 0.08984778076410294 0.0
0.0 0.0 0.0
0.05129329487681389 0.0 0.009091704152524471
0.03505999594926834 0.0 0.043380703777074814
0.0 0.049206607043743134 0.034182146191596985
0.0 0.007694852538406849 0.02381259575486183
0.03770691528916359 0.0 0.0
0.03143623471260071 0.0 0.0
0.04275410622358322 0.0 0.010095986537635326
0.05548827350139618 0.0 0.025355100631713867
0.0 0.09498805552721024 0.01095911767333746
0.0 0.08124800771474838 0.0
0.017601344734430313 0.0 0.0
0.03790421783924103 0.0 0.0
0.007851513102650642 0.0 0.0
0.0 0.045032478868961334 0.006544928066432476
0.0 0.040939733386039734 0.0
0.0 0.0 0.0
0.013323776423931122 0.0 0.0
0.0 0.0 0.0
0.0 0.0 0.0
0.02065732330083847 0.0 0.0
0.04534109681844711 0.0 0.0
0.02588404342532158 0.0 0.00163272675126791
0.024613182991743088 0.0 0.02410954236984253
0.03305567055940628 0.004376396536827087 0.036000289022922516
0.03509298712015152 0.0 0.044546373188495636
0.03196936473250389 0.0 0.03594809025526047
0.0 0.0 0.01102036889642477
0.0 0.009893134236335754 0.021385394036769867
0.0 0.0 0.028122391551733017
0.024710120633244514 0.0 0.015584762208163738
0.0 0.028012750670313835 0.0023445896804332733
0.0 0.026990363374352455 0.0
0.0 0.003681844100356102 0.0
0.0 0.0 0.0
0.03003218211233616 0.0 0.0057819318026304245
0.0 0.0035430938005447388 0.00025640521198511124
0.0 0.052570827305316925 0.0
0.0503944456577301 0.0 0.008356143720448017
0.15259139239788055 0.0 0.023036818951368332
0.36302614212036133 0.0 0.0037542013451457024
1.012721061706543 0.07759921252727509 0.0
1.458194375038147 0.17715881764888763 0.0
1.5807688236236572 0.26013198494911194 0.0
1.3688839673995972 0.5482876300811768 0.0
1.1982365846633911 0.7937189936637878 0.0
1.1379972696304321 1.018923044204712 0.0
1.1224409341812134 1.0952308177947998 0.017300371080636978
0.9878708124160767 0.977515459060669 0.009164678864181042
0.7274488210678101 0.7899484634399414 0.0
0.4527623951435089 0.5523260831832886 0.0
0.26447612047195435 0.36233213543891907 0.0020812032744288445
0.08685924112796783 0.20738036930561066 0.023307662457227707
0.0 0.10041344910860062 0.0
0.0 0.003392891027033329 0.0
0.0 0.0 0.0
0.0 0.0 0.0
0.0 0.0 0.011980180628597736
0.0 0.0 0.052021075040102005
0.0 0.0 0.059007082134485245
0.0 0.0 0.047683849930763245
0.0 0.0 0.01044300477951765
0.0 0.0 0.006161440163850784
0.0 0.01800854131579399 0.08598729223012924
0.0 0.0 0.2834950387477875
0.0 0.0 0.5018010139465332
0.0 0.0 0.37169545888900757
0.0 0.0 0.09910070151090622
0.2293148636817932 0.0 0.012652096338570118
0.3539271056652069 0.0 0.05704859271645546
0.4468996524810791 0.0736134797334671 0.07027251273393631
0.5808054804801941 0.2545614242553711 0.0
0.8292416930198669 0.29621461033821106 0.0
1.2703946828842163 0.20304976403713226 0.0
1.7017375230789185 0.023762296885252 0.0
1.956203579902649 0.0 0.0
1.9923992156982422 0.12253974378108978 0.0
1.705896258354187 0.45018845796585083 0.0
1.3858416080474854 0.6041428446769714 0.0
1.0106322765350342 0.6970956921577454 0.0
0.5882596969604492 0.8669617176055908 0.0
0.27278539538383484 0.7621521949768066 0.0
0.1705349087715149 0.4209568202495575 0.01308539230376482
0.04381450638175011 0.10002590715885162 0.04176044836640358
0.0 0.0 0.08188123255968094
0.0 0.0 0.09042838215827942
0.0 0.0 0.0
0.0 0.0 0.0
0.0 0.0 0.028207354247570038
0.0 0.12205398082733154 0.06832307577133179
0.0 0.37208035588264465 0.09745939075946808
0.0 0.3146154582500458 0.11634067445993423
0.0 0.0 0.0898779034614563
0.0 0.0 0.08197364211082458
0.0 0.0 0.1245349571108818
0.0 0.0 0.14340825378894806
0.0 0.0 0.10190713405609131
0.0 0.0 0.10854080319404602
0.0 0.0021749818697571754 0.10874107480049133
0.11067849397659302 0.0 0.051467135548591614
0.23715734481811523 0.0 0.0
0.28535178303718567 0.0 0.0
0.3936462998390198 0.0 0.0
0.5996060967445374 0.2866429388523102 0.0
0.9285597205162048 0.12245585024356842 0.0
1.5074055194854736 0.0003395313397049904 0.0
1.8762872219085693 0.0 0.0
1.8277077674865723 0.0 0.0
1.4511126279830933 0.1329614222049713 0.0
0.9945785403251648 0.49163198471069336 0.010861109010875225
0.753377377986908 0.4736465811729431 0.11308840662240982
0.5173459649085999 0.40179237723350525 0.11904429644346237
0.2247130125761032 0.33003509044647217 0.1287083923816681
0.0 0.2169274389743805 0.08317071944475174
0.0 0.0 0.0
0.0 0.0 0.0
0.0 0.0 0.0
0.0 0.0 0.012086695991456509
0.0 0.0 0.04479963704943657
0.0 0.0 0.01862635463476181
0.0 0.0 0.0
0.0 0.0 0.03337094560265541
0.0 0.0 0.13939379155635834
0.0 0.0 0.25104039907455444
0.0 0.0 0.22629833221435547
0.0 0.0 0.1993202418088913
0.0 0.0 0.26205071806907654
0.0 0.0 0.22525463998317719
0.0 0.0 0.0975256934762001
0.0 0.0 0.0
0.10215780884027481 0.009842957369983196 0.0
0.45471078157424927 0.08685252070426941 0.0
0.6843980550765991 0.05248602479696274 0.0
0.8522160649299622 0.09089786559343338 0.0
1.0214205980300903 0.29093191027641296 0.0
0.9935595989227295 0.3738238513469696 0.0
1.0157270431518555 0.30848240852355957 0.0
1.09608793258667 0.2219829112291336 0.0
1.0539790391921997 0.32959645986557007 0.0
0.7570171356201172 0.5298382043838501 0.0
0.4394029378890991 0.5680825114250183 0.04295433312654495
0.201547771692276 0.4881232678890228 0.22620618343353271
0.0 0.4457702040672302 0.3080155551433563
0.0 0.45328405499458313 0.1912498027086258
0.0 0.3120949864387512 0.029294978827238083
0.0 0.0669749528169632 0.0
0.0 0.0 0.0
0.0 0.0 0.04202409088611603
0.0 0.0 0.01028453465551138
0.0 0.0 0.0
0.0 0.0 0.0
0.0 0.0 0.0962417870759964
0.0 0.0 0.2806049585342407
0.0 0.0 0.4624623656272888
0.0 0.0 0.5241324305534363
0.0 0.0 0.5031126141548157
0.0 0.019086256623268127 0.5233486890792847
0.2350487858057022 0.0 0.38214197754859924
0.5569493174552917 0.0 0.09338129311800003
0.3256807029247284 0.0 0.0055774059146642685
0.07272300869226456 0.3305743634700775 0.06736753135919571
0.10293123871088028 0.40395084023475647 0.046540819108486176
0.4667757749557495 0.1602761447429657 0.0
1.0203731060028076 0.0 0.0
1.3410457372665405 0.0 0.0
1.3766878843307495 0.0 0.0
1.3217655420303345 0.0 0.0
1.1961181163787842 0.0556567907333374 0.0
0.9837855696678162 0.2565195858478546 0.0
0.7021712064743042 0.4246116578578949 0.0
0.5259586572647095 0.537543535232544 0.0
0.4448864459991455 0.4920266568660736 0.0
0.44240304827690125 0.23795388638973236 0.0
0.4284241199493408 0.10193639993667603 0.0
0.22045014798641205 0.07225041091442108 0.0
0.0 0.14581944048404694 0.0666615292429924
0.0 0.1472567468881607 0.0784209817647934
0.0 0.03306066617369652 0.0
0.0 0.0 0.0
0.0 0.0 0.04802819341421127
0.0 0.0 0.14254245162010193
0.0 0.0 0.15805217623710632
0.0 0.0 0.1310082972049713
0.0 0.0 0.1071716696023941
0.0 0.0 0.14324818551540375
0.0 0.0 0.26640793681144714
0.0 0.0 0.3198234736919403
0.0 0.0 0.20345613360404968
0.0 0.0 0.10062295943498611
0.0 0.0 0.10398200154304504
0.0 0.0 0.11916176229715347
0.03234175965189934 0.0 0.0934169813990593
0.17770294845104218 0.0 0.0
0.3979407846927643 0.018226325511932373 0.0
0.5942724347114563 0.20629076659679413 0.0
0.5841330289840698 0.2422407865524292 0.0
0.5149062871932983 0.22436590492725372 0.0
0.5026403069496155 0.17677415907382965 0.0
0.7692357301712036 0.15212713181972504 0.0
0.9518686532974243 0.18157051503658295 0.0
0.9603239297866821 0.15775492787361145 0.0
0.9084168076515198 0.10872932523488998 0.0
0.8303558230400085 0.11095120012760162 0.0
0.673555850982666 0.35819321870803833 0.0
0.5552542209625244 0.5306174755096436 0.0
0.5492628812789917 0.4226782023906708 0.0
0.5068182349205017 0.20105606317520142 0.07448882609605789
0.3128422498703003 0.19730065762996674 0.047969888895750046
0.0 0.2597765624523163 0.011605222709476948
0.0 0.19432350993156433 0.021662916988134384
0.0 0.07439789921045303 0.0359523743391037
0.0 0.0 0.05703555420041084
0.0 0.0 0.02691946178674698
0.0 0.0 0.0
0.0 0.0 0.0
0.0 0.0 0.0
0.0 0.0 0.035516414791345596
0.0 0.0 0.07819437235593796
0.0 0.0 0.09121829271316528
0.0 0.0 0.10258999466896057
0.0 0.0 0.11242877691984177
0.0 0.0 0.1629771739244461
0.0 0.0 0.21598125994205475
0.0 0.0 0.20440077781677246
0.0 0.0 0.1308397352695465
0.0 0.03255617618560791 0.1037527322769165
0.0 0.0642981305718422 0.10985802859067917
0.0 0.0 0.09728124737739563
0.056805163621902466 0.0 0.0008071698248386383
0.13317929208278656 0.0 0.0
0.27337607741355896 0.040521156042814255 0.0
0.3642692267894745 0.21572919189929962 0.0
0.3884962797164917 0.120997354388237 0.0
0.49021226167678833 0.1340620368719101 0.0
0.5033429861068726 0.1543438732624054 0.0
0.43423500657081604 0.09361793845891953 0.0
0.37383371591567993 0.022311527281999588 0.0
0.3361497223377228 0.003137834370136261 0.0
0.34975525736808777 0.0 0.0
0.32614022493362427 0.0 0.0
0.22560535371303558 0.0 0.0
0.030008170753717422 0.07353051006793976 0.030855350196361542
0.0 0.14614133536815643 0.04732194170355797
0.0 0.08147125691175461 0.0
0.0 0.0 0.0
0.0 0.0 0.0
0.0 0.0 0.0
0.0 0.0 0.0
0.0 0.0 0.0
0.0 0.0 0.0
0.0 0.0 0.0
0.0 0.0 0.0
0.0 0.0 0.016795191913843155
0.004554742015898228 0.0 0.0
0.04508725553750992 0.0 0.0
0.03144361451268196 0.0 0.0
0.01007014885544777 0.0003785332664847374 0.0
0.0 0.016286134719848633 0.015225003473460674
0.004664255306124687 0.013125763274729252 0.0
0.021967345848679543 0.005737621337175369 0.0
0.03974074870347977 0.0 0.0028471630066633224
0.03433480113744736 0.0 0.009192676283419132
0.022532468661665916 0.0 0.015488122589886189
0.025642242282629013 0.0 0.01968899369239807
0.0 0.0037173470482230186 0.0
0.0 0.043142784386873245 0.0
0.0 0.002559138461947441 0.0
0.03525359183549881 0.0 0.023076001554727554
0.017122257500886917 0.0 0.02400811016559601
0.018794722855091095 0.0 0.0
0.006242178380489349 0.0 0.0
0.02706836350262165 0.0 0.0
0.10143020749092102 0.0 0.00520672369748354
0.0759568065404892 0.0 0.0
0.0 0.0 0.0
0.0 0.0 0.0
0.0 0.0 0.0
0.05150046944618225 0.0 0.0
0.04200576990842819 0.0 0.0
0.0 0.0 0.0
0.0 0.08035778999328613 0.0
0.0 0.00788173172622919 0.0
0.18973636627197266 0.0 0.03062819316983223
0.47967419028282166 0.0 0.03938094154000282
0.3823396563529968 0.0 0.0
0.09848634898662567 0.02884533628821373 0.006824593059718609
0.0 0.17150235176086426 0.04403907433152199
0.0 0.06540866941213608 0.026871006935834885
0.0 0.0 0.0
0.1265651285648346 0.0 0.0
0.06856654584407806 0.0 0.0
0.0 0.0 0.04876592010259628
0.16028979420661926 0.0 0.23606523871421814
0.59557044506073 0.0 0.553068220615387
1.6795332431793213 0.0 1.3833839893341064
3.0520339012145996 0.0 2.3254473209381104
4.250699520111084 0.0 3.1809587478637695
5.666563034057617 0.0 4.164105415344238
6.892883777618408 0.0 4.866957187652588
6.817394256591797 0.0 5.048903465270996
6.525522708892822 0.0 4.701469421386719
6.50336217880249 0.0 3.300403118133545
7.116954326629639 0.0 1.6945245265960693
7.2940216064453125 0.0 0.524891197681427
5.900357246398926 0.0 0.11886698007583618
3.0615928173065186 2.942098617553711 0.0
2.2796125411987305 3.7587857246398926 0.0
2.462301254272461 2.9431772232055664 0.0
2.4569313526153564 1.7925022840499878 0.0
1.7355197668075562 1.8338675498962402 0.0
0.38272741436958313 2.7141919136047363 0.0
0.0 3.1575851440429688 0.0
0.0 2.7600362300872803 0.0
0.0 2.7985897064208984 0.0
0.0 3.6756672859191895 0.0
0.0 3.4101204872131348 0.0
0.0 1.3693547248840332 0.0
0.0 0.0 0.0
0.0 0.0 0.0
0.0 0.0 0.0
0.0 0.0 0.0
0.0 0.0 0.0
0.0 0.0 0.0
0.0 0.0 0.0
0.0 0.0 0.0
0.0 0.0 0.0
0.0 0.0 0.0
0.0 0.0 0.0
0.0 0.0 0.0
0.0 0.0 0.4091866612434387
0.0 0.0 0.7400301098823547
0.0 0.0 0.8564562797546387
0.0 0.0 0.5248762369155884
0.0 0.0 0.14322929084300995
0.0 0.0 0.011598024517297745
0.2055600881576538 0.020912878215312958 0.07623827457427979
0.7306560277938843 0.0 0.2560889720916748
0.7561281323432922 0.0 0.1851908564567566
0.4144856035709381 0.1769978255033493 0.020073799416422844
0.15645699203014374 0.30549106001853943 0.0
0.03364904224872589 0.2833902835845947 0.0
0.048343561589717865 0.0926818773150444 0.015074780210852623
0.09333314746618271 0.0 0.07691684365272522
0.0849740132689476 0.0 0.04664522409439087
0.09299439191818237 0.0 0.0
0.06793671101331711 0.0 0.0
0.018730545416474342 0.0 0.06546151638031006
0.040290430188179016 0.0 0.1435491293668747
0.02449708804488182 0.0 0.1285661906003952
0.06834337115287781 0.0 0.017955521121621132
0.06508499383926392 0.0 0.0
0.08056062459945679 0.0 0.0
0.056584715843200684 0.0 0.026529300957918167
0.05644463747739792 0.027689823880791664 0.048062823712825775
0.06131449341773987 0.0066503193229436874 0.0
0.033140912652015686 0.03244277089834213 0.0
0.0 0.07291402667760849 0.0
0.0028421797323971987 0.0334443598985672 0.0
0.029163265600800514 0.0 0.0
0.03003198839724064 0.0 0.014540848322212696
0.026695314794778824 0.04416065290570259 0.0
0.027557380497455597 0.0 0.0
0.004713316913694143 0.0035924529656767845 0.0
0.0 0.0013378206640481949 0.029181573539972305
0.017915405333042145 0.0 0.04854355379939079
0.0 0.023981083184480667 0.0
0.0 0.009256197139620781 0.0
0.0 0.01333988830447197 0.0
0.017053872346878052 0.0 0.027141328901052475
0.024421507492661476 0.0 0.04009654000401497
0.0 0.07398778945207596 0.0
0.0 0.04103303700685501 0.0
0.025502217933535576 0.0 0.030309956520795822
0.06344560533761978 0.0 0.0
0.04430040717124939 0.014176920056343079 0.0
0.0 0.04194170609116554 0.0
0.0 0.0623183473944664 0.0
0.0 0.044358525425195694 0.0
0.0 0.002790043130517006 0.0
0.015679415315389633 0.0 0.0
0.0 0.012420833110809326 0.0
0.0 0.02211899869143963 0.0
0.0 0.0008451361209154129 0.0
0.0 0.0 0.0
0.0022909054532647133 0.0 0.0
0.08724121749401093 0.0 0.0
0.20864221453666687 0.0 0.0
0.2574411630630493 0.0 0.0
0.16082781553268433 0.0 0.031230077147483826
0.08700233697891235 0.0 0.1653473973274231
0.11484648287296295 0.0 0.35886070132255554
0.21533073484897614 0.0 0.5543534755706787
0.23603814840316772 0.0 0.8357443809509277
0.2525188624858856 0.04522458463907242 1.228434443473816
0.2781813442707062 0.19450408220291138 1.6639792919158936
0.2636503279209137 0.39857783913612366 1.9678974151611328
0.24628092348575592 0.5521810054779053 2.1241958141326904
0.3541354835033417 0.4449530839920044 2.310812473297119
0.6087377071380615 0.12473245710134506 2.5174343585968018
0.8044342398643494 0.0 2.5638327598571777
0.8350784182548523 0.05033492296934128 2.39339280128479
0.7422012090682983 0.2706845998764038 1.802400827407837
0.5411442518234253 0.49653103947639465 0.9368568658828735
0.34682270884513855 0.3674798607826233 0.29884955286979675
0.1946595460176468 0.059527359902858734 0.0
0.080886110663414 0.0 0.0
0.0 0.0 0.0
0.0 0.0 0.0
0.0 0.0 0.0
0.0 0.008587682619690895 0.0
0.0 0.0 0.0
0.0 0.02028961293399334 0.0
0.0 0.029765671119093895 0.0
0.0 0.0 0.0
0.0 0.0 0.0
0.0 0.0 0.0
0.0 0.0 0.0
0.0 0.0 0.0
0.0 0.0 0.0
0.0 0.0 0.0
0.0 0.0 0.0
0.0641901046037674 0.0 0.0
0.0 0.12337205559015274 0.4039437174797058
0.0 0.25314709544181824 0.6787143349647522
0.03190194070339203 0.2609078288078308 0.8134912848472595
0.1751813441514969 0.2510482668876648 1.0990625619888306
0.3621126115322113 0.2137157917022705 1.5997123718261719
0.47822803258895874 0.21211710572242737 2.2471981048583984
0.5072463750839233 0.3189447522163391 2.6612725257873535
0.6246044039726257 0.2982349395751953 2.4529879093170166
0.8238104581832886 0.0 2.019050121307373
0.8746773600578308 0.0 1.7962895631790161
0.7692031264305115 0.0 1.5578184127807617
0.5770190358161926 0.0 1.0627540349960327
0.36572253704071045 0.0 0.5742568969726562
0.2058361917734146 0.07909194380044937 0.16189834475517273
0.031882766634225845 0.25593331456184387 0.0
0.0 0.39951789379119873 0.0
0.0 0.3102913498878479 0.0
0.0 0.10750121623277664 0.0
0.0 0.0 0.0
0.0 0.0 0.0
0.0 0.0 0.0
0.0 0.0 0.0
0.0 0.0 0.0
0.0 0.0 0.0
0.0 0.0 0.0
0.0 0.0 0.0
0.0 0.0 0.0
0.0 0.0 0.0
0.048906490206718445 0.0 0.0
0.07539322972297668 0.0 0.0
0.0 0.01991889998316765 0.0
0.0 0.22730296850204468 0.15496133267879486
0.1751970499753952 0.2070496380329132 0.3596454858779907
0.3088083863258362 0.16038918495178223 0.5413743257522583
0.35461580753326416 0.19946788251399994 0.8688632249832153
0.3842252790927887 0.2646728456020355 1.3234038352966309
0.4282396137714386 0.3725537657737732 1.7322899103164673
0.4881490170955658 0.4116886556148529 2.037485122680664
0.6425540447235107 0.2829684913158417 2.260820150375366
0.8527230024337769 0.0 2.432891845703125
1.0443754196166992 0.0 2.5342090129852295
1.0442705154418945 0.0 2.2515454292297363
0.8411265015602112 0.07099416851997375 1.700182318687439
0.6406956911087036 0.15485045313835144 1.2743306159973145
0.4756694436073303 0.07574312388896942 0.9102665781974792
0.398584246635437 0.0 0.6003129482269287
0.1744678020477295 0.0 0.18906044960021973
0.0 0.08542957156896591 0.0
0.0 0.1113639622926712 0.0
0.0 0.0029711779206991196 0.0
0.0 0.0 0.0
0.0 0.0 0.0
0.0 0.0 0.0
0.0 0.0 0.0
0.0 0.0 0.0
0.0 0.0 0.0
0.0 0.0 0.0
0.0 0.0 0.0
0.0 0.0 0.0
0.0 0.0 0.0
0.0 0.0 0.0
0.0 0.0 0.0
0.0 0.0 0.0
0.021300341933965683 0.0 0.02822336181998253
0.15550848841667175 0.04075504466891289 0.48603856563568115
0.22711077332496643 0.16418376564979553 0.7040220499038696
0.26941773295402527 0.27552786469459534 0.7582213878631592
0.34056276082992554 0.31099027395248413 0.9032696485519409
0.44821038842201233 0.21285702288150787 1.2159751653671265
0.5893230438232422 0.11759337037801743 1.5963280200958252
0.6886083483695984 0.06310562044382095 1.89840829372406
0.7650304436683655 0.08550786972045898 1.8383502960205078
0.7264135479927063 0.1348961889743805 1.447121024131775
0.672351598739624 0.0 1.1768176555633545
0.6644827723503113 0.0 1.1846134662628174
0.6091521382331848 0.0 1.2629019021987915
0.5419435501098633 0.0 1.177228569984436
0.4045760929584503 0.045612383633852005 0.7609628438949585
0.24362847208976746 0.11451394855976105 0.33332040905952454
0.10504504293203354 0.03274958208203316 0.09664157032966614
0.0 0.0 0.0
0.0 0.0 0.0
0.0 0.0 0.0
0.0 0.0 0.0
0.0 0.0 0.0
0.0 0.0 0.0
0.0 0.0 0.0
0.0 0.0 0.0
0.0 0.0 0.0
0.0 0.0 0.0
0.0 0.0 0.0
0.0 0.0 0.0
0.0 0.0 0.0
0.0 0.012735238298773766 0.0
0.0 0.0 0.0
0.0 0.0 0.0
0.0 0.0 0.0
0.0 0.0 0.0
0.03906545788049698 0.04743622615933418 0.1847008615732193
0.10814759135246277 0.11586801707744598 0.3276987671852112
0.12146766483783722 0.14751462638378143 0.38669177889823914
0.18407857418060303 0.13411785662174225 0.5240181684494019
0.29099518060684204 0.09986268728971481 0.8134204149246216
0.43143323063850403 0.033433593809604645 1.159674048423767
0.5202728509902954 0.09844774752855301 1.3530690670013428
0.49433791637420654 0.24607475101947784 1.406704306602478
0.46897849440574646 0.2610936760902405 1.38406503200531
0.5708707571029663 0.04605218395590782 1.4068204164505005
0.6412853002548218 0.0 1.3878355026245117
0.538168728351593 0.0 1.2458349466323853
0.4129253327846527 0.0 1.0845701694488525
0.32404765486717224 0.03312306851148605 1.0154459476470947
0.32467642426490784 0.03760330379009247 0.9545727968215942
0.3532241880893707 0.018045581877231598 0.7689075469970703
0.3145409822463989 0.0 0.4778672456741333
0.17919912934303284 0.0 0.14534226059913635
0.0 0.027649741619825363 0.0
0.0 0.06500190496444702 0.0
0.0 0.01492622122168541 0.0
0.0 0.0 0.0
0.0 0.0 0.0
0.0 0.002149706706404686 0.0
0.0 0.0 0.0
0.0 0.0 0.0
0.0 0.0 0.0
0.0 0.0 0.0
0.0 0.0 0.0
0.0 0.0 0.0
0.0 0.0 0.0
0.0 0.0 0.0
0.0 0.0 0.0
0.0 0.0 0.0
0.0 0.0 0.0
0.21466605365276337 0.0 0.4275835454463959
0.28164535760879517 0.06424077600240707 0.6786037683486938
0.22786711156368256 0.23105062544345856 0.7437788248062134
0.22663752734661102 0.31174710392951965 0.7718043327331543
0.32768160104751587 0.23665179312229156 0.8986315131187439
0.5296195149421692 0.03009115904569626 1.1585115194320679
0.7273547053337097 0.0 1.5297425985336304
0.7477441430091858 0.03489656746387482 1.746143102645874
0.6582536697387695 0.2629079222679138 1.6605230569839478
0.6400434970855713 0.2590612471103668 1.56204354763031
0.7520240545272827 0.0 1.6305919885635376
0.9151656031608582 0.0 1.7038865089416504
0.8248740434646606 0.0 1.5631476640701294
0.5560862421989441 0.0055219028145074844 1.1757893562316895
0.2742577791213989 0.15251481533050537 0.6830936074256897
0.11099961400032043 0.08389473706483841 0.3564724028110504
0.07854500412940979 0.0 0.16217562556266785
0.046189457178115845 0.0 0.0
0.0 0.0 0.0
0.0 0.03534078225493431 0.0
0.0 0.06887717545032501 0.0
0.0 0.0 0.0
0.0 0.0 0.0
0.0 0.0 0.0
0.0 0.0 0.0
0.0 0.0 0.0
0.0 0.0 0.0
0.0 0.0 0.0
0.0 0.0 0.0
0.0 0.0 0.0
0.0 0.0 0.0
0.0 0.0 0.0
0.0 0.03100062906742096 0.0
0.0 0.05412245914340019 0.0
0.020181559026241302 0.0 0.03685658052563667
0.2322741150856018 0.0 0.3787044584751129
0.22040121257305145 0.1305173635482788 0.6237269639968872
0.12983109056949615 0.3081938922405243 0.6362180113792419
0.1541161984205246 0.2723160684108734 0.551947295665741
0.29676470160484314 0.079189732670784 0.6627827882766724
0.4333217442035675 0.0 0.9606999158859253
0.5186094641685486 0.016845397651195526 1.294034719467163
0.53121018409729 0.16684181988239288 1.545701026916504
0.47984397411346436 0.33091652393341064 1.4794842004776
0.4997763931751251 0.22142304480075836 1.1834049224853516
0.6037080883979797 0.0 1.0936331748962402
0.6728136539459229 0.0 1.195191502571106
0.623108983039856 0.0 1.2654273509979248
0.4728931188583374 0.0 1.0638002157211304
0.35415899753570557 0.0796603113412857 0.7904871702194214
0.2891522943973541 0.02071230858564377 0.6678587198257446
0.3431535065174103 0.0 0.6849564909934998
0.37219342589378357 0.0 0.6595174670219421
0.16419309377670288 0.08794839680194855 0.3741064965724945
0.0 0.2715291380882263 0.0
0.0 0.21234571933746338 0.0
0.0 0.0523347444832325 0.0
0.0 0.0 0.0
0.0 0.0 0.0
0.0 0.010112988762557507 0.0
0.0 0.1089511513710022 0.0
0.0 0.0 0.0
0.0 0.0 0.0
0.0 0.0 0.0
0.0 0.0 0.0
0.0 0.0 0.0
0.0 0.0 0.0
0.0 0.0 0.0
0.0 0.0 0.0
0.0 0.0 0.0
0.0 0.006768058054149151 0.0
0.0 0.010864266194403172 0.0
0.0 0.0 0.0
0.11948289722204208 0.0 0.23971565067768097
0.141050785779953 0.0958329513669014 0.5512413382530212
0.14642742276191711 0.1900116503238678 0.6659101247787476
0.19933831691741943 0.20568035542964935 0.712427020072937
0.263561487197876 0.17016737163066864 0.7930771112442017
0.3424376845359802 0.09626784920692444 0.8961837887763977
0.40448907017707825 0.057557739317417145 0.9800068140029907
0.36124756932258606 0.12729021906852722 0.8355782628059387
0.2491639256477356 0.1648053675889969 0.5301101803779602
0.1616431176662445 0.07119232416152954 0.3077911138534546
0.1509963572025299 0.0 0.28371694684028625
0.14607402682304382 0.0 0.3401258885860443
0.13288897275924683 0.0 0.3817580044269562
0.04429067298769951 0.0 0.29249390959739685
0.0 0.02009478211402893 0.1391189992427826
0.0 0.0 0.007056036964058876
0.0 0.0 0.0
0.021508662030100822 0.0 0.0
0.0 0.0 0.0
0.0 0.06117644160985947 0.0
0.0 0.0005756756290793419 0.0
0.02589115872979164 0.0 0.0
0.04267706349492073 0.0 0.0
0.09446808695793152 0.0 0.0
0.10296490788459778 0.0 0.0
0.0 0.055852778255939484 0.0
0.0 0.05480935424566269 0.0
0.04205654561519623 0.0 0.0
0.0984676256775856 0.0 0.0
0.046670977026224136 0.0 0.0
0.0 0.03260642662644386 0.0
0.0 0.047473255544900894 0.0
0.0 0.0 0.0
0.053774427622556686 0.0 0.0
0.08137063682079315 0.0 0.0
0.021826613694429398 0.0 0.0
0.0 0.0750976949930191 0.0
0.0 0.030281487852334976 0.0
0.029165752232074738 0.0 0.0
0.04002026468515396 0.0 0.0
0.0 0.02825242280960083 0.0
0.0 0.02187575399875641 0.0
0.01040777750313282 0.0 0.0
0.007483626715838909 0.0 0.0
0.0 0.0 0.0
0.03881332278251648 0.0 0.0
0.008098018355667591 0.017473280429840088 0.0
0.0 0.03794340044260025 0.0
0.0 0.0 0.0
0.004067590460181236 0.0 0.0
0.0 0.0 0.0
0.0 0.011487026698887348 0.0
0.0 0.0 0.0
0.0 0.0 0.0
0.0 0.0 0.0
0.0 0.0 0.0
0.0 0.014726229943335056 0.0
0.0 0.0 0.0
0.09643533825874329 0.0 0.23374484479427338
0.35342636704444885 0.0 0.48777154088020325
0.6922571659088135 0.0 0.8717178702354431
1.3204784393310547 0.0 1.3516710996627808
2.062260866165161 0.0 1.8249834775924683
2.830242872238159 0.0 2.334649085998535
3.550934076309204 0.0 2.7187612056732178
4.0582733154296875 0.0 2.7225024700164795
4.5340962409973145 0.0 2.889451742172241
5.010324954986572 0.0 3.0561881065368652
5.342352390289307 0.0 2.9900662899017334
5.310953140258789 0.0 2.6596264839172363
5.192578315734863 0.0 2.1144824028015137
5.050038814544678 0.0 1.4346421957015991
4.847798824310303 0.0 0.9746522307395935
5.085376262664795 0.0 0.86395263671875
5.613677024841309 0.0 0.6251605749130249
6.037777423858643 0.0 0.0
5.047222137451172 0.11898552626371384 0.0
3.115612506866455 2.1733131408691406 0.0
1.8458343744277954 3.43971848487854 0.0
1.7718425989151 3.221336841583252 0.0
1.7449101209640503 1.9635839462280273 0.0
1.0135961771011353 1.1428544521331787 0.0
0.0 1.51860511302948 0.0
0.0 2.1642205715179443 0.0
0.0 2.2913475036621094 0.0
0.0 1.573157787322998 0.0
0.0 0.8601130247116089 0.0
0.0 0.38169559836387634 0.0
0.0 0.11564206331968307 0.0
0.0 0.0 0.0
0.0 0.0 0.0
0.0 0.0 0.0
0.0 0.0 0.0
0.0 0.0 0.0
0.0 0.0 0.0
0.0 0.0 0.0
0.0 0.0 0.0
0.0 0.0 0.0
0.0 0.0 0.009433746337890625
0.0 0.0 0.6264855265617371
0.0 0.0 1.076857089996338
0.0 0.0 0.9975551962852478
0.0 0.0 0.7193877696990967
0.0 0.0 0.4902555048465729
0.002126246690750122 0.0 0.37923309206962585
0.3912111520767212 0.0 0.37032508850097656
0.4434674382209778 0.22091203927993774 0.21815180778503418
0.39745545387268066 0.43212759494781494 0.05278787761926651
0.3450276851654053 0.3981797695159912 0.060700662434101105
0.36031821370124817 0.3426331579685211 0.12263566255569458
0.3695087730884552 0.24895831942558289 0.14913173019886017
0.35119396448135376 0.19155335426330566 0.15730923414230347
0.32792219519615173 0.08117011189460754 0.1203962117433548
0.19560356438159943 0.012370540760457516 0.10816831141710281
0.053235240280628204 0.0 0.13527768850326538
0.0 0.0 0.1250990927219391
0.007943655364215374 0.0 0.07278129458427429
0.052448272705078125 0.0 0.0
0.019168613478541374 0.0 0.005300787277519703
0.0 0.0 0.013545401394367218
0.035185664892196655 0.0 0.007666205987334251
0.05336040258407593 0.0 0.014471115544438362
0.08006232231855392 0.0 0.013696935027837753
0.0922878310084343 0.0 0.0
0.06888183951377869 0.0 0.0
0.12737151980400085 0.0 0.0
0.1860598623752594 0.0 0.0
0.23371419310569763 0.0 0.007556218653917313
0.11518542468547821 0.0 0.03568585589528084
0.0 0.055774837732315063 0.0
0.06157669797539711 0.0 0.0
0.22113066911697388 0.0 0.0
0.21924914419651031 0.0 0.0
0.006418901961296797 0.025102946907281876 0.0
0.0 0.12725034356117249 0.0
0.034228160977363586 0.0 0.019899960607290268
0.18549518287181854 0.0 0.027389034628868103
0.024162746965885162 0.0 0.0
0.0 0.09538456797599792 0.0
0.0 0.0 0.01727301813662052
0.07885687798261642 0.0 0.03740385174751282
0.0 0.06423250585794449 0.0066587235778570175
0.0 0.037800900638103485 0.0
0.05241356045007706 0.0 0.004890916869044304
0.06427900493144989 0.0 0.0
0.0034374932292848825 0.0 0.0
0.051069196313619614 0.0 0.03375958278775215
0.09551681578159332 0.0 0.0683407336473465
0.026772111654281616 0.0 0.017671693116426468
0.0 0.05165785923600197 0.0
0.0 0.07622658461332321 0.0
0.0 0.06867359578609467 0.0
0.0 0.03433346375823021 0.02713443711400032
0.06155672296881676 0.0 0.05967240408062935
0.05104416236281395 0.0 0.042440157383680344
0.0 0.027136005461215973 0.0
0.0 0.06663014739751816 0.0
0.0 0.04713261500000954 0.04793265834450722
0.0 0.027753591537475586 0.08367468416690826
0.0 0.02995070070028305 0.07703807950019836
0.0 0.02585342526435852 0.05842817947268486
0.0 0.0 0.04257677495479584
0.0 0.0 0.03536280617117882
0.0 0.0 0.06304503977298737
0.0 0.0034040436148643494 0.07574485242366791
0.0 0.019367828965187073 0.06627890467643738
0.0 0.0 0.02683216705918312
0.026021365076303482 0.0 0.0
0.1130681112408638 0.03336700052022934 0.0
0.21588610112667084 0.10023977607488632 0.0
0.2627772092819214 0.05124586820602417 0.0
0.43879324197769165 0.20533451437950134 0.0
0.49621230363845825 0.3426055610179901 0.0
0.5742447972297668 0.24155616760253906 0.0
0.8286171555519104 0.2720078229904175 0.0
1.0114703178405762 0.22290310263633728 0.0
1.188866376876831 0.13657540082931519 0.0
1.1769535541534424 0.23110193014144897 0.0
0.9878888726234436 0.5236131548881531 0.0
0.769169807434082 0.6512044668197632 0.0
0.6107271909713745 0.4968719184398651 0.0
0.4499571621417999 0.35774117708206177 0.02102384716272354
0.2337319403886795 0.24954813718795776 0.06765579432249069
0.0 0.1711241602897644 0.12800489366054535
0.0 0.019423576071858406 0.157318577170372
0.0 0.0 0.14442461729049683
0.0 0.0 0.15209904313087463
0.0 0.0 0.20981507003307343
0.0 0.0 0.28205278515815735
0.0 0.0 0.37439122796058655
0.0 0.0 0.46475735306739807
0.0 0.0 0.5537980198860168
0.0 0.0 0.6224047541618347
0.0 0.0 0.6788890957832336
0.0 0.0 0.6292061805725098
0.0 0.0 0.43302151560783386
0.0 0.0 0.2218903750181198
0.004228975623846054 0.0 0.10986130684614182
0.1512567698955536 0.0 0.04215123504400253
0.2716231048107147 0.08710168302059174 0.0
0.4131421744823456 0.3488408923149109 0.0
0.6979528665542603 0.4807720184326172 0.0
1.0241656303405762 0.4616590440273285 0.0
1.2398371696472168 0.310387521982193 0.0
1.3539453744888306 0.31863266229629517 0.0
1.2745387554168701 0.6494749784469604 0.0
1.0883853435516357 0.9014968276023865 0.0
0.9474993348121643 0.8011041879653931 0.0
0.8014276027679443 0.5318317413330078 0.0
0.6190564632415771 0.22795388102531433 0.0
0.3918893337249756 0.14876452088356018 0.0
0.1467248797416687 0.16529344022274017 0.0
0.0 0.15911436080932617 0.0
0.0 0.08374769985675812 0.0
0.0 0.0 0.05575146526098251
0.0 0.0 0.12009689956903458
0.0 0.0 0.1269119381904602
0.0 0.0 0.13352030515670776
0.0 0.0 0.20893409848213196
0.0 0.0 0.31893354654312134
0.0 0.0 0.3735954761505127
0.0 0.0 0.378584623336792
0.0 0.0 0.38381853699684143
0.0 0.0 0.33143389225006104
0.0 0.0 0.2697122097015381
0.0 0.0 0.24542714655399323
0.0 0.0 0.19969239830970764
0.0 0.0 0.1139410063624382
0.0 0.03347787633538246 0.0
0.07695385068655014 0.07710286974906921 0.0
0.2611284852027893 0.16090776026248932 0.0
0.4980781674385071 0.2628493010997772 0.0
0.7320477962493896 0.4031299948692322 0.0
0.8319091200828552 0.3787194490432739 0.0
0.8997462391853333 0.45637375116348267 0.0
0.829609215259552 0.45729175209999084 0.0
0.7223578691482544 0.44774484634399414 0.0
0.6311677694320679 0.48001784086227417 0.0
0.5443665981292725 0.42692986130714417 0.0
0.4647870659828186 0.27558907866477966 0.0
0.4096047580242157 0.12095794081687927 0.0
0.3439607620239258 0.03163285553455353 0.005021195858716965
0.16137047111988068 0.0 0.00514210294932127
0.0 0.004837194457650185 0.0
0.0 0.004138381220400333 0.0
0.0 0.0 0.0022078324109315872
0.0 0.0 0.07049820572137833
0.0 0.0 0.18307428061962128
0.0 0.0 0.2560883164405823
0.0 0.0 0.18283219635486603
0.0 0.0 0.12086710333824158
0.0 0.0 0.16308379173278809
0.0 0.0 0.2565575838088989
0.0 0.0 0.36844709515571594
0.0 0.0 0.4921988844871521
0.0 0.0 0.5048267841339111
0.0 0.0 0.3186289370059967
0.0 0.0 0.121880441904068
0.04456821456551552 0.0 0.037868890911340714
0.22410815954208374 0.0 0.02821652963757515
0.2077219933271408 0.1510404795408249 0.0
0.28036263585090637 0.27244654297828674 0.0
0.46648696064949036 0.39163631200790405 0.0
0.5899340510368347 0.3597809076309204 0.0
0.7572628855705261 0.23398862779140472 0.0
0.9121667146682739 0.23799215257167816 0.0
0.9339694380760193 0.3263095021247864 0.0
0.8253948092460632 0.39887985587120056 0.0
0.6916308403015137 0.39794719219207764 0.0
0.5696626305580139 0.42782601714134216 0.0
0.46537429094314575 0.3831213712692261 0.0
0.40979117155075073 0.1926094889640808 0.0
0.39608362317085266 0.09348796308040619 0.0
0.24791309237480164 0.078574538230896 0.011692148633301258
0.04441321641206741 0.08401936292648315 0.08339083194732666
0.0 0.04724776744842529 0.05277726426720619
0.0 0.0 0.0
0.0 0.0 0.0
0.0 0.0 0.03416762873530388
0.0 0.0 0.12721338868141174
0.0 0.0 0.16872727870941162
0.0 0.0 0.1242905780673027
0.0 0.0 0.10796885937452316
0.0 0.0 0.15217626094818115
0.0 0.0 0.25433483719825745
0.0 0.0 0.33838048577308655
0.0 0.0 0.33469200134277344
0.0 0.0 0.3004322946071625
0.0 0.0 0.31501391530036926
0.0 0.0 0.28968724608421326
0.0 0.0383903868496418 0.16237697005271912
0.0 0.1301669180393219 0.06764806807041168
0.0 0.12993548810482025 0.07194986939430237
0.04042591154575348 0.03629501163959503 0.04900779947638512
0.19222289323806763 0.0 0.0030525587499141693
0.30053287744522095 0.0 0.0
0.4182429909706116 0.0 0.0
0.5311061143875122 0.11611101776361465 0.0
0.5788241028785706 0.19772066175937653 0.0
0.6859058141708374 0.21783098578453064 0.0
0.9075881838798523 0.18898895382881165 0.0
1.0545397996902466 0.09720150381326675 0.0
1.078047275543213 0.0 0.0
0.9952381253242493 0.0 0.0
0.8313825726509094 0.19602476060390472 0.0
0.5977419018745422 0.4037105441093445 0.0
0.4360952377319336 0.39853283762931824 0.0
0.38060614466667175 0.2690131962299347 0.0
0.29504701495170593 0.22342495620250702 0.0
0.12779010832309723 0.17353036999702454 0.0
0.0 0.11626841127872467 0.038641709834337234
0.0 0.06234631687402725 0.026494234800338745
0.0 0.0 0.011581332422792912
0.0 0.0 0.028839148581027985
0.0 0.0 0.039080068469047546
0.0 0.0 0.04467296972870827
0.0 0.052499283105134964 0.04035785049200058
0.0 0.1218930035829544 0.023409493267536163
0.0 0.1986013650894165 0.034375593066215515
0.0 0.1676493138074875 0.10301537811756134
0.0 0.04615829512476921 0.21415254473686218
0.0 0.0 0.30268585681915283
0.0 0.0 0.32865968346595764
0.0 0.0 0.2939951717853546
0.0 0.0 0.2519182860851288
0.0 0.0 0.20332999527454376
0.0 0.0 0.18519200384616852
0.0 0.0 0.1702231615781784
0.017646297812461853 0.0 0.1548663228750229
0.1073797419667244 0.0 0.051282454282045364
0.17592470347881317 0.0 0.0
0.2317671924829483 0.0 0.0
0.3601113259792328 0.0 0.0
0.5250701904296875 0.01708109676837921 0.0
0.7304502725601196 0.016851797699928284 0.0
0.8173415064811707 0.013657604344189167 0.0
0.8474503755569458 0.0 0.0
0.8273903727531433 0.01911388710141182 0.0
0.7291282415390015 0.17972327768802643 0.0
0.6639729738235474 0.2340211421251297 0.0
0.7388362884521484 0.24880781769752502 0.0
0.6686811447143555 0.17959091067314148 0.0
0.615654706954956 0.15392443537712097 0.0
0.44510263204574585 0.14331626892089844 0.0
0.2507725954055786 0.1776643842458725 0.0
0.202106773853302 0.20448055863380432 0.0
0.1399371474981308 0.11524894833564758 0.0
0.17862221598625183 0.02668631821870804 0.0
0.09881634265184402 0.0 0.06751787662506104
0.0 0.0 0.06520785391330719
0.0 0.0029900455847382545 0.0
0.0 0.04259151592850685 0.0
0.0 0.0 0.0
0.0 0.0 0.04295448213815689
0.0 0.0 0.09638708084821701
0.0 0.026384316384792328 0.13672198355197906
0.0 0.0 0.1323288381099701
0.0 0.0 0.12763582170009613
0.0 0.0 0.14819754660129547
0.0 0.0 0.1790638566017151
0.0 0.0 0.19050052762031555
0.0 0.0 0.1739465892314911
0.0 0.0 0.11600338667631149
0.0 0.0 0.022873450070619583
0.0 0.0 0.0
0.0 0.0 0.017871499061584473
0.0 0.0 0.08540313690900803
0.0 0.1257101148366928 0.117030568420887
0.0 0.2353053092956543 0.09491248428821564
0.0 0.195838063955307 0.12374279648065567
0.0 0.0839027389883995 0.17732161283493042
0.0 0.0 0.2845005393028259
0.0 0.0 0.30233997106552124
0.0 0.0 0.1734858602285385
0.0 0.1117791160941124 0.04722805693745613
0.0 0.12332737445831299 0.04275607690215111
0.0 0.0 0.06046050414443016
0.05722815543413162 0.0 0.045330021530389786
0.12571586668491364 0.0 0.0
0.0 0.11254287511110306 0.0
0.0 0.1656723916530609 0.0
0.10250797122716904 0.07067664712667465 0.0
0.23667162656784058 0.0 0.0
0.2812308371067047 0.0 0.0
0.3646107017993927 0.05658160150051117 0.0
0.3565114736557007 0.08651021122932434 0.0
0.2493714541196823 0.09294227510690689 0.0
0.12952548265457153 0.09306105226278305 0.0
0.1227962002158165 0.0 0.0
0.19021199643611908 0.0 0.0
0.25390201807022095 0.0059005822986364365 0.0
0.20867489278316498 0.0 0.0
0.13873788714408875 0.0 0.0
0.10962553322315216 0.0 0.0
0.18643030524253845 0.0 0.0
0.2616076171398163 0.0 0.0
0.22945712506771088 0.0 0.0
0.19480514526367188 0.0 0.0
0.12409848719835281 0.019329838454723358 0.0038558291271328926
0.07263822108507156 0.03528323769569397 0.02903308905661106
0.10535275936126709 0.0 0.052590079605579376
0.13077209889888763 0.0 0.05898139625787735
0.10158119350671768 0.0 0.0012153051793575287
0.0 0.005955442786216736 0.0
0.0 0.011218116618692875 0.007102489471435547
0.0 0.0 0.01825953647494316
0.0 0.0 0.008425813168287277
0.0 0.0 0.017867518588900566
0.0 0.0 0.009156584739685059
0.0 0.0 0.027300169691443443
0.0 0.0 0.0012251585721969604
0.0 0.0 0.0
0.0 0.0 0.0
0.01937047392129898 0.0 0.00576371792703867
0.07496502995491028 0.0 0.0
0.0 0.059096962213516235 0.0
0.0 0.017547383904457092 0.0
0.05349728465080261 0.0 0.01042584702372551
0.09918061643838882 0.0 0.02245401404798031
0.047615960240364075 0.01323625911027193 0.0
0.0 0.048506367951631546 0.0
0.0 0.0 0.009780829772353172
0.034269530326128006 0.0 0.009100126102566719
0.008760441094636917 0.0 0.007973609492182732
0.0 0.033569760620594025 0.0
0.0 0.0 0.0
0.04176339879631996 0.0 0.00922662578523159
0.007122596725821495 0.05159004032611847 0.0
0.0 0.04631565138697624 0.0
0.04206253960728645 0.0 0.0
0.06123996153473854 0.0 0.0
0.0 0.02926415577530861 0.0
0.0 0.02721058949828148 0.0
0.00353405624628067 0.0 0.0
0.0 0.0 0.0044960323721170425
0.0 0.027230296283960342 0.0
0.0 0.015611723996698856 0.0
0.0 0.0 0.0
0.0 0.04207848757505417 0.0
0.0 0.034648798406124115 0.0
0.0 0.02824602648615837 0.0
0.0 0.05904388800263405 0.0
0.0 0.06856468319892883 0.013824818655848503
0.0 0.06217017397284508 0.019123710691928864
0.0 0.05377881973981857 0.0
0.0 0.004755880683660507 0.0
0.01231476478278637 0.0 0.0
0.0 0.005901039578020573 0.0
0.0 0.0058240750804543495 0.0021686963737010956
0.0 0.0 0.012630125507712364
0.0 0.0 0.0
0.0 0.0 0.0
0.0 0.0 0.006158644333481789
0.07372140139341354 0.0 0.08354637771844864
0.3060734272003174 0.0 0.24334058165550232
0.5820623636245728 0.0 0.39567872881889343
0.8802415728569031 0.0 0.7015984058380127
1.2603089809417725 0.0 1.379698395729065
1.8125813007354736 0.0 2.1410529613494873
2.5683908462524414 0.0 2.7108042240142822
3.302854061126709 0.0 3.0894954204559326
3.7762584686279297 0.0 3.2384557723999023
4.507017135620117 0.0 3.4818456172943115
5.441938877105713 0.0 3.854429006576538
6.055103302001953 0.0 4.063551425933838
5.932295322418213 0.0 3.488646984100342
5.515198707580566 0.0 2.4467787742614746
5.349931240081787 0.0 1.5631760358810425
5.580040454864502 0.0 0.7739812731742859
6.1127119064331055 0.0 0.25617489218711853
6.485086441040039 0.0 0.0
5.112212657928467 0.6996574401855469 0.0
2.2810325622558594 3.9636292457580566 0.0
1.3697724342346191 4.491225719451904 0.0
1.7654452323913574 2.4140818119049072 0.0
1.8344883918762207 0.9137367010116577 0.0
0.7646992802619934 1.0589606761932373 0.0
0.0 1.9014853239059448 0.0
0.0 1.554639220237732 0.0
0.0 1.037563443183899 0.0
0.0 0.9201375246047974 0.0
0.0 0.9091676473617554 0.0
0.0 0.0 0.0
0.0 0.0 0.0
0.0 0.0 0.0
0.0 0.0 0.0
0.0 0.0 0.0
0.0 0.0 0.0
0.0 0.0 0.0
0.0 0.0 0.0
0.0 0.0 0.0
0.0 0.0 0.0
0.0 0.0 0.0
0.0 0.0 0.025954976677894592
0.0 0.0 0.5327811241149902
0.0 0.0 1.044592261314392
0.0 0.0 1.2107540369033813
0.0 0.0 0.9085180163383484
0.0 0.0 0.6003497838973999
0.0 0.0 0.5959457159042358
0.0 0.0 0.671539843082428
0.0 0.0 0.5609049201011658
0.0 0.0 0.23813007771968842
0.0 0.06451896578073502 0.022188469767570496
0.07204709947109222 0.0 0.0
0.47026023268699646 0.0 0.038644939661026
0.5869730114936829 0.0 0.10278131812810898
0.34429457783699036 0.037740081548690796 0.07769007980823517
0.018357502296566963 0.2734364867210388 0.05062703415751457
0.0 0.23732136189937592 0.08179880678653717
0.0 0.10617133229970932 0.17973202466964722
0.0 0.0 0.2394789755344391
0.05716375261545181 0.0 0.1728147268295288
0.012399477884173393 0.06110212951898575 0.0
0.0 0.039058879017829895 0.0
0.0 0.0 0.0
0.0 0.0 0.06726007908582687
0.0 0.0 0.10881683975458145
0.04986323043704033 0.0 0.036743443459272385
0.013879130594432354 0.0 0.0
0.01828399859368801 0.19808368384838104 0.0
0.08267764002084732 0.21218033134937286 0.0
0.054164234548807144 0.1456841230392456 0.07834681868553162
0.11743322014808655 0.0 0.12429166585206985
0.14261740446090698 0.015832917764782906 0.07133125513792038
0.024138957262039185 0.0037014205008745193 0.0
0.013994445092976093 0.034729376435279846 0.0
0.01271346490830183 0.030403070151805878 0.0
0.10814172029495239 0.0 0.0
0.0647696852684021 0.0 0.0
0.0 0.0 0.0
0.0 0.0 0.0
0.0 0.13108645379543304 0.0
0.0 0.1867092251777649 0.0
0.07221641391515732 0.0330248698592186 0.06961996853351593
0.07586201280355453 0.0 0.0
0.0 0.0 0.0
0.0 0.035293616354465485 0.0
0.0 0.09221282601356506 0.0
0.09927252680063248 0.044797904789447784 0.034673966467380524
0.17577876150608063 0.0 0.0565694123506546
0.07734246551990509 0.0 0.0
0.0 0.0 0.0
0.0 0.0 0.0
0.00786032434552908 0.01642432063817978 0.0
0.07878483086824417 0.0 0.04820575565099716
0.11821798980236053 0.0 0.050673969089984894
0.042938150465488434 0.0 0.000746091827750206
0.0 0.0 0.0
0.0 0.003846210427582264 0.0
0.0 0.0 0.033422812819480896
0.01679549738764763 0.0 0.053931280970573425
0.024484841153025627 0.0077253710478544235 0.03701169043779373
0.017312150448560715 0.0 0.004825522191822529
0.0 0.0 0.0
0.0 0.0 0.0
0.016161665320396423 0.0 0.01009352132678032
0.013942185789346695 0.02798217348754406 0.0273571964353323
0.0 0.04830875247716904 0.006871629506349564
0.0 0.0 0.0
0.0 0.0 0.0
0.016634108498692513 0.0 0.0
0.03666481003165245 0.0 0.0
0.0 0.0 0.006790934130549431
0.0 0.0 0.02478404901921749
0.0 0.014227746054530144 0.019643083214759827
0.0 0.0344398096203804 0.018598059192299843
0.029890792444348335 0.010928088799118996 0.030666174367070198
0.024474721401929855 0.0 0.034806057810783386
0.0 0.013224532827734947 0.003616712987422943
0.0 0.017482127994298935 0.006749922409653664
0.040720537304878235 0.0 0.012554548680782318
0.03230121731758118 0.013149963691830635 0.00398955587297678
0.027736561372876167 0.019425436854362488 0.03387714922428131
0.0489979088306427 0.016165461391210556 0.04155717045068741
0.02353702299296856 0.0 0.021973615512251854
0.0 0.014360103756189346 0.0
0.0 0.02829696051776409 0.0
0.0 0.018725557252764702 0.0
0.0 0.0 0.0
0.006692550145089626 0.0 0.0
0.04048886150121689 0.0 0.02842804417014122
0.05957813560962677 0.0 0.04473963752388954
0.0035002194344997406 0.005769164301455021 0.0015407707542181015
0.0 0.031516872346401215 0.0
0.0 0.0 0.0
0.06316807866096497 0.0 0.00739866029471159
0.020604105666279793 0.01105873379856348 0.0
0.0 0.005882082507014275 0.0
0.0 0.0133506515994668 0.0
0.0023654464166611433 0.0 0.005750961601734161
0.03763075917959213 0.0 0.001843571662902832
0.0 0.013231874443590641 0.0
0.0 0.0 0.018477674573659897
0.02047361060976982 0.0 0.008044210262596607
0.0 0.0 0.0
0.0 0.0 0.0
0.021590540185570717 0.022715125232934952 0.009254616685211658
0.030967263504862785 0.0 0.02632734179496765
0.02913793921470642 0.0 0.0
0.022975649684667587 0.0 0.0
0.0 0.0026367539539933205 0.0
0.0 0.010019303299486637 0.00890414509922266
0.03429807722568512 0.0 0.01353751216083765
0.053530097007751465 0.0 0.00613765325397253
0.005686408374458551 0.0 0.0
0.0 0.011218524537980556 0.0
0.0 0.011088029481470585 0.014120745472609997
0.02046562172472477 0.0 0.008026898838579655
0.03133930638432503 0.0 0.0
0.0004218714311718941 0.0005078231915831566 0.0
0.0 0.009085598401725292 0.0
0.0 0.0 0.0024361256510019302
0.0407346710562706 0.0 0.008215450681746006
0.001371288439258933 0.0 0.0
0.0 0.020819753408432007 0.0
0.0 0.03034454956650734 0.0
0.0 0.0058139050379395485 0.009702826850116253
0.0 0.012119204737246037 0.022669758647680283
0.0 0.0003437725827097893 0.0398079976439476
0.0 0.018509726971387863 0.01843906193971634
0.0 0.01872224733233452 0.0
0.0 0.014478500001132488 0.0
0.017379550263285637 0.0 0.0
0.0428505539894104 0.0 0.011472498066723347
0.0 0.06109234318137169 0.008857273496687412
0.0 0.05905555561184883 0.0
0.021703457459807396 0.0 0.0
0.013251382857561111 0.016429264098405838 0.0
0.0 0.06539911031723022 0.0
0.003724292851984501 0.02498403936624527 0.0
0.05405350774526596 0.010071936994791031 0.0
0.02740112692117691 0.034573283046483994 0.0
0.0 0.03575386479496956 0.0
0.0 0.062376417219638824 0.0
0.0 0.10490363836288452 0.0
0.0 0.0 0.05178610980510712
0.0 0.0 0.18198591470718384
0.0 0.03150958567857742 0.03092982992529869
0.06323209404945374 0.0 0.0
0.27845466136932373 0.06364834308624268 0.0
0.7374075651168823 0.0 0.0
