1 1 2 118 296
1 1 1 420 461
1 1 2 522 753
1 1 1 783 825
1 1 2 895 1131
1 1 1 1174 1233
1 1 2 1286 1479
1 1 1 1504 1554
2 1 2 131 311
2 1 1 358 402
2 1 1 464 506
2 1 1 568 608
2 1 1 656 694
2 1 1 742 784
2 1 1 822 865
2 1 1 903 948
2 1 1 981 1028
2 1 1 1062 1104
2 1 1 1140 1183
3 1 2 116 260
3 1 1 400 452
3 1 2 552 721
3 1 1 770 819
3 1 2 947 1203
3 1 2 1241 1293
4 1 2 129 317
4 1 1 378 418
4 1 2 495 712
4 1 1 795 843
4 1 2 902 1084
4 1 1 1148 1194
5 1 2 100 279
5 1 1 331 374
5 1 2 429 599
5 1 1 693 741
5 1 2 807 983
5 1 1 1020 1060
6 1 2 101 348
6 1 1 465 511
6 1 2 571 940
6 1 1 1002 1049
6 1 2 1134 1370
6 1 1 1426 1466
6 1 2 1512 1731
6 1 1 1769 1812
6 1 2 1870 2155
6 1 1 2195 2239
7 1 2 124 304
7 1 1 338 386
7 1 2 446 655
7 1 1 763 806
7 1 2 877 1060
7 1 1 1101 1156
7 1 2 1316 1650
7 1 1 1728 1784
7 1 2 1888 2223
7 1 1 2277 2329
7 1 2 2385 2582
7 1 1 2638 2698
8 1 2 100 205
8 1 1 240 301
8 1 2 343 550
8 1 1 589 641
8 1 2 679 834
8 1 1 858 909
8 1 2 952 1110
8 1 1 1149 1206
8 1 2 1240 1424
8 1 1 1484 1538
9 1 2 100 309
9 1 1 378 433
9 1 2 508 706
9 1 1 766 813
9 1 2 877 1093
9 1 1 1121 1174
9 1 2 1222 1372
9 1 1 1406 1458
9 1 2 1518 1637
9 1 1 1680 1729
9 1 2 1771 1930
9 1 1 1982 2020
10 1 2 120 257
10 1 1 293 347
10 1 2 432 696
10 1 1 755 799
10 1 2 882 1099
10 1 1 1144 1192
10 1 2 1238 1502
10 1 1 1535 1597
10 1 2 1652 1892
10 1 1 1935 2000
11 1 2 101 239
11 1 1 309 353
11 1 2 420 565
11 1 1 599 644
11 1 2 702 886
11 1 1 919 965
11 1 2 1007 1213
11 1 1 1243 1294
12 1 2 101 174
12 1 1 220 262
12 1 2 331 513
12 1 1 535 583
12 1 2 641 776
12 1 1 805 848
12 1 2 895 1049
12 1 1 1074 1122
12 1 2 1168 1337
12 1 1 1360 1407
13 1 2 161 360
13 1 1 395 441
13 1 2 482 578
13 1 1 603 651
13 1 2 690 786
13 1 1 807 853
13 1 2 876 971
13 1 1 991 1039
13 1 2 1070 1163
13 1 1 1178 1228
13 1 2 1245 1370
13 1 1 1386 1430
14 1 2 168 231
14 1 1 287 340
14 1 2 387 530
14 1 1 572 679
14 1 2 723 900
14 1 1 956 1043
14 1 2 1077 1295
14 1 1 1337 1436
14 1 2 1467 1647
14 1 1 1679 1770
15 1 2 100 144
15 1 1 274 327
15 1 2 406 450
15 1 1 705 741
15 1 2 822 858
15 1 1 1076 1103
15 1 2 1156 1210
15 1 1 1440 1454
15 1 2 1503 1568
16 1 2 136 266
16 1 1 304 382
16 1 2 409 606
16 1 1 658 718
16 1 2 836 1060
16 1 1 1091 1187
16 1 2 1247 1445
16 1 1 1479 1546
16 1 2 1595 1800
16 1 1 1839 1952
17 1 2 159 317
17 1 1 363 471
17 1 2 506 695
17 1 1 736 832
17 1 2 905 1084
17 1 1 1118 1238
17 1 2 1290 1490
18 1 2 124 349
18 1 1 381 466
18 1 2 593 782
18 1 1 825 892
18 1 2 990 1146
18 1 1 1229 1348
18 1 2 1389 1658
18 1 1 1700 1800
19 1 2 215 292
19 1 1 383 478
19 1 2 531 688
19 1 1 720 816
19 1 2 868 1057
19 1 1 1086 1176
19 1 2 1331 1507
19 1 1 1561 1664
20 1 2 126 289
20 1 1 352 449
20 1 2 521 775
20 1 1 822 920
20 1 2 985 1214
20 1 1 1250 1388
20 1 2 1458 1721
20 1 1 1782 1895
21 1 2 120 237
21 1 1 288 387
21 1 2 425 619
21 1 1 670 806
21 1 2 849 1018
21 1 1 1066 1170
21 1 2 1213 1432
21 1 1 1471 1585
21 1 2 1630 1829
21 1 1 1887 2004
21 1 2 2044 2253
21 1 1 2285 2381
22 1 2 120 409
22 1 1 468 553
22 1 2 628 871
22 1 1 917 1015
22 1 2 1055 1323
22 1 1 1381 1474
22 1 2 1538 1779
22 1 1 1834 1944
22 1 2 2006 2217
22 1 1 2260 2367
22 1 2 2449 2650
22 1 1 2705 2852
22 1 2 2891 3101
22 1 1 3146 3294
23 1 2 125 288
23 1 1 328 456
23 1 2 506 717
23 1 1 756 862
23 1 2 903 1099
23 1 1 1138 1282
23 1 2 1321 1631
23 1 1 1671 1787
23 1 2 1851 2032
23 1 1 2090 2206
24 1 2 121 333
24 1 1 374 499
24 1 2 537 722
24 1 1 783 905
24 1 2 938 1074
24 1 1 1109 1231
24 1 2 1283 1434
24 1 1 1477 1577
24 1 2 1627 1761
24 1 1 1793 1902
25 1 2 129 302
25 1 1 334 457
25 1 2 515 711
25 1 1 748 853
25 1 2 892 1077
25 1 1 1117 1215
25 1 2 1297 1515
25 1 1 1550 1645
25 1 2 1713 1948
25 1 1 1992 2091
25 1 2 2160 2372
25 1 1 2407 2514
